0.100116321,78717,,rD044,5261098323,100.00,,
0.100116321,165873594,,rFF44,5285445064,100.00,,
0.100116321,5521802520,,instructions,5305315277,100.00,0.28,insn per cycle
0.100116321,19957453591,,cycles,5323966133,100.00,,
0.201690229,259363,,rD044,6454343018,100.00,,
0.201690229,263469108,,rFF44,6443383666,100.00,,
0.201690229,40630684923,,instructions,6434782409,100.00,1.69,insn per cycle
0.201690229,24102126282,,cycles,6427937352,100.00,,
0.302664919,353837,,rD044,6462939035,100.00,,
0.302664919,86439742,,rFF44,6471555494,100.00,,
0.302664919,18927718227,,instructions,6479358354,100.00,0.78,insn per cycle
0.302664919,24323825335,,cycles,6486564463,100.00,,
0.404128376,18408,,rD044,6493677817,100.00,,
0.404128376,373202306,,rFF44,6493313001,100.00,,
0.404128376,57925716452,,instructions,6493107933,100.00,2.38,insn per cycle
0.404128376,24348199153,,cycles,6492881252,100.00,,
0.505580392,18130,,rD044,6490825314,100.00,,
0.505580392,375691859,,rFF44,6489388822,100.00,,
0.505580392,58186922080,,instructions,6489088648,100.00,2.39,insn per cycle
0.505580392,24327332484,,cycles,6487695052,100.00,,
0.606957788,16875,,rD044,6488097107,100.00,,
0.606957788,376054503,,rFF44,6487577503,100.00,,
0.606957788,58394594042,,instructions,6487386620,100.00,2.40,insn per cycle
0.606957788,24333827273,,cycles,6489038787,100.00,,
0.708343013,17312,,rD044,6487960532,100.00,,
0.708343013,376814087,,rFF44,6489924114,100.00,,
0.708343013,58531399201,,instructions,6490405772,100.00,2.41,insn per cycle
0.708343013,24335376564,,cycles,6489745707,100.00,,
0.809770659,15500,,rD044,6503585484,100.00,,
0.809770659,378810733,,rFF44,6523209481,100.00,,
0.809770659,58885943397,,instructions,6526457100,100.00,2.41,insn per cycle
0.809770659,24473265590,,cycles,6526244682,100.00,,
0.911747522,15234,,rD044,6513568524,100.00,,
0.911747522,380694513,,rFF44,6493012393,100.00,,
0.911747522,58928280672,,instructions,6488993989,100.00,2.42,insn per cycle
0.911747522,24334706018,,cycles,6489317190,100.00,,
1.013144677,16524,,rD044,6489483872,100.00,,
1.013144677,379394240,,rFF44,6490074341,100.00,,
1.013144677,58876587446,,instructions,6492241999,100.00,2.42,insn per cycle
1.013144677,24346687764,,cycles,6492477459,100.00,,
1.114584254,24275,,rD044,6490780324,100.00,,
1.114584254,376500264,,rFF44,6491355386,100.00,,
1.114584254,58513317593,,instructions,6490049922,100.00,2.40,insn per cycle
1.114584254,24337469099,,cycles,6490188142,100.00,,
1.216029640,13589,,rD044,6492764571,100.00,,
1.216029640,381395765,,rFF44,6492778042,100.00,,
1.216029640,59051779859,,instructions,6493068512,100.00,2.43,insn per cycle
1.216029640,24346533313,,cycles,6492457541,100.00,,
1.317465116,538964,,rD044,6465383161,100.00,,
1.317465116,26004658,,rFF44,6456286828,100.00,,
1.317465116,7724918971,,instructions,6447806951,100.00,0.32,insn per cycle
1.317465116,24147116857,,cycles,6439797290,100.00,,
1.418344586,60431,,rD044,6461813025,100.00,,
1.418344586,329085118,,rFF44,6472277512,100.00,,
1.418344586,52671491263,,instructions,6480542319,100.00,2.16,insn per cycle
1.418344586,24332051086,,cycles,6488561199,100.00,,
1.519801282,15296,,rD044,6497206994,100.00,,
1.519801282,375770595,,rFF44,6496321614,100.00,,
1.519801282,58471034680,,instructions,6495772580,100.00,2.40,insn per cycle
1.519801282,24361799600,,cycles,6496498345,100.00,,
1.621295519,14858,,rD044,6492145018,100.00,,
1.621295519,381090581,,rFF44,6492703478,100.00,,
1.621295519,59024322406,,instructions,6492677243,100.00,2.42,insn per cycle
1.621295519,24342283096,,cycles,6491300136,100.00,,
1.722746245,14126,,rD044,6490994727,100.00,,
1.722746245,379916799,,rFF44,6488587588,100.00,,
1.722746245,58928247580,,instructions,6488997487,100.00,2.42,insn per cycle
1.722746245,24334878912,,cycles,6489333369,100.00,,
1.824140291,14523,,rD044,6489591087,100.00,,
1.824140291,379771171,,rFF44,6490588419,100.00,,
1.824140291,58914225702,,instructions,6491544622,100.00,2.42,insn per cycle
1.824140291,24342819948,,cycles,6491601853,100.00,,
1.925575367,14293,,rD044,6491781930,100.00,,
1.925575367,379732577,,rFF44,6491540929,100.00,,
1.925575367,58852928198,,instructions,6490499034,100.00,2.42,insn per cycle
1.925575367,24340823863,,cycles,6490983725,100.00,,
2.027016653,15327,,rD044,6491799048,100.00,,
2.027016653,380345652,,rFF44,6491312646,100.00,,
2.027016653,58973729948,,instructions,6491129477,100.00,2.42,insn per cycle
2.027016653,24342147268,,cycles,6491260946,100.00,,
2.128428699,18213,,rD044,6489830932,100.00,,
2.128428699,377816368,,rFF44,6491268257,100.00,,
2.128428699,58685240060,,instructions,6491562166,100.00,2.41,insn per cycle
2.128428699,24344314501,,cycles,6491928869,100.00,,
2.229882445,14726,,rD044,6491535089,100.00,,
2.229882445,379439703,,rFF44,6489903012,100.00,,
2.229882445,58862420696,,instructions,6489292070,100.00,2.42,insn per cycle
2.229882445,24335359058,,cycles,6489639562,100.00,,
2.331285421,441981,,rD044,6474718136,100.00,,
2.331285421,138663157,,rFF44,6465991629,100.00,,
2.331285421,21930787974,,instructions,6458873318,100.00,0.91,insn per cycle
2.331285421,24187526818,,cycles,6450614646,100.00,,
2.432164021,151083,,rD044,6461431303,100.00,,
2.432164021,222455567,,rFF44,6470189657,100.00,,
2.432164021,39223979663,,instructions,6478065291,100.00,1.61,insn per cycle
2.432164021,24319638368,,cycles,6485251276,100.00,,
2.533558937,13730,,rD044,6489976936,100.00,,
2.533558937,379287986,,rFF44,6490452702,100.00,,
2.533558937,58838504507,,instructions,6489364739,100.00,2.42,insn per cycle
2.533558937,24335393360,,cycles,6489459191,100.00,,
2.634968992,13281,,rD044,6485571632,100.00,,
2.634968992,379387501,,rFF44,6483609985,100.00,,
2.634968992,59006878717,,instructions,6501855731,100.00,2.42,insn per cycle
2.634968992,24425330052,,cycles,6513430118,100.00,,
2.736769903,14160,,rD044,6518695542,100.00,,
2.736769903,382302451,,rFF44,6519623396,100.00,,
2.736769903,59055068973,,instructions,6500693603,100.00,2.43,insn per cycle
2.736769903,24336519945,,cycles,6489812818,100.00,,
2.838141938,13721,,rD044,6487591982,100.00,,
2.838141938,379354753,,rFF44,6488462211,100.00,,
2.838141938,58854266453,,instructions,6489967490,100.00,2.42,insn per cycle
2.838141938,24332688513,,cycles,6488895159,100.00,,
2.939542954,13849,,rD044,6488858858,100.00,,
2.939542954,379469204,,rFF44,6488785255,100.00,,
2.939542954,58861033890,,instructions,6488203154,100.00,2.42,insn per cycle
2.939542954,24331498823,,cycles,6488476442,100.00,,
3.040934750,14616,,rD044,6489328641,100.00,,
3.040934750,380603970,,rFF44,6489387950,100.00,,
3.040934750,58962888974,,instructions,6489543959,100.00,2.42,insn per cycle
3.040934750,24340521262,,cycles,6490823524,100.00,,
3.142366466,15540,,rD044,6492453250,100.00,,
3.142366466,380500615,,rFF44,6499164921,100.00,,
3.142366466,59008825764,,instructions,6499244705,100.00,2.42,insn per cycle
3.142366466,24364062129,,cycles,6497156449,100.00,,
3.243922683,15822,,rD044,6497964420,100.00,,
3.243922683,380114329,,rFF44,6490296682,100.00,,
3.243922683,58932916150,,instructions,6489356044,100.00,2.42,insn per cycle
3.243922683,24339774317,,cycles,6490778128,100.00,,
3.345317489,300918,,rD044,6476104178,100.00,,
3.345317489,236683080,,rFF44,6469273444,100.00,,
3.345317489,36472123872,,instructions,6464965839,100.00,1.51,insn per cycle
3.345317489,24217766916,,cycles,6458545825,100.00,,
3.446293250,290218,,rD044,6465505421,100.00,,
3.446293250,123496255,,rFF44,6473550228,100.00,,
3.446293250,24582180084,,instructions,6478694909,100.00,1.01,insn per cycle
3.446293250,24314112425,,cycles,6483901655,100.00,,
3.547680925,15131,,rD044,6488727848,100.00,,
3.547680925,378688633,,rFF44,6489236478,100.00,,
3.547680925,58769451882,,instructions,6489013267,100.00,2.42,insn per cycle
3.547680925,24333162469,,cycles,6488861111,100.00,,
3.649078061,15602,,rD044,6489792002,100.00,,
3.649078061,378946282,,rFF44,6489551081,100.00,,
3.649078061,58794099741,,instructions,6489320890,100.00,2.42,insn per cycle
3.649078061,24333857209,,cycles,6489055497,100.00,,
3.750465907,14067,,rD044,6488579805,100.00,,
3.750465907,380685535,,rFF44,6486824843,100.00,,
3.750465907,58921123521,,instructions,6482437498,100.00,2.43,insn per cycle
3.750465907,24292552258,,cycles,6478100220,100.00,,
3.851647690,14163,,rD044,6475465959,100.00,,
3.851647690,378892017,,rFF44,6475234380,100.00,,
3.851647690,58797320489,,instructions,6479310104,100.00,2.42,insn per cycle
3.851647690,24317416771,,cycles,6484746605,100.00,,
3.953036775,15026,,rD044,6487925117,100.00,,
3.953036775,378763704,,rFF44,6489163229,100.00,,
3.953036775,58797348353,,instructions,6491100016,100.00,2.42,insn per cycle
3.953036775,24342735810,,cycles,6491491718,100.00,,
4.054456721,15661,,rD044,6491120594,100.00,,
4.054456721,379466802,,rFF44,6491010814,100.00,,
4.054456721,58846900107,,instructions,6489064196,100.00,2.42,insn per cycle
4.054456721,24329192212,,cycles,6487810763,100.00,,
4.155827007,14396,,rD044,6487243184,100.00,,
4.155827007,380644077,,rFF44,6487217313,100.00,,
4.155827007,58965771610,,instructions,6488286269,100.00,2.42,insn per cycle
4.155827007,24334808394,,cycles,6489371789,100.00,,
4.257221972,15197,,rD044,6488259630,100.00,,
4.257221972,379682857,,rFF44,6488301375,100.00,,
4.257221972,58898553352,,instructions,6488666054,100.00,2.42,insn per cycle
4.257221972,24327916255,,cycles,6487616747,100.00,,
4.358598028,100497,,rD044,6476232392,100.00,,
4.358598028,340371311,,rFF44,6468784572,100.00,,
4.358598028,52607263000,,instructions,6462271863,100.00,2.17,insn per cycle
4.358598028,24210933435,,cycles,6456605326,100.00,,
4.459550698,488891,,rD044,6460967445,100.00,,
4.459550698,21268650,,rFF44,6466022918,100.00,,
4.459550698,8658644659,,instructions,6470605990,100.00,0.36,insn per cycle
4.459550698,24284838320,,cycles,6476205804,100.00,,
4.560858003,15330,,rD044,6483835306,100.00,,
4.560858003,380610947,,rFF44,6486570981,100.00,,
4.560858003,58943072639,,instructions,6487337542,100.00,2.42,insn per cycle
4.560858003,24327115984,,cycles,6487580023,100.00,,
4.662231578,14194,,rD044,6488334398,100.00,,
4.662231578,379305522,,rFF44,6489138517,100.00,,
4.662231578,58841487779,,instructions,6490131834,100.00,2.42,insn per cycle
4.662231578,24340967904,,cycles,6490951076,100.00,,
4.763674135,14459,,rD044,6491958418,100.00,,
4.763674135,379840106,,rFF44,6492951352,100.00,,
4.763674135,58914054276,,instructions,6492530068,100.00,2.42,insn per cycle
4.763674135,24345148059,,cycles,6492146009,100.00,,
4.865111631,13803,,rD044,6492143901,100.00,,
4.865111631,380927696,,rFF44,6490276775,100.00,,
4.865111631,58980688329,,instructions,6489385570,100.00,2.42,insn per cycle
4.865111631,24329594007,,cycles,6488002707,100.00,,
4.966475686,15156,,rD044,6487433144,100.00,,
4.966475686,379465573,,rFF44,6488065154,100.00,,
4.966475686,58871242362,,instructions,6488569540,100.00,2.42,insn per cycle
4.966475686,24333775133,,cycles,6489084358,100.00,,
5.067894832,15409,,rD044,6488468259,100.00,,
5.067894832,379729409,,rFF44,6486654810,100.00,,
5.067894832,58879155483,,instructions,6486109577,100.00,2.42,insn per cycle
5.067894832,24328499000,,cycles,6487621921,100.00,,
5.169264447,15544,,rD044,6488515950,100.00,,
5.169264447,379990192,,rFF44,6490730656,100.00,,
5.169264447,58957469060,,instructions,6493095333,100.00,2.42,insn per cycle
5.169264447,24349232852,,cycles,6493247995,100.00,,
5.270717404,14966,,rD044,6491669648,100.00,,
5.270717404,380953362,,rFF44,6489753772,100.00,,
5.270717404,58985671794,,instructions,6487889036,100.00,2.42,insn per cycle
5.270717404,24326290513,,cycles,6487198064,100.00,,
5.372099909,15710,,rD044,6489449058,100.00,,
5.372099909,380290532,,rFF44,6490566242,100.00,,
5.372099909,58967097756,,instructions,6491104845,100.00,2.42,insn per cycle
5.372099909,24339935782,,cycles,6490675773,100.00,,
5.473497695,500989,,rD044,6471574237,100.00,,
5.473497695,69550578,,rFF44,6462473174,100.00,,
5.473497695,13246387240,,instructions,6455101710,100.00,0.55,insn per cycle
5.473497695,24177382188,,cycles,6447914548,100.00,,
5.574365045,98106,,rD044,6473219308,100.00,,
5.574365045,285874876,,rFF44,6492578216,100.00,,
5.574365045,47305824552,,instructions,6500539086,100.00,1.94,insn per cycle
5.574365045,24404873039,,cycles,6507976822,100.00,,
5.676136645,13257,,rD044,6501477303,100.00,,
5.676136645,381185687,,rFF44,6491320354,100.00,,
5.676136645,59022244207,,instructions,6492175982,100.00,2.42,insn per cycle
5.676136645,24349531479,,cycles,6493232272,100.00,,
5.777582921,13599,,rD044,6492485492,100.00,,
5.777582921,379760030,,rFF44,6494070106,100.00,,
5.777582921,58898278561,,instructions,6492924973,100.00,2.42,insn per cycle
5.777582921,24344240313,,cycles,6491940689,100.00,,
5.879018047,14838,,rD044,6491210696,100.00,,
5.879018047,379194002,,rFF44,6489485950,100.00,,
5.879018047,58839277549,,instructions,6489041646,100.00,2.42,insn per cycle
5.879018047,24329680762,,cycles,6488023113,100.00,,
5.980393272,14142,,rD044,6487783492,100.00,,
5.980393272,380462076,,rFF44,6487100181,100.00,,
5.980393272,58940584571,,instructions,6486669892,100.00,2.42,insn per cycle
5.980393272,24329345732,,cycles,6487873084,100.00,,
6.081792788,14884,,rD044,6489288411,100.00,,
6.081792788,380372354,,rFF44,6489875630,100.00,,
6.081792788,58969451578,,instructions,6489617939,100.00,2.42,insn per cycle
6.081792788,24334832938,,cycles,6489313621,100.00,,
6.183176664,14572,,rD044,6487653508,100.00,,
6.183176664,379647116,,rFF44,6486199989,100.00,,
6.183176664,58873594679,,instructions,6485647485,100.00,2.42,insn per cycle
6.183176664,24320593432,,cycles,6485642347,100.00,,
6.284529039,15117,,rD044,6486783427,100.00,,
6.284529039,379674097,,rFF44,6488306347,100.00,,
6.284529039,58916252210,,instructions,6490610847,100.00,2.42,insn per cycle
6.284529039,24340124343,,cycles,6490808215,100.00,,
6.385953215,13110,,rD044,6490535620,100.00,,
6.385953215,381231118,,rFF44,6489363880,100.00,,
6.385953215,59014736278,,instructions,6488296135,100.00,2.43,insn per cycle
6.385953215,24332245649,,cycles,6488644326,100.00,,
6.451466775,27041,,rD044,3890004709,100.00,,
6.451466775,168300186,,rFF44,3870118753,100.00,,
6.451466775,28730839567,,instructions,3851779039,100.00,2.00,insn per cycle
6.451466775,14374221549,,cycles,3833236664,100.00,,
