0.100120129,33896,,rD044,1333897196,100.00,,
0.100120129,89494322,,rFF44,1335986999,100.00,,
0.100120129,1037234245,,instructions,1337588987,100.00,0.21,insn per cycle
0.100120129,5017123771,,cycles,1339189865,100.00,,
0.200818454,8985,,rD044,1610293915,100.00,,
0.200818454,126880923,,rFF44,1609116232,100.00,,
0.200818454,11877171779,,instructions,1608293034,100.00,1.97,insn per cycle
0.200818454,6027780094,,cycles,1607420686,100.00,,
0.301194556,2556,,rD044,1606001196,100.00,,
0.301194556,100163543,,rFF44,1605985386,100.00,,
0.301194556,16806061857,,instructions,1606001186,100.00,2.79,insn per cycle
0.301194556,6023101110,,cycles,1606166432,100.00,,
0.401582158,2269,,rD044,1606159206,100.00,,
0.401582158,107973173,,rFF44,1606111921,100.00,,
0.401582158,17790404189,,instructions,1606069372,100.00,2.95,insn per cycle
0.401582158,6022146224,,cycles,1605912196,100.00,,
0.501954370,308338,,rD044,1603730427,100.00,,
0.501954370,43885366,,rFF44,1603800651,100.00,,
0.501954370,7354628330,,instructions,1603835030,100.00,1.22,insn per cycle
0.501954370,6013663150,,cycles,1603840830,100.00,,
0.602329032,1949,,rD044,1605994535,100.00,,
0.602329032,102961652,,rFF44,1606029266,100.00,,
0.602329032,17189484148,,instructions,1606015816,100.00,2.85,insn per cycle
0.602329032,6022581294,,cycles,1606027526,100.00,,
0.702708934,2273,,rD044,1606026586,100.00,,
0.702708934,138136073,,rFF44,1605958876,100.00,,
0.702708934,21423731532,,instructions,1605996336,100.00,3.56,insn per cycle
0.702708934,6022551627,,cycles,1606019249,100.00,,
0.803084945,1884,,rD044,1606034046,100.00,,
0.803084945,102219469,,rFF44,1606039536,100.00,,
0.803084945,17106658584,,instructions,1605981752,100.00,2.84,insn per cycle
0.803084945,6022245041,,cycles,1605938699,100.00,,
0.903458047,2357,,rD044,1605943936,100.00,,
0.903458047,100340250,,rFF44,1605926834,100.00,,
0.903458047,16815253831,,instructions,1605893206,100.00,2.79,insn per cycle
0.903458047,6022079963,,cycles,1605893746,100.00,,
1.003823579,2189,,rD044,1605866013,100.00,,
1.003823579,100036814,,rFF44,1605875724,100.00,,
1.003823579,16816068361,,instructions,1605886486,100.00,2.79,insn per cycle
1.003823579,6021991138,,cycles,1605869676,100.00,,
1.104195751,4171,,rD044,1605673025,100.00,,
1.104195751,120067481,,rFF44,1605637676,100.00,,
1.104195751,19236139727,,instructions,1605658696,100.00,3.19,insn per cycle
1.104195751,6021360908,,cycles,1605760896,100.00,,
1.204566912,3562,,rD044,1605529196,100.00,,
1.204566912,122623486,,rFF44,1605577456,100.00,,
1.204566912,19564670002,,instructions,1605577386,100.00,3.25,insn per cycle
1.204566912,6020272378,,cycles,1605497336,100.00,,
1.304935334,1842,,rD044,1605890826,100.00,,
1.304935334,100600055,,rFF44,1605882876,100.00,,
1.304935334,16866857192,,instructions,1605873216,100.00,2.80,insn per cycle
1.304935334,6021984912,,cycles,1605867971,100.00,,
1.405306156,1774,,rD044,1605942266,100.00,,
1.405306156,100247097,,rFF44,1606045789,100.00,,
1.405306156,16810579551,,instructions,1606055632,100.00,2.79,insn per cycle
1.405306156,6022693857,,cycles,1606057257,100.00,,
1.505687748,2159,,rD044,1606074330,100.00,,
1.505687748,99666005,,rFF44,1605985958,100.00,,
1.505687748,16805012901,,instructions,1605986095,100.00,2.79,insn per cycle
1.505687748,6022527502,,cycles,1606021385,100.00,,
1.606067129,1659,,rD044,1605946487,100.00,,
1.606067129,137642110,,rFF44,1605880906,100.00,,
1.606067129,21354035318,,instructions,1605883306,100.00,3.55,insn per cycle
1.606067129,6021959315,,cycles,1605867546,100.00,,
1.706434941,1699,,rD044,1605882166,100.00,,
1.706434941,105540500,,rFF44,1605917866,100.00,,
1.706434941,17500493363,,instructions,1605937206,100.00,2.91,insn per cycle
1.706434941,6022237225,,cycles,1605936216,100.00,,
1.806806373,1821,,rD044,1605975836,100.00,,
1.806806373,100131931,,rFF44,1605988856,100.00,,
1.806806373,16784580311,,instructions,1605974326,100.00,2.79,insn per cycle
1.806806373,6022324058,,cycles,1605958770,100.00,,
1.907178785,1911,,rD044,1605928856,100.00,,
1.907178785,100159936,,rFF44,1605902256,100.00,,
1.907178785,16830379534,,instructions,1605861162,100.00,2.79,insn per cycle
1.907178785,6022004039,,cycles,1605873338,100.00,,
2.007568817,1720,,rD044,1606147843,100.00,,
2.007568817,116800125,,rFF44,1606195692,100.00,,
2.007568817,18861163099,,instructions,1606254406,100.00,3.13,insn per cycle
2.007568817,6023368936,,cycles,1606269336,100.00,,
2.107942909,2145,,rD044,1605981145,100.00,,
2.107942909,125788099,,rFF44,1605956406,100.00,,
2.107942909,19941515977,,instructions,1605937606,100.00,3.31,insn per cycle
2.107942909,6022171950,,cycles,1605918656,100.00,,
2.208315760,2337,,rD044,1605832026,100.00,,
2.208315760,99972174,,rFF44,1605926986,100.00,,
2.208315760,16784258425,,instructions,1605905766,100.00,2.79,insn per cycle
2.208315760,6021890872,,cycles,1605904696,100.00,,
2.308694882,1844,,rD044,1606052376,100.00,,
2.308694882,100069888,,rFF44,1605962986,100.00,,
2.308694882,16787719842,,instructions,1605963399,100.00,2.79,insn per cycle
2.308694882,6022336988,,cycles,1605962722,100.00,,
2.409067504,1755,,rD044,1605881096,100.00,,
2.409067504,99762331,,rFF44,1605892533,100.00,,
2.409067504,16807760539,,instructions,1605936439,100.00,2.79,insn per cycle
2.409067504,6022240102,,cycles,1605963486,100.00,,
2.509446196,2088,,rD044,1605978963,100.00,,
2.509446196,135163195,,rFF44,1605945794,100.00,,
2.509446196,21064207743,,instructions,1605920495,100.00,3.50,insn per cycle
2.509446196,6022015254,,cycles,1605892305,100.00,,
2.609811947,1962,,rD044,1605789054,100.00,,
2.609811947,107927340,,rFF44,1605779986,100.00,,
2.609811947,17791126165,,instructions,1605767846,100.00,2.95,insn per cycle
2.609811947,6021465441,,cycles,1605741016,100.00,,
2.710175989,1842,,rD044,1605825356,100.00,,
2.710175989,100241192,,rFF44,1605850166,100.00,,
2.710175989,16802789612,,instructions,1605826146,100.00,2.79,insn per cycle
2.710175989,6021980278,,cycles,1605867026,100.00,,
2.810551471,1930,,rD044,1605950146,100.00,,
2.810551471,99839711,,rFF44,1605949976,100.00,,
2.810551471,16778328219,,instructions,1606003366,100.00,2.79,insn per cycle
2.810551471,6022436083,,cycles,1606006532,100.00,,
2.910925403,1582,,rD044,1605941206,100.00,,
2.910925403,114635140,,rFF44,1605912556,100.00,,
2.910925403,18595972684,,instructions,1605915292,100.00,3.09,insn per cycle
2.910925403,6022151901,,cycles,1605920736,100.00,,
3.011293364,1743,,rD044,1605837928,100.00,,
3.011293364,128216362,,rFF44,1605957772,100.00,,
3.011293364,20230827578,,instructions,1605970786,100.00,3.36,insn per cycle
3.011293364,6022140677,,cycles,1605937506,100.00,,
3.111670146,2248,,rD044,1606012660,100.00,,
3.111670146,100404410,,rFF44,1605922056,100.00,,
3.111670146,16855868864,,instructions,1605880116,100.00,2.80,insn per cycle
3.111670146,6022044168,,cycles,1605883886,100.00,,
3.212039978,1851,,rD044,1605905586,100.00,,
3.212039978,100127902,,rFF44,1605911716,100.00,,
3.212039978,16791868132,,instructions,1605917796,100.00,2.79,insn per cycle
3.212039978,6022277797,,cycles,1605946636,100.00,,
3.312415080,1927,,rD044,1605986106,100.00,,
3.312415080,100054909,,rFF44,1605989666,100.00,,
3.312415080,16836669213,,instructions,1606020136,100.00,2.80,insn per cycle
3.312415080,6022574884,,cycles,1606025329,100.00,,
3.412795462,1618,,rD044,1605969246,100.00,,
3.412795462,131972801,,rFF44,1605936226,100.00,,
3.412795462,20676153950,,instructions,1605907822,100.00,3.43,insn per cycle
3.412795462,6021916534,,cycles,1605884459,100.00,,
3.513162043,1895,,rD044,1605869817,100.00,,
3.513162043,111092409,,rFF44,1605898492,100.00,,
3.513162043,18171414966,,instructions,1605898086,100.00,3.02,insn per cycle
3.513162043,6022057190,,cycles,1605888546,100.00,,
3.613541315,2369,,rD044,1606018251,100.00,,
3.613541315,100455154,,rFF44,1606033476,100.00,,
3.613541315,16832847271,,instructions,1606083996,100.00,2.79,insn per cycle
3.613541315,6022712509,,cycles,1606078396,100.00,,
3.713916877,100122,,rD044,1604237233,100.00,,
3.713916877,73211213,,rFF44,1604151243,100.00,,
3.713916877,12722854094,,instructions,1604063243,100.00,2.12,insn per cycle
3.713916877,6014747304,,cycles,1604029303,100.00,,
3.814270968,205238,,rD044,1605199335,100.00,,
3.814270968,78719641,,rFF44,1605324715,100.00,,
3.814270968,12493549800,,instructions,1606059332,100.00,2.07,insn per cycle
3.814270968,6022560606,,cycles,1606100701,100.00,,
3.914689531,1954,,rD044,1606463636,100.00,,
3.914689531,100316298,,rFF44,1606404624,100.00,,
3.914689531,16819740692,,instructions,1605714105,100.00,2.79,insn per cycle
3.914689531,6021317024,,cycles,1605722546,100.00,,
4.015061233,1676,,rD044,1605931794,100.00,,
4.015061233,105402193,,rFF44,1605901954,100.00,,
4.015061233,17480354758,,instructions,1605874656,100.00,2.90,insn per cycle
4.015061233,6021980309,,cycles,1605867406,100.00,,
4.115428364,2094,,rD044,1605861554,100.00,,
4.115428364,137267134,,rFF44,1605886296,100.00,,
4.115428364,21319670296,,instructions,1605918166,100.00,3.54,insn per cycle
4.115428364,6022179197,,cycles,1605928316,100.00,,
4.215796816,1958,,rD044,1605888666,100.00,,
4.215796816,99950917,,rFF44,1605897506,100.00,,
4.215796816,16812876842,,instructions,1605872296,100.00,2.79,insn per cycle
4.215796816,6021846664,,cycles,1605831186,100.00,,
4.316163258,1803,,rD044,1605850286,100.00,,
4.316163258,100321627,,rFF44,1605835056,100.00,,
4.316163258,16804522538,,instructions,1605820766,100.00,2.79,insn per cycle
4.316163258,6021855114,,cycles,1605833769,100.00,,
4.416537459,1826,,rD044,1605916866,100.00,,
4.416537459,99999186,,rFF44,1605883336,100.00,,
4.416537459,16817384137,,instructions,1605881302,100.00,2.79,insn per cycle
4.416537459,6021979687,,cycles,1605882669,100.00,,
4.516897091,1609,,rD044,1605734316,100.00,,
4.516897091,123161858,,rFF44,1605753480,100.00,,
4.516897091,19614825865,,instructions,1605769136,100.00,3.26,insn per cycle
4.516897091,6021593802,,cycles,1605764246,100.00,,
4.617261533,2653,,rD044,1605805817,100.00,,
4.617261533,121567784,,rFF44,1605777068,100.00,,
4.617261533,19511984207,,instructions,1605893486,100.00,3.24,insn per cycle
4.617261533,6021955762,,cycles,1605872236,100.00,,
4.717629234,2910,,rD044,1605861511,100.00,,
4.717629234,141519582,,rFF44,1605828936,100.00,,
4.717629234,21929075007,,instructions,1605664286,100.00,3.64,insn per cycle
4.717629234,6021243752,,cycles,1605670536,100.00,,
4.817984746,3060,,rD044,1605614096,100.00,,
4.817984746,144311062,,rFF44,1605684946,100.00,,
4.817984746,22265120763,,instructions,1605692596,100.00,3.70,insn per cycle
4.817984746,6021170190,,cycles,1605672056,100.00,,
4.918345248,3291,,rD044,1605899916,100.00,,
4.918345248,144353075,,rFF44,1606119976,100.00,,
4.918345248,22272581272,,instructions,1606170568,100.00,3.70,insn per cycle
4.918345248,6023145791,,cycles,1606177802,100.00,,
5.018736180,3634,,rD044,1605919325,100.00,,
5.018736180,144335779,,rFF44,1605713349,100.00,,
5.018736180,22263524729,,instructions,1605725499,100.00,3.70,insn per cycle
5.018736180,6021328659,,cycles,1605729625,100.00,,
5.119103871,3965,,rD044,1605825309,100.00,,
5.119103871,144060202,,rFF44,1605803178,100.00,,
5.119103871,22226171779,,instructions,1605757406,100.00,3.69,insn per cycle
5.119103871,6021638617,,cycles,1605783586,100.00,,
5.219467213,3166,,rD044,1605794788,100.00,,
5.219467213,143672112,,rFF44,1605744856,100.00,,
5.219467213,22189351023,,instructions,1605739976,100.00,3.69,insn per cycle
5.219467213,6021452288,,cycles,1605726666,100.00,,
5.319827855,2732,,rD044,1605770997,100.00,,
5.319827855,144517958,,rFF44,1605793896,100.00,,
5.319827855,22282983810,,instructions,1605845216,100.00,3.70,insn per cycle
5.319827855,6021819311,,cycles,1605824456,100.00,,
5.420189106,2785,,rD044,1605752236,100.00,,
5.420189106,144238886,,rFF44,1605771346,100.00,,
5.420189106,22250861620,,instructions,1605697446,100.00,3.70,insn per cycle
5.420189106,6021395406,,cycles,1605724547,100.00,,
5.520564648,3088,,rD044,1605974976,100.00,,
5.520564648,144261275,,rFF44,1605970146,100.00,,
5.520564648,22256387567,,instructions,1605980898,100.00,3.70,insn per cycle
5.520564648,6022280965,,cycles,1605947691,100.00,,
5.620928460,2744,,rD044,1605831016,100.00,,
5.620928460,144292444,,rFF44,1605840380,100.00,,
5.620928460,22263803998,,instructions,1605897000,100.00,3.70,insn per cycle
5.620928460,6022208730,,cycles,1605928496,100.00,,
5.721291531,2893,,rD044,1605790409,100.00,,
5.721291531,144365513,,rFF44,1605863578,100.00,,
5.721291531,22264939695,,instructions,1605867756,100.00,3.70,insn per cycle
5.721291531,6021955265,,cycles,1605860466,100.00,,
5.821664163,2910,,rD044,1605923539,100.00,,
5.821664163,144023916,,rFF44,1605850626,100.00,,
5.821664163,22223874923,,instructions,1605827936,100.00,3.69,insn per cycle
5.821664163,6021796870,,cycles,1605831936,100.00,,
5.922029005,2825,,rD044,1605781636,100.00,,
5.922029005,144504599,,rFF44,1605768086,100.00,,
5.922029005,22288282858,,instructions,1605709676,100.00,3.70,insn per cycle
5.922029005,6021240493,,cycles,1605691956,100.00,,
6.022392096,2626,,rD044,1605605656,100.00,,
6.022392096,143811273,,rFF44,1605595116,100.00,,
6.022392096,22199490936,,instructions,1605620616,100.00,3.69,insn per cycle
6.022392096,6020999485,,cycles,1605623678,100.00,,
6.122751118,3232,,rD044,1605769676,100.00,,
6.122751118,144306466,,rFF44,1605788956,100.00,,
6.122751118,22265018942,,instructions,1605835920,100.00,3.70,insn per cycle
6.122751118,6022114988,,cycles,1605902890,100.00,,
6.223124850,3235,,rD044,1605799536,100.00,,
6.223124850,143786452,,rFF44,1605829613,100.00,,
6.223124850,22192461095,,instructions,1605833098,100.00,3.69,insn per cycle
6.223124850,6021327788,,cycles,1605767056,100.00,,
6.323503792,3035,,rD044,1606003894,100.00,,
6.323503792,144452328,,rFF44,1605924265,100.00,,
6.323503792,22278931270,,instructions,1605887806,100.00,3.70,insn per cycle
6.323503792,6022116308,,cycles,1605902756,100.00,,
6.423861503,189215,,rD044,1603623705,100.00,,
6.423861503,92266256,,rFF44,1603548997,100.00,,
6.423861503,14314222232,,instructions,1603524277,100.00,2.38,insn per cycle
6.423861503,6012552213,,cycles,1603508977,100.00,,
6.524202695,117140,,rD044,1605598176,100.00,,
6.524202695,112354956,,rFF44,1605745806,100.00,,
6.524202695,17463736977,,instructions,1605764016,100.00,2.90,insn per cycle
6.524202695,6022124038,,cycles,1605906006,100.00,,
6.624576706,2778,,rD044,1605955206,100.00,,
6.624576706,144027716,,rFF44,1605936206,100.00,,
6.624576706,22232143807,,instructions,1605945576,100.00,3.69,insn per cycle
6.624576706,6021702802,,cycles,1605793567,100.00,,
6.724938728,2957,,rD044,1605762196,100.00,,
6.724938728,144544337,,rFF44,1605745216,100.00,,
6.724938728,22294765233,,instructions,1605740177,100.00,3.70,insn per cycle
6.724938728,6021601458,,cycles,1605765371,100.00,,
6.825298090,3008,,rD044,1605720836,100.00,,
6.825298090,144807349,,rFF44,1605921821,100.00,,
6.825298090,22329480558,,instructions,1606088781,100.00,3.71,insn per cycle
6.825298090,6022615485,,cycles,1606048406,100.00,,
6.925681382,3026,,rD044,1605926172,100.00,,
6.925681382,144463273,,rFF44,1605724047,100.00,,
6.925681382,22276676466,,instructions,1605553396,100.00,3.70,insn per cycle
6.925681382,6020789554,,cycles,1605587266,100.00,,
7.026046653,2849,,rD044,1605839416,100.00,,
7.026046653,143947324,,rFF44,1605868896,100.00,,
7.026046653,22222133687,,instructions,1605869466,100.00,3.69,insn per cycle
7.026046653,6022101270,,cycles,1605898616,100.00,,
7.126413065,3188,,rD044,1605793986,100.00,,
7.126413065,144458791,,rFF44,1605724006,100.00,,
7.126413065,22272476697,,instructions,1605705206,100.00,3.70,insn per cycle
7.126413065,6021183537,,cycles,1605654956,100.00,,
7.226759166,3377,,rD044,1605546806,100.00,,
7.226759166,143573965,,rFF44,1605608946,100.00,,
7.226759166,22174062970,,instructions,1605656586,100.00,3.68,insn per cycle
7.226759166,6021409266,,cycles,1605722307,100.00,,
7.327130118,2978,,rD044,1605933246,100.00,,
7.327130118,143953407,,rFF44,1605925186,100.00,,
7.327130118,22215902735,,instructions,1605915259,100.00,3.69,insn per cycle
7.327130118,6022148506,,cycles,1605911951,100.00,,
7.427511270,3420,,rD044,1605997146,100.00,,
7.427511270,144795386,,rFF44,1605979684,100.00,,
7.427511270,22318045758,,instructions,1605973659,100.00,3.71,insn per cycle
7.427511270,6022124742,,cycles,1605934976,100.00,,
7.527874002,2956,,rD044,1605798983,100.00,,
7.527874002,144568056,,rFF44,1605822744,100.00,,
7.527874002,22287306633,,instructions,1605826016,100.00,3.70,insn per cycle
7.527874002,6021840025,,cycles,1605829866,100.00,,
7.628239093,2936,,rD044,1605848155,100.00,,
7.628239093,144393287,,rFF44,1605822026,100.00,,
7.628239093,22262872715,,instructions,1605893586,100.00,3.70,insn per cycle
7.628239093,6022316881,,cycles,1605957176,100.00,,
7.728611445,2902,,rD044,1605935026,100.00,,
7.728611445,144534711,,rFF44,1605947136,100.00,,
7.728611445,22292303571,,instructions,1605835966,100.00,3.70,insn per cycle
7.728611445,6021583761,,cycles,1605761496,100.00,,
7.828971937,2998,,rD044,1605728066,100.00,,
7.828971937,144432124,,rFF44,1605739196,100.00,,
7.828971937,22275722228,,instructions,1605763516,100.00,3.70,insn per cycle
7.828971937,6021485180,,cycles,1605749743,100.00,,
7.929331988,3103,,rD044,1605802136,100.00,,
7.929331988,144528571,,rFF44,1606021986,100.00,,
7.929331988,22287493628,,instructions,1606028330,100.00,3.70,insn per cycle
7.929331988,6022545556,,cycles,1606017875,100.00,,
8.029712540,3185,,rD044,1605825126,100.00,,
8.029712540,144597442,,rFF44,1605605640,100.00,,
8.029712540,22300993060,,instructions,1605593128,100.00,3.70,insn per cycle
8.029712540,6020940585,,cycles,1605633026,100.00,,
8.130077972,3632,,rD044,1605820786,100.00,,
8.130077972,144445934,,rFF44,1605807788,100.00,,
8.130077972,22282807040,,instructions,1605806306,100.00,3.70,insn per cycle
8.130077972,6021686913,,cycles,1605788506,100.00,,
8.230431393,3076,,rD044,1605620462,100.00,,
8.230431393,144444396,,rFF44,1605626526,100.00,,
8.230431393,22282309403,,instructions,1605670716,100.00,3.70,insn per cycle
8.230431393,6021375457,,cycles,1605712676,100.00,,
8.330798615,2873,,rD044,1605868286,100.00,,
8.330798615,143874284,,rFF44,1605858346,100.00,,
8.330798615,22213013987,,instructions,1605801196,100.00,3.69,insn per cycle
8.330798615,6021554356,,cycles,1605753836,100.00,,
8.431160337,2820,,rD044,1605771656,100.00,,
8.431160337,144542467,,rFF44,1605764106,100.00,,
8.431160337,22301392928,,instructions,1605765416,100.00,3.70,insn per cycle
8.431160337,6021495976,,cycles,1605737511,100.00,,
8.531525048,2950,,rD044,1605805456,100.00,,
8.531525048,144337434,,rFF44,1605841876,100.00,,
8.531525048,22273852285,,instructions,1605911565,100.00,3.70,insn per cycle
8.531525048,6022374361,,cycles,1605972047,100.00,,
8.631894080,2899,,rD044,1605913096,100.00,,
8.631894080,144344815,,rFF44,1605867146,100.00,,
8.631894080,22265229453,,instructions,1605783453,100.00,3.70,insn per cycle
8.631894080,6021646747,,cycles,1605778296,100.00,,
8.732261272,3146,,rD044,1605839204,100.00,,
8.732261272,144121653,,rFF44,1605868912,100.00,,
8.732261272,22247419999,,instructions,1606038306,100.00,3.69,insn per cycle
8.732261272,6022562333,,cycles,1606022536,100.00,,
8.832632764,2776,,rD044,1605909524,100.00,,
8.832632764,144291377,,rFF44,1605919126,100.00,,
8.832632764,22265461427,,instructions,1605759956,100.00,3.70,insn per cycle
8.832632764,6021371178,,cycles,1605716806,100.00,,
8.932987585,265319,,rD044,1602502960,100.00,,
8.932987585,71086550,,rFF44,1602447230,100.00,,
8.932987585,11076433173,,instructions,1602477320,100.00,1.84,insn per cycle
8.932987585,6008945854,,cycles,1602543420,100.00,,
9.033342667,39601,,rD044,1605650096,100.00,,
9.033342667,134244333,,rFF44,1605730536,100.00,,
9.033342667,20764974860,,instructions,1605758276,100.00,3.45,insn per cycle
9.033342667,6021510617,,cycles,1605749593,100.00,,
9.133715689,3053,,rD044,1605938036,100.00,,
9.133715689,144601842,,rFF44,1605906286,100.00,,
9.133715689,22299285500,,instructions,1605861395,100.00,3.70,insn per cycle
9.133715689,6021910877,,cycles,1605848845,100.00,,
9.234066750,2924,,rD044,1605567736,100.00,,
9.234066750,143545349,,rFF44,1605585021,100.00,,
9.234066750,22168972548,,instructions,1605609313,100.00,3.68,insn per cycle
9.234066750,6020934882,,cycles,1605595966,100.00,,
9.334426762,2137,,rD044,1605720338,100.00,,
9.334426762,144137780,,rFF44,1605686657,100.00,,
9.334426762,22237578302,,instructions,1605678506,100.00,3.69,insn per cycle
9.334426762,6021386611,,cycles,1605709226,100.00,,
9.434790193,2316,,rD044,1605817129,100.00,,
9.434790193,144405420,,rFF44,1605830956,100.00,,
9.434790193,22265361777,,instructions,1605827946,100.00,3.70,insn per cycle
9.434790193,6021777657,,cycles,1605812616,100.00,,
9.535153775,2089,,rD044,1605805767,100.00,,
9.535153775,144801934,,rFF44,1605802606,100.00,,
9.535153775,22324736123,,instructions,1605837136,100.00,3.71,insn per cycle
9.535153775,6021978603,,cycles,1605866896,100.00,,
9.635530027,2150,,rD044,1606001636,100.00,,
9.635530027,144472496,,rFF44,1605993466,100.00,,
9.635530027,22278700866,,instructions,1605994156,100.00,3.70,insn per cycle
9.635530027,6022542780,,cycles,1606016991,100.00,,
9.735898988,2115,,rD044,1605901296,100.00,,
9.735898988,144381439,,rFF44,1605906376,100.00,,
9.735898988,22263946385,,instructions,1605890083,100.00,3.70,insn per cycle
9.735898988,6021965421,,cycles,1605862947,100.00,,
9.836263650,2106,,rD044,1605778926,100.00,,
9.836263650,144460608,,rFF44,1605792313,100.00,,
9.836263650,22286169873,,instructions,1606113825,100.00,3.70,insn per cycle
9.836263650,6022918471,,cycles,1606131126,100.00,,
9.936653542,2286,,rD044,1606028088,100.00,,
9.936653542,144571504,,rFF44,1606020395,100.00,,
9.936653542,22288599379,,instructions,1605682196,100.00,3.70,insn per cycle
9.936653542,6020973191,,cycles,1605633266,100.00,,
10.037018714,2113,,rD044,1605852680,100.00,,
10.037018714,143772010,,rFF44,1605866186,100.00,,
10.037018714,22191949623,,instructions,1605877756,100.00,3.69,insn per cycle
10.037018714,6022144900,,cycles,1605910936,100.00,,
10.137398436,2857,,rD044,1605862303,100.00,,
10.137398436,144332531,,rFF44,1605776753,100.00,,
10.137398436,22264315731,,instructions,1605754693,100.00,3.70,insn per cycle
10.137398436,6021215955,,cycles,1605725433,100.00,,
10.237748167,3125,,rD044,1605630136,100.00,,
10.237748167,144542138,,rFF44,1605682046,100.00,,
10.237748167,22291183664,,instructions,1605701676,100.00,3.70,insn per cycle
10.237748167,6021441768,,cycles,1605723171,100.00,,
10.338114199,2371,,rD044,1605844606,100.00,,
10.338114199,143765792,,rFF44,1605902957,100.00,,
10.338114199,22197187654,,instructions,1605931122,100.00,3.69,insn per cycle
10.338114199,6022144843,,cycles,1605918457,100.00,,
10.438488721,3476,,rD044,1605956988,100.00,,
10.438488721,143744423,,rFF44,1605923221,100.00,,
10.438488721,22192169053,,instructions,1605922836,100.00,3.69,insn per cycle
10.438488721,6022214693,,cycles,1605931366,100.00,,
10.538853862,2319,,rD044,1605823099,100.00,,
10.538853862,144518756,,rFF44,1605806906,100.00,,
10.538853862,22295268241,,instructions,1605761846,100.00,3.70,insn per cycle
10.538853862,6021503354,,cycles,1605740126,100.00,,
10.639210604,2997,,rD044,1605726627,100.00,,
10.639210604,143663994,,rFF44,1605769276,100.00,,
10.639210604,22189238642,,instructions,1605786066,100.00,3.68,insn per cycle
10.639210604,6022219898,,cycles,1605932286,100.00,,
10.739589096,2253,,rD044,1606032316,100.00,,
10.739589096,144498434,,rFF44,1606028806,100.00,,
10.739589096,22290413320,,instructions,1606040696,100.00,3.70,insn per cycle
10.739589096,6022131551,,cycles,1605907610,100.00,,
10.839959717,2400,,rD044,1605870886,100.00,,
10.839959717,144335303,,rFF44,1605845816,100.00,,
10.839959717,22272760706,,instructions,1605855553,100.00,3.70,insn per cycle
10.839959717,6022012607,,cycles,1605889468,100.00,,
10.940327839,2356,,rD044,1605917616,100.00,,
10.940327839,144857850,,rFF44,1606159751,100.00,,
10.940327839,22341034395,,instructions,1606159825,100.00,3.71,insn per cycle
10.940327839,6022830413,,cycles,1606102386,100.00,,
11.040709381,2289,,rD044,1605834142,100.00,,
11.040709381,144251778,,rFF44,1605614542,100.00,,
11.040709381,22264996223,,instructions,1605615091,100.00,3.70,insn per cycle
11.040709381,6020972072,,cycles,1605627441,100.00,,
11.141077193,2446,,rD044,1605874391,100.00,,
11.141077193,144335099,,rFF44,1605864686,100.00,,
11.141077193,22276570426,,instructions,1605846696,100.00,3.70,insn per cycle
11.141077193,6021976225,,cycles,1605866536,100.00,,
11.241433754,2345,,rD044,1605662166,100.00,,
11.241433754,143998814,,rFF44,1605635576,100.00,,
11.241433754,22223495747,,instructions,1605595686,100.00,3.69,insn per cycle
11.241433754,6020928427,,cycles,1605586416,100.00,,
11.341797946,2241,,rD044,1605809856,100.00,,
11.341797946,144435959,,rFF44,1605805146,100.00,,
11.341797946,22286898529,,instructions,1605847156,100.00,3.70,insn per cycle
11.341797946,6021912960,,cycles,1605856977,100.00,,
11.442165728,303285,,rD044,1602463776,100.00,,
11.442165728,60640559,,rFF44,1602445526,100.00,,
11.442165728,9489048956,,instructions,1602420637,100.00,1.58,insn per cycle
11.442165728,6008499793,,cycles,1602415371,100.00,,
11.542538599,2591,,rD044,1605948016,100.00,,
11.542538599,144563900,,rFF44,1605983671,100.00,,
11.542538599,22295180842,,instructions,1606012521,100.00,3.70,insn per cycle
11.542538599,6022470270,,cycles,1605998106,100.00,,
11.642901591,2154,,rD044,1605805728,100.00,,
11.642901591,144017522,,rFF44,1605810757,100.00,,
11.642901591,22226668038,,instructions,1605814536,100.00,3.69,insn per cycle
11.642901591,6021758000,,cycles,1605807436,100.00,,
11.743265983,2758,,rD044,1605826910,100.00,,
11.743265983,144280151,,rFF44,1605800906,100.00,,
11.743265983,22256024513,,instructions,1605860956,100.00,3.70,insn per cycle
11.743265983,6021975868,,cycles,1605866136,100.00,,
11.843633645,2188,,rD044,1605832526,100.00,,
11.843633645,143642742,,rFF44,1605841116,100.00,,
11.843633645,22177611597,,instructions,1605703636,100.00,3.68,insn per cycle
11.843633645,6021306964,,cycles,1605703496,100.00,,
11.943990266,2232,,rD044,1605502255,100.00,,
11.943990266,144415394,,rFF44,1605485455,100.00,,
11.943990266,22276891794,,instructions,1605566425,100.00,3.70,insn per cycle
11.943990266,6020728316,,cycles,1605566796,100.00,,
12.044356358,2273,,rD044,1605944636,100.00,,
12.044356358,143665524,,rFF44,1606008276,100.00,,
12.044356358,22182077205,,instructions,1606032202,100.00,3.68,insn per cycle
12.044356358,6022678232,,cycles,1606053311,100.00,,
12.144733090,2347,,rD044,1605932027,100.00,,
12.144733090,144506122,,rFF44,1605905912,100.00,,
12.144733090,22284140809,,instructions,1605875886,100.00,3.70,insn per cycle
12.144733090,6022030289,,cycles,1605880576,100.00,,
12.245097751,2232,,rD044,1605813499,100.00,,
12.245097751,144244666,,rFF44,1605808976,100.00,,
12.245097751,22254596639,,instructions,1605788526,100.00,3.70,insn per cycle
12.245097751,6021444797,,cycles,1605724476,100.00,,
12.345461433,2229,,rD044,1605767718,100.00,,
12.345461433,143965105,,rFF44,1605731236,100.00,,
12.345461433,22225746550,,instructions,1605770006,100.00,3.69,insn per cycle
12.345461433,6021969150,,cycles,1605871156,100.00,,
12.445831185,2378,,rD044,1605937896,100.00,,
12.445831185,143428795,,rFF44,1605970676,100.00,,
12.445831185,22154511198,,instructions,1605913516,100.00,3.68,insn per cycle
12.445831185,6021791662,,cycles,1605816356,100.00,,
12.546191916,2176,,rD044,1605755166,100.00,,
12.546191916,144138270,,rFF44,1605755546,100.00,,
12.546191916,22242996238,,instructions,1605749676,100.00,3.69,insn per cycle
12.546191916,6021727010,,cycles,1605798991,100.00,,
12.646559478,2306,,rD044,1605873606,100.00,,
12.646559478,144365183,,rFF44,1605884568,100.00,,
12.646559478,22280433085,,instructions,1605926022,100.00,3.70,insn per cycle
12.646559478,6022214545,,cycles,1605930317,100.00,,
12.746927710,2196,,rD044,1605872449,100.00,,
12.746927710,144002995,,rFF44,1605888920,100.00,,
12.746927710,22229138563,,instructions,1605894516,100.00,3.69,insn per cycle
12.746927710,6022076451,,cycles,1605892386,100.00,,
12.847293851,2192,,rD044,1605785378,100.00,,
12.847293851,144604442,,rFF44,1605817606,100.00,,
12.847293851,22307388472,,instructions,1605848316,100.00,3.70,insn per cycle
12.847293851,6021895178,,cycles,1605859046,100.00,,
12.947664363,2504,,rD044,1605735506,100.00,,
12.947664363,144168439,,rFF44,1605698955,100.00,,
12.947664363,22257855487,,instructions,1605656535,100.00,3.70,insn per cycle
12.947664363,6020938775,,cycles,1605624825,100.00,,
13.048027265,1992,,rD044,1605777106,100.00,,
13.048027265,143767424,,rFF44,1605744966,100.00,,
13.048027265,22190914306,,instructions,1605719776,100.00,3.69,insn per cycle
13.048027265,6021372954,,cycles,1605705128,100.00,,
13.148386536,2432,,rD044,1605724606,100.00,,
13.148386536,142919259,,rFF44,1605732646,100.00,,
13.148386536,22089781020,,instructions,1605768658,100.00,3.67,insn per cycle
13.148386536,6021717910,,cycles,1605796720,100.00,,
13.248747408,2204,,rD044,1604589122,100.00,,
13.248747408,143199512,,rFF44,1604588463,100.00,,
13.248747408,22123406180,,instructions,1604533576,100.00,3.68,insn per cycle
13.248747408,6016835666,,cycles,1604502742,100.00,,
13.349109110,2026,,rD044,1605757177,100.00,,
13.349109110,143849500,,rFF44,1605795301,100.00,,
13.349109110,22205496157,,instructions,1605865446,100.00,3.69,insn per cycle
13.349109110,6022009563,,cycles,1605882026,100.00,,
13.449473431,2147,,rD044,1605805088,100.00,,
13.449473431,143191136,,rFF44,1605807776,100.00,,
13.449473431,22116870355,,instructions,1605792176,100.00,3.67,insn per cycle
13.449473431,6021708589,,cycles,1605794596,100.00,,
13.549836803,2064,,rD044,1605800249,100.00,,
13.549836803,141944162,,rFF44,1605776436,100.00,,
13.549836803,21972192917,,instructions,1605761766,100.00,3.65,insn per cycle
13.549836803,6021605773,,cycles,1605767236,100.00,,
13.650201035,2304,,rD044,1605808396,100.00,,
13.650201035,142348484,,rFF44,1605794816,100.00,,
13.650201035,22026556817,,instructions,1605768876,100.00,3.66,insn per cycle
13.650201035,6021907786,,cycles,1605847696,100.00,,
13.750569606,2129,,rD044,1605891576,100.00,,
13.750569606,142365619,,rFF44,1605872626,100.00,,
13.750569606,22030841716,,instructions,1605920346,100.00,3.66,insn per cycle
13.750569606,6021864837,,cycles,1605835992,100.00,,
13.850931028,2369,,rD044,1605730116,100.00,,
13.850931028,142474331,,rFF44,1605771756,100.00,,
13.850931028,22031439102,,instructions,1605755672,100.00,3.66,insn per cycle
13.850931028,6021474078,,cycles,1605747356,100.00,,
13.951295859,301891,,rD044,1603505445,100.00,,
13.951295859,59297739,,rFF44,1603605151,100.00,,
13.951295859,9312525468,,instructions,1603614705,100.00,1.55,insn per cycle
13.951295859,6012996072,,cycles,1603614995,100.00,,
14.051662071,2658,,rD044,1605869368,100.00,,
14.051662071,143332160,,rFF44,1605749646,100.00,,
14.051662071,22139587431,,instructions,1605729386,100.00,3.68,insn per cycle
14.051662071,6021541908,,cycles,1605750716,100.00,,
14.152028643,3203,,rD044,1605717989,100.00,,
14.152028643,142817802,,rFF44,1605710715,100.00,,
14.152028643,22080444516,,instructions,1605704045,100.00,3.67,insn per cycle
14.152028643,6021138028,,cycles,1605704795,100.00,,
14.252388394,2725,,rD044,1605722056,100.00,,
14.252388394,142819137,,rFF44,1605744146,100.00,,
14.252388394,22074461640,,instructions,1605809446,100.00,3.67,insn per cycle
14.252388394,6021854790,,cycles,1605833506,100.00,,
14.352757696,2608,,rD044,1605879496,100.00,,
14.352757696,143005384,,rFF44,1605854686,100.00,,
14.352757696,22099586116,,instructions,1605788136,100.00,3.67,insn per cycle
14.352757696,6021665030,,cycles,1605790441,100.00,,
14.453123238,2792,,rD044,1605861326,100.00,,
14.453123238,142647684,,rFF44,1605905378,100.00,,
14.453123238,22060358238,,instructions,1605962222,100.00,3.66,insn per cycle
14.453123238,6022290774,,cycles,1605949467,100.00,,
14.553505679,2612,,rD044,1606078900,100.00,,
14.553505679,143012652,,rFF44,1606011130,100.00,,
14.553505679,22100390151,,instructions,1605964156,100.00,3.67,insn per cycle
14.553505679,6022219134,,cycles,1605931336,100.00,,
14.653865781,2664,,rD044,1605727818,100.00,,
14.653865781,142368973,,rFF44,1605719276,100.00,,
14.653865781,22018536974,,instructions,1605723196,100.00,3.66,insn per cycle
14.653865781,6021469105,,cycles,1605730536,100.00,,
14.754218493,2686,,rD044,1605660386,100.00,,
14.754218493,142627388,,rFF44,1605691346,100.00,,
14.754218493,22051260276,,instructions,1605686626,100.00,3.66,insn per cycle
14.754218493,6021746250,,cycles,1605804096,100.00,,
14.854585294,2719,,rD044,1605820216,100.00,,
14.854585294,142496734,,rFF44,1605811726,100.00,,
14.854585294,22035238783,,instructions,1605816286,100.00,3.66,insn per cycle
14.854585294,6021338382,,cycles,1605710266,100.00,,
14.954947146,3021,,rD044,1605613696,100.00,,
14.954947146,142083399,,rFF44,1605639966,100.00,,
14.954947146,21978705829,,instructions,1605696497,100.00,3.65,insn per cycle
14.954947146,6021235773,,cycles,1605697282,100.00,,
15.055314038,2836,,rD044,1605903356,100.00,,
15.055314038,143689330,,rFF44,1606011370,100.00,,
15.055314038,22178765634,,instructions,1605938161,100.00,3.68,insn per cycle
15.055314038,6022290380,,cycles,1605949796,100.00,,
15.155690379,3055,,rD044,1605972940,100.00,,
15.155690379,143549076,,rFF44,1605849978,100.00,,
15.155690379,22163283175,,instructions,1605906146,100.00,3.68,insn per cycle
15.155690379,6022163491,,cycles,1605915936,100.00,,
15.256051901,2835,,rD044,1605754957,100.00,,
15.256051901,143625429,,rFF44,1605793386,100.00,,
15.256051901,22184776743,,instructions,1605775476,100.00,3.68,insn per cycle
15.256051901,6021538219,,cycles,1605749626,100.00,,
15.356416763,2950,,rD044,1605812987,100.00,,
15.356416763,143664643,,rFF44,1605783246,100.00,,
15.356416763,22180145594,,instructions,1605784246,100.00,3.68,insn per cycle
15.356416763,6021713143,,cycles,1605795746,100.00,,
15.456780765,2773,,rD044,1605828166,100.00,,
15.456780765,144296020,,rFF44,1605822516,100.00,,
15.456780765,22260383536,,instructions,1605769966,100.00,3.70,insn per cycle
15.456780765,6021475881,,cycles,1605739266,100.00,,
15.557144786,2788,,rD044,1605811166,100.00,,
15.557144786,143367623,,rFF44,1605833366,100.00,,
15.557144786,22149699820,,instructions,1605844638,100.00,3.68,insn per cycle
15.557144786,6021932365,,cycles,1605854222,100.00,,
15.657518308,2705,,rD044,1605936466,100.00,,
15.657518308,144187753,,rFF44,1605920671,100.00,,
15.657518308,22252418310,,instructions,1605932900,100.00,3.69,insn per cycle
15.657518308,6022309577,,cycles,1605954996,100.00,,
15.757884090,3627,,rD044,1605843491,100.00,,
15.757884090,143711621,,rFF44,1605855417,100.00,,
15.757884090,22194464121,,instructions,1605895826,100.00,3.69,insn per cycle
15.757884090,6022173623,,cycles,1605939136,100.00,,
15.858256181,2757,,rD044,1605924277,100.00,,
15.858256181,144225148,,rFF44,1605923786,100.00,,
15.858256181,22251819069,,instructions,1606051636,100.00,3.69,insn per cycle
15.858256181,6022564097,,cycles,1606023326,100.00,,
15.958631853,2724,,rD044,1605867295,100.00,,
15.958631853,144133351,,rFF44,1605896255,100.00,,
15.958631853,22244522538,,instructions,1605760805,100.00,3.69,insn per cycle
15.958631853,6021349335,,cycles,1605715375,100.00,,
16.058997875,2693,,rD044,1605843026,100.00,,
16.058997875,143303889,,rFF44,1605849846,100.00,,
16.058997875,22141212631,,instructions,1605802396,100.00,3.68,insn per cycle
16.058997875,6021664246,,cycles,1605782548,100.00,,
16.159361847,3011,,rD044,1605915326,100.00,,
16.159361847,143867019,,rFF44,1605865906,100.00,,
16.159361847,22208938731,,instructions,1605872990,100.00,3.69,insn per cycle
16.159361847,6022144438,,cycles,1605911160,100.00,,
16.259724778,3135,,rD044,1605690726,100.00,,
16.259724778,143104379,,rFF44,1605701648,100.00,,
16.259724778,22109400943,,instructions,1605713758,100.00,3.67,insn per cycle
16.259724778,6021402951,,cycles,1605712596,100.00,,
16.360090180,2711,,rD044,1605839555,100.00,,
16.360090180,144114041,,rFF44,1605865540,100.00,,
16.360090180,22239573512,,instructions,1605867646,100.00,3.69,insn per cycle
16.360090180,6021950011,,cycles,1605859096,100.00,,
16.409139198,14362,,rD044,725409722,100.00,,
16.409139198,43453128,,rFF44,724516285,100.00,,
16.409139198,7229675167,,instructions,723790105,100.00,2.67,insn per cycle
16.409139198,2711415875,,cycles,723088925,100.00,,
