0.100125729,60353,,rD044,2676037825,100.00,,
0.100125729,142182281,,rFF44,2683289207,100.00,,
0.100125729,1713291423,,instructions,2688937542,100.00,0.17,insn per cycle
0.100125729,10094726128,,cycles,2693583687,100.00,,
0.201062887,19122,,rD044,3222674829,100.00,,
0.201062887,282058056,,rFF44,3216066530,100.00,,
0.201062887,43367317037,,instructions,3211324235,100.00,3.61,insn per cycle
0.201062887,12028549920,,cycles,3207947310,100.00,,
0.301464650,449476,,rD044,3209315750,100.00,,
0.301464650,11407183,,rFF44,3211978227,100.00,,
0.301464650,3016517479,,instructions,3213785312,100.00,0.25,insn per cycle
0.301464650,12055869932,,cycles,3215140699,100.00,,
0.402008064,23852,,rD044,3217594838,100.00,,
0.402008064,272488215,,rFF44,3217930094,100.00,,
0.402008064,42387741129,,instructions,3218246554,100.00,3.51,insn per cycle
0.402008064,12069793826,,cycles,3218623414,100.00,,
0.502598418,6180,,rD044,3218918482,100.00,,
0.502598418,286298017,,rFF44,3218870034,100.00,,
0.502598418,44240876397,,instructions,3218836511,100.00,3.67,insn per cycle
0.502598418,12070561767,,cycles,3218828694,100.00,,
0.603184792,6996,,rD044,3218756321,100.00,,
0.603184792,284688043,,rFF44,3218850344,100.00,,
0.603184792,44049870729,,instructions,3218979232,100.00,3.65,insn per cycle
0.603184792,12071779043,,cycles,3219159334,100.00,,
0.703791617,6653,,rD044,3219327096,100.00,,
0.703791617,286948416,,rFF44,3219153874,100.00,,
0.703791617,44317660337,,instructions,3218952354,100.00,3.67,insn per cycle
0.703791617,12069942456,,cycles,3218665171,100.00,,
0.804373011,6568,,rD044,3218598449,100.00,,
0.804373011,286739102,,rFF44,3218892284,100.00,,
0.804373011,44301943871,,instructions,3219119674,100.00,3.67,insn per cycle
0.804373011,12072180301,,cycles,3219260044,100.00,,
0.904979536,6720,,rD044,3219182275,100.00,,
0.904979536,286835337,,rFF44,3218902514,100.00,,
0.904979536,44311042918,,instructions,3218778334,100.00,3.67,insn per cycle
0.904979536,12070488984,,cycles,3218822851,100.00,,
1.005573710,6800,,rD044,3218818312,100.00,,
1.005573710,287424340,,rFF44,3218794333,100.00,,
1.005573710,44382383630,,instructions,3218905973,100.00,3.68,insn per cycle
1.005573710,12070811745,,cycles,3218939003,100.00,,
1.106168885,11028,,rD044,3219038885,100.00,,
1.106168885,284718371,,rFF44,3219347964,100.00,,
1.106168885,44028172568,,instructions,3219283004,100.00,3.65,insn per cycle
1.106168885,12073185494,,cycles,3219606738,100.00,,
1.206797340,6679,,rD044,3220036349,100.00,,
1.206797340,286925836,,rFF44,3219990604,100.00,,
1.206797340,44327540847,,instructions,3220025940,100.00,3.67,insn per cycle
1.206797340,12073680850,,cycles,3219658706,100.00,,
1.307400324,6553,,rD044,3219270225,100.00,,
1.307400324,287033873,,rFF44,3219518054,100.00,,
1.307400324,44336505290,,instructions,3219587328,100.00,3.67,insn per cycle
1.307400324,12073252750,,cycles,3219545534,100.00,,
1.408015279,6323,,rD044,3219472038,100.00,,
1.408015279,286908624,,rFF44,3218928774,100.00,,
1.408015279,44319780064,,instructions,3218792510,100.00,3.67,insn per cycle
1.408015279,12070387830,,cycles,3218783164,100.00,,
1.508602283,6193,,rD044,3218745970,100.00,,
1.508602283,287020905,,rFF44,3219021584,100.00,,
1.508602283,44334492747,,instructions,3219054343,100.00,3.67,insn per cycle
1.508602283,12070782236,,cycles,3218913774,100.00,,
1.609195127,370657,,rD044,3210957204,100.00,,
1.609195127,83229165,,rFF44,3210540396,100.00,,
1.609195127,12751704009,,instructions,3210324001,100.00,1.06,insn per cycle
1.609195127,12037068138,,cycles,3210233928,100.00,,
1.709749942,107780,,rD044,3217848204,100.00,,
1.709749942,199859196,,rFF44,3218033954,100.00,,
1.709749942,32465937571,,instructions,3218151604,100.00,2.69,insn per cycle
1.709749942,12069579527,,cycles,3218605939,100.00,,
1.810348096,7427,,rD044,3219218205,100.00,,
1.810348096,286539662,,rFF44,3219459374,100.00,,
1.810348096,44288504997,,instructions,3219954114,100.00,3.67,insn per cycle
1.810348096,12074405651,,cycles,3219852671,100.00,,
1.910968911,6905,,rD044,3219656117,100.00,,
1.910968911,287264662,,rFF44,3219318514,100.00,,
1.910968911,44356945079,,instructions,3218876604,100.00,3.67,insn per cycle
1.910968911,12070633774,,cycles,3218868632,100.00,,
2.011561405,6775,,rD044,3218792062,100.00,,
2.011561405,287549007,,rFF44,3219099223,100.00,,
2.011561405,44407947077,,instructions,3219296853,100.00,3.68,insn per cycle
2.011561405,12072173081,,cycles,3219310025,100.00,,
2.112163870,8033,,rD044,3219407075,100.00,,
2.112163870,286621938,,rFF44,3219264114,100.00,,
2.112163870,44281073937,,instructions,3218891084,100.00,3.67,insn per cycle
2.112163870,12070672666,,cycles,3218857530,100.00,,
2.212761734,7444,,rD044,3218897473,100.00,,
2.212761734,287104005,,rFF44,3219055804,100.00,,
2.212761734,44350042051,,instructions,3219295534,100.00,3.67,insn per cycle
2.212761734,12071979953,,cycles,3219205906,100.00,,
2.313357129,7415,,rD044,3219207224,100.00,,
2.313357129,287338885,,rFF44,3219538214,100.00,,
2.313357129,44386861398,,instructions,3219795724,100.00,3.68,insn per cycle
2.313357129,12073970049,,cycles,3219736810,100.00,,
2.413975043,6966,,rD044,3219807648,100.00,,
2.413975043,286600751,,rFF44,3219528244,100.00,,
2.413975043,44276266023,,instructions,3219345104,100.00,3.67,insn per cycle
2.413975043,12073094076,,cycles,3219504416,100.00,,
2.514584998,7489,,rD044,3219230316,100.00,,
2.514584998,287509982,,rFF44,3219091394,100.00,,
2.514584998,44395549970,,instructions,3219027414,100.00,3.68,insn per cycle
2.514584998,12070894038,,cycles,3218967934,100.00,,
2.615185212,7225,,rD044,3219042879,100.00,,
2.615185212,286551120,,rFF44,3218870819,100.00,,
2.615185212,44277143326,,instructions,3218883749,100.00,3.67,insn per cycle
2.615185212,12071410144,,cycles,3219095928,100.00,,
2.715782887,8057,,rD044,3219162714,100.00,,
2.715782887,287341971,,rFF44,3219328934,100.00,,
2.715782887,44377704443,,instructions,3219256534,100.00,3.68,insn per cycle
2.715782887,12071698842,,cycles,3219158795,100.00,,
2.816392522,7240,,rD044,3219297416,100.00,,
2.816392522,286649688,,rFF44,3219407724,100.00,,
2.816392522,44295452167,,instructions,3219556158,100.00,3.67,insn per cycle
2.816392522,12072886706,,cycles,3219448424,100.00,,
2.916988446,252316,,rD044,3213983809,100.00,,
2.916988446,148676829,,rFF44,3213359263,100.00,,
2.916988446,22740043597,,instructions,3212888369,100.00,1.89,insn per cycle
2.916988446,12045858467,,cycles,3212465176,100.00,,
3.017523190,225601,,rD044,3217059040,100.00,,
3.017523190,133106475,,rFF44,3217459583,100.00,,
3.017523190,22305778001,,instructions,3217857423,100.00,1.85,insn per cycle
3.017523190,12067902718,,cycles,3218212230,100.00,,
3.118135435,7432,,rD044,3219440107,100.00,,
3.118135435,288133380,,rFF44,3219324424,100.00,,
3.118135435,44467861819,,instructions,3219224444,100.00,3.68,insn per cycle
3.118135435,12072779655,,cycles,3219419416,100.00,,
3.218737739,7585,,rD044,3219237415,100.00,,
3.218737739,284637998,,rFF44,3219388384,100.00,,
3.218737739,44054406675,,instructions,3219370814,100.00,3.65,insn per cycle
3.218737739,12072179738,,cycles,3219260305,100.00,,
3.319323323,6948,,rD044,3218910962,100.00,,
3.319323323,287634277,,rFF44,3218994024,100.00,,
3.319323323,44409473941,,instructions,3219418304,100.00,3.68,insn per cycle
3.319323323,12073678186,,cycles,3219658779,100.00,,
3.419953148,6635,,rD044,3220055731,100.00,,
3.419953148,287827526,,rFF44,3219993044,100.00,,
3.419953148,44432694128,,instructions,3219554844,100.00,3.68,insn per cycle
3.419953148,12072411127,,cycles,3219321246,100.00,,
3.520548433,6700,,rD044,3219373396,100.00,,
3.520548433,287999574,,rFF44,3219227084,100.00,,
3.520548433,44455528323,,instructions,3219291054,100.00,3.68,insn per cycle
3.520548433,12072283066,,cycles,3219308156,100.00,,
3.621151557,7260,,rD044,3218400780,100.00,,
3.621151557,287676918,,rFF44,3218461084,100.00,,
3.621151557,44421069591,,instructions,3218559444,100.00,3.68,insn per cycle
3.621151557,12069641761,,cycles,3218668671,100.00,,
3.721749072,7437,,rD044,3219193084,100.00,,
3.721749072,287568745,,rFF44,3219358014,100.00,,
3.721749072,44402198599,,instructions,3219184564,100.00,3.68,insn per cycle
3.721749072,12071020991,,cycles,3218958953,100.00,,
3.822339096,7396,,rD044,3218795001,100.00,,
3.822339096,287080213,,rFF44,3218621064,100.00,,
3.822339096,44342372636,,instructions,3219098844,100.00,3.67,insn per cycle
3.822339096,12072292497,,cycles,3219288835,100.00,,
3.922945151,7081,,rD044,3219256565,100.00,,
3.922945151,288093310,,rFF44,3219140193,100.00,,
3.922945151,44464512777,,instructions,3218677813,100.00,3.68,insn per cycle
3.922945151,12069560392,,cycles,3218605558,100.00,,
4.023531095,6692,,rD044,3218974733,100.00,,
4.023531095,287926802,,rFF44,3219253474,100.00,,
4.023531095,44452543843,,instructions,3219273944,100.00,3.68,insn per cycle
4.023531095,12071856216,,cycles,3219190205,100.00,,
4.124131390,7825,,rD044,3218853061,100.00,,
4.124131390,287354696,,rFF44,3218703764,100.00,,
4.124131390,44374079252,,instructions,3218807844,100.00,3.68,insn per cycle
4.124131390,12070000214,,cycles,3218693989,100.00,,
4.224726884,146944,,rD044,3214660720,100.00,,
4.224726884,210796593,,rFF44,3214093309,100.00,,
4.224726884,32368725479,,instructions,3213672759,100.00,2.69,insn per cycle
4.224726884,12049181908,,cycles,3213391577,100.00,,
4.325247648,333260,,rD044,3215975560,100.00,,
4.325247648,72078437,,rFF44,3216765919,100.00,,
4.325247648,12813667220,,instructions,3217251960,100.00,1.06,insn per cycle
4.325247648,12066772504,,cycles,3217909220,100.00,,
4.425859472,7431,,rD044,3219424234,100.00,,
4.425859472,288006625,,rFF44,3219419237,100.00,,
4.425859472,44453620179,,instructions,3219340204,100.00,3.68,insn per cycle
4.425859472,12072237049,,cycles,3219277254,100.00,,
4.526463307,6792,,rD044,3219342594,100.00,,
4.526463307,287336441,,rFF44,3219416827,100.00,,
4.526463307,44370302062,,instructions,3219383204,100.00,3.68,insn per cycle
4.526463307,12071829470,,cycles,3219194694,100.00,,
4.627063691,7426,,rD044,3218656474,100.00,,
4.627063691,286550397,,rFF44,3218220037,100.00,,
4.627063691,44261593781,,instructions,3218139334,100.00,3.67,insn per cycle
4.627063691,12068120121,,cycles,3218265684,100.00,,
4.727650596,7388,,rD044,3218639534,100.00,,
4.727650596,288110430,,rFF44,3218751149,100.00,,
4.727650596,44472415632,,instructions,3218912254,100.00,3.68,insn per cycle
4.727650596,12070569284,,cycles,3218831074,100.00,,
4.828236830,7491,,rD044,3219052794,100.00,,
4.828236830,287704308,,rFF44,3219113793,100.00,,
4.828236830,44424573301,,instructions,3218869024,100.00,3.68,insn per cycle
4.828236830,12071979906,,cycles,3219204534,100.00,,
4.928845995,7296,,rD044,3219091294,100.00,,
4.928845995,287454416,,rFF44,3219120505,100.00,,
4.928845995,44388982563,,instructions,3219423394,100.00,3.68,insn per cycle
4.928845995,12071413038,,cycles,3219091064,100.00,,
5.029440969,7420,,rD044,3219289604,100.00,,
5.029440969,287868887,,rFF44,3219834172,100.00,,
5.029440969,44447695696,,instructions,3219764334,100.00,3.68,insn per cycle
5.029440969,12073784363,,cycles,3219738154,100.00,,
5.130064234,8951,,rD044,3219792154,100.00,,
5.130064234,287052271,,rFF44,3219347346,100.00,,
5.130064234,44332858947,,instructions,3219392034,100.00,3.67,insn per cycle
5.130064234,12072638502,,cycles,3219381374,100.00,,
5.230671518,7692,,rD044,3219329874,100.00,,
5.230671518,287196247,,rFF44,3219319665,100.00,,
5.230671518,44361522847,,instructions,3219265594,100.00,3.67,insn per cycle
5.230671518,12072283955,,cycles,3219288084,100.00,,
5.331271613,8279,,rD044,3218946914,100.00,,
5.331271613,286093812,,rFF44,3219856863,100.00,,
5.331271613,44228878297,,instructions,3220909134,100.00,3.66,insn per cycle
5.331271613,12078405429,,cycles,3220920100,100.00,,
5.431913118,7474,,rD044,3220635389,100.00,,
5.431913118,286680788,,rFF44,3219629011,100.00,,
5.431913118,44283634562,,instructions,3218478274,100.00,3.67,insn per cycle
5.431913118,12069313489,,cycles,3218493976,100.00,,
5.532503112,36186,,rD044,3214982779,100.00,,
5.532503112,273600765,,rFF44,3214613222,100.00,,
5.532503112,42160143521,,instructions,3214307394,100.00,3.50,insn per cycle
5.532503112,12051585537,,cycles,3213968776,100.00,,
5.633040986,438694,,rD044,3216150753,100.00,,
5.633040986,11052921,,rFF44,3216065398,100.00,,
5.633040986,3224447009,,instructions,3216033963,100.00,0.27,insn per cycle
5.633040986,12059305728,,cycles,3215963023,100.00,,
5.733586990,10359,,rD044,3217835724,100.00,,
5.733586990,286054404,,rFF44,3218405139,100.00,,
5.733586990,44231071699,,instructions,3218787323,100.00,3.66,insn per cycle
5.733586990,12072029916,,cycles,3219235134,100.00,,
5.834188225,8639,,rD044,3219180413,100.00,,
5.834188225,287124585,,rFF44,3219137433,100.00,,
5.834188225,44341846311,,instructions,3219074303,100.00,3.67,insn per cycle
5.834188225,12072171713,,cycles,3219265663,100.00,,
5.934796289,7961,,rD044,3219148654,100.00,,
5.934796289,287615060,,rFF44,3219031164,100.00,,
5.934796289,44404878414,,instructions,3219063944,100.00,3.68,insn per cycle
5.934796289,12070121457,,cycles,3218749514,100.00,,
6.035372833,7395,,rD044,3218349074,100.00,,
6.035372833,287774589,,rFF44,3218443444,100.00,,
6.035372833,44428638448,,instructions,3218458068,100.00,3.68,insn per cycle
6.035372833,12069118404,,cycles,3218471914,100.00,,
6.135971888,8900,,rD044,3219490554,100.00,,
6.135971888,287080308,,rFF44,3219625474,100.00,,
6.135971888,44346883083,,instructions,3219705388,100.00,3.67,insn per cycle
6.135971888,12074359733,,cycles,3219841814,100.00,,
6.236577403,8520,,rD044,3219213524,100.00,,
6.236577403,287874695,,rFF44,3219155214,100.00,,
6.236577403,44437196500,,instructions,3219079334,100.00,3.68,insn per cycle
6.236577403,12071073799,,cycles,3218962844,100.00,,
6.337176217,8674,,rD044,3219176854,100.00,,
6.337176217,287857845,,rFF44,3219092844,100.00,,
6.337176217,44438691208,,instructions,3219080073,100.00,3.68,insn per cycle
6.337176217,12071863046,,cycles,3219173234,100.00,,
6.437772761,8111,,rD044,3219052934,100.00,,
6.437772761,287604274,,rFF44,3219051574,100.00,,
6.437772761,44412064046,,instructions,3219054203,100.00,3.68,insn per cycle
6.437772761,12071520447,,cycles,3219086404,100.00,,
6.538374066,7561,,rD044,3218880124,100.00,,
6.538374066,287502240,,rFF44,3218885914,100.00,,
6.538374066,44399055760,,instructions,3219158415,100.00,3.68,insn per cycle
6.538374066,12071137910,,cycles,3219047474,100.00,,
6.638968790,8506,,rD044,3219089911,100.00,,
6.638968790,287271311,,rFF44,3219173261,100.00,,
6.638968790,44361377922,,instructions,3218884080,100.00,3.68,insn per cycle
6.638968790,12070708947,,cycles,3218905051,100.00,,
6.739568055,8378,,rD044,3218911334,100.00,,
6.739568055,287950912,,rFF44,3218763634,100.00,,
6.739568055,44452763419,,instructions,3218902501,100.00,3.68,insn per cycle
6.739568055,12070526113,,cycles,3218826294,100.00,,
6.840155009,8341,,rD044,3218913764,100.00,,
6.840155009,286677226,,rFF44,3218926634,100.00,,
6.840155009,44281378853,,instructions,3218671239,100.00,3.67,insn per cycle
6.840155009,12070022081,,cycles,3218683374,100.00,,
6.940739944,403300,,rD044,3213666089,100.00,,
6.940739944,58924547,,rFF44,3213030219,100.00,,
6.940739944,9398239210,,instructions,3212720420,100.00,0.78,insn per cycle
6.940739944,12044959676,,cycles,3212284734,100.00,,
7.041255117,73408,,rD044,3217094137,100.00,,
7.041255117,225429040,,rFF44,3217763484,100.00,,
7.041255117,35997311969,,instructions,3218269494,100.00,2.98,insn per cycle
7.041255117,12071568653,,cycles,3219120151,100.00,,
7.141871722,8218,,rD044,3219596346,100.00,,
7.141871722,288245336,,rFF44,3219718024,100.00,,
7.141871722,44491626511,,instructions,3219759824,100.00,3.69,insn per cycle
7.141871722,12073479881,,cycles,3219608120,100.00,,
7.242481136,7657,,rD044,3219742478,100.00,,
7.242481136,287666154,,rFF44,3219869814,100.00,,
7.242481136,44409581098,,instructions,3219719335,100.00,3.68,insn per cycle
7.242481136,12073453311,,cycles,3219598616,100.00,,
7.343096881,7867,,rD044,3219534887,100.00,,
7.343096881,287294134,,rFF44,3219389924,100.00,,
7.343096881,44377441022,,instructions,3219493018,100.00,3.68,insn per cycle
7.343096881,12072927058,,cycles,3219460024,100.00,,
7.443711156,7509,,rD044,3219548347,100.00,,
7.443711156,287091846,,rFF44,3219658234,100.00,,
7.443711156,44354485485,,instructions,3219863311,100.00,3.67,insn per cycle
7.443711156,12074423873,,cycles,3219857124,100.00,,
7.544321400,7387,,rD044,3219232976,100.00,,
7.544321400,287167799,,rFF44,3218922564,100.00,,
7.544321400,44352780641,,instructions,3219182866,100.00,3.67,insn per cycle
7.544321400,12072131599,,cycles,3219275904,100.00,,
7.644930565,8364,,rD044,3219350307,100.00,,
7.644930565,286491597,,rFF44,3219311124,100.00,,
7.644930565,44257928792,,instructions,3218859962,100.00,3.67,insn per cycle
7.644930565,12070073580,,cycles,3218761424,100.00,,
7.745520469,8935,,rD044,3219153272,100.00,,
7.745520469,286388818,,rFF44,3219389254,100.00,,
7.745520469,44252844033,,instructions,3219369186,100.00,3.67,insn per cycle
7.745520469,12072664697,,cycles,3219396884,100.00,,
7.846130304,8751,,rD044,3219603816,100.00,,
7.846130304,283695882,,rFF44,3220864814,100.00,,
7.846130304,43944916044,,instructions,3220788481,100.00,3.64,insn per cycle
7.846130304,12078458545,,cycles,3220932274,100.00,,
7.946782849,8226,,rD044,3220420054,100.00,,
7.946782849,285499450,,rFF44,3219114264,100.00,,
7.946782849,44160831652,,instructions,3219311695,100.00,3.66,insn per cycle
7.946782849,12071935713,,cycles,3219243444,100.00,,
8.047393224,7852,,rD044,3219105830,100.00,,
8.047393224,286756811,,rFF44,3219047961,100.00,,
8.047393224,44309338938,,instructions,3218984710,100.00,3.67,insn per cycle
8.047393224,12070443799,,cycles,3218819260,100.00,,
8.147983908,9991,,rD044,3218957854,100.00,,
8.147983908,286003800,,rFF44,3218978243,100.00,,
8.147983908,44204923275,,instructions,3219004594,100.00,3.66,insn per cycle
8.147983908,12071649602,,cycles,3219119094,100.00,,
8.209758933,19223,,rD044,1849035083,100.00,,
8.209758933,122392248,,rFF44,1845430243,100.00,,
8.209758933,20088832442,,instructions,1842241221,100.00,2.91,insn per cycle
8.209758933,6896178258,,cycles,1839079941,100.00,,
