0.100117898,4444711,,rD044,88901900,100.00,,
0.100117898,19593837,,rFF44,88907520,100.00,,
0.100117898,425637499,,instructions,88912320,100.00,1.29,insn per cycle
0.100117898,329466465,,cycles,88917510,100.00,,
0.200355097,5496663,,rD044,100232626,100.00,,
0.200355097,24029434,,rFF44,100233036,100.00,,
0.200355097,506563987,,instructions,100233066,100.00,1.35,insn per cycle
0.200355097,375873134,,cycles,100232886,100.00,,
0.300548775,5504749,,rD044,100192406,100.00,,
0.300548775,24002601,,rFF44,100192256,100.00,,
0.300548775,505628434,,instructions,100192156,100.00,1.35,insn per cycle
0.300548775,375716455,,cycles,100191716,100.00,,
0.400736644,6735126,,rD044,100186705,100.00,,
0.400736644,28649520,,rFF44,100187275,100.00,,
0.400736644,93384016,,instructions,100187385,100.00,0.25,insn per cycle
0.400736644,375703116,,cycles,100187855,100.00,,
0.500926312,6956702,,rD044,100189566,100.00,,
0.500926312,29933623,,rFF44,100189006,100.00,,
0.500926312,37315083,,instructions,100188996,100.00,0.10,insn per cycle
0.500926312,375705978,,cycles,100188626,100.00,,
0.601114350,3364525,,rD044,858946904,100.00,,
0.601114350,90323473,,rFF44,859920179,100.00,,
0.601114350,11652752543,,instructions,860628510,100.00,3.61,insn per cycle
0.601114350,3228543160,,cycles,861323740,100.00,,
0.701490121,63773,,rD044,1605985668,100.00,,
0.701490121,146421763,,rFF44,1605932227,100.00,,
0.701490121,22710569713,,instructions,1605893566,100.00,3.77,insn per cycle
0.701490121,6021915144,,cycles,1605850176,100.00,,
0.801851761,61637,,rD044,1605703750,100.00,,
0.801851761,144175160,,rFF44,1605634386,100.00,,
0.801851761,22425726981,,instructions,1605629926,100.00,3.72,insn per cycle
0.801851761,6021076051,,cycles,1605633856,100.00,,
0.902201402,57219,,rD044,1605537556,100.00,,
0.902201402,145553579,,rFF44,1605475116,100.00,,
0.902201402,22586767590,,instructions,1605687286,100.00,3.75,insn per cycle
0.902201402,6021191619,,cycles,1605663536,100.00,,
1.002548012,57919,,rD044,1605529496,100.00,,
1.002548012,145813262,,rFF44,1605541636,100.00,,
1.002548012,22650331954,,instructions,1605313906,100.00,3.76,insn per cycle
1.002548012,6019994566,,cycles,1605338366,100.00,,
1.102882672,55497,,rD044,1605328786,100.00,,
1.102882672,143264471,,rFF44,1605335196,100.00,,
1.102882672,22325978977,,instructions,1605318996,100.00,3.71,insn per cycle
1.102882672,6019812018,,cycles,1605288766,100.00,,
1.203221872,56592,,rD044,1605473076,100.00,,
1.203221872,145061949,,rFF44,1605524596,100.00,,
1.203221872,22546336475,,instructions,1605578536,100.00,3.74,insn per cycle
1.203221872,6021047949,,cycles,1605617849,100.00,,
1.303577743,55917,,rD044,1605662676,100.00,,
1.303577743,141207187,,rFF44,1605599526,100.00,,
1.303577743,22056225532,,instructions,1605534215,100.00,3.66,insn per cycle
1.303577743,6020591339,,cycles,1605497489,100.00,,
1.403914273,57369,,rD044,1605228766,100.00,,
1.403914273,147153317,,rFF44,1605293578,100.00,,
1.403914273,22808294250,,instructions,1605332253,100.00,3.79,insn per cycle
1.403914273,6019854394,,cycles,1605412316,100.00,,
1.504269063,58446,,rD044,1605571566,100.00,,
1.504269063,148220439,,rFF44,1605512168,100.00,,
1.504269063,22940838012,,instructions,1605485266,100.00,3.81,insn per cycle
1.504269063,6020286753,,cycles,1605419826,100.00,,
1.604603993,56623,,rD044,1605421980,100.00,,
1.604603993,147207393,,rFF44,1605446438,100.00,,
1.604603993,22819341960,,instructions,1605459306,100.00,3.79,insn per cycle
1.604603993,6020429288,,cycles,1605453556,100.00,,
1.704945293,56460,,rD044,1605367022,100.00,,
1.704945293,145679549,,rFF44,1605327326,100.00,,
1.704945293,22598840940,,instructions,1605288606,100.00,3.75,insn per cycle
1.704945293,6020120782,,cycles,1605370776,100.00,,
1.805278323,58231,,rD044,1605286318,100.00,,
1.805278323,142451521,,rFF44,1605282085,100.00,,
1.805278323,22215406253,,instructions,1605295575,100.00,3.69,insn per cycle
1.805278323,6019429310,,cycles,1605199765,100.00,,
1.905606113,59688,,rD044,1605203198,100.00,,
1.905606113,144457469,,rFF44,1605179746,100.00,,
1.905606113,22459026593,,instructions,1605173776,100.00,3.73,insn per cycle
1.905606113,6019373592,,cycles,1605172286,100.00,,
2.005932733,57779,,rD044,1605241127,100.00,,
2.005932733,147488549,,rFF44,1605267176,100.00,,
2.005932733,22855899290,,instructions,1605290396,100.00,3.80,insn per cycle
2.005932733,6020122427,,cycles,1605371436,100.00,,
2.106267993,56874,,rD044,1605395336,100.00,,
2.106267993,145491241,,rFF44,1605416516,100.00,,
2.106267993,22607003644,,instructions,1605415656,100.00,3.76,insn per cycle
2.106267993,6020014660,,cycles,1605341996,100.00,,
2.206600243,56702,,rD044,1605278006,100.00,,
2.206600243,145940480,,rFF44,1605257346,100.00,,
2.206600243,22667043188,,instructions,1605282456,100.00,3.77,insn per cycle
2.206600243,6019922768,,cycles,1605317896,100.00,,
2.306936574,56595,,rD044,1605371026,100.00,,
2.306936574,142345362,,rFF44,1605360556,100.00,,
2.306936574,22182159420,,instructions,1605329366,100.00,3.68,insn per cycle
2.306936574,6020292574,,cycles,1605418356,100.00,,
2.407273594,55093,,rD044,1605339476,100.00,,
2.407273594,140838366,,rFF44,1605325326,100.00,,
2.407273594,21996632394,,instructions,1605345296,100.00,3.65,insn per cycle
2.407273594,6019541031,,cycles,1605217136,100.00,,
2.507599004,56709,,rD044,1605163576,100.00,,
2.507599004,145672382,,rFF44,1605171226,100.00,,
2.507599004,22592537553,,instructions,1605132446,100.00,3.75,insn per cycle
2.507599004,6019134296,,cycles,1605113996,100.00,,
2.607922744,57509,,rD044,1605217396,100.00,,
2.607922744,145125753,,rFF44,1605233266,100.00,,
2.607922744,22532977038,,instructions,1605256066,100.00,3.74,insn per cycle
2.607922744,6020134192,,cycles,1605374556,100.00,,
2.708278124,56769,,rD044,1605642496,100.00,,
2.708278124,148036757,,rFF44,1605670936,100.00,,
2.708278124,22907088749,,instructions,1605648986,100.00,3.80,insn per cycle
2.708278124,6020758954,,cycles,1605548177,100.00,,
2.808609644,56242,,rD044,1605246506,100.00,,
2.808609644,144919462,,rFF44,1605219906,100.00,,
2.808609644,22516035235,,instructions,1605239816,100.00,3.74,insn per cycle
2.808609644,6019600917,,cycles,1605238680,100.00,,
2.908940784,57217,,rD044,1605317556,100.00,,
2.908940784,147685074,,rFF44,1605302746,100.00,,
2.908940784,22865627670,,instructions,1605293131,100.00,3.80,insn per cycle
2.908940784,6020268673,,cycles,1605410777,100.00,,
3.009276404,57874,,rD044,1605350396,100.00,,
3.009276404,145273729,,rFF44,1605337826,100.00,,
3.009276404,22543469551,,instructions,1605366373,100.00,3.74,insn per cycle
3.009276404,6019842106,,cycles,1605296806,100.00,,
3.109610294,54839,,rD044,1605344466,100.00,,
3.109610294,140163166,,rFF44,1605408790,100.00,,
3.109610294,21934779903,,instructions,1605422020,100.00,3.64,insn per cycle
3.109610294,6020257865,,cycles,1605407176,100.00,,
3.209948805,55850,,rD044,1605409086,100.00,,
3.209948805,143860565,,rFF44,1605380984,100.00,,
3.209948805,22395546723,,instructions,1605334526,100.00,3.72,insn per cycle
3.209948805,6020282785,,cycles,1605414736,100.00,,
3.310284705,57794,,rD044,1605356268,100.00,,
3.310284705,146267085,,rFF44,1605355910,100.00,,
3.310284705,22685946353,,instructions,1605389626,100.00,3.77,insn per cycle
3.310284705,6019779051,,cycles,1605279896,100.00,,
3.410616205,58598,,rD044,1605259249,100.00,,
3.410616205,145803522,,rFF44,1605263406,100.00,,
3.410616205,22638542513,,instructions,1605253476,100.00,3.76,insn per cycle
3.410616205,6019697776,,cycles,1605258466,100.00,,
3.510949335,56027,,rD044,1605315391,100.00,,
3.510949335,145724679,,rFF44,1605333396,100.00,,
3.510949335,22600649016,,instructions,1605345206,100.00,3.75,insn per cycle
3.510949335,6021202109,,cycles,1605664266,100.00,,
3.611306475,55658,,rD044,1605732042,100.00,,
3.611306475,142274950,,rFF44,1605737616,100.00,,
3.611306475,22187802759,,instructions,1605739396,100.00,3.69,insn per cycle
3.611306475,6020432698,,cycles,1605455596,100.00,,
3.711645595,55244,,rD044,1605377626,100.00,,
3.711645595,143143292,,rFF44,1605356426,100.00,,
3.711645595,22311235268,,instructions,1605339036,100.00,3.71,insn per cycle
3.711645595,6019844865,,cycles,1605296616,100.00,,
3.811977595,56481,,rD044,1605261456,100.00,,
3.811977595,144809500,,rFF44,1605235346,100.00,,
3.811977595,22508898889,,instructions,1605282166,100.00,3.74,insn per cycle
3.811977595,6019896723,,cycles,1605325636,100.00,,
3.912312505,58408,,rD044,1605342026,100.00,,
3.912312505,147822076,,rFF44,1605340286,100.00,,
3.912312505,22915973851,,instructions,1605279926,100.00,3.81,insn per cycle
3.912312505,6019601941,,cycles,1605232356,100.00,,
4.012639225,55812,,rD044,1605206806,100.00,,
4.012639225,144658041,,rFF44,1605239856,100.00,,
4.012639225,22481487963,,instructions,1605252526,100.00,3.73,insn per cycle
4.012639225,6019631335,,cycles,1605240816,100.00,,
4.112970055,56524,,rD044,1605287776,100.00,,
4.112970055,145898849,,rFF44,1605274356,100.00,,
4.112970055,22657091269,,instructions,1605372156,100.00,3.76,insn per cycle
4.112970055,6020397877,,cycles,1605445096,100.00,,
4.213308806,57714,,rD044,1605432736,100.00,,
4.213308806,147689313,,rFF44,1605458216,100.00,,
4.213308806,22861479574,,instructions,1605396866,100.00,3.80,insn per cycle
4.213308806,6020105856,,cycles,1605367251,100.00,,
4.313647756,58160,,rD044,1605421536,100.00,,
4.313647756,147367100,,rFF44,1605406596,100.00,,
4.313647756,22825579339,,instructions,1605364036,100.00,3.79,insn per cycle
4.313647756,6020079193,,cycles,1605360554,100.00,,
4.413984436,57940,,rD044,1605270656,100.00,,
4.413984436,146072208,,rFF44,1605214906,100.00,,
4.413984436,22662907289,,instructions,1605286587,100.00,3.76,insn per cycle
4.413984436,6019829529,,cycles,1605293319,100.00,,
4.514312096,59334,,rD044,1605225256,100.00,,
4.514312096,142467104,,rFF44,1605226136,100.00,,
4.514312096,22239100795,,instructions,1605183940,100.00,3.69,insn per cycle
4.514312096,6019322377,,cycles,1605164386,100.00,,
4.614636606,58009,,rD044,1605190626,100.00,,
4.614636606,145515451,,rFF44,1605193766,100.00,,
4.614636606,22593814908,,instructions,1605157668,100.00,3.75,insn per cycle
4.614636606,6019312861,,cycles,1605156686,100.00,,
4.714959646,57585,,rD044,1605234136,100.00,,
4.714959646,145539348,,rFF44,1605298536,100.00,,
4.714959646,22575283615,,instructions,1605371292,100.00,3.75,insn per cycle
4.714959646,6020315710,,cycles,1605422336,100.00,,
4.815300616,57322,,rD044,1605386405,100.00,,
4.815300616,146506371,,rFF44,1605347288,100.00,,
4.815300616,22716385642,,instructions,1605300378,100.00,3.77,insn per cycle
4.815300616,6019751230,,cycles,1605280015,100.00,,
4.915637266,58540,,rD044,1605408666,100.00,,
4.915637266,149304018,,rFF44,1605454376,100.00,,
4.915637266,23065344593,,instructions,1605426826,100.00,3.83,insn per cycle
4.915637266,6020102816,,cycles,1605366606,100.00,,
5.015970416,56271,,rD044,1605237366,100.00,,
5.015970416,142392541,,rFF44,1605195239,100.00,,
5.015970416,22198949796,,instructions,1605297866,100.00,3.69,insn per cycle
5.015970416,6020162770,,cycles,1605382406,100.00,,
5.116302946,56923,,rD044,1605305130,100.00,,
5.116302946,140652754,,rFF44,1605286266,100.00,,
5.116302946,22008533491,,instructions,1605195236,100.00,3.66,insn per cycle
5.116302946,6019305967,,cycles,1605153796,100.00,,
5.216626696,56006,,rD044,1605254750,100.00,,
5.216626696,145597743,,rFF44,1605289136,100.00,,
5.216626696,22579967855,,instructions,1605239916,100.00,3.75,insn per cycle
5.216626696,6019485727,,cycles,1605201776,100.00,,
5.316966886,54813,,rD044,1605209410,100.00,,
5.316966886,142361313,,rFF44,1605191775,100.00,,
5.316966886,22178752660,,instructions,1605285125,100.00,3.68,insn per cycle
5.316966886,6019743026,,cycles,1605378945,100.00,,
5.417313057,58755,,rD044,1605512859,100.00,,
5.417313057,147286801,,rFF44,1605518686,100.00,,
5.417313057,22819003931,,instructions,1605485006,100.00,3.79,insn per cycle
5.417313057,6020322017,,cycles,1605425026,100.00,,
5.517642207,57893,,rD044,1605282656,100.00,,
5.517642207,146242910,,rFF44,1605341166,100.00,,
5.517642207,22673879204,,instructions,1605354006,100.00,3.77,insn per cycle
5.517642207,6020004453,,cycles,1605346886,100.00,,
5.617977447,55953,,rD044,1605320606,100.00,,
5.617977447,143674218,,rFF44,1605265006,100.00,,
5.617977447,22370484277,,instructions,1605323946,100.00,3.72,insn per cycle
5.617977447,6020009025,,cycles,1605340706,100.00,,
5.718311867,57046,,rD044,1605365756,100.00,,
5.718311867,147351613,,rFF44,1605392436,100.00,,
5.718311867,22828543859,,instructions,1605310866,100.00,3.79,insn per cycle
5.718311867,6019815361,,cycles,1605296846,100.00,,
5.818649747,56893,,rD044,1605383226,100.00,,
5.818649747,145874140,,rFF44,1605371636,100.00,,
5.818649747,22639590153,,instructions,1605387746,100.00,3.76,insn per cycle
5.818649747,6020190462,,cycles,1605389106,100.00,,
5.918988567,56309,,rD044,1605396206,100.00,,
5.918988567,142520834,,rFF44,1605376056,100.00,,
5.918988567,22243877554,,instructions,1605465686,100.00,3.69,insn per cycle
5.918988567,6020477314,,cycles,1605466608,100.00,,
6.019323957,57386,,rD044,1605348016,100.00,,
6.019323957,146897678,,rFF44,1605341566,100.00,,
6.019323957,22746398647,,instructions,1605242746,100.00,3.78,insn per cycle
6.019323957,6019625523,,cycles,1605239362,100.00,,
6.119655947,56454,,rD044,1605322756,100.00,,
6.119655947,143081124,,rFF44,1605361256,100.00,,
6.119655947,22307496835,,instructions,1605362196,100.00,3.71,insn per cycle
6.119655947,6020139865,,cycles,1605376562,100.00,,
6.219991148,56048,,rD044,1605290576,100.00,,
6.219991148,145113424,,rFF44,1605238976,100.00,,
6.219991148,22528908243,,instructions,1605344351,100.00,3.74,insn per cycle
6.219991148,6019897190,,cycles,1605311108,100.00,,
6.320324557,57401,,rD044,1605414706,100.00,,
6.320324557,144956027,,rFF44,1605478696,100.00,,
6.320324557,22518850064,,instructions,1605364923,100.00,3.74,insn per cycle
6.320324557,6020107090,,cycles,1605368166,100.00,,
6.420662908,58009,,rD044,1605302786,100.00,,
6.420662908,144927992,,rFF44,1605260187,100.00,,
6.420662908,22526744924,,instructions,1605246330,100.00,3.74,insn per cycle
6.420662908,6019598392,,cycles,1605237666,100.00,,
6.520993288,57283,,rD044,1605327356,100.00,,
6.520993288,146540071,,rFF44,1605375424,100.00,,
6.520993288,22729711200,,instructions,1605504246,100.00,3.78,insn per cycle
6.520993288,6020677812,,cycles,1605520306,100.00,,
6.621335458,57764,,rD044,1605393656,100.00,,
6.621335458,146368057,,rFF44,1605333052,100.00,,
6.621335458,22681126402,,instructions,1605231086,100.00,3.77,insn per cycle
6.621335458,6019588032,,cycles,1605228956,100.00,,
6.721663688,57946,,rD044,1605284199,100.00,,
6.721663688,145506089,,rFF44,1605302567,100.00,,
6.721663688,22609014855,,instructions,1605288766,100.00,3.76,insn per cycle
6.721663688,6019930582,,cycles,1605320086,100.00,,
6.821999928,57642,,rD044,1605367722,100.00,,
6.821999928,147354801,,rFF44,1605459006,100.00,,
6.821999928,22825278632,,instructions,1605526586,100.00,3.79,insn per cycle
6.821999928,6020529412,,cycles,1605487526,100.00,,
6.922344008,57634,,rD044,1605463592,100.00,,
6.922344008,146203912,,rFF44,1605385766,100.00,,
6.922344008,22679435999,,instructions,1605335966,100.00,3.77,insn per cycle
6.922344008,6020022067,,cycles,1605344796,100.00,,
7.022679498,56757,,rD044,1605272327,100.00,,
7.022679498,145201501,,rFF44,1605222416,100.00,,
7.022679498,22558123241,,instructions,1605208276,100.00,3.75,insn per cycle
7.022679498,6019616240,,cycles,1605236696,100.00,,
7.123005168,59145,,rD044,1605296726,100.00,,
7.123005168,141794398,,rFF44,1605400756,100.00,,
7.123005168,22150654295,,instructions,1605464456,100.00,3.68,insn per cycle
7.123005168,6020393977,,cycles,1605444266,100.00,,
7.223345029,57781,,rD044,1605450676,100.00,,
7.223345029,144926026,,rFF44,1605434416,100.00,,
7.223345029,22530453015,,instructions,1605393316,100.00,3.74,insn per cycle
7.223345029,6020198025,,cycles,1605391406,100.00,,
7.323681099,56481,,rD044,1605315326,100.00,,
7.323681099,144022855,,rFF44,1605263666,100.00,,
7.323681099,22421120441,,instructions,1605266306,100.00,3.72,insn per cycle
7.323681099,6019742967,,cycles,1605270656,100.00,,
7.424016459,57534,,rD044,1605308576,100.00,,
7.424016459,147122949,,rFF44,1605312156,100.00,,
7.424016459,22795494382,,instructions,1605327236,100.00,3.79,insn per cycle
7.424016459,6019929959,,cycles,1605319896,100.00,,
7.524344889,56113,,rD044,1605281226,100.00,,
7.524344889,145729935,,rFF44,1605277176,100.00,,
7.524344889,22608278447,,instructions,1605235906,100.00,3.76,insn per cycle
7.524344889,6019627979,,cycles,1605246106,100.00,,
7.624677579,57254,,rD044,1605268376,100.00,,
7.624677579,147429161,,rFF44,1605273586,100.00,,
7.624677579,22838348056,,instructions,1605293196,100.00,3.79,insn per cycle
7.624677579,6019754724,,cycles,1605273306,100.00,,
7.725007239,56063,,rD044,1605298276,100.00,,
7.725007239,145067214,,rFF44,1605312986,100.00,,
7.725007239,22515184470,,instructions,1605358096,100.00,3.74,insn per cycle
7.725007239,6020180549,,cycles,1605386835,100.00,,
7.825344659,56962,,rD044,1605372206,100.00,,
7.825344659,146228022,,rFF44,1605354396,100.00,,
7.825344659,22675052340,,instructions,1605280126,100.00,3.77,insn per cycle
7.825344659,6019567764,,cycles,1605231150,100.00,,
7.925677269,56487,,rD044,1605270136,100.00,,
7.925677269,144167637,,rFF44,1605266476,100.00,,
7.925677269,22403229707,,instructions,1605248977,100.00,3.72,insn per cycle
7.925677269,6019721870,,cycles,1605265069,100.00,,
8.026001049,56608,,rD044,1605217206,100.00,,
8.026001049,144932418,,rFF44,1605300856,100.00,,
8.026001049,22517776804,,instructions,1605391415,100.00,3.74,insn per cycle
8.026001049,6020281960,,cycles,1605413916,100.00,,
8.126343079,57671,,rD044,1605422366,100.00,,
8.126343079,145422724,,rFF44,1605335386,100.00,,
8.126343079,22581057608,,instructions,1605265841,100.00,3.75,insn per cycle
8.126343079,6019725145,,cycles,1605265906,100.00,,
8.226672759,56773,,rD044,1605255636,100.00,,
8.226672759,144959546,,rFF44,1605211237,100.00,,
8.226672759,22531356644,,instructions,1605180337,100.00,3.74,insn per cycle
8.226672759,6019445552,,cycles,1605191316,100.00,,
8.326997899,57346,,rD044,1605218906,100.00,,
8.326997899,146455601,,rFF44,1605333254,100.00,,
8.326997899,22725602400,,instructions,1605455036,100.00,3.77,insn per cycle
8.326997899,6020414529,,cycles,1605448966,100.00,,
8.427339949,56783,,rD044,1605443886,100.00,,
8.427339949,143383920,,rFF44,1605381673,100.00,,
8.427339949,22325581194,,instructions,1605290496,100.00,3.71,insn per cycle
8.427339949,6019737384,,cycles,1605268516,100.00,,
8.527677770,56663,,rD044,1605341202,100.00,,
8.527677770,145884096,,rFF44,1605368675,100.00,,
8.527677770,22641538474,,instructions,1605392705,100.00,3.76,insn per cycle
8.527677770,6020249809,,cycles,1605427765,100.00,,
8.628017930,55728,,rD044,1605378531,100.00,,
8.628017930,145036241,,rFF44,1605441706,100.00,,
8.628017930,22507610766,,instructions,1605459056,100.00,3.74,insn per cycle
8.628017930,6020284330,,cycles,1605414516,100.00,,
8.728354360,56715,,rD044,1605380590,100.00,,
8.728354360,144080389,,rFF44,1605283336,100.00,,
8.728354360,22425444733,,instructions,1605228876,100.00,3.73,insn per cycle
8.728354360,6019615036,,cycles,1605243476,100.00,,
8.828683920,57217,,rD044,1605225706,100.00,,
8.828683920,146759156,,rFF44,1605193556,100.00,,
8.828683920,22769729275,,instructions,1605193296,100.00,3.78,insn per cycle
8.828683920,6019392547,,cycles,1605177286,100.00,,
8.929013850,56748,,rD044,1605337446,100.00,,
8.929013850,144461025,,rFF44,1605471086,100.00,,
8.929013850,22473293156,,instructions,1605545026,100.00,3.73,insn per cycle
8.929013850,6020908509,,cycles,1605579966,100.00,,
9.029357310,55865,,rD044,1605444706,100.00,,
9.029357310,145508985,,rFF44,1605333726,100.00,,
9.029357310,22598171656,,instructions,1605292936,100.00,3.75,insn per cycle
9.029357310,6019756043,,cycles,1605275266,100.00,,
9.129696090,56893,,rD044,1605377696,100.00,,
9.129696090,146543232,,rFF44,1605378326,100.00,,
9.129696090,22715049540,,instructions,1605376456,100.00,3.77,insn per cycle
9.129696090,6020209551,,cycles,1605394676,100.00,,
9.230027970,56103,,rD044,1605365706,100.00,,
9.230027970,145831674,,rFF44,1605507056,100.00,,
9.230027970,22644682178,,instructions,1605489826,100.00,3.76,insn per cycle
9.230027970,6020574302,,cycles,1605491406,100.00,,
9.330380401,58523,,rD044,1605381956,100.00,,
9.330380401,147203695,,rFF44,1605241006,100.00,,
9.330380401,22810887985,,instructions,1605247296,100.00,3.79,insn per cycle
9.330380401,6019219072,,cycles,1605241953,100.00,,
9.430713501,58301,,rD044,1605322546,100.00,,
9.430713501,147845183,,rFF44,1605353916,100.00,,
9.430713501,22891829917,,instructions,1605378506,100.00,3.80,insn per cycle
9.430713501,6020134722,,cycles,1605380294,100.00,,
9.531047281,57366,,rD044,1605328336,100.00,,
9.531047281,145560609,,rFF44,1605348256,100.00,,
9.531047281,22594210637,,instructions,1605309291,100.00,3.75,insn per cycle
9.531047281,6019836384,,cycles,1605295687,100.00,,
9.631379171,58563,,rD044,1605283696,100.00,,
9.631379171,141532864,,rFF44,1605220756,100.00,,
9.631379171,22105071374,,instructions,1605240190,100.00,3.67,insn per cycle
9.631379171,6019712112,,cycles,1605261156,100.00,,
9.731707331,58250,,rD044,1605301536,100.00,,
9.731707331,147121052,,rFF44,1605356966,100.00,,
9.731707331,22808249118,,instructions,1605364693,100.00,3.79,insn per cycle
9.731707331,6019991283,,cycles,1605336856,100.00,,
9.832042301,55117,,rD044,1605287296,100.00,,
9.832042301,142819769,,rFF44,1605347213,100.00,,
9.832042301,22261866236,,instructions,1605361986,100.00,3.70,insn per cycle
9.832042301,6020095565,,cycles,1605372886,100.00,,
9.932386681,55897,,rD044,1605505916,100.00,,
9.932386681,141941594,,rFF44,1605420534,100.00,,
9.932386681,22110427078,,instructions,1605416176,100.00,3.67,insn per cycle
9.932386681,6020324233,,cycles,1605424816,100.00,,
10.032722111,55663,,rD044,1605316870,100.00,,
10.032722111,143548112,,rFF44,1605286627,100.00,,
10.032722111,22339433758,,instructions,1605272296,100.00,3.71,insn per cycle
10.032722111,6019744102,,cycles,1605271166,100.00,,
10.133049861,57414,,rD044,1605248769,100.00,,
10.133049861,145480932,,rFF44,1605314776,100.00,,
10.133049861,22565238972,,instructions,1605322076,100.00,3.75,insn per cycle
10.133049861,6019843103,,cycles,1605297626,100.00,,
10.233382031,56373,,rD044,1605324790,100.00,,
10.233382031,143459152,,rFF44,1605284326,100.00,,
10.233382031,22323243724,,instructions,1605232946,100.00,3.71,insn per cycle
10.233382031,6019541163,,cycles,1605215976,100.00,,
10.333708611,57293,,rD044,1605220038,100.00,,
10.333708611,145033917,,rFF44,1605239626,100.00,,
10.333708611,22537188084,,instructions,1605278776,100.00,3.74,insn per cycle
10.333708611,6019870515,,cycles,1605305146,100.00,,
10.434046332,56526,,rD044,1605404549,100.00,,
10.434046332,145509745,,rFF44,1605445916,100.00,,
10.434046332,22586127249,,instructions,1605448326,100.00,3.75,insn per cycle
10.434046332,6020532179,,cycles,1605480366,100.00,,
10.534387752,56456,,rD044,1605447725,100.00,,
10.534387752,143546035,,rFF44,1605435015,100.00,,
10.534387752,22333250170,,instructions,1605446315,100.00,3.71,insn per cycle
10.534387752,6020298273,,cycles,1605425015,100.00,,
10.634725672,57080,,rD044,1605342866,100.00,,
10.634725672,147489993,,rFF44,1605294696,100.00,,
10.634725672,22834960344,,instructions,1605301746,100.00,3.79,insn per cycle
10.634725672,6019869700,,cycles,1605304106,100.00,,
10.735055882,56650,,rD044,1605326566,100.00,,
10.735055882,145155113,,rFF44,1605604096,100.00,,
10.735055882,22552824081,,instructions,1605592606,100.00,3.75,insn per cycle
10.735055882,6020895151,,cycles,1605584976,100.00,,
10.835410352,56632,,rD044,1605552006,100.00,,
10.835410352,146174543,,rFF44,1605258096,100.00,,
10.835410352,22681045927,,instructions,1605258536,100.00,3.77,insn per cycle
10.835410352,6019677544,,cycles,1605253576,100.00,,
10.935746222,56111,,rD044,1605424776,100.00,,
10.935746222,144171506,,rFF44,1605458536,100.00,,
10.935746222,22415254058,,instructions,1605437336,100.00,3.72,insn per cycle
10.935746222,6020445891,,cycles,1605457985,100.00,,
11.036083052,56879,,rD044,1605456776,100.00,,
11.036083052,145898268,,rFF44,1605492656,100.00,,
11.036083052,22650653024,,instructions,1605509318,100.00,3.76,insn per cycle
11.036083052,6020605508,,cycles,1605500533,100.00,,
11.136425923,57429,,rD044,1605343616,100.00,,
11.136425923,145180367,,rFF44,1605266476,100.00,,
11.136425923,22559268150,,instructions,1605269552,100.00,3.75,insn per cycle
11.136425923,6019789165,,cycles,1605283126,100.00,,
11.236760063,56729,,rD044,1605385186,100.00,,
11.236760063,145997155,,rFF44,1605455776,100.00,,
11.236760063,22666811362,,instructions,1605470654,100.00,3.76,insn per cycle
11.236760063,6020462385,,cycles,1605461226,100.00,,
11.337106393,57189,,rD044,1605509426,100.00,,
11.337106393,145768201,,rFF44,1605516108,100.00,,
11.337106393,22629894378,,instructions,1605487586,100.00,3.76,insn per cycle
11.337106393,6020527060,,cycles,1605480586,100.00,,
11.437449263,56918,,rD044,1605492099,100.00,,
11.437449263,146789724,,rFF44,1605459490,100.00,,
11.437449263,22762774876,,instructions,1605456516,100.00,3.78,insn per cycle
11.437449263,6020446785,,cycles,1605458066,100.00,,
11.537787023,57870,,rD044,1605327742,100.00,,
11.537787023,146246913,,rFF44,1605329866,100.00,,
11.537787023,22690161774,,instructions,1605356096,100.00,3.77,insn per cycle
11.537787023,6019954812,,cycles,1605332456,100.00,,
11.638122153,56667,,rD044,1605391350,100.00,,
11.638122153,143533327,,rFF44,1605388366,100.00,,
11.638122153,22354427557,,instructions,1605365036,100.00,3.71,insn per cycle
11.638122153,6020229957,,cycles,1605401746,100.00,,
11.738459684,57743,,rD044,1605324939,100.00,,
11.738459684,146712475,,rFF44,1605307406,100.00,,
11.738459684,22734448869,,instructions,1605285816,100.00,3.78,insn per cycle
11.738459684,6019632682,,cycles,1605247236,100.00,,
11.838788484,57691,,rD044,1605293116,100.00,,
11.838788484,145548750,,rFF44,1605296426,100.00,,
11.838788484,22619052241,,instructions,1605307996,100.00,3.76,insn per cycle
11.838788484,6019892686,,cycles,1605310666,100.00,,
11.939126634,58005,,rD044,1605356666,100.00,,
11.939126634,146657480,,rFF44,1605359686,100.00,,
11.939126634,22758373573,,instructions,1605374666,100.00,3.78,insn per cycle
11.939126634,6020182548,,cycles,1605387836,100.00,,
12.039461104,57651,,rD044,1605321646,100.00,,
12.039461104,148338428,,rFF44,1605313966,100.00,,
12.039461104,22941700979,,instructions,1605306446,100.00,3.81,insn per cycle
12.039461104,6019872055,,cycles,1605304286,100.00,,
12.139790004,56817,,rD044,1605243116,100.00,,
12.139790004,144949275,,rFF44,1605228776,100.00,,
12.139790004,22520987589,,instructions,1605228316,100.00,3.74,insn per cycle
12.139790004,6019524389,,cycles,1605212716,100.00,,
12.240115654,56265,,rD044,1605226176,100.00,,
12.240115654,141546603,,rFF44,1605224136,100.00,,
12.240115654,22094526157,,instructions,1605207656,100.00,3.67,insn per cycle
12.240115654,6019718930,,cycles,1605263646,100.00,,
12.340447704,59633,,rD044,1605373166,100.00,,
12.340447704,145641354,,rFF44,1605431666,100.00,,
12.340447704,22639561526,,instructions,1605447246,100.00,3.76,insn per cycle
12.340447704,6020297093,,cycles,1605417896,100.00,,
12.440792004,53849,,rD044,1605419806,100.00,,
12.440792004,139235964,,rFF44,1605381306,100.00,,
12.440792004,21780915020,,instructions,1605384426,100.00,3.62,insn per cycle
12.440792004,6020113355,,cycles,1605375391,100.00,,
12.541125854,56897,,rD044,1605326716,100.00,,
12.541125854,146158194,,rFF44,1605334206,100.00,,
12.541125854,22659993530,,instructions,1605346646,100.00,3.76,insn per cycle
12.541125854,6019951187,,cycles,1605324973,100.00,,
12.641451764,57271,,rD044,1605213756,100.00,,
12.641451764,148384916,,rFF44,1605224076,100.00,,
12.641451764,22947564189,,instructions,1605235106,100.00,3.81,insn per cycle
12.641451764,6019749121,,cycles,1605273030,100.00,,
12.741790454,56835,,rD044,1605359246,100.00,,
12.741790454,143285837,,rFF44,1605320406,100.00,,
12.741790454,22315690348,,instructions,1605280441,100.00,3.71,insn per cycle
12.741790454,6019679000,,cycles,1605253486,100.00,,
12.842117334,58111,,rD044,1605228156,100.00,,
12.842117334,147499229,,rFF44,1605235976,100.00,,
12.842117334,22833059658,,instructions,1605247562,100.00,3.79,insn per cycle
12.842117334,6019635469,,cycles,1605248916,100.00,,
12.942450214,57373,,rD044,1605313056,100.00,,
12.942450214,146551767,,rFF44,1605342486,100.00,,
12.942450214,22740110336,,instructions,1605373741,100.00,3.78,insn per cycle
12.942450214,6020248778,,cycles,1605405866,100.00,,
13.042785825,55664,,rD044,1605369086,100.00,,
13.042785825,145173775,,rFF44,1605343004,100.00,,
13.042785825,22555656165,,instructions,1605332906,100.00,3.75,insn per cycle
13.042785825,6019896917,,cycles,1605310866,100.00,,
13.143117955,56339,,rD044,1605246546,100.00,,
13.143117955,146244961,,rFF44,1605235520,100.00,,
13.143117955,22692097255,,instructions,1605232866,100.00,3.77,insn per cycle
13.143117955,6019544094,,cycles,1605217346,100.00,,
13.243444685,56303,,rD044,1605262106,100.00,,
13.243444685,144316240,,rFF44,1605299210,100.00,,
13.243444685,22443463823,,instructions,1605304946,100.00,3.73,insn per cycle
13.243444685,6019983313,,cycles,1605335276,100.00,,
13.343790075,58099,,rD044,1605307544,100.00,,
13.343790075,147444574,,rFF44,1605281466,100.00,,
13.343790075,22838345332,,instructions,1605283576,100.00,3.79,insn per cycle
13.343790075,6019491729,,cycles,1605313796,100.00,,
13.444131665,58678,,rD044,1605483142,100.00,,
13.444131665,146878069,,rFF44,1605523866,100.00,,
13.444131665,22774560923,,instructions,1605527786,100.00,3.78,insn per cycle
13.444131665,6020651818,,cycles,1605512386,100.00,,
13.544470525,56057,,rD044,1605396378,100.00,,
13.544470525,145312774,,rFF44,1605394186,100.00,,
13.544470525,22570810840,,instructions,1605391666,100.00,3.75,insn per cycle
13.544470525,6020054063,,cycles,1605358886,100.00,,
13.644804465,58235,,rD044,1605329706,100.00,,
13.644804465,147671747,,rFF44,1605315496,100.00,,
13.644804465,22874693777,,instructions,1605282826,100.00,3.80,insn per cycle
13.644804465,6019769654,,cycles,1605277456,100.00,,
13.745136855,56687,,rD044,1605289356,100.00,,
13.745136855,146889975,,rFF44,1605303486,100.00,,
13.745136855,22779697352,,instructions,1605346836,100.00,3.78,insn per cycle
13.745136855,6020078464,,cycles,1605366996,100.00,,
13.845474485,58044,,rD044,1605453326,100.00,,
13.845474485,148311379,,rFF44,1605497116,100.00,,
13.845474485,22954193632,,instructions,1605481706,100.00,3.81,insn per cycle
13.845474485,6020496654,,cycles,1605471136,100.00,,
13.945822556,56578,,rD044,1605459656,100.00,,
13.945822556,145009641,,rFF44,1605369466,100.00,,
13.945822556,22547834919,,instructions,1605361856,100.00,3.75,insn per cycle
13.945822556,6020117353,,cycles,1605370276,100.00,,
14.046153046,57897,,rD044,1605286816,100.00,,
14.046153046,147439929,,rFF44,1605288766,100.00,,
14.046153046,22857771016,,instructions,1605275926,100.00,3.80,insn per cycle
14.046153046,6019723857,,cycles,1605265817,100.00,,
14.146483726,57069,,rD044,1605286566,100.00,,
14.146483726,147357865,,rFF44,1605314256,100.00,,
14.146483726,22815304365,,instructions,1605309576,100.00,3.79,insn per cycle
14.146483726,6019933416,,cycles,1605320663,100.00,,
14.246817336,56385,,rD044,1605315996,100.00,,
14.246817336,145664687,,rFF44,1605305646,100.00,,
14.246817336,22610602020,,instructions,1605339566,100.00,3.76,insn per cycle
14.246817336,6019969686,,cycles,1605331032,100.00,,
14.347150306,57195,,rD044,1605302166,100.00,,
14.347150306,144888928,,rFF44,1605258836,100.00,,
14.347150306,22512313020,,instructions,1605215136,100.00,3.74,insn per cycle
14.347150306,6019539756,,cycles,1605216478,100.00,,
14.447484646,56117,,rD044,1605352836,100.00,,
14.447484646,144855542,,rFF44,1605444926,100.00,,
14.447484646,22515851474,,instructions,1605476408,100.00,3.74,insn per cycle
14.447484646,6020459170,,cycles,1605467576,100.00,,
14.547826636,55711,,rD044,1605461676,100.00,,
14.547826636,144105482,,rFF44,1605405159,100.00,,
14.547826636,22424350555,,instructions,1605381110,100.00,3.72,insn per cycle
14.547826636,6020208849,,cycles,1605394906,100.00,,
14.648157756,57593,,rD044,1605256436,100.00,,
14.648157756,141402050,,rFF44,1605244702,100.00,,
14.648157756,22070412168,,instructions,1605239166,100.00,3.67,insn per cycle
14.648157756,6019481012,,cycles,1605201726,100.00,,
14.748481626,57935,,rD044,1605126746,100.00,,
14.748481626,141315367,,rFF44,1605118317,100.00,,
14.748481626,22077157726,,instructions,1605147166,100.00,3.67,insn per cycle
14.748481626,6019366040,,cycles,1605177216,100.00,,
14.848806366,56749,,rD044,1605252316,100.00,,
14.848806366,144704945,,rFF44,1605281761,100.00,,
14.848806366,22493040672,,instructions,1605263866,100.00,3.74,insn per cycle
14.848806366,6019693167,,cycles,1605257296,100.00,,
14.949143616,57585,,rD044,1605363870,100.00,,
14.949143616,146696412,,rFF44,1605379677,100.00,,
14.949143616,22742872144,,instructions,1605397996,100.00,3.78,insn per cycle
14.949143616,6020459210,,cycles,1605461456,100.00,,
15.049484886,55938,,rD044,1605439743,100.00,,
15.049484886,145065823,,rFF44,1605415096,100.00,,
15.049484886,22529444042,,instructions,1605426236,100.00,3.74,insn per cycle
15.049484886,6020131542,,cycles,1605374086,100.00,,
15.149819817,56154,,rD044,1605354989,100.00,,
15.149819817,145887280,,rFF44,1605380336,100.00,,
15.149819817,22631898018,,instructions,1605345386,100.00,3.76,insn per cycle
15.149819817,6019945488,,cycles,1605324366,100.00,,
15.249834943,236112,,rD044,1553446367,100.00,,
15.249834943,117462827,,rFF44,1552627175,100.00,,
15.249834943,18817056263,,instructions,1551995695,100.00,3.23,insn per cycle
15.249834943,5817309260,,cycles,1551373375,100.00,,
