0.100121321,4348871,,rD044,89405516,100.00,,
0.100121321,19265151,,rFF44,89412096,100.00,,
0.100121321,418634096,,instructions,89417656,100.00,1.26,insn per cycle
0.100121321,331241151,,cycles,89422346,100.00,,
0.200354214,5501922,,rD044,100210596,100.00,,
0.200354214,24038064,,rFF44,100209716,100.00,,
0.200354214,506557854,,instructions,100208816,100.00,1.35,insn per cycle
0.200354214,375747789,,cycles,100209056,100.00,,
0.300542946,5493857,,rD044,100186885,100.00,,
0.300542946,24035335,,rFF44,100187635,100.00,,
0.300542946,506551825,,instructions,100188305,100.00,1.35,insn per cycle
0.300542946,375703542,,cycles,100187985,100.00,,
0.400731438,6741945,,rD044,100188566,100.00,,
0.400731438,29088319,,rFF44,100188086,100.00,,
0.400731438,99577568,,instructions,100187486,100.00,0.27,insn per cycle
0.400731438,375701627,,cycles,100187446,100.00,,
0.500923080,6953668,,rD044,100190375,100.00,,
0.500923080,29919557,,rFF44,100189505,100.00,,
0.500923080,37285771,,instructions,100189215,100.00,0.10,insn per cycle
0.500923080,375709484,,cycles,100189555,100.00,,
0.601159623,24249545,,rD044,5905163053,100.00,,
0.601159623,343113465,,rFF44,6039959987,100.00,,
0.601159623,52316279109,,instructions,6152888091,100.00,2.23,insn per cycle
0.601159623,23472293660,,cycles,6265325120,100.00,,
0.705635513,39849648,,rD044,13365134967,100.00,,
0.705635513,771846518,,rFF44,13348046171,100.00,,
0.705635513,120315406899,,instructions,13335489328,100.00,2.41,insn per cycle
0.705635513,49954145162,,cycles,13321165627,100.00,,
0.809459697,38994427,,rD044,13279309736,100.00,,
0.809459697,779091960,,rFF44,13279658419,100.00,,
0.809459697,121326708469,,instructions,13292851480,100.00,2.43,insn per cycle
0.809459697,49903173625,,cycles,13308511456,100.00,,
0.913458122,38250178,,rD044,13290407495,100.00,,
0.913458122,783249773,,rFF44,13292932340,100.00,,
0.913458122,121564411560,,instructions,13287603493,100.00,2.44,insn per cycle
0.913458122,49838275586,,cycles,13290246690,100.00,,
1.017381756,37746285,,rD044,13320144256,100.00,,
1.017381756,787828918,,rFF44,13314349602,100.00,,
1.017381756,122221171378,,instructions,13323615534,100.00,2.45,insn per cycle
1.017381756,49943358726,,cycles,13318303225,100.00,,
1.121364481,38239274,,rD044,13314005577,100.00,,
1.121364481,786959640,,rFF44,13318878625,100.00,,
1.121364481,121981355772,,instructions,13309377866,100.00,2.44,insn per cycle
1.121364481,49899552305,,cycles,13306580592,100.00,,
1.225396187,37873235,,rD044,13315557837,100.00,,
1.225396187,787597142,,rFF44,13304777425,100.00,,
1.225396187,121735719381,,instructions,13272804620,100.00,2.45,insn per cycle
1.225396187,49696400070,,cycles,13252450311,100.00,,
1.328868966,37550161,,rD044,13246478571,100.00,,
1.328868966,783066346,,rFF44,13249950269,100.00,,
1.328868966,121783159715,,instructions,13280180775,100.00,2.44,insn per cycle
1.328868966,49883944566,,cycles,13302428817,100.00,,
1.432847681,37360883,,rD044,13311082328,100.00,,
1.432847681,786165390,,rFF44,13320069937,100.00,,
1.432847681,122067580329,,instructions,13327421244,100.00,2.44,insn per cycle
1.432847681,49961472196,,cycles,13323141891,100.00,,
1.536820446,36320814,,rD044,13304784998,100.00,,
1.536820446,787343603,,rFF44,13302590232,100.00,,
1.536820446,121972485737,,instructions,13295573746,100.00,2.45,insn per cycle
1.536820446,49831268983,,cycles,13288385172,100.00,,
1.640701829,38411221,,rD044,13298351696,100.00,,
1.640701829,786512269,,rFF44,13300317030,100.00,,
1.640701829,122100814813,,instructions,13309957682,100.00,2.44,insn per cycle
1.640701829,49966888045,,cycles,13324550587,100.00,,
1.744796956,37921688,,rD044,13325142433,100.00,,
1.744796956,789582472,,rFF44,13327177842,100.00,,
1.744796956,122385992121,,instructions,13322295680,100.00,2.45,insn per cycle
1.744796956,49927231662,,cycles,13313973461,100.00,,
1.848782971,38409512,,rD044,13311860617,100.00,,
1.848782971,787732687,,rFF44,13302651798,100.00,,
1.848782971,121991654683,,instructions,13291351852,100.00,2.45,insn per cycle
1.848782971,49834910207,,cycles,13289412008,100.00,,
1.952781992,38522071,,rD044,13307797598,100.00,,
1.952781992,787087712,,rFF44,13308043956,100.00,,
1.952781992,122169081542,,instructions,13316396994,100.00,2.45,insn per cycle
1.952781992,49951250334,,cycles,13320404081,100.00,,
2.056650352,38811753,,rD044,13276114120,100.00,,
2.056650352,782810863,,rFF44,13244559714,100.00,,
2.056650352,121465261828,,instructions,13248737227,100.00,2.45,insn per cycle
2.056650352,49652362352,,cycles,13241140620,100.00,,
2.160189378,38628031,,rD044,13266893097,100.00,,
2.160189378,786848184,,rFF44,13304517817,100.00,,
2.160189378,122038940257,,instructions,13309956105,100.00,2.44,insn per cycle
2.160189378,49963953918,,cycles,13323783879,100.00,,
2.264334332,39664305,,rD044,13329477331,100.00,,
2.264334332,788097751,,rFF44,13327526041,100.00,,
2.264334332,122211648787,,instructions,13326072330,100.00,2.45,insn per cycle
2.264334332,49967704143,,cycles,13324804047,100.00,,
2.368473816,38109631,,rD044,13330463790,100.00,,
2.368473816,789467947,,rFF44,13325986510,100.00,,
2.368473816,122196189593,,instructions,13308855379,100.00,2.46,insn per cycle
2.368473816,49751876759,,cycles,13267286405,100.00,,
2.472051132,38294150,,rD044,13260737583,100.00,,
2.472051132,783114137,,rFF44,13264610102,100.00,,
2.472051132,121564151862,,instructions,13274283449,100.00,2.43,insn per cycle
2.472051132,49927791419,,cycles,13314123127,100.00,,
2.576055124,38557976,,rD044,13315380313,100.00,,
2.576055124,787667735,,rFF44,13321835615,100.00,,
2.576055124,122276509928,,instructions,13330552405,100.00,2.44,insn per cycle
2.576055124,50025801330,,cycles,13340262293,100.00,,
2.680348180,37902363,,rD044,13342116647,100.00,,
2.680348180,789392316,,rFF44,13334116212,100.00,,
2.680348180,122197032042,,instructions,13317404545,100.00,2.45,insn per cycle
2.680348180,49861126310,,cycles,13296347870,100.00,,
2.784154069,37566033,,rD044,13289584823,100.00,,
2.784154069,787419337,,rFF44,13292440769,100.00,,
2.784154069,122189727308,,instructions,13302712221,100.00,2.45,insn per cycle
2.784154069,49933315727,,cycles,13315599078,100.00,,
2.888241883,37962385,,rD044,13325415697,100.00,,
2.888241883,789511305,,rFF44,13336938856,100.00,,
2.888241883,122429832306,,instructions,13336558562,100.00,2.45,insn per cycle
2.888241883,50005580607,,cycles,13334984822,100.00,,
2.992424847,38041253,,rD044,13328241294,100.00,,
2.992424847,787942197,,rFF44,13317896995,100.00,,
2.992424847,122145674949,,instructions,13318035700,100.00,2.45,insn per cycle
2.992424847,49929606627,,cycles,13314643419,100.00,,
3.096312257,38811886,,rD044,13298112089,100.00,,
3.096312257,784579895,,rFF44,13293875339,100.00,,
3.096312257,121780710599,,instructions,13300076569,100.00,2.44,insn per cycle
3.096312257,49884907999,,cycles,13302874785,100.00,,
3.200310189,37931770,,rD044,13298913405,100.00,,
3.200310189,784120893,,rFF44,13268343411,100.00,,
3.200310189,121581266428,,instructions,13263804606,100.00,2.45,insn per cycle
3.200310189,49722817497,,cycles,13259559975,100.00,,
3.304012697,38393213,,rD044,13291153489,100.00,,
3.304012697,789814261,,rFF44,13329034837,100.00,,
3.304012697,122403888872,,instructions,13330687587,100.00,2.45,insn per cycle
3.304012697,49991072942,,cycles,13331059153,100.00,,
3.389725555,22634944,,rD044,10170166699,100.00,,
3.389725555,468007145,,rFF44,10046900588,100.00,,
3.389725555,77557980523,,instructions,9932436929,100.00,2.10,insn per cycle
3.389725555,36847859160,,cycles,9826628578,100.00,,
