0.100117677,3649970,,rD044,89456877,100.00,,
0.100117677,17151362,,rFF44,89462487,100.00,,
0.100117677,373804516,,instructions,89467497,100.00,1.13,insn per cycle
0.100117677,331605884,,cycles,89472427,100.00,,
0.200344696,5420721,,rD044,100231646,100.00,,
0.200344696,23833381,,rFF44,100232466,100.00,,
0.200344696,502352877,,instructions,100232166,100.00,1.34,insn per cycle
0.200344696,375869206,,cycles,100232136,100.00,,
0.300532355,5475892,,rD044,100176505,100.00,,
0.300532355,23973174,,rFF44,100176425,100.00,,
0.300532355,505153786,,instructions,100176675,100.00,1.34,insn per cycle
0.300532355,375661927,,cycles,100176875,100.00,,
0.400720673,6584371,,rD044,100166056,100.00,,
0.400720673,28277961,,rFF44,100165556,100.00,,
0.400720673,146112237,,instructions,100165656,100.00,0.39,insn per cycle
0.400720673,375585242,,cycles,100164946,100.00,,
0.500909182,6951859,,rD044,100188125,100.00,,
0.500909182,29587237,,rFF44,100188245,100.00,,
0.500909182,36878856,,instructions,100188745,100.00,0.10,insn per cycle
0.500909182,375705526,,cycles,100188735,100.00,,
0.601109470,6501305,,rD044,1257574046,100.00,,
0.601109470,121364226,,rFF44,1264887171,100.00,,
0.601109470,16045043000,,instructions,1271256703,100.00,3.35,insn per cycle
0.601109470,4788192284,,cycles,1277446257,100.00,,
0.702136748,5655648,,rD044,3231938023,100.00,,
0.702136748,272032956,,rFF44,3229884036,100.00,,
0.702136748,42211884647,,instructions,3227524615,100.00,3.49,insn per cycle
0.702136748,12096429481,,cycles,3225740422,100.00,,
0.802917953,5446015,,rD044,3224784150,100.00,,
0.802917953,275000065,,rFF44,3224666846,100.00,,
0.802917953,42591421054,,instructions,3225087825,100.00,3.52,insn per cycle
0.802917953,12093496197,,cycles,3224980276,100.00,,
0.903677908,5494184,,rD044,3225441082,100.00,,
0.903677908,275275822,,rFF44,3228306746,100.00,,
0.903677908,42645142451,,instructions,3229547524,100.00,3.52,insn per cycle
0.903677908,12114855855,,cycles,3230637756,100.00,,
1.004644696,5450537,,rD044,3229819612,100.00,,
1.004644696,273060513,,rFF44,3226797886,100.00,,
1.004644696,42334413562,,instructions,3225734199,100.00,3.50,insn per cycle
1.004644696,12092831371,,cycles,3224768136,100.00,,
1.105414511,5450572,,rD044,3224482145,100.00,,
1.105414511,274262018,,rFF44,3224393269,100.00,,
1.105414511,42491879566,,instructions,3223928535,100.00,3.52,insn per cycle
1.105414511,12088387545,,cycles,3223581024,100.00,,
1.206137066,4967733,,rD044,3222843665,100.00,,
1.206137066,274526193,,rFF44,3222893711,100.00,,
1.206137066,42531251487,,instructions,3222855884,100.00,3.52,insn per cycle
1.206137066,12086350711,,cycles,3223038352,100.00,,
1.306871811,5299547,,rD044,3223840261,100.00,,
1.306871811,274579737,,rFF44,3224407541,100.00,,
1.306871811,42541414121,,instructions,3224688926,100.00,3.52,insn per cycle
1.306871811,12093282410,,cycles,3224887632,100.00,,
1.407652267,5051094,,rD044,3224813078,100.00,,
1.407652267,274764414,,rFF44,3224313499,100.00,,
1.407652267,42563573605,,instructions,3224348545,100.00,3.52,insn per cycle
1.407652267,12093264110,,cycles,3224891392,100.00,,
1.508457964,4951293,,rD044,3225649267,100.00,,
1.508457964,274526122,,rFF44,3225495087,100.00,,
1.508457964,42529310681,,instructions,3224855045,100.00,3.52,insn per cycle
1.508457964,12094649836,,cycles,3225248897,100.00,,
1.609248821,5097306,,rD044,3225478843,100.00,,
1.609248821,274852600,,rFF44,3225433276,100.00,,
1.609248821,42585636962,,instructions,3225786476,100.00,3.52,insn per cycle
1.609248821,12092785571,,cycles,3224769933,100.00,,
1.710001858,5145300,,rD044,3224014674,100.00,,
1.710001858,273958426,,rFF44,3223823242,100.00,,
1.710001858,42454433267,,instructions,3223688253,100.00,3.51,insn per cycle
1.710001858,12090166023,,cycles,3224065945,100.00,,
1.810753274,5056497,,rD044,3224180568,100.00,,
1.810753274,273513926,,rFF44,3224645096,100.00,,
1.810753274,42409751013,,instructions,3224722596,100.00,3.51,insn per cycle
1.810753274,12091567340,,cycles,3224429514,100.00,,
1.911531091,5046747,,rD044,3224401348,100.00,,
1.911531091,274929682,,rFF44,3224645344,100.00,,
1.911531091,42585523157,,instructions,3224833500,100.00,3.52,insn per cycle
1.911531091,12095709872,,cycles,3225536206,100.00,,
2.012319968,4840417,,rD044,3225482452,100.00,,
2.012319968,273907505,,rFF44,3225148454,100.00,,
2.012319968,42469383282,,instructions,3225751430,100.00,3.51,insn per cycle
2.012319968,12094293640,,cycles,3225156976,100.00,,
2.113116495,5257310,,rD044,3225528686,100.00,,
2.113116495,274862261,,rFF44,3225610167,100.00,,
2.113116495,42560378442,,instructions,3225129066,100.00,3.52,insn per cycle
2.113116495,12091665765,,cycles,3224458189,100.00,,
2.213860551,5285462,,rD044,3223835475,100.00,,
2.213860551,273441379,,rFF44,3224032955,100.00,,
2.213860551,42383590896,,instructions,3223649234,100.00,3.51,insn per cycle
2.213860551,12092211792,,cycles,3224613651,100.00,,
2.314666888,4890659,,rD044,3225829775,100.00,,
2.314666888,274989884,,rFF44,3225813014,100.00,,
2.314666888,42594567476,,instructions,3226271056,100.00,3.52,insn per cycle
2.314666888,12095977242,,cycles,3225609814,100.00,,
2.415431155,5074735,,rD044,3224125418,100.00,,
2.415431155,273990260,,rFF44,3224256846,100.00,,
2.415431155,42457186018,,instructions,3223988836,100.00,3.51,insn per cycle
2.415431155,12090077523,,cycles,3224040146,100.00,,
2.516194411,4909406,,rD044,3224818950,100.00,,
2.516194411,274341665,,rFF44,3224784546,100.00,,
2.516194411,42515813876,,instructions,3225034381,100.00,3.52,insn per cycle
2.516194411,12094231930,,cycles,3225139546,100.00,,
2.616988848,5096291,,rD044,3224893528,100.00,,
2.616988848,274809722,,rFF44,3224395848,100.00,,
2.616988848,42561789586,,instructions,3224194369,100.00,3.52,insn per cycle
2.616988848,12089791531,,cycles,3223967064,100.00,,
2.717726464,5232661,,rD044,3222674439,100.00,,
2.717726464,273921832,,rFF44,3224061172,100.00,,
2.717726464,42461002938,,instructions,3224564604,100.00,3.51,insn per cycle
2.717726464,12093478814,,cycles,3224945826,100.00,,
2.818521821,4896680,,rD044,3226440051,100.00,,
2.818521821,276665840,,rFF44,3225321985,100.00,,
2.818521821,42781402121,,instructions,3224744696,100.00,3.54,insn per cycle
2.818521821,12090932518,,cycles,3224265268,100.00,,
2.919265178,5070870,,rD044,3223966417,100.00,,
2.919265178,273344530,,rFF44,3224133946,100.00,,
2.919265178,42388087828,,instructions,3224293676,100.00,3.51,insn per cycle
2.919265178,12091590228,,cycles,3224432832,100.00,,
3.020035794,5092072,,rD044,3224965601,100.00,,
3.020035794,275112377,,rFF44,3225539805,100.00,,
3.020035794,42609134121,,instructions,3225783978,100.00,3.52,insn per cycle
3.020035794,12097838131,,cycles,3226103266,100.00,,
3.120845721,4910342,,rD044,3225267728,100.00,,
3.120845721,274350532,,rFF44,3225747421,100.00,,
3.120845721,42538017628,,instructions,3227850527,100.00,3.51,insn per cycle
3.120845721,12107442341,,cycles,3228659276,100.00,,
3.221759300,4852137,,rD044,3229243776,100.00,,
3.221759300,274604141,,rFF44,3227962997,100.00,,
3.221759300,42523846173,,instructions,3225392971,100.00,3.52,insn per cycle
3.221759300,12089421216,,cycles,3223874024,100.00,,
3.322541236,5137737,,rD044,3225630175,100.00,,
3.322541236,274805728,,rFF44,3226766936,100.00,,
3.322541236,42589358908,,instructions,3228326636,100.00,3.52,insn per cycle
3.322541236,12110018022,,cycles,3229342783,100.00,,
3.423436834,5116843,,rD044,3227659805,100.00,,
3.423436834,273388054,,rFF44,3226258559,100.00,,
3.423436834,42375335289,,instructions,3224899915,100.00,3.50,insn per cycle
3.423436834,12091021412,,cycles,3224306088,100.00,,
3.524167461,5011779,,rD044,3224066163,100.00,,
3.524167461,274340014,,rFF44,3224398594,100.00,,
3.524167461,42505107617,,instructions,3224374082,100.00,3.52,insn per cycle
3.524167461,12088885565,,cycles,3223714006,100.00,,
3.624909807,4872585,,rD044,3223394146,100.00,,
3.624909807,274624012,,rFF44,3223516792,100.00,,
3.624909807,42549483603,,instructions,3223828048,100.00,3.52,insn per cycle
3.624909807,12093448702,,cycles,3224938553,100.00,,
3.725706574,5076792,,rD044,3225045400,100.00,,
3.725706574,272994188,,rFF44,3224636448,100.00,,
3.725706574,42340543896,,instructions,3224285657,100.00,3.50,insn per cycle
3.725706574,12090289641,,cycles,3224087607,100.00,,
3.826455160,4931418,,rD044,3224199762,100.00,,
3.826455160,273443047,,rFF44,3224973920,100.00,,
3.826455160,42405900653,,instructions,3225224943,100.00,3.51,insn per cycle
3.826455160,12094794679,,cycles,3225287448,100.00,,
3.927254687,5153102,,rD044,3225617290,100.00,,
3.927254687,274421342,,rFF44,3225626887,100.00,,
3.927254687,42519427779,,instructions,3225664336,100.00,3.52,insn per cycle
3.927254687,12095731160,,cycles,3225542857,100.00,,
4.028039744,5270744,,rD044,3225038418,100.00,,
4.028039744,273813076,,rFF44,3225917825,100.00,,
4.028039744,42440011165,,instructions,3225899574,100.00,3.51,insn per cycle
4.028039744,12099079895,,cycles,3226610089,100.00,,
4.128917372,5156027,,rD044,3228466997,100.00,,
4.128917372,274506584,,rFF44,3229677312,100.00,,
4.128917372,42554038095,,instructions,3230723534,100.00,3.51,insn per cycle
4.128917372,12114868739,,cycles,3230645570,100.00,,
4.229855850,5246483,,rD044,3229181352,100.00,,
4.229855850,274302613,,rFF44,3226231710,100.00,,
4.229855850,42481519372,,instructions,3224687162,100.00,3.51,insn per cycle
4.229855850,12089464504,,cycles,3223870850,100.00,,
4.330600027,5019540,,rD044,3223531567,100.00,,
4.330600027,273755970,,rFF44,3223839119,100.00,,
4.330600027,42435156152,,instructions,3224179938,100.00,3.51,insn per cycle
4.330600027,12093284537,,cycles,3224885098,100.00,,
4.431397644,5258106,,rD044,3225950133,100.00,,
4.431397644,275053801,,rFF44,3225904648,100.00,,
4.431397644,42584944801,,instructions,3225649425,100.00,3.52,insn per cycle
4.431397644,12092533665,,cycles,3224702711,100.00,,
4.532145980,5291882,,rD044,3223755173,100.00,,
4.532145980,273440714,,rFF44,3223735568,100.00,,
4.532145980,42389594199,,instructions,3223733497,100.00,3.51,insn per cycle
4.532145980,12088825861,,cycles,3223698016,100.00,,
4.632884276,5184653,,rD044,3223292248,100.00,,
4.632884276,273822155,,rFF44,3223074996,100.00,,
4.632884276,42448739562,,instructions,3223308143,100.00,3.51,insn per cycle
4.632884276,12091297927,,cycles,3224367301,100.00,,
4.733673863,4912667,,rD044,3225510460,100.00,,
4.733673863,274592288,,rFF44,3225813184,100.00,,
4.733673863,42551298677,,instructions,3226449506,100.00,3.52,insn per cycle
4.733673863,12099282799,,cycles,3226485859,100.00,,
4.834487900,5369111,,rD044,3225933873,100.00,,
4.834487900,274377805,,rFF44,3225940686,100.00,,
4.834487900,42500607822,,instructions,3225535970,100.00,3.51,insn per cycle
4.834487900,12095831935,,cycles,3225567276,100.00,,
4.935294657,5060707,,rD044,3225743254,100.00,,
4.935294657,274174165,,rFF44,3225261818,100.00,,
4.935294657,42479099888,,instructions,3224538640,100.00,3.51,insn per cycle
4.935294657,12087161634,,cycles,3223257994,100.00,,
5.035989553,5086026,,rD044,3222676143,100.00,,
5.035989553,273213082,,rFF44,3223215452,100.00,,
5.035989553,42359042186,,instructions,3223717385,100.00,3.50,insn per cycle
5.035989553,12089596800,,cycles,3223902916,100.00,,
5.136763220,5360116,,rD044,3224441327,100.00,,
5.136763220,273859321,,rFF44,3224283489,100.00,,
5.136763220,42442667126,,instructions,3224335465,100.00,3.51,insn per cycle
5.136763220,12090686108,,cycles,3224196382,100.00,,
5.237543497,4975413,,rD044,3224584601,100.00,,
5.237543497,273676510,,rFF44,3224114351,100.00,,
5.237543497,42413318647,,instructions,3223487007,100.00,3.51,insn per cycle
5.237543497,12087885314,,cycles,3223447478,100.00,,
5.338246512,5118963,,rD044,3222551119,100.00,,
5.338246512,273389712,,rFF44,3222929817,100.00,,
5.338246512,42386272857,,instructions,3223372773,100.00,3.51,insn per cycle
5.338246512,12088467547,,cycles,3223615011,100.00,,
5.438983159,5061356,,rD044,3223668106,100.00,,
5.438983159,274503550,,rFF44,3223709353,100.00,,
5.438983159,42532708439,,instructions,3224584472,100.00,3.52,insn per cycle
5.438983159,12092377375,,cycles,3224644169,100.00,,
5.539746245,5189221,,rD044,3225781125,100.00,,
5.539746245,274795108,,rFF44,3225897106,100.00,,
5.539746245,42549845593,,instructions,3224878308,100.00,3.52,insn per cycle
5.539746245,12101499978,,cycles,3227071634,100.00,,
5.640629423,4984354,,rD044,3227339005,100.00,,
5.640629423,276596954,,rFF44,3227742542,100.00,,
5.640629423,42775082603,,instructions,3227392476,100.00,3.54,insn per cycle
5.640629423,12092069223,,cycles,3224584209,100.00,,
5.741364089,5307958,,rD044,3222911649,100.00,,
5.741364089,274202903,,rFF44,3222289348,100.00,,
5.741364089,42483994426,,instructions,3222306245,100.00,3.51,insn per cycle
5.741364089,12087262347,,cycles,3223278543,100.00,,
5.842094506,5112352,,rD044,3223431821,100.00,,
5.842094506,273227367,,rFF44,3224273904,100.00,,
5.842094506,42384540027,,instructions,3225351245,100.00,3.50,insn per cycle
5.842094506,12095574407,,cycles,3225490978,100.00,,
5.942904573,4879223,,rD044,3225752988,100.00,,
5.942904573,275113924,,rFF44,3225338196,100.00,,
5.942904573,42598890338,,instructions,3224993156,100.00,3.52,insn per cycle
5.942904573,12095463524,,cycles,3225472919,100.00,,
6.043702740,5343960,,rD044,3225694723,100.00,,
6.043702740,273178804,,rFF44,3226056836,100.00,,
6.043702740,42368369897,,instructions,3226028192,100.00,3.50,insn per cycle
6.043702740,12093752845,,cycles,3225014079,100.00,,
6.144477186,5170525,,rD044,3224531715,100.00,,
6.144477186,274520793,,rFF44,3223549401,100.00,,
6.144477186,42522381961,,instructions,3223357058,100.00,3.52,insn per cycle
6.144477186,12089285634,,cycles,3223819169,100.00,,
6.245227523,5087750,,rD044,3225883201,100.00,,
6.245227523,274157782,,rFF44,3227547962,100.00,,
6.245227523,42502110463,,instructions,3228185866,100.00,3.51,insn per cycle
6.245227523,12109050686,,cycles,3229091332,100.00,,
6.346140141,5113559,,rD044,3227609403,100.00,,
6.346140141,275171824,,rFF44,3226290153,100.00,,
6.346140141,42603711671,,instructions,3225594885,100.00,3.52,insn per cycle
6.346140141,12091298744,,cycles,3224367575,100.00,,
6.446898837,5146872,,rD044,3224660860,100.00,,
6.446898837,273840132,,rFF44,3225031576,100.00,,
6.446898837,42448409762,,instructions,3225220494,100.00,3.51,insn per cycle
6.446898837,12098615986,,cycles,3226306676,100.00,,
6.547727295,5058770,,rD044,3225834687,100.00,,
6.547727295,274604845,,rFF44,3225828977,100.00,,
6.547727295,42550783797,,instructions,3226681566,100.00,3.52,insn per cycle
6.547727295,12097449946,,cycles,3226012524,100.00,,
6.648543322,5018347,,rD044,3226546695,100.00,,
6.648543322,274445958,,rFF44,3227626083,100.00,,
6.648543322,42520605832,,instructions,3227457646,100.00,3.51,insn per cycle
6.648543322,12104238661,,cycles,3227804082,100.00,,
6.749424600,5165340,,rD044,3227859766,100.00,,
6.749424600,274704089,,rFF44,3227719222,100.00,,
6.749424600,42539737844,,instructions,3226920836,100.00,3.52,insn per cycle
6.749424600,12102062459,,cycles,3227227660,100.00,,
6.850274337,5342795,,rD044,3227431652,100.00,,
6.850274337,274833261,,rFF44,3226146290,100.00,,
6.850274337,42565953772,,instructions,3226294416,100.00,3.52,insn per cycle
6.850274337,12098467705,,cycles,3226269984,100.00,,
6.951091554,5414639,,rD044,3225985665,100.00,,
6.951091554,273658564,,rFF44,3226493245,100.00,,
6.951091554,42420647048,,instructions,3226497876,100.00,3.51,insn per cycle
6.951091554,12094311109,,cycles,3225163017,100.00,,
7.051860481,5158513,,rD044,3224106340,100.00,,
7.051860481,274487981,,rFF44,3223503766,100.00,,
7.051860481,42525352277,,instructions,3223399684,100.00,3.52,insn per cycle
7.051860481,12088839079,,cycles,3223705593,100.00,,
7.152601677,5103735,,rD044,3223794642,100.00,,
7.152601677,273078940,,rFF44,3224016884,100.00,,
7.152601677,42345998506,,instructions,3223652434,100.00,3.50,insn per cycle
7.152601677,12088846729,,cycles,3223700297,100.00,,
7.253380464,5168811,,rD044,3224866609,100.00,,
7.253380464,273816397,,rFF44,3224702446,100.00,,
7.253380464,42432107930,,instructions,3224833256,100.00,3.51,insn per cycle
7.253380464,12093681067,,cycles,3225017912,100.00,,
7.354147681,5188602,,rD044,3224381303,100.00,,
7.354147681,268108354,,rFF44,3224171024,100.00,,
7.354147681,41752483587,,instructions,3224029386,100.00,3.45,insn per cycle
7.354147681,12087367534,,cycles,3223312388,100.00,,
7.454854907,5063203,,rD044,3222621996,100.00,,
7.454854907,273573298,,rFF44,3222330525,100.00,,
7.454854907,42406820901,,instructions,3222182554,100.00,3.51,insn per cycle
7.454854907,12088193778,,cycles,3223543458,100.00,,
7.555595173,4990745,,rD044,3224346960,100.00,,
7.555595173,274542774,,rFF44,3225326281,100.00,,
7.555595173,42548464293,,instructions,3226350296,100.00,3.52,insn per cycle
7.555595173,12095114806,,cycles,3225376874,100.00,,
7.656380680,4973041,,rD044,3224269756,100.00,,
7.656380680,274219186,,rFF44,3223403500,100.00,,
7.656380680,42477671731,,instructions,3222558734,100.00,3.51,insn per cycle
7.656380680,12085356585,,cycles,3222787644,100.00,,
7.757101566,5071952,,rD044,3223452677,100.00,,
7.757101566,274596983,,rFF44,3223965750,100.00,,
7.757101566,42543117512,,instructions,3224346416,100.00,3.52,insn per cycle
7.757101566,12092406323,,cycles,3224649699,100.00,,
7.857875872,5002429,,rD044,3224695648,100.00,,
7.857875872,273059872,,rFF44,3224768980,100.00,,
7.857875872,42354186274,,instructions,3224702257,100.00,3.50,insn per cycle
7.857875872,12091386152,,cycles,3224386141,100.00,,
7.958639989,4977705,,rD044,3223774214,100.00,,
7.958639989,273640875,,rFF44,3223370949,100.00,,
7.958639989,42411844818,,instructions,3222898602,100.00,3.51,insn per cycle
7.958639989,12085717147,,cycles,3223070323,100.00,,
8.059374605,5210883,,rD044,3223456177,100.00,,
8.059374605,274236824,,rFF44,3224084170,100.00,,
8.059374605,42502776777,,instructions,3225010903,100.00,3.51,insn per cycle
8.059374605,12094552101,,cycles,3225221996,100.00,,
8.160176432,4894133,,rD044,3225869426,100.00,,
8.160176432,274442754,,rFF44,3226683806,100.00,,
8.160176432,42524055695,,instructions,3226384095,100.00,3.51,insn per cycle
8.160176432,12098033149,,cycles,3226154326,100.00,,
8.260998549,5076822,,rD044,3227051855,100.00,,
8.260998549,275281807,,rFF44,3228039076,100.00,,
8.260998549,42638613155,,instructions,3228724491,100.00,3.52,insn per cycle
8.260998549,12108683377,,cycles,3228994716,100.00,,
8.361898288,5206930,,rD044,3227407994,100.00,,
8.361898288,275822638,,rFF44,3224225053,100.00,,
8.361898288,42638334133,,instructions,3222301113,100.00,3.53,insn per cycle
8.361898288,12078006377,,cycles,3220828494,100.00,,
8.382603251,192643,,rD044,564018433,100.00,,
8.382603251,2823646,,rFF44,559981164,100.00,,
8.382603251,1780913416,,instructions,556779981,100.00,0.86,insn per cycle
8.382603251,2075238583,,cycles,553495721,100.00,,
