0.100117177,4389269,,rD044,89389134,100.00,,
0.100117177,19409482,,rFF44,89395294,100.00,,
0.100117177,423109368,,instructions,89400234,100.00,1.28,insn per cycle
0.100117177,330725618,,cycles,89405444,100.00,,
0.200372944,5510419,,rD044,100251856,100.00,,
0.200372944,24016711,,rFF44,100252356,100.00,,
0.200372944,505810477,,instructions,100251996,100.00,1.35,insn per cycle
0.200372944,375942789,,cycles,100251766,100.00,,
0.300567402,5492136,,rD044,100192935,100.00,,
0.300567402,24015921,,rFF44,100192035,100.00,,
0.300567402,506577032,,instructions,100192015,100.00,1.35,insn per cycle
0.300567402,375716974,,cycles,100191545,100.00,,
0.400755729,6723977,,rD044,100188036,100.00,,
0.400755729,28891074,,rFF44,100188936,100.00,,
0.400755729,98101157,,instructions,100189976,100.00,0.26,insn per cycle
0.400755729,375712896,,cycles,100190466,100.00,,
0.500945536,6943320,,rD044,100188465,100.00,,
0.500945536,29869660,,rFF44,100187755,100.00,,
0.500945536,37296488,,instructions,100187445,100.00,0.10,insn per cycle
0.500945536,375698758,,cycles,100187515,100.00,,
0.601143323,3400262,,rD044,453909724,100.00,,
0.601143323,51959734,,rFF44,454158104,100.00,,
0.601143323,5820339895,,instructions,454340994,100.00,3.42,insn per cycle
0.601143323,1703773907,,cycles,454517084,100.00,,
0.701427131,30168,,rD044,802250748,100.00,,
0.701427131,74360899,,rFF44,802230038,100.00,,
0.701427131,11458028555,,instructions,802213768,100.00,3.81,insn per cycle
0.701427131,3008276099,,cycles,802209398,100.00,,
0.801702309,32763,,rD044,802174768,100.00,,
0.801702309,71840984,,rFF44,802158868,100.00,,
0.801702309,11161153136,,instructions,802158058,100.00,3.71,insn per cycle
0.801702309,3008091823,,cycles,802160738,100.00,,
0.901961767,29596,,rD044,801998928,100.00,,
0.901961767,73691256,,rFF44,801992388,100.00,,
0.901961767,11352328087,,instructions,801986278,100.00,3.77,insn per cycle
0.901961767,3007379045,,cycles,801976848,100.00,,
1.002221515,33390,,rD044,801957410,100.00,,
1.002221515,72492106,,rFF44,801946650,100.00,,
1.002221515,11234519848,,instructions,801947485,100.00,3.74,insn per cycle
1.002221515,3007076300,,cycles,801945978,100.00,,
1.102474743,29379,,rD044,801984208,100.00,,
1.102474743,74934100,,rFF44,802001628,100.00,,
1.102474743,11538312882,,instructions,802012183,100.00,3.84,insn per cycle
1.102474743,3007542402,,cycles,802024240,100.00,,
1.202731981,33012,,rD044,802057878,100.00,,
1.202731981,72714242,,rFF44,802067108,100.00,,
1.202731981,11263484299,,instructions,802061828,100.00,3.74,insn per cycle
1.202731981,3007679409,,cycles,802050908,100.00,,
1.302996939,27770,,rD044,802035518,100.00,,
1.302996939,73282311,,rFF44,802037028,100.00,,
1.302996939,11288598883,,instructions,802034618,100.00,3.75,insn per cycle
1.302996939,3007599903,,cycles,802034718,100.00,,
1.403252706,33567,,rD044,802038655,100.00,,
1.403252706,72644603,,rFF44,802032488,100.00,,
1.403252706,11274362492,,instructions,802046748,100.00,3.75,insn per cycle
1.403252706,3007742560,,cycles,802068068,100.00,,
1.503515604,31397,,rD044,802036343,100.00,,
1.503515604,74794965,,rFF44,802041490,100.00,,
1.503515604,11526143882,,instructions,802036574,100.00,3.83,insn per cycle
1.503515604,3007534711,,cycles,802017358,100.00,,
1.603770452,31752,,rD044,802039528,100.00,,
1.603770452,74259722,,rFF44,802047208,100.00,,
1.603770452,11461630867,,instructions,802045534,100.00,3.81,insn per cycle
1.603770452,3007690737,,cycles,802054300,100.00,,
1.704040510,32055,,rD044,802067068,100.00,,
1.704040510,71177886,,rFF44,802052628,100.00,,
1.704040510,11059372314,,instructions,802044628,100.00,3.68,insn per cycle
1.704040510,3007606643,,cycles,802037108,100.00,,
1.804303838,28852,,rD044,802108528,100.00,,
1.804303838,74591268,,rFF44,802114928,100.00,,
1.804303838,11498990891,,instructions,802122868,100.00,3.82,insn per cycle
1.804303838,3007925955,,cycles,802116188,100.00,,
1.904562226,32706,,rD044,801986844,100.00,,
1.904562226,72453985,,rFF44,801977897,100.00,,
1.904562226,11232810126,,instructions,801969177,100.00,3.74,insn per cycle
1.904562226,3007365997,,cycles,801973207,100.00,,
2.004817614,29085,,rD044,802027013,100.00,,
2.004817614,74554493,,rFF44,802033780,100.00,,
2.004817614,11498939536,,instructions,802037870,100.00,3.82,insn per cycle
2.004817614,3007626251,,cycles,802036448,100.00,,
2.105080131,31744,,rD044,802027998,100.00,,
2.105080131,69834428,,rFF44,802021028,100.00,,
2.105080131,10897869809,,instructions,802025168,100.00,3.62,insn per cycle
2.105080131,3007537227,,cycles,802019170,100.00,,
2.205332579,28106,,rD044,802028638,100.00,,
2.205332579,74186187,,rFF44,802025168,100.00,,
2.205332579,11443495249,,instructions,802021578,100.00,3.80,insn per cycle
2.205332579,3007608253,,cycles,802031468,100.00,,
2.305596987,31000,,rD044,802028478,100.00,,
2.305596987,68893760,,rFF44,802036508,100.00,,
2.305596987,10764273679,,instructions,802037588,100.00,3.58,insn per cycle
2.305596987,3007619582,,cycles,802040588,100.00,,
2.405853795,28898,,rD044,802034601,100.00,,
2.405853795,74043238,,rFF44,802038308,100.00,,
2.405853795,11421351208,,instructions,802072368,100.00,3.80,insn per cycle
2.405853795,3007799966,,cycles,802090508,100.00,,
2.506117053,32656,,rD044,802029107,100.00,,
2.506117053,71531166,,rFF44,802021160,100.00,,
2.506117053,11126633080,,instructions,801982630,100.00,3.70,insn per cycle
2.506117053,3007333459,,cycles,801963946,100.00,,
2.606370791,30249,,rD044,802026048,100.00,,
2.606370791,74920058,,rFF44,802020738,100.00,,
2.606370791,11554372429,,instructions,802018878,100.00,3.84,insn per cycle
2.606370791,3007575970,,cycles,802023682,100.00,,
2.706624609,32646,,rD044,801954608,100.00,,
2.706624609,72796223,,rFF44,801958398,100.00,,
2.706624609,11285227496,,instructions,801968508,100.00,3.75,insn per cycle
2.706624609,3007319119,,cycles,801960038,100.00,,
2.806890857,29238,,rD044,802134408,100.00,,
2.806890857,74504302,,rFF44,802156738,100.00,,
2.806890857,11485101978,,instructions,802149078,100.00,3.82,insn per cycle
2.806890857,3008046664,,cycles,802148778,100.00,,
2.907148954,32689,,rD044,801990170,100.00,,
2.907148954,72466580,,rFF44,801967475,100.00,,
2.907148954,11252535078,,instructions,801972658,100.00,3.74,insn per cycle
2.907148954,3007380551,,cycles,801976588,100.00,,
3.007404752,28363,,rD044,802052668,100.00,,
3.007404752,74464581,,rFF44,802067193,100.00,,
3.007404752,11472455590,,instructions,802073300,100.00,3.81,insn per cycle
3.007404752,3007753845,,cycles,802070550,100.00,,
3.107663040,33424,,rD044,801995398,100.00,,
3.107663040,71331851,,rFF44,801980678,100.00,,
3.107663040,11082702435,,instructions,801966858,100.00,3.69,insn per cycle
3.107663040,3007339037,,cycles,801966948,100.00,,
3.207919708,28297,,rD044,802371218,100.00,,
3.207919708,74704241,,rFF44,802380898,100.00,,
3.207919708,11505056468,,instructions,802396518,100.00,3.82,insn per cycle
3.207919708,3008981008,,cycles,802397688,100.00,,
3.308224166,31898,,rD044,802046197,100.00,,
3.308224166,69251611,,rFF44,802049977,100.00,,
3.308224166,10827100112,,instructions,802059797,100.00,3.60,insn per cycle
3.308224166,3007688047,,cycles,802058947,100.00,,
3.408488834,29369,,rD044,802112656,100.00,,
3.408488834,74596226,,rFF44,802104218,100.00,,
3.408488834,11488220564,,instructions,802093618,100.00,3.82,insn per cycle
3.408488834,3007845143,,cycles,802095058,100.00,,
3.508747822,31352,,rD044,802044252,100.00,,
3.508747822,69724424,,rFF44,802052240,100.00,,
3.508747822,10884738068,,instructions,802048145,100.00,3.62,insn per cycle
3.508747822,3007642512,,cycles,802047818,100.00,,
3.609008650,29348,,rD044,802000417,100.00,,
3.609008650,75080828,,rFF44,801990697,100.00,,
3.609008650,11563716851,,instructions,801986672,100.00,3.85,insn per cycle
3.609008650,3007405596,,cycles,801983459,100.00,,
3.709265818,32716,,rD044,802058278,100.00,,
3.709265818,72316383,,rFF44,802064558,100.00,,
3.709265818,11218424846,,instructions,802061718,100.00,3.73,insn per cycle
3.709265818,3007702237,,cycles,802056448,100.00,,
3.809532956,29281,,rD044,802069978,100.00,,
3.809532956,74846979,,rFF44,802071578,100.00,,
3.809532956,11529368628,,instructions,802076348,100.00,3.83,insn per cycle
3.809532956,3007791597,,cycles,802086178,100.00,,
3.909793944,33880,,rD044,802085136,100.00,,
3.909793944,72587173,,rFF44,802083148,100.00,,
3.909793944,11256624781,,instructions,802074108,100.00,3.74,insn per cycle
3.909793944,3007733132,,cycles,802064778,100.00,,
4.010063302,33523,,rD044,802073032,100.00,,
4.010063302,72318495,,rFF44,802063170,100.00,,
4.010063302,11212937250,,instructions,802066846,100.00,3.73,insn per cycle
4.010063302,3007734008,,cycles,802071188,100.00,,
4.110317830,28669,,rD044,802027538,100.00,,
4.110317830,75058635,,rFF44,802022468,100.00,,
4.110317830,11572359897,,instructions,802024282,100.00,3.85,insn per cycle
4.110317830,3007567057,,cycles,802020670,100.00,,
4.210571637,32711,,rD044,801973538,100.00,,
4.210571637,73419035,,rFF44,801985948,100.00,,
4.210571637,11353299544,,instructions,801983008,100.00,3.78,insn per cycle
4.210571637,3007399402,,cycles,801981268,100.00,,
4.310834855,29016,,rD044,802109778,100.00,,
4.310834855,74806337,,rFF44,802120578,100.00,,
4.310834855,11538406211,,instructions,802128718,100.00,3.84,insn per cycle
4.310834855,3008197242,,cycles,802188798,100.00,,
4.411100193,32289,,rD044,802010095,100.00,,
4.411100193,71162258,,rFF44,801999268,100.00,,
4.411100193,11054575955,,instructions,802009388,100.00,3.68,insn per cycle
4.411100193,3007314099,,cycles,801966268,100.00,,
4.511360621,28971,,rD044,802071533,100.00,,
4.511360621,74782028,,rFF44,802064870,100.00,,
4.511360621,11536464883,,instructions,802049681,100.00,3.84,insn per cycle
4.511360621,3007657006,,cycles,802045158,100.00,,
4.611617499,31958,,rD044,801974088,100.00,,
4.611617499,68352748,,rFF44,801971488,100.00,,
4.611617499,10713277283,,instructions,801978087,100.00,3.56,insn per cycle
4.611617499,3007361608,,cycles,801971850,100.00,,
4.711875977,29103,,rD044,802072598,100.00,,
4.711875977,74409561,,rFF44,802114548,100.00,,
4.711875977,11478018133,,instructions,802136828,100.00,3.82,insn per cycle
4.711875977,3008008342,,cycles,802139848,100.00,,
4.812147255,31814,,rD044,802095377,100.00,,
4.812147255,69776689,,rFF44,802055917,100.00,,
4.812147255,10909092144,,instructions,802026687,100.00,3.63,insn per cycle
4.812147255,3007573678,,cycles,802028717,100.00,,
4.912403693,28289,,rD044,802053884,100.00,,
4.912403693,74816445,,rFF44,802058718,100.00,,
4.912403693,11538780405,,instructions,802056808,100.00,3.84,insn per cycle
4.912403693,3007706786,,cycles,802057898,100.00,,
5.012669501,32553,,rD044,801944063,100.00,,
5.012669501,72536593,,rFF44,801938539,100.00,,
5.012669501,11261788950,,instructions,801940830,100.00,3.75,insn per cycle
5.012669501,3007043850,,cycles,801938637,100.00,,
5.112932498,29321,,rD044,802069798,100.00,,
5.112932498,74821934,,rFF44,802066928,100.00,,
5.112932498,11533464248,,instructions,802079297,100.00,3.83,insn per cycle
5.112932498,3007748810,,cycles,802075500,100.00,,
5.213186436,32494,,rD044,801974648,100.00,,
5.213186436,72075868,,rFF44,801974708,100.00,,
5.213186436,11186580379,,instructions,801957068,100.00,3.72,insn per cycle
5.213186436,3007295063,,cycles,801954068,100.00,,
5.313447274,28219,,rD044,802080678,100.00,,
5.313447274,74476862,,rFF44,802082538,100.00,,
5.313447274,11475921320,,instructions,802084408,100.00,3.82,insn per cycle
5.313447274,3007836343,,cycles,802092278,100.00,,
5.413702962,31560,,rD044,801962022,100.00,,
5.413702962,70827144,,rFF44,801977918,100.00,,
5.413702962,11043206507,,instructions,801985678,100.00,3.67,insn per cycle
5.413702962,3007368198,,cycles,801980088,100.00,,
5.513962240,29095,,rD044,802070076,100.00,,
5.513962240,74093256,,rFF44,802060440,100.00,,
5.513962240,11413990520,,instructions,802059030,100.00,3.79,insn per cycle
5.513962240,3007687086,,cycles,802052815,100.00,,
5.614214248,32507,,rD044,801924638,100.00,,
5.614214248,72486017,,rFF44,801927128,100.00,,
5.614214248,11243408411,,instructions,801924828,100.00,3.74,insn per cycle
5.614214248,3007193091,,cycles,801926673,100.00,,
5.714470365,29443,,rD044,802059298,100.00,,
5.714470365,74369108,,rFF44,802060648,100.00,,
5.714470365,11450448850,,instructions,802070208,100.00,3.81,insn per cycle
5.714470365,3007791709,,cycles,802080858,100.00,,
5.814733684,33002,,rD044,802025028,100.00,,
5.814733684,73646679,,rFF44,802024748,100.00,,
5.814733684,11381745225,,instructions,802005468,100.00,3.78,insn per cycle
5.814733684,3007450368,,cycles,801995308,100.00,,
5.914988651,29272,,rD044,802034920,100.00,,
5.914988651,74323356,,rFF44,802033093,100.00,,
5.914988651,11448279429,,instructions,802038048,100.00,3.81,insn per cycle
5.914988651,3007602231,,cycles,802029758,100.00,,
6.015241879,32157,,rD044,801947628,100.00,,
6.015241879,70801645,,rFF44,801951305,100.00,,
6.015241879,11032244479,,instructions,801955700,100.00,3.67,insn per cycle
6.015241879,3007331768,,cycles,801963240,100.00,,
6.115499947,30131,,rD044,802055838,100.00,,
6.115499947,73770807,,rFF44,802051838,100.00,,
6.115499947,11395530591,,instructions,802063948,100.00,3.79,insn per cycle
6.115499947,3007722095,,cycles,802062528,100.00,,
6.215757745,29698,,rD044,802006958,100.00,,
6.215757745,70156130,,rFF44,802015118,100.00,,
6.215757745,10951859758,,instructions,802006908,100.00,3.64,insn per cycle
6.215757745,3007525936,,cycles,802014998,100.00,,
6.316029553,29427,,rD044,802148218,100.00,,
6.316029553,70357837,,rFF44,802145108,100.00,,
6.316029553,10963425835,,instructions,802138718,100.00,3.64,insn per cycle
6.316029553,3007987054,,cycles,802133058,100.00,,
6.416282791,31461,,rD044,801995139,100.00,,
6.416282791,74015021,,rFF44,801984209,100.00,,
6.416282791,11433368752,,instructions,801997365,100.00,3.80,insn per cycle
6.416282791,3007487449,,cycles,802006567,100.00,,
6.516542138,33397,,rD044,802014947,100.00,,
6.516542138,73551114,,rFF44,802029037,100.00,,
6.516542138,11379497103,,instructions,802018641,100.00,3.78,insn per cycle
6.516542138,3007522843,,cycles,802014289,100.00,,
6.616803296,28676,,rD044,802078418,100.00,,
6.616803296,74859706,,rFF44,802066568,100.00,,
6.616803296,11544098354,,instructions,802067698,100.00,3.84,insn per cycle
6.616803296,3007740727,,cycles,802067278,100.00,,
6.717065954,32273,,rD044,802024147,100.00,,
6.717065954,72330446,,rFF44,802025567,100.00,,
6.717065954,11216338026,,instructions,802024407,100.00,3.73,insn per cycle
6.717065954,3007579380,,cycles,802029097,100.00,,
6.817333462,28197,,rD044,802134327,100.00,,
6.817333462,74045406,,rFF44,802132078,100.00,,
6.817333462,11421478134,,instructions,802145628,100.00,3.80,insn per cycle
6.817333462,3008066286,,cycles,802154318,100.00,,
6.917593830,32278,,rD044,802017661,100.00,,
6.917593830,71971813,,rFF44,802026470,100.00,,
6.917593830,11173771308,,instructions,802010467,100.00,3.72,insn per cycle
6.917593830,3007460962,,cycles,801998198,100.00,,
7.017854598,28507,,rD044,802077048,100.00,,
7.017854598,74391767,,rFF44,802081448,100.00,,
7.017854598,11476007239,,instructions,802133211,100.00,3.82,insn per cycle
7.017854598,3008046982,,cycles,802148440,100.00,,
7.118121076,32710,,rD044,802059068,100.00,,
7.118121076,69142354,,rFF44,802053068,100.00,,
7.118121076,10807729656,,instructions,802001548,100.00,3.59,insn per cycle
7.118121076,3007402360,,cycles,801982868,100.00,,
7.218379594,30253,,rD044,802009717,100.00,,
7.218379594,74502747,,rFF44,802008147,100.00,,
7.218379594,11489635479,,instructions,801999997,100.00,3.82,insn per cycle
7.218379594,3007434176,,cycles,801996637,100.00,,
7.318640862,32653,,rD044,802007817,100.00,,
7.318640862,71225484,,rFF44,802006778,100.00,,
7.318640862,11084358078,,instructions,802012008,100.00,3.69,insn per cycle
7.318640862,3007530683,,cycles,802016538,100.00,,
7.418899210,27865,,rD044,802069621,100.00,,
7.418899210,73845991,,rFF44,802091130,100.00,,
7.418899210,11385905972,,instructions,802092038,100.00,3.79,insn per cycle
7.418899210,3007818321,,cycles,802096068,100.00,,
7.519164088,32182,,rD044,802012118,100.00,,
7.519164088,70939827,,rFF44,801986908,100.00,,
7.519164088,11049324345,,instructions,801988360,100.00,3.67,insn per cycle
7.519164088,3007373980,,cycles,801975300,100.00,,
7.619418755,28997,,rD044,802041038,100.00,,
7.619418755,74187307,,rFF44,802051738,100.00,,
7.619418755,11433253707,,instructions,802057878,100.00,3.80,insn per cycle
7.619418755,3007713905,,cycles,802059878,100.00,,
7.719676023,32352,,rD044,801975398,100.00,,
7.719676023,71102288,,rFF44,801975328,100.00,,
7.719676023,11061898273,,instructions,801977728,100.00,3.68,insn per cycle
7.719676023,3007397884,,cycles,801981398,100.00,,
7.819935301,27870,,rD044,802053134,100.00,,
7.819935301,74216616,,rFF44,802027388,100.00,,
7.819935301,11433675190,,instructions,802018438,100.00,3.80,insn per cycle
7.819935301,3007571922,,cycles,802021448,100.00,,
7.920182689,33583,,rD044,801924734,100.00,,
7.920182689,71861807,,rFF44,801951030,100.00,,
7.920182689,11168032057,,instructions,801958000,100.00,3.71,insn per cycle
7.920182689,3007309882,,cycles,801958246,100.00,,
8.020444087,29536,,rD044,802085868,100.00,,
8.020444087,74216543,,rFF44,802076398,100.00,,
8.020444087,11430134409,,instructions,802083898,100.00,3.80,insn per cycle
8.020444087,3007836569,,cycles,802092382,100.00,,
8.120701375,33330,,rD044,802003577,100.00,,
8.120701375,73131054,,rFF44,802017687,100.00,,
8.120701375,11318467171,,instructions,802009737,100.00,3.76,insn per cycle
8.120701375,3007456021,,cycles,801996917,100.00,,
8.220957272,30341,,rD044,802032768,100.00,,
8.220957272,74830898,,rFF44,802014588,100.00,,
8.220957272,11524990570,,instructions,802000918,100.00,3.83,insn per cycle
8.220957272,3007504445,,cycles,802004838,100.00,,
8.321227840,32841,,rD044,802101680,100.00,,
8.321227840,72900124,,rFF44,802104998,100.00,,
8.321227840,11295907678,,instructions,802107168,100.00,3.76,insn per cycle
8.321227840,3007865643,,cycles,802105638,100.00,,
8.421486958,28621,,rD044,802054258,100.00,,
8.421486958,74713886,,rFF44,802076770,100.00,,
8.421486958,11512643473,,instructions,802096270,100.00,3.83,insn per cycle
8.421486958,3007804377,,cycles,802091665,100.00,,
8.521744856,32926,,rD044,801990918,100.00,,
8.521744856,73592280,,rFF44,801975638,100.00,,
8.521744856,11377115650,,instructions,801966018,100.00,3.78,insn per cycle
8.521744856,3007399964,,cycles,801982323,100.00,,
8.622004204,32692,,rD044,802053988,100.00,,
8.622004204,73102686,,rFF44,802045768,100.00,,
8.622004204,11317045003,,instructions,802036328,100.00,3.76,insn per cycle
8.622004204,3007559328,,cycles,802018608,100.00,,
8.722258342,28517,,rD044,801947238,100.00,,
8.722258342,74462662,,rFF44,801939348,100.00,,
8.722258342,11479743793,,instructions,801946258,100.00,3.82,insn per cycle
8.722258342,3007307204,,cycles,801956578,100.00,,
8.822513120,31498,,rD044,802055050,100.00,,
8.822513120,70133180,,rFF44,802068771,100.00,,
8.822513120,10912786240,,instructions,802064918,100.00,3.63,insn per cycle
8.822513120,3007711273,,cycles,802059358,100.00,,
8.922768617,28169,,rD044,801975418,100.00,,
8.922768617,73242767,,rFF44,801973097,100.00,,
8.922768617,11292171278,,instructions,801979260,100.00,3.75,insn per cycle
8.922768617,3007423553,,cycles,801987790,100.00,,
9.023030305,33855,,rD044,801987868,100.00,,
9.023030305,72598537,,rFF44,801985198,100.00,,
9.023030305,11260135649,,instructions,801987128,100.00,3.74,insn per cycle
9.023030305,3007229284,,cycles,801983868,100.00,,
9.123288163,28387,,rD044,802072218,100.00,,
9.123288163,74309213,,rFF44,802081328,100.00,,
9.123288163,11462662966,,instructions,802078978,100.00,3.81,insn per cycle
9.123288163,3007785370,,cycles,802078878,100.00,,
9.223547811,32299,,rD044,801984726,100.00,,
9.223547811,71831149,,rFF44,801981868,100.00,,
9.223547811,11143016720,,instructions,801971068,100.00,3.71,insn per cycle
9.223547811,3007305327,,cycles,801956698,100.00,,
9.323799639,29008,,rD044,802020512,100.00,,
9.323799639,74185388,,rFF44,802019840,100.00,,
9.323799639,11441958067,,instructions,802031251,100.00,3.80,insn per cycle
9.323799639,3007648236,,cycles,802042398,100.00,,
9.424090067,32381,,rD044,802234088,100.00,,
9.424090067,69603120,,rFF44,802235968,100.00,,
9.424090067,10879033551,,instructions,802236577,100.00,3.62,insn per cycle
9.424090067,3008306998,,cycles,802231210,100.00,,
9.524347075,27819,,rD044,802045578,100.00,,
9.524347075,73425131,,rFF44,802041128,100.00,,
9.524347075,11322622992,,instructions,802036798,100.00,3.76,insn per cycle
9.524347075,3007613936,,cycles,802033128,100.00,,
9.624601043,32208,,rD044,801963888,100.00,,
9.624601043,71089135,,rFF44,801968938,100.00,,
9.624601043,11062095049,,instructions,801969298,100.00,3.68,insn per cycle
9.624601043,3007399262,,cycles,801981428,100.00,,
9.724862481,29030,,rD044,802064788,100.00,,
9.724862481,74269316,,rFF44,802055958,100.00,,
9.724862481,11449907161,,instructions,802142298,100.00,3.81,insn per cycle
9.724862481,3008001292,,cycles,802136628,100.00,,
9.825126909,32043,,rD044,802051389,100.00,,
9.825126909,70152432,,rFF44,802071820,100.00,,
9.825126909,10953288477,,instructions,801992197,100.00,3.64,insn per cycle
9.825126909,3007529814,,cycles,802016237,100.00,,
9.925393117,28714,,rD044,802137838,100.00,,
9.925393117,74766262,,rFF44,802131347,100.00,,
9.925393117,11523527432,,instructions,802143020,100.00,3.83,insn per cycle
9.925393117,3007988544,,cycles,802133160,100.00,,
10.025658145,33254,,rD044,802041308,100.00,,
10.025658145,73777127,,rFF44,802036978,100.00,,
10.025658145,11404844494,,instructions,802026668,100.00,3.79,insn per cycle
10.025658145,3007573336,,cycles,802028128,100.00,,
10.125920832,28698,,rD044,802193858,100.00,,
10.125920832,73914676,,rFF44,802187888,100.00,,
10.125920832,11386497692,,instructions,802185148,100.00,3.79,insn per cycle
10.125920832,3008137552,,cycles,802173098,100.00,,
10.226188670,32864,,rD044,801962238,100.00,,
10.226188670,71543999,,rFF44,801963108,100.00,,
10.226188670,11107125944,,instructions,801965498,100.00,3.69,insn per cycle
10.226188670,3007391561,,cycles,801978988,100.00,,
10.326450288,28357,,rD044,802113190,100.00,,
10.326450288,74510269,,rFF44,802117467,100.00,,
10.326450288,11474287044,,instructions,802107228,100.00,3.81,insn per cycle
10.326450288,3007825030,,cycles,802089298,100.00,,
10.426711396,32255,,rD044,801982008,100.00,,
10.426711396,72680174,,rFF44,801981101,100.00,,
10.426711396,11255973608,,instructions,801989480,100.00,3.74,insn per cycle
10.426711396,3007412197,,cycles,801992051,100.00,,
10.526970414,29000,,rD044,802070838,100.00,,
10.526970414,74996464,,rFF44,802066708,100.00,,
10.526970414,11551221048,,instructions,802058268,100.00,3.84,insn per cycle
10.526970414,3007717924,,cycles,802060877,100.00,,
10.627227352,33290,,rD044,801966658,100.00,,
10.627227352,73418412,,rFF44,801965888,100.00,,
10.627227352,11365607021,,instructions,801972068,100.00,3.78,insn per cycle
10.627227352,3007354275,,cycles,801970278,100.00,,
10.727484140,29918,,rD044,802051778,100.00,,
10.727484140,74030284,,rFF44,802054308,100.00,,
10.727484140,11426334785,,instructions,802051468,100.00,3.80,insn per cycle
10.727484140,3007689603,,cycles,802053238,100.00,,
10.827742818,31202,,rD044,802008600,100.00,,
10.827742818,73328385,,rFF44,802025962,100.00,,
10.827742818,11343001086,,instructions,802017458,100.00,3.77,insn per cycle
10.827742818,3007528752,,cycles,802016378,100.00,,
10.928003875,31912,,rD044,802073798,100.00,,
10.928003875,69079594,,rFF44,802053146,100.00,,
10.928003875,10811354956,,instructions,802053700,100.00,3.59,insn per cycle
10.928003875,3007670300,,cycles,802048620,100.00,,
11.028258283,28468,,rD044,801952888,100.00,,
11.028258283,74472824,,rFF44,801947218,100.00,,
11.028258283,11479740483,,instructions,801953998,100.00,3.82,insn per cycle
11.028258283,3007347783,,cycles,801967588,100.00,,
11.128517271,33035,,rD044,802063838,100.00,,
11.128517271,72896758,,rFF44,802069248,100.00,,
11.128517271,11303101105,,instructions,802065368,100.00,3.76,insn per cycle
11.128517271,3007694783,,cycles,802055068,100.00,,
11.228773009,29078,,rD044,801976904,100.00,,
11.228773009,74593326,,rFF44,801978677,100.00,,
11.228773009,11503187046,,instructions,801993477,100.00,3.82,insn per cycle
11.228773009,3007443245,,cycles,801993887,100.00,,
11.329052257,33761,,rD044,802231813,100.00,,
11.329052257,73842802,,rFF44,802243632,100.00,,
11.329052257,11419961285,,instructions,802240658,100.00,3.80,insn per cycle
11.329052257,3008411539,,cycles,802246328,100.00,,
11.429314535,28573,,rD044,801995218,100.00,,
11.429314535,74635524,,rFF44,801985866,100.00,,
11.429314535,11513609104,,instructions,801978250,100.00,3.83,insn per cycle
11.429314535,3007362150,,cycles,801978860,100.00,,
11.529569453,32349,,rD044,802049128,100.00,,
11.529569453,70263261,,rFF44,802047898,100.00,,
11.529569453,10948166656,,instructions,802041848,100.00,3.64,insn per cycle
11.529569453,3007609257,,cycles,802032018,100.00,,
11.629824821,29486,,rD044,801966288,100.00,,
11.629824821,74293812,,rFF44,801970308,100.00,,
11.629824821,11458235474,,instructions,801984298,100.00,3.81,insn per cycle
11.629824821,3007610538,,cycles,802038058,100.00,,
11.730094609,32125,,rD044,802142278,100.00,,
11.730094609,71891184,,rFF44,802141478,100.00,,
11.730094609,11172904068,,instructions,802137958,100.00,3.71,insn per cycle
11.730094609,3007809937,,cycles,802085528,100.00,,
11.830353706,28879,,rD044,802008190,100.00,,
11.830353706,74384409,,rFF44,802005400,100.00,,
11.830353706,11470640218,,instructions,802006058,100.00,3.81,insn per cycle
11.830353706,3007506194,,cycles,802009618,100.00,,
11.930613724,31831,,rD044,802062548,100.00,,
11.930613724,70414997,,rFF44,802052438,100.00,,
11.930613724,10967611196,,instructions,802037270,100.00,3.65,insn per cycle
11.930613724,3007587336,,cycles,802026490,100.00,,
12.030866282,28236,,rD044,802011128,100.00,,
12.030866282,74133847,,rFF44,802026868,100.00,,
12.030866282,11426693742,,instructions,802101468,100.00,3.80,insn per cycle
12.030866282,3007925262,,cycles,802116388,100.00,,
12.131129680,31031,,rD044,802040028,100.00,,
12.131129680,70206490,,rFF44,802031758,100.00,,
12.131129680,10937555647,,instructions,801966398,100.00,3.64,insn per cycle
12.131129680,3007326045,,cycles,801961808,100.00,,
12.231385188,28568,,rD044,802030064,100.00,,
12.231385188,74121642,,rFF44,802029208,100.00,,
12.231385188,11420798684,,instructions,802038318,100.00,3.80,insn per cycle
12.231385188,3007597847,,cycles,802029088,100.00,,
12.331639326,33077,,rD044,801947794,100.00,,
12.331639326,74070142,,rFF44,801945640,100.00,,
12.331639326,11440380624,,instructions,801936100,100.00,3.80,insn per cycle
12.331639326,3007272076,,cycles,801948456,100.00,,
12.431897444,28211,,rD044,802074478,100.00,,
12.431897444,74219905,,rFF44,802111868,100.00,,
12.431897444,11429889721,,instructions,802108968,100.00,3.80,insn per cycle
12.431897444,3007886361,,cycles,802112502,100.00,,
12.532158311,31806,,rD044,801997078,100.00,,
12.532158311,68247655,,rFF44,801969768,100.00,,
12.532158311,10709223834,,instructions,801984968,100.00,3.56,insn per cycle
12.532158311,3007390883,,cycles,801979738,100.00,,
12.632421459,28033,,rD044,802099798,100.00,,
12.632421459,74118453,,rFF44,802087818,100.00,,
12.632421459,11413495088,,instructions,802080848,100.00,3.79,insn per cycle
12.632421459,3007816724,,cycles,802087598,100.00,,
12.732682507,31619,,rD044,802004821,100.00,,
12.732682507,68889964,,rFF44,802014308,100.00,,
12.732682507,10790187805,,instructions,802012148,100.00,3.59,insn per cycle
12.732682507,3007492125,,cycles,802005928,100.00,,
12.832943415,28529,,rD044,802077387,100.00,,
12.832943415,72906175,,rFF44,802074500,100.00,,
12.832943415,11227532010,,instructions,802075420,100.00,3.73,insn per cycle
12.832943415,3007805938,,cycles,802084646,100.00,,
12.933202843,32123,,rD044,802021377,100.00,,
12.933202843,70731471,,rFF44,802029777,100.00,,
12.933202843,11014055696,,instructions,802024067,100.00,3.66,insn per cycle
12.933202843,3007509584,,cycles,802011191,100.00,,
13.033463441,29894,,rD044,801971938,100.00,,
13.033463441,74954159,,rFF44,801971368,100.00,,
13.033463441,11544600274,,instructions,801983848,100.00,3.84,insn per cycle
13.033463441,3007292550,,cycles,801998998,100.00,,
13.133722149,32909,,rD044,802028958,100.00,,
13.133722149,72935316,,rFF44,802025378,100.00,,
13.133722149,11306278190,,instructions,802017628,100.00,3.76,insn per cycle
13.133722149,3007508123,,cycles,802010278,100.00,,
13.233982467,30430,,rD044,802048950,100.00,,
13.233982467,74314243,,rFF44,802040947,100.00,,
13.233982467,11467281406,,instructions,802048148,100.00,3.81,insn per cycle
13.233982467,3007659057,,cycles,802045838,100.00,,
13.334238104,31000,,rD044,801989448,100.00,,
13.334238104,71944059,,rFF44,801996681,100.00,,
13.334238104,11167568995,,instructions,801987130,100.00,3.71,insn per cycle
13.334238104,3007437489,,cycles,801993080,100.00,,
13.434513733,34001,,rD044,802197578,100.00,,
13.434513733,73424095,,rFF44,802194078,100.00,,
13.434513733,11354727790,,instructions,802193768,100.00,3.77,insn per cycle
13.434513733,3008185846,,cycles,802192608,100.00,,
13.534771050,28970,,rD044,801982528,100.00,,
13.534771050,75162570,,rFF44,801975538,100.00,,
13.534771050,11589096201,,instructions,801959248,100.00,3.85,insn per cycle
13.534771050,3007264473,,cycles,801945468,100.00,,
13.635022948,34031,,rD044,802008068,100.00,,
13.635022948,72891525,,rFF44,802020958,100.00,,
13.635022948,11293681499,,instructions,802045508,100.00,3.75,insn per cycle
13.635022948,3007733179,,cycles,802064998,100.00,,
13.735280986,28867,,rD044,801984499,100.00,,
13.735280986,74914338,,rFF44,801979943,100.00,,
13.735280986,11555353003,,instructions,801978367,100.00,3.84,insn per cycle
13.735280986,3007369785,,cycles,801973747,100.00,,
13.835539464,30982,,rD044,802042728,100.00,,
13.835539464,69452273,,rFF44,802034504,100.00,,
13.835539464,10842082041,,instructions,802023240,100.00,3.60,insn per cycle
13.835539464,3007540708,,cycles,802013590,100.00,,
13.935796922,29598,,rD044,802026808,100.00,,
13.935796922,74331335,,rFF44,802047968,100.00,,
13.935796922,11466120604,,instructions,802054078,100.00,3.81,insn per cycle
13.935796922,3007693360,,cycles,802060158,100.00,,
14.036061640,32747,,rD044,802112828,100.00,,
14.036061640,71597950,,rFF44,802102408,100.00,,
14.036061640,11137169221,,instructions,802105678,100.00,3.70,insn per cycle
14.036061640,3007901768,,cycles,802110268,100.00,,
14.136321638,29461,,rD044,802002067,100.00,,
14.136321638,74861077,,rFF44,802000997,100.00,,
14.136321638,11547137867,,instructions,802000187,100.00,3.84,insn per cycle
14.136321638,3007422370,,cycles,801987227,100.00,,
14.236577875,32477,,rD044,802044440,100.00,,
14.236577875,73872415,,rFF44,802042680,100.00,,
14.236577875,11414898926,,instructions,802044108,100.00,3.80,insn per cycle
14.236577875,3007681860,,cycles,802051438,100.00,,
14.336834213,28255,,rD044,801966258,100.00,,
14.336834213,74552632,,rFF44,801967968,100.00,,
14.336834213,11493219647,,instructions,801967940,100.00,3.82,insn per cycle
14.336834213,3007577389,,cycles,802029660,100.00,,
14.437113491,33220,,rD044,802214678,100.00,,
14.437113491,72674769,,rFF44,802208418,100.00,,
14.437113491,11265531299,,instructions,802198698,100.00,3.75,insn per cycle
14.437113491,3007966711,,cycles,802134378,100.00,,
14.537369159,28600,,rD044,801970498,100.00,,
14.537369159,74542583,,rFF44,801965328,100.00,,
14.537369159,11487239102,,instructions,801966108,100.00,3.82,insn per cycle
14.537369159,3007321641,,cycles,801960598,100.00,,
14.637622727,32396,,rD044,802027258,100.00,,
14.637622727,71421045,,rFF44,802031638,100.00,,
14.637622727,11084615602,,instructions,802033178,100.00,3.69,insn per cycle
14.637622727,3007622778,,cycles,802035748,100.00,,
14.737881925,28615,,rD044,802072110,100.00,,
14.737881925,74868085,,rFF44,802142542,100.00,,
14.737881925,11531658116,,instructions,802141748,100.00,3.83,insn per cycle
14.737881925,3008033712,,cycles,802145148,100.00,,
14.838149753,32524,,rD044,802057008,100.00,,
14.838149753,71703561,,rFF44,801998576,100.00,,
14.838149753,11151959642,,instructions,802014860,100.00,3.71,insn per cycle
14.838149753,3007509203,,cycles,802011440,100.00,,
14.938412901,28870,,rD044,802102488,100.00,,
14.938412901,74293781,,rFF44,802097398,100.00,,
14.938412901,11439918321,,instructions,802095038,100.00,3.80,insn per cycle
14.938412901,3007878036,,cycles,802103678,100.00,,
15.038671969,31802,,rD044,802022128,100.00,,
15.038671969,70718382,,rFF44,802031558,100.00,,
15.038671969,11028444861,,instructions,802025268,100.00,3.67,insn per cycle
15.038671969,3007572494,,cycles,802027518,100.00,,
15.138935517,28757,,rD044,802086268,100.00,,
15.138935517,73761541,,rFF44,802068878,100.00,,
15.138935517,11360857377,,instructions,802068728,100.00,3.78,insn per cycle
15.138935517,3007731910,,cycles,802064798,100.00,,
15.239188304,32270,,rD044,801957830,100.00,,
15.239188304,70650725,,rFF44,801966220,100.00,,
15.239188304,11013012126,,instructions,801962677,100.00,3.66,insn per cycle
15.239188304,3007301842,,cycles,801955958,100.00,,
15.339447032,28793,,rD044,802068988,100.00,,
15.339447032,74843582,,rFF44,802074908,100.00,,
15.339447032,11529580143,,instructions,802084901,100.00,3.83,insn per cycle
15.339447032,3007848590,,cycles,802095540,100.00,,
15.439714320,33993,,rD044,802030318,100.00,,
15.439714320,71619123,,rFF44,802021578,100.00,,
15.439714320,11132222522,,instructions,802010568,100.00,3.70,insn per cycle
15.439714320,3007453009,,cycles,802004058,100.00,,
15.539968038,32207,,rD044,802023808,100.00,,
15.539968038,72248253,,rFF44,802011818,100.00,,
15.539968038,11218657449,,instructions,802007868,100.00,3.73,insn per cycle
15.539968038,3007561417,,cycles,802018938,100.00,,
15.640222956,28781,,rD044,801978555,100.00,,
15.640222956,74543619,,rFF44,801996108,100.00,,
15.640222956,11491105912,,instructions,801995838,100.00,3.82,insn per cycle
15.640222956,3007425996,,cycles,801989768,100.00,,
15.740485344,31894,,rD044,802069433,100.00,,
15.740485344,70355844,,rFF44,802063620,100.00,,
15.740485344,10946879592,,instructions,802086112,100.00,3.64,insn per cycle
15.740485344,3007799286,,cycles,802082238,100.00,,
15.840746112,28760,,rD044,802018728,100.00,,
15.840746112,74301229,,rFF44,802010318,100.00,,
15.840746112,11456167506,,instructions,801983476,100.00,3.81,insn per cycle
15.840746112,3007370754,,cycles,801974870,100.00,,
15.941005059,31734,,rD044,802079348,100.00,,
15.941005059,68260128,,rFF44,802092608,100.00,,
15.941005059,10699069335,,instructions,802105308,100.00,3.56,insn per cycle
15.941005059,3007927613,,cycles,802116888,100.00,,
16.041264677,28482,,rD044,802029458,100.00,,
16.041264677,73961786,,rFF44,802034948,100.00,,
16.041264677,11404709283,,instructions,802024468,100.00,3.79,insn per cycle
16.041264677,3007502613,,cycles,802009148,100.00,,
16.141524935,32349,,rD044,802066104,100.00,,
16.141524935,71152473,,rFF44,802052668,100.00,,
16.141524935,11073392070,,instructions,802055378,100.00,3.68,insn per cycle
16.141524935,3007767541,,cycles,802074108,100.00,,
16.241784073,28541,,rD044,801993544,100.00,,
16.241784073,73562879,,rFF44,802007480,100.00,,
16.241784073,11345997839,,instructions,802009140,100.00,3.77,insn per cycle
16.241784073,3007488186,,cycles,802005838,100.00,,
16.342052391,31864,,rD044,802133368,100.00,,
16.342052391,70643903,,rFF44,802125698,100.00,,
16.342052391,10998094520,,instructions,802134428,100.00,3.66,insn per cycle
16.342052391,3007993730,,cycles,802134580,100.00,,
16.442315579,29213,,rD044,802003938,100.00,,
16.442315579,73625755,,rFF44,801993058,100.00,,
16.442315579,11355592393,,instructions,801985468,100.00,3.78,insn per cycle
16.442315579,3007361264,,cycles,801978848,100.00,,
16.542568107,31070,,rD044,802028738,100.00,,
16.542568107,69323288,,rFF44,802035358,100.00,,
16.542568107,10826982149,,instructions,802039568,100.00,3.60,insn per cycle
16.542568107,3007620951,,cycles,802035338,100.00,,
16.642825665,29284,,rD044,801990410,100.00,,
16.642825665,74433185,,rFF44,801992377,100.00,,
16.642825665,11481581555,,instructions,801996887,100.00,3.82,insn per cycle
16.642825665,3007632126,,cycles,802043207,100.00,,
16.743093443,31660,,rD044,802129237,100.00,,
16.743093443,69095703,,rFF44,802123460,100.00,,
16.743093443,10798987304,,instructions,802118010,100.00,3.59,insn per cycle
16.743093443,3007791474,,cycles,802080608,100.00,,
16.843349451,29069,,rD044,801968728,100.00,,
16.843349451,74665056,,rFF44,801981528,100.00,,
16.843349451,11514566394,,instructions,801982688,100.00,3.83,insn per cycle
16.843349451,3007388414,,cycles,801978740,100.00,,
16.943614238,32338,,rD044,802095638,100.00,,
16.943614238,72230863,,rFF44,802077178,100.00,,
16.943614238,11197366927,,instructions,802070788,100.00,3.72,insn per cycle
16.943614238,3007741906,,cycles,802067898,100.00,,
17.043872676,28772,,rD044,801942838,100.00,,
17.043872676,74075792,,rFF44,801988098,100.00,,
17.043872676,11419180485,,instructions,802016328,100.00,3.80,insn per cycle
17.043872676,3007359659,,cycles,802025928,100.00,,
17.144135554,32062,,rD044,802097362,100.00,,
17.144135554,71135716,,rFF44,802061888,100.00,,
17.144135554,11069760359,,instructions,802035068,100.00,3.68,insn per cycle
17.144135554,3007558717,,cycles,802018238,100.00,,
17.244391192,28517,,rD044,801967825,100.00,,
17.244391192,74336339,,rFF44,801959009,100.00,,
17.244391192,11455056022,,instructions,801951629,100.00,3.81,insn per cycle
17.244391192,3007346144,,cycles,801967642,100.00,,
17.344647160,32751,,rD044,802038678,100.00,,
17.344647160,72939174,,rFF44,802046008,100.00,,
17.344647160,11306447232,,instructions,802053838,100.00,3.76,insn per cycle
17.344647160,3007655056,,cycles,802044195,100.00,,
17.444909258,29095,,rD044,802100008,100.00,,
17.444909258,74810347,,rFF44,802116708,100.00,,
17.444909258,11522479573,,instructions,802126678,100.00,3.83,insn per cycle
17.444909258,3007964355,,cycles,802133838,100.00,,
17.545173616,32435,,rD044,802045217,100.00,,
17.545173616,73546549,,rFF44,802035787,100.00,,
17.545173616,11363036027,,instructions,802027237,100.00,3.78,insn per cycle
17.545173616,3007538495,,cycles,802018177,100.00,,
17.645434763,28427,,rD044,802069700,100.00,,
17.645434763,74683592,,rFF44,802065648,100.00,,
17.645434763,11502773083,,instructions,802062768,100.00,3.82,insn per cycle
17.645434763,3007740643,,cycles,802066978,100.00,,
17.745687501,32169,,rD044,801947848,100.00,,
17.745687501,71987746,,rFF44,801953020,100.00,,
17.745687501,11168262443,,instructions,801963720,100.00,3.71,insn per cycle
17.745687501,3007322433,,cycles,801961390,100.00,,
17.845947189,29251,,rD044,802061708,100.00,,
17.845947189,74196011,,rFF44,802046748,100.00,,
17.845947189,11429522423,,instructions,802033178,100.00,3.80,insn per cycle
17.845947189,3007634739,,cycles,802038708,100.00,,
17.946204987,32536,,rD044,801996238,100.00,,
17.946204987,71392665,,rFF44,802024058,100.00,,
17.946204987,11110568728,,instructions,802040008,100.00,3.69,insn per cycle
17.946204987,3007595780,,cycles,802034208,100.00,,
18.046466085,31917,,rD044,802084318,100.00,,
18.046466085,72865326,,rFF44,802067408,100.00,,
18.046466085,11284394463,,instructions,802060728,100.00,3.75,insn per cycle
18.046466085,3007725576,,cycles,802063218,100.00,,
18.146722833,30297,,rD044,801998630,100.00,,
18.146722833,74541085,,rFF44,802000090,100.00,,
18.146722833,11487941206,,instructions,801997538,100.00,3.82,insn per cycle
18.146722833,3007437360,,cycles,801992008,100.00,,
18.246978721,32175,,rD044,802035018,100.00,,
18.246978721,72777182,,rFF44,802030698,100.00,,
18.246978721,11265601152,,instructions,802038590,100.00,3.75,insn per cycle
18.246978721,3007671859,,cycles,802048230,100.00,,
18.347237699,29083,,rD044,801987068,100.00,,
18.347237699,73910076,,rFF44,801983998,100.00,,
18.347237699,11396061711,,instructions,801974628,100.00,3.79,insn per cycle
18.347237699,3007368145,,cycles,801974158,100.00,,
18.447494756,33537,,rD044,802034478,100.00,,
18.447494756,71806024,,rFF44,802046948,100.00,,
18.447494756,11150903432,,instructions,802043928,100.00,3.71,insn per cycle
18.447494756,3007584772,,cycles,802033678,100.00,,
18.547751554,29750,,rD044,801999085,100.00,,
18.547751554,74921804,,rFF44,801997888,100.00,,
18.547751554,11557302429,,instructions,802004948,100.00,3.84,insn per cycle
18.547751554,3007498973,,cycles,802008368,100.00,,
18.648009392,32849,,rD044,802045843,100.00,,
18.648009392,72997154,,rFF44,802030370,100.00,,
18.648009392,11317665638,,instructions,802026300,100.00,3.76,insn per cycle
18.648009392,3007645335,,cycles,802041748,100.00,,
18.748265070,29216,,rD044,801990638,100.00,,
18.748265070,73964893,,rFF44,802002618,100.00,,
18.748265070,11409453131,,instructions,802007478,100.00,3.79,insn per cycle
18.748265070,3007434453,,cycles,801991260,100.00,,
18.848521718,32876,,rD044,802047338,100.00,,
18.848521718,70678724,,rFF44,802050698,100.00,,
18.848521718,11009089833,,instructions,802039948,100.00,3.66,insn per cycle
18.848521718,3007649649,,cycles,802042438,100.00,,
18.948785486,29291,,rD044,802024257,100.00,,
18.948785486,74173400,,rFF44,802012527,100.00,,
18.948785486,11437653127,,instructions,802027007,100.00,3.80,insn per cycle
18.948785486,3007588406,,cycles,802032477,100.00,,
19.049048134,32646,,rD044,802089591,100.00,,
19.049048134,69765055,,rFF44,802094418,100.00,,
19.049048134,10901098355,,instructions,802082438,100.00,3.62,insn per cycle
19.049048134,3007754095,,cycles,802070508,100.00,,
19.149306651,28315,,rD044,802014786,100.00,,
19.149306651,74393094,,rFF44,802011749,100.00,,
19.149306651,11470403949,,instructions,802009909,100.00,3.81,insn per cycle
19.149306651,3007520139,,cycles,802013583,100.00,,
19.249560189,32572,,rD044,802028028,100.00,,
19.249560189,72419506,,rFF44,802028638,100.00,,
19.249560189,11224592295,,instructions,802038598,100.00,3.73,insn per cycle
19.249560189,3007691068,,cycles,802053674,100.00,,
19.349820927,28013,,rD044,802006968,100.00,,
19.349820927,74457274,,rFF44,802006658,100.00,,
19.349820927,11472801884,,instructions,801996218,100.00,3.81,insn per cycle
19.349820927,3007405535,,cycles,801983348,100.00,,
19.450104325,31965,,rD044,802233288,100.00,,
19.450104325,69873308,,rFF44,802232398,100.00,,
19.450104325,10917354531,,instructions,802245718,100.00,3.63,insn per cycle
19.450104325,3008430484,,cycles,802258728,100.00,,
19.550364623,28980,,rD044,802050145,100.00,,
19.550364623,74517407,,rFF44,802065538,100.00,,
19.550364623,11481348756,,instructions,802062778,100.00,3.82,insn per cycle
19.550364623,3007694262,,cycles,802059958,100.00,,
19.650626801,32638,,rD044,802081343,100.00,,
19.650626801,72421892,,rFF44,802079370,100.00,,
19.650626801,11222203231,,instructions,802078801,100.00,3.73,insn per cycle
19.650626801,3007732162,,cycles,802064578,100.00,,
19.750889209,27909,,rD044,802057988,100.00,,
19.750889209,73478532,,rFF44,802099738,100.00,,
19.750889209,11316489012,,instructions,802095857,100.00,3.76,insn per cycle
19.750889209,3007844349,,cycles,802100520,100.00,,
19.851155137,32439,,rD044,802087688,100.00,,
19.851155137,71064637,,rFF44,802037748,100.00,,
19.851155137,11068577870,,instructions,802039638,100.00,3.68,insn per cycle
19.851155137,3007663964,,cycles,802046578,100.00,,
19.951421215,29689,,rD044,802055917,100.00,,
19.951421215,74998327,,rFF44,802054717,100.00,,
19.951421215,11547719201,,instructions,802050437,100.00,3.84,insn per cycle
19.951421215,3007640818,,cycles,802045727,100.00,,
20.051680893,32367,,rD044,802104236,100.00,,
20.051680893,72181135,,rFF44,802124478,100.00,,
20.051680893,11212065072,,instructions,802133848,100.00,3.73,insn per cycle
20.051680893,3007986787,,cycles,802133028,100.00,,
20.151944911,29469,,rD044,802018852,100.00,,
20.151944911,74096963,,rFF44,801992930,100.00,,
20.151944911,11412803777,,instructions,801983165,100.00,3.79,insn per cycle
20.151944911,3007442309,,cycles,801992538,100.00,,
20.252202429,32185,,rD044,802068398,100.00,,
20.252202429,70836113,,rFF44,802083418,100.00,,
20.252202429,11041745822,,instructions,802091093,100.00,3.67,insn per cycle
20.252202429,3007786614,,cycles,802079640,100.00,,
20.352462886,30559,,rD044,802066848,100.00,,
20.352462886,73417964,,rFF44,802052128,100.00,,
20.352462886,11362769421,,instructions,802051338,100.00,3.78,insn per cycle
20.352462886,3007685267,,cycles,802052008,100.00,,
20.452722504,30438,,rD044,801981008,100.00,,
20.452722504,73333332,,rFF44,801992258,100.00,,
20.452722504,11334316970,,instructions,801996828,100.00,3.77,insn per cycle
20.452722504,3007445050,,cycles,802001338,100.00,,
20.552980342,31507,,rD044,802050894,100.00,,
20.552980342,69276338,,rFF44,802031948,100.00,,
20.552980342,10828651933,,instructions,802023428,100.00,3.60,insn per cycle
20.552980342,3007567040,,cycles,802020638,100.00,,
20.653232970,28312,,rD044,801959033,100.00,,
20.653232970,74368620,,rFF44,801977749,100.00,,
20.653232970,11464795926,,instructions,801969329,100.00,3.81,insn per cycle
20.653232970,3007349364,,cycles,801968125,100.00,,
20.753490378,32301,,rD044,802052398,100.00,,
20.753490378,71562740,,rFF44,802052928,100.00,,
20.753490378,11109537789,,instructions,802060948,100.00,3.69,insn per cycle
20.753490378,3007691941,,cycles,802054422,100.00,,
20.853745666,28432,,rD044,801977888,100.00,,
20.853745666,74063889,,rFF44,801965458,100.00,,
20.853745666,11419882962,,instructions,801968598,100.00,3.80,insn per cycle
20.853745666,3007378017,,cycles,801975438,100.00,,
20.954008124,31533,,rD044,802074818,100.00,,
20.954008124,69558084,,rFF44,802077988,100.00,,
20.954008124,10861618639,,instructions,802074808,100.00,3.61,insn per cycle
20.954008124,3007747410,,cycles,802068778,100.00,,
21.054262891,28971,,rD044,801899119,100.00,,
21.054262891,74857259,,rFF44,801905334,100.00,,
21.054262891,11546241551,,instructions,801916097,100.00,3.84,insn per cycle
21.054262891,3007038134,,cycles,801938017,100.00,,
21.154524439,32724,,rD044,802093138,100.00,,
21.154524439,71859806,,rFF44,802090533,100.00,,
21.154524439,11158968500,,instructions,802083180,100.00,3.71,insn per cycle
21.154524439,3007731147,,cycles,802064420,100.00,,
21.254781547,29702,,rD044,801986348,100.00,,
21.254781547,74533522,,rFF44,801996718,100.00,,
21.254781547,11497914198,,instructions,802002928,100.00,3.82,insn per cycle
21.254781547,3007467588,,cycles,802000038,100.00,,
21.355047745,32151,,rD044,802116828,100.00,,
21.355047745,71995811,,rFF44,802101238,100.00,,
21.355047745,11184937268,,instructions,802097538,100.00,3.72,insn per cycle
21.355047745,3007864247,,cycles,802099818,100.00,,
21.455311373,28592,,rD044,802015598,100.00,,
21.455311373,74261841,,rFF44,802010638,100.00,,
21.455311373,11452682829,,instructions,802003808,100.00,3.81,insn per cycle
21.455311373,3007456435,,cycles,802004608,100.00,,
21.555564771,32978,,rD044,802010140,100.00,,
21.555564771,71340205,,rFF44,802011751,100.00,,
21.555564771,11104682450,,instructions,802003158,100.00,3.69,insn per cycle
21.555564771,3007480672,,cycles,801998788,100.00,,
21.655818278,29219,,rD044,801983558,100.00,,
21.655818278,73987922,,rFF44,801991267,100.00,,
21.655818278,11406390911,,instructions,802004910,100.00,3.79,insn per cycle
21.655818278,3007530811,,cycles,802017010,100.00,,
21.756080467,33113,,rD044,802077178,100.00,,
21.756080467,72172270,,rFF44,802067948,100.00,,
21.756080467,11206844386,,instructions,802060758,100.00,3.73,insn per cycle
21.756080467,3007710302,,cycles,802058998,100.00,,
21.856337374,28275,,rD044,801993178,100.00,,
21.856337374,73843316,,rFF44,802001618,100.00,,
21.856337374,11379434219,,instructions,802001668,100.00,3.78,insn per cycle
21.856337374,3007454141,,cycles,801995698,100.00,,
21.956598782,30994,,rD044,802081147,100.00,,
21.956598782,67773316,,rFF44,802085048,100.00,,
21.956598782,10653035827,,instructions,802087538,100.00,3.54,insn per cycle
21.956598782,3007802012,,cycles,802083398,100.00,,
22.056850420,30095,,rD044,801940060,100.00,,
22.056850420,74162505,,rFF44,801931039,100.00,,
22.056850420,11428034367,,instructions,801963883,100.00,3.80,insn per cycle
22.056850420,3007479735,,cycles,802003067,100.00,,
22.157114858,31597,,rD044,802095278,100.00,,
22.157114858,70682135,,rFF44,802095528,100.00,,
22.157114858,11024191777,,instructions,802062074,100.00,3.67,insn per cycle
22.157114858,3007600442,,cycles,802029800,100.00,,
22.257372486,29295,,rD044,801999867,100.00,,
22.257372486,75012872,,rFF44,801993357,100.00,,
22.257372486,11554484691,,instructions,801992567,100.00,3.84,insn per cycle
22.257372486,3007450391,,cycles,801995227,100.00,,
22.357628444,31614,,rD044,802041198,100.00,,
22.357628444,70541964,,rFF44,802047368,100.00,,
22.357628444,11001394388,,instructions,802051758,100.00,3.66,insn per cycle
22.357628444,3007663106,,cycles,802046078,100.00,,
22.457892372,29106,,rD044,802041824,100.00,,
22.457892372,74597256,,rFF44,802075108,100.00,,
22.457892372,11486571797,,instructions,802080948,100.00,3.82,insn per cycle
22.457892372,3007816398,,cycles,802099608,100.00,,
22.558153749,33365,,rD044,802070324,100.00,,
22.558153749,72110988,,rFF44,802038080,100.00,,
22.558153749,11189302683,,instructions,802024810,100.00,3.72,insn per cycle
22.558153749,3007503923,,cycles,802004278,100.00,,
22.658412917,28705,,rD044,802003468,100.00,,
22.658412917,74134810,,rFF44,802014118,100.00,,
22.658412917,11420465895,,instructions,802032368,100.00,3.80,insn per cycle
22.658412917,3007611931,,cycles,802038180,100.00,,
22.758670425,32984,,rD044,802046958,100.00,,
22.758670425,70469221,,rFF44,802046268,100.00,,
22.758670425,10993857715,,instructions,802039328,100.00,3.66,insn per cycle
22.758670425,3007625121,,cycles,802036668,100.00,,
22.858932873,28794,,rD044,802025387,100.00,,
22.858932873,75069085,,rFF44,802012087,100.00,,
22.858932873,11565279460,,instructions,802007587,100.00,3.85,insn per cycle
22.858932873,3007507317,,cycles,802010107,100.00,,
22.959195731,32736,,rD044,802104393,100.00,,
22.959195731,71926933,,rFF44,802117608,100.00,,
22.959195731,11178728707,,instructions,802117118,100.00,3.72,insn per cycle
22.959195731,3007928113,,cycles,802117238,100.00,,
23.059451449,32274,,rD044,802030715,100.00,,
23.059451449,71655710,,rFF44,802030820,100.00,,
23.059451449,11115717068,,instructions,802039150,100.00,3.70,insn per cycle
23.059451449,3007635099,,cycles,802038835,100.00,,
23.159708367,28433,,rD044,801993628,100.00,,
23.159708367,74086204,,rFF44,801993478,100.00,,
23.159708367,11418699991,,instructions,801981698,100.00,3.80,insn per cycle
23.159708367,3007397618,,cycles,801981103,100.00,,
23.259964765,30993,,rD044,802027848,100.00,,
23.259964765,67782317,,rFF44,802013568,100.00,,
23.259964765,10614757071,,instructions,802021018,100.00,3.53,insn per cycle
23.259964765,3007554979,,cycles,802017278,100.00,,
23.360216352,28350,,rD044,801946258,100.00,,
23.360216352,74739701,,rFF44,801946888,100.00,,
23.360216352,11522667377,,instructions,801939638,100.00,3.83,insn per cycle
23.360216352,3007303456,,cycles,801956138,100.00,,
23.460482190,32454,,rD044,802096460,100.00,,
23.460482190,71311967,,rFF44,802102974,100.00,,
23.460482190,11094746550,,instructions,802100548,100.00,3.69,insn per cycle
23.460482190,3007765903,,cycles,802080618,100.00,,
23.560734108,29877,,rD044,801966308,100.00,,
23.560734108,74459605,,rFF44,801977334,100.00,,
23.560734108,11482139583,,instructions,801984390,100.00,3.82,insn per cycle
23.560734108,3007418437,,cycles,801987730,100.00,,
23.660995456,32953,,rD044,802084218,100.00,,
23.660995456,72491439,,rFF44,802067738,100.00,,
23.660995456,11244075221,,instructions,802053108,100.00,3.74,insn per cycle
23.660995456,3007692170,,cycles,802054128,100.00,,
23.761249294,28726,,rD044,801948937,100.00,,
23.761249294,74391298,,rFF44,801959387,100.00,,
23.761249294,11475787117,,instructions,801972227,100.00,3.82,insn per cycle
23.761249294,3007395686,,cycles,801980837,100.00,,
23.861506742,33079,,rD044,802062246,100.00,,
23.861506742,72705351,,rFF44,802057168,100.00,,
23.861506742,11261502184,,instructions,802056018,100.00,3.74,insn per cycle
23.861506742,3007695871,,cycles,802055268,100.00,,
23.961769679,29996,,rD044,802035892,100.00,,
23.961769679,74280349,,rFF44,802044980,100.00,,
23.961769679,11458139021,,instructions,802044435,100.00,3.81,insn per cycle
23.961769679,3007621280,,cycles,802040928,100.00,,
24.062035317,30793,,rD044,802101148,100.00,,
24.062035317,68733476,,rFF44,802081788,100.00,,
24.062035317,10761197670,,instructions,802081223,100.00,3.58,insn per cycle
24.062035317,3007756119,,cycles,802071130,100.00,,
24.162286945,28671,,rD044,801957698,100.00,,
24.162286945,74326309,,rFF44,801964868,100.00,,
24.162286945,11461949341,,instructions,801969908,100.00,3.81,insn per cycle
24.162286945,3007432111,,cycles,801990528,100.00,,
24.262542943,32287,,rD044,802052388,100.00,,
24.262542943,73183204,,rFF44,802054308,100.00,,
24.262542943,11335513133,,instructions,802034488,100.00,3.77,insn per cycle
24.262542943,3007552239,,cycles,802016648,100.00,,
24.362797061,28037,,rD044,801949601,100.00,,
24.362797061,74802224,,rFF44,801953248,100.00,,
24.362797061,11529072274,,instructions,801966918,100.00,3.83,insn per cycle
24.362797061,3007334904,,cycles,801964808,100.00,,
24.463069739,32686,,rD044,802154227,100.00,,
24.463069739,72786579,,rFF44,802152870,100.00,,
24.463069739,11272472380,,instructions,802160021,100.00,3.75,insn per cycle
24.463069739,3008070542,,cycles,802161508,100.00,,
24.563324787,28795,,rD044,801980948,100.00,,
24.563324787,74462660,,rFF44,801983168,100.00,,
24.563324787,11471964644,,instructions,801972757,100.00,3.81,insn per cycle
24.563324787,3007386537,,cycles,801978650,100.00,,
24.663580324,33591,,rD044,802033728,100.00,,
24.663580324,72828318,,rFF44,802027898,100.00,,
24.663580324,11278749869,,instructions,802038768,100.00,3.75,insn per cycle
24.663580324,3007685381,,cycles,802052348,100.00,,
24.763839402,28038,,rD044,802000248,100.00,,
24.763839402,74493353,,rFF44,801999298,100.00,,
24.763839402,11473705299,,instructions,801998178,100.00,3.81,insn per cycle
24.763839402,3007715898,,cycles,802066128,100.00,,
24.864105130,32605,,rD044,802117491,100.00,,
24.864105130,71958771,,rFF44,802127988,100.00,,
24.864105130,11169252519,,instructions,802135788,100.00,3.71,insn per cycle
24.864105130,3007711339,,cycles,802059008,100.00,,
24.964375608,29205,,rD044,802099227,100.00,,
24.964375608,74660577,,rFF44,802096580,100.00,,
24.964375608,11496255357,,instructions,802085361,100.00,3.82,insn per cycle
24.964375608,3007752010,,cycles,802075778,100.00,,
25.064631076,33469,,rD044,801948778,100.00,,
25.064631076,71769271,,rFF44,801950588,100.00,,
25.064631076,11166002174,,instructions,801950367,100.00,3.71,insn per cycle
25.064631076,3007144567,,cycles,801960460,100.00,,
25.164890334,29093,,rD044,802020227,100.00,,
25.164890334,73858470,,rFF44,802077107,100.00,,
25.164890334,11377626305,,instructions,802088607,100.00,3.78,insn per cycle
25.164890334,3007828333,,cycles,802096997,100.00,,
25.265159242,32267,,rD044,802144518,100.00,,
25.265159242,70101002,,rFF44,802090078,100.00,,
25.265159242,10947770778,,instructions,802091898,100.00,3.64,insn per cycle
25.265159242,3007792912,,cycles,802081208,100.00,,
25.365418130,29751,,rD044,801982633,100.00,,
25.365418130,72500938,,rFF44,801979358,100.00,,
25.365418130,11246511302,,instructions,801968308,100.00,3.74,insn per cycle
25.365418130,3007336354,,cycles,801965558,100.00,,
25.465678978,30209,,rD044,802072854,100.00,,
25.465678978,74230291,,rFF44,802068699,100.00,,
25.465678978,11457462893,,instructions,802065459,100.00,3.81,insn per cycle
25.465678978,3007736214,,cycles,802072276,100.00,,
25.565941916,32787,,rD044,802021778,100.00,,
25.565941916,73300094,,rFF44,802020958,100.00,,
25.565941916,11337507798,,instructions,802020468,100.00,3.77,insn per cycle
25.565941916,3007516196,,cycles,802012401,100.00,,
25.666195523,29020,,rD044,802025228,100.00,,
25.666195523,74768157,,rFF44,802014878,100.00,,
25.666195523,11529214463,,instructions,802015088,100.00,3.83,insn per cycle
25.666195523,3007554589,,cycles,802017418,100.00,,
25.766449121,32669,,rD044,801967318,100.00,,
25.766449121,72216295,,rFF44,801972708,100.00,,
25.766449121,11209088151,,instructions,801968578,100.00,3.73,insn per cycle
25.766449121,3007337710,,cycles,801965498,100.00,,
25.866704069,27641,,rD044,802028400,100.00,,
25.866704069,74027966,,rFF44,802040225,100.00,,
25.866704069,11418705607,,instructions,802059308,100.00,3.80,insn per cycle
25.866704069,3007710569,,cycles,802058958,100.00,,
25.966968327,33184,,rD044,802103158,100.00,,
25.966968327,72151489,,rFF44,802093843,100.00,,
25.966968327,11186160815,,instructions,802079570,100.00,3.72,insn per cycle
25.966968327,3007789705,,cycles,802080790,100.00,,
26.067222955,28373,,rD044,801986738,100.00,,
26.067222955,74309819,,rFF44,801990858,100.00,,
26.067222955,11461990879,,instructions,801998548,100.00,3.81,insn per cycle
26.067222955,3007474397,,cycles,802001328,100.00,,
26.167480763,31852,,rD044,802034278,100.00,,
26.167480763,71620882,,rFF44,802028878,100.00,,
26.167480763,11136246504,,instructions,802025888,100.00,3.70,insn per cycle
26.167480763,3007586713,,cycles,802026098,100.00,,
26.267737811,28697,,rD044,802002838,100.00,,
26.267737811,74045710,,rFF44,802008398,100.00,,
26.267737811,11416950183,,instructions,802017278,100.00,3.80,insn per cycle
26.267737811,3007530741,,cycles,802016618,100.00,,
26.367994388,33162,,rD044,802028900,100.00,,
26.367994388,71802904,,rFF44,802012580,100.00,,
26.367994388,11149674154,,instructions,801991014,100.00,3.71,insn per cycle
26.367994388,3007427875,,cycles,801983758,100.00,,
26.468247576,28743,,rD044,801966828,100.00,,
26.468247576,74841009,,rFF44,801982048,100.00,,
26.468247576,11536279222,,instructions,801989584,100.00,3.84,insn per cycle
26.468247576,3007399332,,cycles,801988390,100.00,,
26.568503474,31834,,rD044,802042948,100.00,,
26.568503474,70404812,,rFF44,802045148,100.00,,
26.568503474,10981809917,,instructions,802041978,100.00,3.65,insn per cycle
26.568503474,3007660422,,cycles,802045528,100.00,,
26.668759432,29352,,rD044,801955688,100.00,,
26.668759432,74804680,,rFF44,801956528,100.00,,
26.668759432,11526898600,,instructions,801960628,100.00,3.83,insn per cycle
26.668759432,3007327213,,cycles,801962098,100.00,,
26.769011910,33604,,rD044,802016860,100.00,,
26.769011910,74649616,,rFF44,802012268,100.00,,
26.769011910,11516947742,,instructions,802015868,100.00,3.83,insn per cycle
26.769011910,3007542385,,cycles,802014388,100.00,,
26.869267428,28240,,rD044,801971617,100.00,,
26.869267428,74561522,,rFF44,801974699,100.00,,
26.869267428,11483315420,,instructions,801982199,100.00,3.82,insn per cycle
26.869267428,3007413815,,cycles,801985800,100.00,,
26.969522785,32698,,rD044,802046148,100.00,,
26.969522785,71937067,,rFF44,802053778,100.00,,
26.969522785,11179422201,,instructions,802058808,100.00,3.72,insn per cycle
26.969522785,3007728788,,cycles,802063887,100.00,,
27.069788113,28822,,rD044,802037698,100.00,,
27.069788113,73769515,,rFF44,802036078,100.00,,
27.069788113,11361506825,,instructions,802022318,100.00,3.78,insn per cycle
27.069788113,3007513111,,cycles,802011998,100.00,,
27.170055821,31707,,rD044,802129188,100.00,,
27.170055821,69674648,,rFF44,802121918,100.00,,
27.170055821,10883903474,,instructions,802117148,100.00,3.62,insn per cycle
27.170055821,3007929637,,cycles,802117448,100.00,,
27.270311639,29339,,rD044,801972740,100.00,,
27.270311639,74377844,,rFF44,801968205,100.00,,
27.270311639,11457262969,,instructions,801984568,100.00,3.81,insn per cycle
27.270311639,3007484055,,cycles,802003938,100.00,,
27.370569967,32155,,rD044,802062958,100.00,,
27.370569967,72212357,,rFF44,802070373,100.00,,
27.370569967,11209342793,,instructions,802061870,100.00,3.73,insn per cycle
27.370569967,3007679945,,cycles,802051120,100.00,,
27.470827565,29905,,rD044,801987058,100.00,,
27.470827565,73978392,,rFF44,801997718,100.00,,
27.470827565,11426228081,,instructions,802005148,100.00,3.80,insn per cycle
27.470827565,3007623957,,cycles,802049418,100.00,,
27.571096043,31412,,rD044,802140318,100.00,,
27.571096043,71882281,,rFF44,802125218,100.00,,
27.571096043,11160860048,,instructions,802128068,100.00,3.71,insn per cycle
27.571096043,3007829626,,cycles,802090608,100.00,,
27.671359671,32095,,rD044,802023868,100.00,,
27.671359671,70812263,,rFF44,802029288,100.00,,
27.671359671,11016581284,,instructions,802019438,100.00,3.66,insn per cycle
27.671359671,3007502787,,cycles,802009718,100.00,,
27.771617639,30259,,rD044,802070790,100.00,,
27.771617639,74467405,,rFF44,802062875,100.00,,
27.771617639,11479295293,,instructions,802052748,100.00,3.82,insn per cycle
27.771617639,3007694364,,cycles,802054598,100.00,,
27.871873576,32821,,rD044,801961808,100.00,,
27.871873576,71638595,,rFF44,801992113,100.00,,
27.871873576,11129247863,,instructions,802029730,100.00,3.70,insn per cycle
27.871873576,3007551271,,cycles,802021920,100.00,,
27.972131994,28517,,rD044,802073638,100.00,,
27.972131994,74452481,,rFF44,802055918,100.00,,
27.972131994,11480462021,,instructions,802028278,100.00,3.82,insn per cycle
27.972131994,3007669670,,cycles,802048108,100.00,,
28.072393692,33765,,rD044,802034188,100.00,,
28.072393692,72140818,,rFF44,802032118,100.00,,
28.072393692,11202867272,,instructions,802029688,100.00,3.72,insn per cycle
28.072393692,3007505731,,cycles,802010258,100.00,,
28.172649030,29693,,rD044,802027877,100.00,,
28.172649030,74690350,,rFF44,802022658,100.00,,
28.172649030,11521670138,,instructions,802030678,100.00,3.83,insn per cycle
28.172649030,3007635450,,cycles,802040538,100.00,,
28.272910428,31814,,rD044,802055990,100.00,,
28.272910428,70533524,,rFF44,802072640,100.00,,
28.272910428,10993210854,,instructions,802066427,100.00,3.66,insn per cycle
28.272910428,3007702898,,cycles,802062347,100.00,,
28.373175916,28782,,rD044,802080858,100.00,,
28.373175916,74283299,,rFF44,802054797,100.00,,
28.373175916,11457816878,,instructions,802046860,100.00,3.81,insn per cycle
28.373175916,3007659920,,cycles,802045680,100.00,,
28.473431634,33000,,rD044,801966657,100.00,,
28.473431634,72242823,,rFF44,801973907,100.00,,
28.473431634,11207986561,,instructions,801974297,100.00,3.73,insn per cycle
28.473431634,3007326884,,cycles,801969237,100.00,,
28.573690322,30389,,rD044,802065398,100.00,,
28.573690322,74465822,,rFF44,802064618,100.00,,
28.573690322,11482929413,,instructions,802072308,100.00,3.82,insn per cycle
28.573690322,3007815794,,cycles,802086758,100.00,,
28.673944649,33477,,rD044,802012045,100.00,,
28.673944649,73793626,,rFF44,801999858,100.00,,
28.673944649,11419040659,,instructions,801987258,100.00,3.80,insn per cycle
28.673944649,3007376201,,cycles,801970848,100.00,,
28.774200767,28810,,rD044,802008383,100.00,,
28.774200767,74842374,,rFF44,802027200,100.00,,
28.774200767,11534751254,,instructions,802044811,100.00,3.84,insn per cycle
28.774200767,3007692743,,cycles,802060598,100.00,,
28.874458925,33440,,rD044,802043908,100.00,,
28.874458925,74755885,,rFF44,802034418,100.00,,
28.874458925,11538624109,,instructions,802029647,100.00,3.84,insn per cycle
28.874458925,3007572849,,cycles,802022050,100.00,,
28.974716963,29615,,rD044,801989538,100.00,,
28.974716963,74431272,,rFF44,801988558,100.00,,
28.974716963,11465915276,,instructions,801989218,100.00,3.81,insn per cycle
28.974716963,3007433144,,cycles,801990438,100.00,,
29.074976421,32474,,rD044,802004758,100.00,,
29.074976421,71898893,,rFF44,802021988,100.00,,
29.074976421,11169525829,,instructions,802021318,100.00,3.71,insn per cycle
29.074976421,3007361190,,cycles,802018198,100.00,,
29.175235189,28119,,rD044,801987410,100.00,,
29.175235189,74810559,,rFF44,801975908,100.00,,
29.175235189,11520922000,,instructions,801974438,100.00,3.83,insn per cycle
29.175235189,3007390137,,cycles,801978968,100.00,,
29.275492866,32761,,rD044,802057228,100.00,,
29.275492866,72306975,,rFF44,802056970,100.00,,
29.275492866,11211366864,,instructions,802048400,100.00,3.73,insn per cycle
29.275492866,3007634006,,cycles,802038991,100.00,,
29.375749054,28069,,rD044,801976868,100.00,,
29.375749054,73541938,,rFF44,801979598,100.00,,
29.375749054,11328108490,,instructions,801989228,100.00,3.77,insn per cycle
29.375749054,3007455934,,cycles,801996917,100.00,,
29.476007872,31382,,rD044,802042168,100.00,,
29.476007872,71451959,,rFF44,802051928,100.00,,
29.476007872,11099630329,,instructions,802058038,100.00,3.69,insn per cycle
29.476007872,3007685750,,cycles,802058778,100.00,,
29.576274210,27907,,rD044,802053958,100.00,,
29.576274210,74070218,,rFF44,802055508,100.00,,
29.576274210,11420058300,,instructions,802058848,100.00,3.80,insn per cycle
29.576274210,3007742384,,cycles,802072578,100.00,,
29.676537698,32100,,rD044,802101540,100.00,,
29.676537698,72892199,,rFF44,802095068,100.00,,
29.676537698,11291082632,,instructions,802076168,100.00,3.75,insn per cycle
29.676537698,3007703132,,cycles,802057148,100.00,,
29.776797936,41799,,rD044,800345131,100.00,,
29.776797936,68097583,,rFF44,800279183,100.00,,
29.776797936,10675229328,,instructions,800240123,100.00,3.56,insn per cycle
29.776797936,3000687261,,cycles,800206893,100.00,,
29.793197160,179614,,rD044,109734451,100.00,,
29.793197160,1512964,,rFF44,109570361,100.00,,
29.793197160,341645132,,instructions,109443171,100.00,0.83,insn per cycle
29.793197160,409820263,,cycles,109309951,100.00,,
