0.100136807,10367,,rD044,96077365,100.00,,
0.100136807,25195472,,rFF44,96082665,100.00,,
0.100136807,540684587,,instructions,96087395,100.00,1.52,insn per cycle
0.100136807,356651915,,cycles,96092155,100.00,,
0.200405026,909,,rD044,100264665,100.00,,
0.200405026,27440157,,rFF44,100265275,100.00,,
0.200405026,577943482,,instructions,100265015,100.00,1.54,insn per cycle
0.200405026,375992203,,cycles,100265015,100.00,,
0.300608865,928,,rD044,100202855,100.00,,
0.300608865,31396565,,rFF44,100202755,100.00,,
0.300608865,392543433,,instructions,100203075,100.00,1.04,insn per cycle
0.300608865,375757509,,cycles,100202535,100.00,,
0.400804433,403,,rD044,100179274,100.00,,
0.400804433,38715933,,rFF44,100179235,100.00,,
0.400804433,47876745,,instructions,100178995,100.00,0.13,insn per cycle
0.400804433,375651920,,cycles,100179725,100.00,,
0.501955232,16724779,,rD044,6798996791,100.00,,
0.501955232,250289990,,rFF44,8041518989,100.00,,
0.501955232,42004762295,,instructions,8551825658,100.00,1.25,insn per cycle
0.501955232,33530087384,,cycles,8943846798,100.00,,
0.627958062,41498014,,rD044,15975277667,100.00,,
0.627958062,441377970,,rFF44,15241789658,100.00,,
0.627958062,75806619981,,instructions,15090496993,100.00,1.34,insn per cycle
0.627958062,56405182331,,cycles,15042057586,100.00,,
0.744488030,42262236,,rD044,14901824122,100.00,,
0.744488030,423314915,,rFF44,14889928429,100.00,,
0.744488030,74406812995,,instructions,14920383478,100.00,1.33,insn per cycle
0.744488030,56128651260,,cycles,14968456578,100.00,,
0.862092461,44952720,,rD044,14876283038,100.00,,
0.862092461,423902673,,rFF44,14779135478,100.00,,
0.862092461,73658710739,,instructions,14757128281,100.00,1.33,insn per cycle
0.862092461,55240640710,,cycles,14731236669,100.00,,
0.976389524,44864985,,rD044,14676958933,100.00,,
0.976389524,421043031,,rFF44,14670359208,100.00,,
0.976389524,73235866730,,instructions,14677160614,100.00,1.33,insn per cycle
0.976389524,55022752014,,cycles,14674433280,100.00,,
1.091559107,44854812,,rD044,14737454446,100.00,,
1.091559107,424157357,,rFF44,14788439165,100.00,,
1.091559107,73794598413,,instructions,14789275327,100.00,1.33,insn per cycle
1.091559107,55475873726,,cycles,14793656530,100.00,,
1.207155385,45059175,,rD044,14749214666,100.00,,
1.207155385,422062874,,rFF44,14726662377,100.00,,
1.207155385,73415622490,,instructions,14726732687,100.00,1.33,insn per cycle
1.207155385,55244509267,,cycles,14731975577,100.00,,
1.322198206,44594329,,rD044,14739447583,100.00,,
1.322198206,421481296,,rFF44,14729215094,100.00,,
1.322198206,73340480908,,instructions,14722184893,100.00,1.33,insn per cycle
1.322198206,55182791849,,cycles,14715870944,100.00,,
1.437872345,45227899,,rD044,14787800683,100.00,,
1.437872345,423035057,,rFF44,14770842133,100.00,,
1.437872345,73665002251,,instructions,14777972885,100.00,1.33,insn per cycle
1.437872345,55442784738,,cycles,14784952699,100.00,,
1.552425870,45338063,,rD044,14717897784,100.00,,
1.552425870,423675472,,rFF44,14756625633,100.00,,
1.552425870,73515150387,,instructions,14748480026,100.00,1.33,insn per cycle
1.552425870,55319832067,,cycles,14752138876,100.00,,
1.667772545,45302794,,rD044,14834524294,100.00,,
1.667772545,423212022,,rFF44,14813752201,100.00,,
1.667772545,73737178267,,instructions,14804328991,100.00,1.33,insn per cycle
1.667772545,55456381470,,cycles,14788831795,100.00,,
1.783669966,44306440,,rD044,14684240040,100.00,,
1.783669966,421044860,,rFF44,14659274406,100.00,,
1.783669966,73141814086,,instructions,14665663921,100.00,1.33,insn per cycle
1.783669966,54932901587,,cycles,14649122281,100.00,,
1.898030980,44969450,,rD044,14715309672,100.00,,
1.898030980,423050428,,rFF44,14736056247,100.00,,
1.898030980,73615657328,,instructions,14744306761,100.00,1.33,insn per cycle
1.898030980,55409741896,,cycles,14776054461,100.00,,
2.013502026,45046280,,rD044,14718958377,100.00,,
2.013502026,421359751,,rFF44,14689098649,100.00,,
2.013502026,73190652439,,instructions,14678172280,100.00,1.33,insn per cycle
2.013502026,54992681175,,cycles,14664899320,100.00,,
2.127768378,44376763,,rD044,14698022697,100.00,,
2.127768378,422061881,,rFF44,14725129777,100.00,,
2.127768378,73341043823,,instructions,14714506195,100.00,1.33,insn per cycle
2.127768378,55169472865,,cycles,14711953704,100.00,,
2.243716680,45040598,,rD044,14771317402,100.00,,
2.243716680,422520826,,rFF44,14734775955,100.00,,
2.243716680,73476907246,,instructions,14735064299,100.00,1.33,insn per cycle
2.243716680,55309565973,,cycles,14749696368,100.00,,
2.358556899,44736892,,rD044,14739041812,100.00,,
2.358556899,423058273,,rFF44,14783877499,100.00,,
2.358556899,73744670406,,instructions,14787956147,100.00,1.33,insn per cycle
2.358556899,55383097729,,cycles,14770829945,100.00,,
2.473240656,43346509,,rD044,14685839940,100.00,,
2.473240656,422667867,,rFF44,14671877811,100.00,,
2.473240656,73399020826,,instructions,14670040003,100.00,1.33,insn per cycle
2.473240656,55013783101,,cycles,14670748075,100.00,,
2.587979614,44212457,,rD044,14706087543,100.00,,
2.587979614,423302117,,rFF44,14737928549,100.00,,
2.587979614,73780358598,,instructions,14769694942,100.00,1.33,insn per cycle
2.587979614,55423233846,,cycles,14779952234,100.00,,
2.703680403,44996805,,rD044,14789460664,100.00,,
2.703680403,423458905,,rFF44,14787143006,100.00,,
2.703680403,73725780374,,instructions,14785984111,100.00,1.33,insn per cycle
2.703680403,55436646290,,cycles,14783789980,100.00,,
2.819185760,44877599,,rD044,14736827135,100.00,,
2.819185760,421904002,,rFF44,14712684946,100.00,,
2.819185760,73428947225,,instructions,14718063583,100.00,1.33,insn per cycle
2.819185760,55230399319,,cycles,14728282268,100.00,,
2.934342173,45039329,,rD044,14738654074,100.00,,
2.934342173,423194139,,rFF44,14742976866,100.00,,
2.934342173,73481174235,,instructions,14724759616,100.00,1.33,insn per cycle
2.934342173,55165532320,,cycles,14710936650,100.00,,
3.049306673,44714415,,rD044,14717655603,100.00,,
3.049306673,422144664,,rFF44,14711931944,100.00,,
3.049306673,73437711297,,instructions,14719395697,100.00,1.33,insn per cycle
3.049306673,55207708540,,cycles,14722171112,100.00,,
3.164371445,44828051,,rD044,14697414981,100.00,,
3.164371445,422177444,,rFF44,14690423977,100.00,,
3.164371445,73258801492,,instructions,14684748484,100.00,1.33,insn per cycle
3.164371445,55054241371,,cycles,14681203248,100.00,,
3.278915020,44432678,,rD044,14723005922,100.00,,
3.278915020,422049556,,rFF44,14726947067,100.00,,
3.278915020,73324261152,,instructions,14701279274,100.00,1.33,insn per cycle
3.278915020,55122173094,,cycles,14701099392,100.00,,
3.393395795,44707625,,rD044,14693950277,100.00,,
3.393395795,422784274,,rFF44,14738301994,100.00,,
3.393395795,73693560505,,instructions,14774139228,100.00,1.33,insn per cycle
3.393395795,55465921149,,cycles,14791513502,100.00,,
3.509412948,44793867,,rD044,14815366367,100.00,,
3.509412948,422724557,,rFF44,14801136360,100.00,,
3.509412948,73704659332,,instructions,14805964119,100.00,1.33,insn per cycle
3.509412948,55581228936,,cycles,14823679224,100.00,,
3.626585654,44972938,,rD044,14876228199,100.00,,
3.626585654,425305879,,rFF44,14862164660,100.00,,
3.626585654,74130359594,,instructions,14870855915,100.00,1.33,insn per cycle
3.626585654,55689640566,,cycles,14851190112,100.00,,
3.742812149,44264912,,rD044,14875282620,100.00,,
3.742812149,423354869,,rFF44,14880450827,100.00,,
3.742812149,74003360098,,instructions,14873937794,100.00,1.33,insn per cycle
3.742812149,55806341331,,cycles,14885583766,100.00,,
3.857358480,43618057,,rD044,14669382388,100.00,,
3.857358480,420972753,,rFF44,14641587552,100.00,,
3.857358480,73031452480,,instructions,14624516957,100.00,1.33,insn per cycle
3.857358480,54719923233,,cycles,14592116014,100.00,,
3.971902165,44466477,,rD044,14689131885,100.00,,
3.971902165,421408128,,rFF44,14696444468,100.00,,
3.971902165,73354222666,,instructions,14701087383,100.00,1.33,insn per cycle
3.971902165,55208193279,,cycles,14722410806,100.00,,
4.086534081,44494905,,rD044,14701919565,100.00,,
4.086534081,422575210,,rFF44,14705415154,100.00,,
4.086534081,73563181025,,instructions,14737365469,100.00,1.33,insn per cycle
4.086534081,55311145694,,cycles,14750637973,100.00,,
4.202224332,44826495,,rD044,14764363427,100.00,,
4.202224332,423313469,,rFF44,14766643308,100.00,,
4.202224332,73491144948,,instructions,14742492300,100.00,1.33,insn per cycle
4.202224332,55165147970,,cycles,14710928240,100.00,,
4.316989901,45301443,,rD044,14742954523,100.00,,
4.316989901,421768477,,rFF44,14724763335,100.00,,
4.316989901,73198341299,,instructions,14691452004,100.00,1.33,insn per cycle
4.316989901,55069918786,,cycles,14686703138,100.00,,
4.431643197,44828810,,rD044,14689235566,100.00,,
4.431643197,422241189,,rFF44,14709766336,100.00,,
4.431643197,73415034215,,instructions,14715100819,100.00,1.33,insn per cycle
4.431643197,55210060076,,cycles,14723011120,100.00,,
4.546663999,45735640,,rD044,14740740624,100.00,,
4.546663999,422818390,,rFF44,14751817214,100.00,,
4.546663999,73685298137,,instructions,14785659772,100.00,1.33,insn per cycle
4.546663999,55556464836,,cycles,14815210573,100.00,,
4.662693635,45043866,,rD044,14794195148,100.00,,
4.662693635,423565745,,rFF44,14771961755,100.00,,
4.662693635,73505265601,,instructions,14735507337,100.00,1.33,insn per cycle
4.662693635,55077293237,,cycles,14688205569,100.00,,
4.776933976,44849402,,rD044,14670839939,100.00,,
4.776933976,421011783,,rFF44,14671088889,100.00,,
4.776933976,73133118076,,instructions,14668457209,100.00,1.33,insn per cycle
4.776933976,55021039050,,cycles,14672661045,100.00,,
4.891917337,44536064,,rD044,14738652510,100.00,,
4.891917337,422717421,,rFF44,14751612175,100.00,,
4.891917337,73557054720,,instructions,14755672304,100.00,1.33,insn per cycle
4.891917337,55430935204,,cycles,14781706984,100.00,,
5.007532387,45014044,,rD044,14762919282,100.00,,
5.007532387,423530645,,rFF44,14768532248,100.00,,
5.007532387,73767885218,,instructions,14789511848,100.00,1.33,insn per cycle
5.007532387,55440270825,,cycles,14784159841,100.00,,
5.122854783,44963103,,rD044,14742268251,100.00,,
5.122854783,421678645,,rFF44,14715660104,100.00,,
5.122854783,73301603668,,instructions,14707583403,100.00,1.33,insn per cycle
5.122854783,55168324039,,cycles,14711814055,100.00,,
5.237641712,45155057,,rD044,14709330303,100.00,,
5.237641712,422263363,,rFF44,14723973650,100.00,,
5.237641712,73270332596,,instructions,14696638011,100.00,1.33,insn per cycle
5.237641712,55007377155,,cycles,14669016435,100.00,,
5.352499161,45286274,,rD044,14720700488,100.00,,
5.352499161,422270824,,rFF44,14722077823,100.00,,
5.352499161,73482309787,,instructions,14736638640,100.00,1.33,insn per cycle
5.352499161,55314431949,,cycles,14751007931,100.00,,
5.467544183,45333848,,rD044,14741084326,100.00,,
5.467544183,423242642,,rFF44,14750027200,100.00,,
5.467544183,73630864307,,instructions,14754140262,100.00,1.33,insn per cycle
5.467544183,55310749893,,cycles,14749970160,100.00,,
5.582863339,44940952,,rD044,14762175174,100.00,,
5.582863339,423501974,,rFF44,14766175974,100.00,,
5.582863339,73638228210,,instructions,14760437116,100.00,1.33,insn per cycle
5.582863339,55315121739,,cycles,14750846011,100.00,,
5.697737599,44899132,,rD044,14710365793,100.00,,
5.697737599,422561124,,rFF44,14737680709,100.00,,
5.697737599,73536438892,,instructions,14749566405,100.00,1.33,insn per cycle
5.697737599,55319431093,,cycles,14752059578,100.00,,
5.813593552,44812781,,rD044,14762005807,100.00,,
5.813593552,421972390,,rFF44,14723453110,100.00,,
5.813593552,73343579338,,instructions,14706952762,100.00,1.33,insn per cycle
5.813593552,55161988337,,cycles,14710139856,100.00,,
5.928354100,44809670,,rD044,14728237962,100.00,,
5.928354100,422208748,,rFF44,14724158241,100.00,,
5.928354100,73464607738,,instructions,14730455883,100.00,1.33,insn per cycle
5.928354100,55240457977,,cycles,14730862213,100.00,,
6.043391982,44530999,,rD044,14720744980,100.00,,
6.043391982,423095375,,rFF44,14747810571,100.00,,
6.043391982,73732307104,,instructions,14781592220,100.00,1.33,insn per cycle
6.043391982,55468017374,,cycles,14791701792,100.00,,
6.158814660,45156657,,rD044,14761840841,100.00,,
6.158814660,422419959,,rFF44,14721315936,100.00,,
6.158814660,73271532137,,instructions,14686487982,100.00,1.33,insn per cycle
6.158814660,55067356119,,cycles,14684925485,100.00,,
6.273518297,45088132,,rD044,14705373347,100.00,,
6.273518297,422170158,,rFF44,14716491386,100.00,,
6.273518297,73428145562,,instructions,14722664885,100.00,1.33,insn per cycle
6.273518297,55225362848,,cycles,14726842594,100.00,,
6.310839541,7931212,,rD044,3615021749,100.00,,
6.310839541,35346236,,rFF44,3212915396,100.00,,
6.310839541,10772940363,,instructions,2851333716,100.00,1.16,insn per cycle
6.310839541,9315306954,,cycles,2484711552,100.00,,
