0.100132557,10874,,rD044,95857742,100.00,,
0.100132557,25140659,,rFF44,95863612,100.00,,
0.100132557,539321349,,instructions,95868682,100.00,1.52,insn per cycle
0.100132557,355694250,,cycles,95874062,100.00,,
0.200395845,989,,rD044,100170705,100.00,,
0.200395845,27707099,,rFF44,100170505,100.00,,
0.200395845,583519056,,instructions,100170745,100.00,1.55,insn per cycle
0.200395845,375561995,,cycles,100170515,100.00,,
0.300615282,1200,,rD044,100152865,100.00,,
0.300615282,31239641,,rFF44,100152905,100.00,,
0.300615282,388386489,,instructions,100152165,100.00,1.03,insn per cycle
0.300615282,375507423,,cycles,100151535,100.00,,
0.400825410,430,,rD044,100144524,100.00,,
0.400825410,38678138,,rFF44,100145424,100.00,,
0.400825410,47795206,,instructions,100145024,100.00,0.13,insn per cycle
0.400825410,375486396,,cycles,100145154,100.00,,
0.501078327,24707,,rD044,3217613915,100.00,,
0.501078327,203205842,,rFF44,3239176468,100.00,,
0.501078327,28908957943,,instructions,3257950861,100.00,2.35,insn per cycle
0.501078327,12285099527,,cycles,3277044094,100.00,,
0.602582510,8907,,rD044,6507471994,100.00,,
0.602582510,377623388,,rFF44,6521429808,100.00,,
0.602582510,58631103621,,instructions,6523869784,100.00,2.40,insn per cycle
0.602582510,24455172076,,cycles,6521451299,100.00,,
0.704457237,9246,,rD044,6506648115,100.00,,
0.704457237,377296699,,rFF44,6491708774,100.00,,
0.704457237,58454168758,,instructions,6487278551,100.00,2.40,insn per cycle
0.704457237,24328771805,,cycles,6487734792,100.00,,
0.805833777,7629,,rD044,6488556303,100.00,,
0.805833777,376003318,,rFF44,6487779849,100.00,,
0.805833777,58437190158,,instructions,6487914327,100.00,2.40,insn per cycle
0.805833777,24332749892,,cycles,6488829909,100.00,,
0.907237159,7432,,rD044,6487701833,100.00,,
0.907237159,375738421,,rFF44,6488047297,100.00,,
0.907237159,58418029775,,instructions,6489056764,100.00,2.40,insn per cycle
0.907237159,24330063742,,cycles,6488305852,100.00,,
1.008611410,6172,,rD044,6488078100,100.00,,
1.008611410,378174628,,rFF44,6488604151,100.00,,
1.008611410,58675109362,,instructions,6487666436,100.00,2.41,insn per cycle
1.008611410,24331492163,,cycles,6488586646,100.00,,
1.110019391,7894,,rD044,6488056091,100.00,,
1.110019391,377222261,,rFF44,6486425175,100.00,,
1.110019391,58629850109,,instructions,6486743469,100.00,2.41,insn per cycle
1.110019391,24324154118,,cycles,6486654263,100.00,,
1.211368612,7524,,rD044,6487282698,100.00,,
1.211368612,378753984,,rFF44,6488615844,100.00,,
1.211368612,58796780698,,instructions,6487939381,100.00,2.42,insn per cycle
1.211368612,24325788080,,cycles,6486962660,100.00,,
1.312737422,6014,,rD044,6487704746,100.00,,
1.312737422,380149907,,rFF44,6487151412,100.00,,
1.312737422,58949897445,,instructions,6487842303,100.00,2.42,insn per cycle
1.312737422,24330721487,,cycles,6488287551,100.00,,
1.414119533,6995,,rD044,6481508379,100.00,,
1.414119533,378233332,,rFF44,6479946452,100.00,,
1.414119533,58747342545,,instructions,6479656962,100.00,2.42,insn per cycle
1.414119533,24297835149,,cycles,6479754926,100.00,,
1.515436244,12679,,rD044,6484496646,100.00,,
1.515436244,373633026,,rFF44,6487427769,100.00,,
1.515436244,58240303331,,instructions,6488779205,100.00,2.39,insn per cycle
1.515436244,24332505162,,cycles,6488957788,100.00,,
1.616858595,6094,,rD044,6490691175,100.00,,
1.616858595,378424771,,rFF44,6489204821,100.00,,
1.616858595,58787250474,,instructions,6488749597,100.00,2.42,insn per cycle
1.616858595,24332339810,,cycles,6488694655,100.00,,
1.718236386,5428,,rD044,6487848903,100.00,,
1.718236386,380894491,,rFF44,6489537276,100.00,,
1.718236386,59022474031,,instructions,6490982798,100.00,2.42,insn per cycle
1.718236386,24341781462,,cycles,6491223565,100.00,,
1.819673228,5241,,rD044,6492659259,100.00,,
1.819673228,378292165,,rFF44,6491811460,100.00,,
1.819673228,58781093246,,instructions,6489776218,100.00,2.42,insn per cycle
1.819673228,24332259465,,cycles,6488663306,100.00,,
1.921071819,5242,,rD044,6487536919,100.00,,
1.921071819,379346681,,rFF44,6486750319,100.00,,
1.921071819,58876342895,,instructions,6486324029,100.00,2.42,insn per cycle
1.921071819,24327833145,,cycles,6487491773,100.00,,
2.022449090,5021,,rD044,6489262452,100.00,,
2.022449090,380527386,,rFF44,6490056035,100.00,,
2.022449090,58985697393,,instructions,6490503082,100.00,2.42,insn per cycle
2.022449090,24338288081,,cycles,6490271284,100.00,,
2.123846861,6105,,rD044,6488943785,100.00,,
2.123846861,377533445,,rFF44,6487712660,100.00,,
2.123846861,58688171382,,instructions,6487715125,100.00,2.41,insn per cycle
2.123846861,24325157157,,cycles,6486750626,100.00,,
2.225191562,5567,,rD044,6486200356,100.00,,
2.225191562,378878417,,rFF44,6487322431,100.00,,
2.225191562,58814888710,,instructions,6486874229,100.00,2.42,insn per cycle
2.225191562,24325836528,,cycles,6486963889,100.00,,
2.326566843,5640,,rD044,6487012078,100.00,,
2.326566843,378684209,,rFF44,6487723474,100.00,,
2.326566843,58817011416,,instructions,6488355083,100.00,2.42,insn per cycle
2.326566843,24332531439,,cycles,6488849221,100.00,,
2.427961004,4821,,rD044,6488557907,100.00,,
2.427961004,380469360,,rFF44,6486845849,100.00,,
2.427961004,58962224034,,instructions,6486556022,100.00,2.42,insn per cycle
2.427961004,24326947831,,cycles,6487276161,100.00,,
2.529312425,7750,,rD044,6487926770,100.00,,
2.529312425,377603738,,rFF44,6490479273,100.00,,
2.529312425,58687663774,,instructions,6491063704,100.00,2.41,insn per cycle
2.529312425,24338048426,,cycles,6490206862,100.00,,
2.630738226,6330,,rD044,6490991490,100.00,,
2.630738226,380077097,,rFF44,6489401111,100.00,,
2.630738226,58963629180,,instructions,6488836618,100.00,2.42,insn per cycle
2.630738226,24335011027,,cycles,6489376833,100.00,,
2.732142157,4819,,rD044,6488732065,100.00,,
2.732142157,381006429,,rFF44,6487766871,100.00,,
2.732142157,59015406820,,instructions,6487519465,100.00,2.43,insn per cycle
2.732142157,24326284828,,cycles,6487051516,100.00,,
2.833505428,5392,,rD044,6487356581,100.00,,
2.833505428,379835774,,rFF44,6489151600,100.00,,
2.833505428,58938879624,,instructions,6489274696,100.00,2.42,insn per cycle
2.833505428,24333312233,,cycles,6488953177,100.00,,
2.934887529,5462,,rD044,6488590457,100.00,,
2.934887529,379402573,,rFF44,6486641019,100.00,,
2.934887529,58872493078,,instructions,6486507767,100.00,2.42,insn per cycle
2.934887529,24324873296,,cycles,6486727241,100.00,,
3.036235420,5626,,rD044,6485802069,100.00,,
3.036235420,379409785,,rFF44,6486716829,100.00,,
3.036235420,58884230029,,instructions,6487244843,100.00,2.42,insn per cycle
3.036235420,24327641807,,cycles,6487487030,100.00,,
3.137623141,5442,,rD044,6490156037,100.00,,
3.137623141,381431807,,rFF44,6493003061,100.00,,
3.137623141,59093513633,,instructions,6493940256,100.00,2.43,insn per cycle
3.137623141,24355352408,,cycles,6494797032,100.00,,
3.239114663,5682,,rD044,6493351500,100.00,,
3.239114663,380305021,,rFF44,6489814204,100.00,,
3.239114663,58969971564,,instructions,6488674145,100.00,2.42,insn per cycle
3.239114663,24329446142,,cycles,6487924285,100.00,,
3.340463204,5157,,rD044,6486621801,100.00,,
3.340463204,379780212,,rFF44,6487261536,100.00,,
3.340463204,58911107102,,instructions,6486595921,100.00,2.42,insn per cycle
3.340463204,24322889615,,cycles,6486219862,100.00,,
3.441825614,4728,,rD044,6483032745,100.00,,
3.441825614,379361889,,rFF44,6475926788,100.00,,
3.441825614,58931439613,,instructions,6488470871,100.00,2.42,insn per cycle
3.441825614,24391178066,,cycles,6504340963,100.00,,
3.543485259,6869,,rD044,6509600463,100.00,,
3.543485259,382648062,,rFF44,6518040744,100.00,,
3.543485259,59201896888,,instructions,6506496400,100.00,2.43,insn per cycle
3.543485259,24337309897,,cycles,6490050688,100.00,,
3.644867120,6013,,rD044,6489150779,100.00,,
3.644867120,379701727,,rFF44,6486954538,100.00,,
3.644867120,58890400196,,instructions,6485690633,100.00,2.42,insn per cycle
3.644867120,24324688159,,cycles,6486620797,100.00,,
3.746217570,5623,,rD044,6487107226,100.00,,
3.746217570,379669023,,rFF44,6488801727,100.00,,
3.746217570,58925635379,,instructions,6490556602,100.00,2.42,insn per cycle
3.746217570,24339667561,,cycles,6490609505,100.00,,
3.847646392,4995,,rD044,6490563310,100.00,,
3.847646392,380992060,,rFF44,6488767457,100.00,,
3.847646392,59011744210,,instructions,6487359383,100.00,2.43,insn per cycle
3.847646392,24327156317,,cycles,6487332141,100.00,,
3.949078024,5456,,rD044,6490299711,100.00,,
3.949078024,379729672,,rFF44,6490603065,100.00,,
3.949078024,58926283024,,instructions,6491177368,100.00,2.42,insn per cycle
3.949078024,24341868648,,cycles,6491232597,100.00,,
4.050425234,5953,,rD044,6486789037,100.00,,
4.050425234,379451774,,rFF44,6487301272,100.00,,
4.050425234,58880705635,,instructions,6487071688,100.00,2.42,insn per cycle
4.050425234,24323836235,,cycles,6486423248,100.00,,
4.151774295,5953,,rD044,6486565585,100.00,,
4.151774295,379638016,,rFF44,6486238373,100.00,,
4.151774295,58908157023,,instructions,6486135167,100.00,2.42,insn per cycle
4.151774295,24323990549,,cycles,6486440058,100.00,,
4.253152176,4482,,rD044,6487767264,100.00,,
4.253152176,380984579,,rFF44,6487991302,100.00,,
4.253152176,59020191577,,instructions,6487912584,100.00,2.43,insn per cycle
4.253152176,24329356172,,cycles,6487882911,100.00,,
4.354505116,5178,,rD044,6486685583,100.00,,
4.354505116,379036911,,rFF44,6487223544,100.00,,
4.354505116,58837901129,,instructions,6487808490,100.00,2.42,insn per cycle
4.354505116,24332857742,,cycles,6488808708,100.00,,
4.455912158,5023,,rD044,6489822888,100.00,,
4.455912158,380028275,,rFF44,6487922202,100.00,,
4.455912158,58942169022,,instructions,6486927010,100.00,2.42,insn per cycle
4.455912158,24322933359,,cycles,6486167857,100.00,,
4.557246698,6220,,rD044,6485531452,100.00,,
4.557246698,380472999,,rFF44,6487340802,100.00,,
4.557246698,58978750314,,instructions,6488741937,100.00,2.42,insn per cycle
4.557246698,24330281329,,cycles,6488122582,100.00,,
4.658624539,5707,,rD044,6489258336,100.00,,
4.658624539,379342353,,rFF44,6490498442,100.00,,
4.658624539,58867594896,,instructions,6489187700,100.00,2.42,insn per cycle
4.658624539,24336006142,,cycles,6489649061,100.00,,
4.760037910,5203,,rD044,6488795488,100.00,,
4.760037910,379414250,,rFF44,6486536489,100.00,,
4.760037910,58878724414,,instructions,6486318685,100.00,2.42,insn per cycle
4.760037910,24321273163,,cycles,6485705914,100.00,,
4.861364191,5201,,rD044,6485325010,100.00,,
4.861364191,379158676,,rFF44,6486723966,100.00,,
4.861364191,58845258002,,instructions,6487372101,100.00,2.42,insn per cycle
4.861364191,24325873517,,cycles,6487159730,100.00,,
4.962726342,5457,,rD044,6487363848,100.00,,
4.962726342,380747952,,rFF44,6486989163,100.00,,
4.962726342,58991113193,,instructions,6487115131,100.00,2.42,insn per cycle
4.962726342,24328011843,,cycles,6487596861,100.00,,
5.064129773,6861,,rD044,6487614053,100.00,,
5.064129773,379080368,,rFF44,6486842908,100.00,,
5.064129773,58849668400,,instructions,6487678689,100.00,2.42,insn per cycle
5.064129773,24333293644,,cycles,6489179350,100.00,,
5.165508114,5495,,rD044,6488884586,100.00,,
5.165508114,379256743,,rFF44,6490326776,100.00,,
5.165508114,58855554509,,instructions,6489310892,100.00,2.42,insn per cycle
5.165508114,24329214541,,cycles,6487817162,100.00,,
5.266902545,5111,,rD044,6487802851,100.00,,
5.266902545,380233025,,rFF44,6481187177,100.00,,
5.266902545,58883548026,,instructions,6476740702,100.00,2.43,insn per cycle
5.266902545,24267062431,,cycles,6471273780,100.00,,
5.367951042,4976,,rD044,6467651108,100.00,,
5.367951042,378482715,,rFF44,6473272841,100.00,,
5.367951042,58778421603,,instructions,6478600690,100.00,2.42,insn per cycle
5.367951042,24318496553,,cycles,6484956126,100.00,,
5.469327983,5326,,rD044,6488657416,100.00,,
5.469327983,379528843,,rFF44,6488279261,100.00,,
5.469327983,58896702745,,instructions,6487757406,100.00,2.42,insn per cycle
5.469327983,24325821437,,cycles,6486917242,100.00,,
5.570697004,6928,,rD044,6488191525,100.00,,
5.570697004,379846524,,rFF44,6488591557,100.00,,
5.570697004,58934500446,,instructions,6488342142,100.00,2.42,insn per cycle
5.570697004,24330772696,,cycles,6488246812,100.00,,
5.672074405,4831,,rD044,6487029746,100.00,,
5.672074405,380381773,,rFF44,6487243670,100.00,,
5.672074405,58952805731,,instructions,6487449890,100.00,2.42,insn per cycle
5.672074405,24326394767,,cycles,6487082939,100.00,,
5.773485716,5106,,rD044,6490679428,100.00,,
5.773485716,379560903,,rFF44,6490971057,100.00,,
5.773485716,58912756656,,instructions,6492398641,100.00,2.42,insn per cycle
5.773485716,24351207611,,cycles,6493678420,100.00,,
5.874896808,4912,,rD044,6490067954,100.00,,
5.874896808,379686553,,rFF44,6488930147,100.00,,
5.874896808,58895226751,,instructions,6486922643,100.00,2.42,insn per cycle
5.874896808,24323245077,,cycles,6486236626,100.00,,
5.976242218,5733,,rD044,6495884984,100.00,,
5.976242218,380743776,,rFF44,6501730807,100.00,,
5.976242218,59079654190,,instructions,6502496980,100.00,2.42,insn per cycle
5.976242218,24383567428,,cycles,6502312349,100.00,,
6.077847772,5387,,rD044,6493155462,100.00,,
6.077847772,379768179,,rFF44,6487334952,100.00,,
6.077847772,58897389161,,instructions,6487241579,100.00,2.42,insn per cycle
6.077847772,24329320116,,cycles,6487881508,100.00,,
6.143455096,20453,,rD044,3917902783,100.00,,
6.143455096,175799118,,rFF44,3898450580,100.00,,
6.143455096,29625709068,,instructions,3881056620,100.00,2.04,insn per cycle
6.143455096,14486967665,,cycles,3863301582,100.00,,
