0.100117183,11874,,rD044,92747403,100.00,,
0.100117183,23887919,,rFF44,92763823,100.00,,
0.100117183,513089247,,instructions,92768693,100.00,1.49,insn per cycle
0.100117183,343989044,,cycles,92773943,100.00,,
0.200363947,2679,,rD044,100242975,100.00,,
0.200363947,28111387,,rFF44,100233445,100.00,,
0.200363947,591797100,,instructions,100233265,100.00,1.57,insn per cycle
0.200363947,375874099,,cycles,100232965,100.00,,
0.300553971,2678,,rD044,100189216,100.00,,
0.300553971,31207087,,rFF44,100188266,100.00,,
0.300553971,405639081,,instructions,100188226,100.00,1.08,insn per cycle
0.300553971,375700310,,cycles,100187376,100.00,,
0.400742345,1790,,rD044,100188265,100.00,,
0.400742345,38066500,,rFF44,100188505,100.00,,
0.400742345,47023218,,instructions,100187945,100.00,0.13,insn per cycle
0.400742345,375706188,,cycles,100188885,100.00,,
0.500935889,11293,,rD044,429554606,100.00,,
0.500935889,54408983,,rFF44,429769736,100.00,,
0.500935889,5394037617,,instructions,429956466,100.00,3.35,insn per cycle
0.500935889,1612382446,,cycles,430147816,100.00,,
0.601210144,1327,,rD044,802174158,100.00,,
0.601210144,74216914,,rFF44,802167298,100.00,,
0.601210144,11430152614,,instructions,802161518,100.00,3.80,insn per cycle
0.601210144,3008042151,,cycles,802147888,100.00,,
0.701481369,1482,,rD044,802167528,100.00,,
0.701481369,70958157,,rFF44,802171538,100.00,,
0.701481369,11045691160,,instructions,802168568,100.00,3.67,insn per cycle
0.701481369,3008102982,,cycles,802164178,100.00,,
0.801745843,986,,rD044,802105872,100.00,,
0.801745843,74762203,,rFF44,802103928,100.00,,
0.801745843,11516061346,,instructions,802100938,100.00,3.83,insn per cycle
0.801745843,3007883869,,cycles,802105378,100.00,,
0.902012098,1647,,rD044,802128046,100.00,,
0.902012098,71239295,,rFF44,802127900,100.00,,
0.902012098,11076100771,,instructions,802140552,100.00,3.68,insn per cycle
0.902012098,3007972291,,cycles,802128448,100.00,,
1.002288543,877,,rD044,802209038,100.00,,
1.002288543,74360209,,rFF44,802215198,100.00,,
1.002288543,11455842766,,instructions,802215746,100.00,3.81,insn per cycle
1.002288543,3008335162,,cycles,802225960,100.00,,
1.102559307,1756,,rD044,802158728,100.00,,
1.102559307,70776586,,rFF44,802152248,100.00,,
1.102559307,11035993914,,instructions,802141838,100.00,3.67,insn per cycle
1.102559307,3008000907,,cycles,802137018,100.00,,
1.202847172,984,,rD044,802293258,100.00,,
1.202847172,74272350,,rFF44,802303978,100.00,,
1.202847172,11448121407,,instructions,802301988,100.00,3.81,insn per cycle
1.202847172,3008578160,,cycles,802290388,100.00,,
1.303111797,1739,,rD044,802129928,100.00,,
1.303111797,72532529,,rFF44,802154248,100.00,,
1.303111797,11242110474,,instructions,802152908,100.00,3.74,insn per cycle
1.303111797,3008099455,,cycles,802163008,100.00,,
1.403383242,1280,,rD044,802139636,100.00,,
1.403383242,74911990,,rFF44,802098528,100.00,,
1.403383242,11551525974,,instructions,802095398,100.00,3.84,insn per cycle
1.403383242,3007827999,,cycles,802089738,100.00,,
1.503643656,2523,,rD044,802090022,100.00,,
1.503643656,70593084,,rFF44,802099340,100.00,,
1.503643656,11019172533,,instructions,802098654,100.00,3.66,insn per cycle
1.503643656,3007880956,,cycles,802104928,100.00,,
1.603908601,2405,,rD044,802113178,100.00,,
1.603908601,74364201,,rFF44,802113188,100.00,,
1.603908601,11471027753,,instructions,802112444,100.00,3.81,insn per cycle
1.603908601,3007896939,,cycles,802108780,100.00,,
1.704172926,2128,,rD044,802104158,100.00,,
1.704172926,72206263,,rFF44,802094568,100.00,,
1.704172926,11217700772,,instructions,802095488,100.00,3.73,insn per cycle
1.704172926,3007800831,,cycles,802082528,100.00,,
1.804434090,1684,,rD044,802054058,100.00,,
1.804434090,70413594,,rFF44,802049488,100.00,,
1.804434090,10962199190,,instructions,802047088,100.00,3.64,insn per cycle
1.804434090,3007670994,,cycles,802058048,100.00,,
1.904696635,1602,,rD044,802100747,100.00,,
1.904696635,74324402,,rFF44,802120848,100.00,,
1.904696635,11460021304,,instructions,802131368,100.00,3.81,insn per cycle
1.904696635,3007969127,,cycles,802128048,100.00,,
2.004963320,1225,,rD044,802114861,100.00,,
2.004963320,72132189,,rFF44,802095130,100.00,,
2.004963320,11190601448,,instructions,802094997,100.00,3.72,insn per cycle
2.004963320,3007897700,,cycles,802108908,100.00,,
2.105230795,1077,,rD044,802073098,100.00,,
2.105230795,74410913,,rFF44,802074908,100.00,,
2.105230795,11468622806,,instructions,802062691,100.00,3.81,insn per cycle
2.105230795,3007601207,,cycles,802057310,100.00,,
2.205494109,1246,,rD044,801908877,100.00,,
2.205494109,70099562,,rFF44,801915297,100.00,,
2.205494109,10939720746,,instructions,801914967,100.00,3.64,insn per cycle
2.205494109,3007056894,,cycles,801907417,100.00,,
2.305755484,941,,rD044,802082218,100.00,,
2.305755484,74516471,,rFF44,802091038,100.00,,
2.305755484,11482194368,,instructions,802099748,100.00,3.82,insn per cycle
2.305755484,3007903987,,cycles,802110478,100.00,,
2.406020198,1158,,rD044,802112128,100.00,,
2.406020198,69188637,,rFF44,802106208,100.00,,
2.406020198,10828400997,,instructions,802100368,100.00,3.60,insn per cycle
2.406020198,3007846714,,cycles,802095278,100.00,,
2.506333354,1272,,rD044,802500398,100.00,,
2.506333354,74492009,,rFF44,802488728,100.00,,
2.506333354,11475320428,,instructions,802505338,100.00,3.81,insn per cycle
2.506333354,3009429126,,cycles,802517618,100.00,,
2.606599638,1614,,rD044,802123590,100.00,,
2.606599638,72520196,,rFF44,802137514,100.00,,
2.606599638,11249739854,,instructions,802128618,100.00,3.74,insn per cycle
2.606599638,3007940408,,cycles,802120518,100.00,,
2.706865483,974,,rD044,802099288,100.00,,
2.706865483,74497080,,rFF44,802088044,100.00,,
2.706865483,11472406667,,instructions,802084420,100.00,3.81,insn per cycle
2.706865483,3007752721,,cycles,802077710,100.00,,
2.807126578,1221,,rD044,802125268,100.00,,
2.807126578,72636982,,rFF44,802138758,100.00,,
2.807126578,11261739294,,instructions,802153648,100.00,3.74,insn per cycle
2.807126578,3008076453,,cycles,802156428,100.00,,
2.907397562,890,,rD044,802112678,100.00,,
2.907397562,74048495,,rFF44,802103098,100.00,,
2.907397562,11397312646,,instructions,802106748,100.00,3.79,insn per cycle
2.907397562,3007880187,,cycles,802104318,100.00,,
3.007662367,1113,,rD044,802124608,100.00,,
3.007662367,69571197,,rFF44,802128528,100.00,,
3.007662367,10868717444,,instructions,802109598,100.00,3.61,insn per cycle
3.007662367,3007871416,,cycles,802101238,100.00,,
3.107926822,996,,rD044,802102091,100.00,,
3.107926822,74483108,,rFF44,802108298,100.00,,
3.107926822,11468383036,,instructions,802116458,100.00,3.81,insn per cycle
3.107926822,3007942046,,cycles,802121308,100.00,,
3.208192126,1143,,rD044,801950086,100.00,,
3.208192126,71259653,,rFF44,801936669,100.00,,
3.208192126,11094391873,,instructions,801926279,100.00,3.69,insn per cycle
3.208192126,3007163201,,cycles,801933036,100.00,,
3.308457141,919,,rD044,802116708,100.00,,
3.308457141,74345925,,rFF44,802127428,100.00,,
3.308457141,11448259983,,instructions,802142848,100.00,3.81,insn per cycle
3.308457141,3008026207,,cycles,802143031,100.00,,
3.408731446,1301,,rD044,802110926,100.00,,
3.408731446,67600975,,rFF44,802106326,100.00,,
3.408731446,10650468002,,instructions,802099866,100.00,3.54,insn per cycle
3.408731446,3007761687,,cycles,802106356,100.00,,
3.508999211,1217,,rD044,802141198,100.00,,
3.508999211,75036817,,rFF44,802133228,100.00,,
3.508999211,11558959366,,instructions,802122978,100.00,3.84,insn per cycle
3.508999211,3007953613,,cycles,802123058,100.00,,
3.609286926,1341,,rD044,802287028,100.00,,
3.609286926,72884994,,rFF44,802291908,100.00,,
3.609286926,11293037726,,instructions,802292928,100.00,3.75,insn per cycle
3.609286926,3008538809,,cycles,802280568,100.00,,
3.709547440,1018,,rD044,802051330,100.00,,
3.709547440,74830641,,rFF44,802044728,100.00,,
3.709547440,11532296148,,instructions,802046138,100.00,3.83,insn per cycle
3.709547440,3007653131,,cycles,802050198,100.00,,
3.809808475,1111,,rD044,802099348,100.00,,
3.809808475,71523310,,rFF44,802117660,100.00,,
3.809808475,11120303254,,instructions,802122810,100.00,3.70,insn per cycle
3.809808475,3007933062,,cycles,802118094,100.00,,
3.910075530,866,,rD044,802130928,100.00,,
3.910075530,75215976,,rFF44,802121838,100.00,,
3.910075530,11598515762,,instructions,802177548,100.00,3.86,insn per cycle
3.910075530,3008151985,,cycles,802176964,100.00,,
4.010347094,1162,,rD044,802159058,100.00,,
4.010347094,70979477,,rFF44,802157118,100.00,,
4.010347094,11063197663,,instructions,802100658,100.00,3.68,insn per cycle
4.010347094,3007909051,,cycles,802112148,100.00,,
4.110612509,1192,,rD044,802119978,100.00,,
4.110612509,73758652,,rFF44,802116648,100.00,,
4.110612509,11380127391,,instructions,802117278,100.00,3.78,insn per cycle
4.110612509,3007889302,,cycles,802106688,100.00,,
4.210875854,1088,,rD044,801957386,100.00,,
4.210875854,70038552,,rFF44,801957148,100.00,,
4.210875854,10935159635,,instructions,801953898,100.00,3.64,insn per cycle
4.210875854,3007268618,,cycles,801948268,100.00,,
4.311145948,991,,rD044,802150322,100.00,,
4.311145948,71538997,,rFF44,802158440,100.00,,
4.311145948,11140130521,,instructions,802168377,100.00,3.70,insn per cycle
4.311145948,3008201054,,cycles,802189408,100.00,,
4.411411893,1055,,rD044,802117138,100.00,,
4.411411893,72901585,,rFF44,802115968,100.00,,
4.411411893,11279145990,,instructions,802101551,100.00,3.75,insn per cycle
4.411411893,3007824373,,cycles,802089430,100.00,,
4.511673758,1511,,rD044,802099358,100.00,,
4.511673758,71575836,,rFF44,802098588,100.00,,
4.511673758,11126502946,,instructions,802109728,100.00,3.70,insn per cycle
4.511673758,3007958528,,cycles,802125188,100.00,,
4.611942142,1312,,rD044,802133218,100.00,,
4.611942142,75051219,,rFF44,802143058,100.00,,
4.611942142,11568510443,,instructions,802150218,100.00,3.85,insn per cycle
4.611942142,3008011827,,cycles,802139198,100.00,,
4.712210397,1223,,rD044,802148108,100.00,,
4.712210397,70978315,,rFF44,802136558,100.00,,
4.712210397,11049226061,,instructions,802123578,100.00,3.67,insn per cycle
4.712210397,3007935814,,cycles,802119698,100.00,,
4.812473992,894,,rD044,802075020,100.00,,
4.812473992,75025116,,rFF44,802067986,100.00,,
4.812473992,11562622952,,instructions,802057968,100.00,3.84,insn per cycle
4.812473992,3007697151,,cycles,802062668,100.00,,
4.912737976,1169,,rD044,802111148,100.00,,
4.912737976,72847967,,rFF44,802110322,100.00,,
4.912737976,11286114597,,instructions,802117650,100.00,3.75,insn per cycle
4.912737976,3007918453,,cycles,802114601,100.00,,
5.013000421,948,,rD044,802093158,100.00,,
5.013000421,74577204,,rFF44,802106728,100.00,,
5.013000421,11488181559,,instructions,802111348,100.00,3.82,insn per cycle
5.013000421,3007884462,,cycles,802105017,100.00,,
5.113290086,1299,,rD044,802297658,100.00,,
5.113290086,71705565,,rFF44,802288738,100.00,,
5.113290086,11156810354,,instructions,802287448,100.00,3.71,insn per cycle
5.113290086,3008582325,,cycles,802291648,100.00,,
5.213555641,2010,,rD044,801999897,100.00,,
5.213555641,74343920,,rFF44,802005767,100.00,,
5.213555641,11448281234,,instructions,802008797,100.00,3.81,insn per cycle
5.213555641,3007452395,,cycles,802005127,100.00,,
5.313819105,1281,,rD044,802107728,100.00,,
5.313819105,70696303,,rFF44,802107708,100.00,,
5.313819105,10999885774,,instructions,802109858,100.00,3.66,insn per cycle
5.313819105,3007980330,,cycles,802131018,100.00,,
5.414087280,964,,rD044,802134770,100.00,,
5.414087280,74709430,,rFF44,802160844,100.00,,
5.414087280,11500062267,,instructions,802197688,100.00,3.82,insn per cycle
5.414087280,3008228133,,cycles,802196528,100.00,,
5.514368545,1451,,rD044,802236708,100.00,,
5.514368545,70723265,,rFF44,802211224,100.00,,
5.514368545,11013466438,,instructions,802169650,100.00,3.66,insn per cycle
5.514368545,3008048083,,cycles,802149534,100.00,,
5.614632560,1283,,rD044,802111208,100.00,,
5.614632560,74880398,,rFF44,802102548,100.00,,
5.614632560,11526850729,,instructions,802100098,100.00,3.83,insn per cycle
5.614632560,3007892922,,cycles,802107464,100.00,,
5.714895014,1575,,rD044,802096828,100.00,,
5.714895014,68226995,,rFF44,802096558,100.00,,
5.714895014,10726636531,,instructions,802080938,100.00,3.57,insn per cycle
5.714895014,3007772776,,cycles,802075758,100.00,,
5.815158049,1009,,rD044,802093618,100.00,,
5.815158049,74290097,,rFF44,802100448,100.00,,
5.815158049,11439248354,,instructions,802126758,100.00,3.80,insn per cycle
5.815158049,3007992715,,cycles,802134358,100.00,,
5.915424364,1072,,rD044,802126113,100.00,,
5.915424364,70019198,,rFF44,802132228,100.00,,
5.915424364,10927416279,,instructions,802129188,100.00,3.63,insn per cycle
5.915424364,3007942701,,cycles,802121088,100.00,,
6.015689608,986,,rD044,802107005,100.00,,
6.015689608,74671563,,rFF44,802098760,100.00,,
6.015689608,11503176976,,instructions,802094040,100.00,3.82,insn per cycle
6.015689608,3007875601,,cycles,802102948,100.00,,
6.115954373,1257,,rD044,802120958,100.00,,
6.115954373,71954270,,rFF44,802120008,100.00,,
6.115954373,11182215688,,instructions,802127518,100.00,3.72,insn per cycle
6.115954373,3007986465,,cycles,802132220,100.00,,
6.216221478,1457,,rD044,802119168,100.00,,
6.216221478,74674239,,rFF44,802119208,100.00,,
6.216221478,11507861534,,instructions,802115508,100.00,3.83,insn per cycle
6.216221478,3007919667,,cycles,802115658,100.00,,
6.316504573,1160,,rD044,802272518,100.00,,
6.316504573,71587665,,rFF44,802279068,100.00,,
6.316504573,11129153940,,instructions,802277028,100.00,3.70,insn per cycle
6.316504573,3008509455,,cycles,802272158,100.00,,
6.416771007,1384,,rD044,802121048,100.00,,
6.416771007,74244105,,rFF44,802112248,100.00,,
6.416771007,11446450431,,instructions,802110688,100.00,3.81,insn per cycle
6.416771007,3007910742,,cycles,802112528,100.00,,
6.517036912,2181,,rD044,802123300,100.00,,
6.517036912,71623725,,rFF44,802133638,100.00,,
6.517036912,11130079539,,instructions,802141418,100.00,3.70,insn per cycle
6.517036912,3008144307,,cycles,802174528,100.00,,
6.617327577,2214,,rD044,802318638,100.00,,
6.617327577,74740239,,rFF44,802311980,100.00,,
6.617327577,11524113408,,instructions,802304666,100.00,3.83,insn per cycle
6.617327577,3008475744,,cycles,802263078,100.00,,
6.717592312,2031,,rD044,802110038,100.00,,
6.717592312,73613449,,rFF44,802113938,100.00,,
6.717592312,11377133146,,instructions,802122352,100.00,3.78,insn per cycle
6.717592312,3007972806,,cycles,802128770,100.00,,
6.817860506,1955,,rD044,802111808,100.00,,
6.817860506,70332118,,rFF44,802104568,100.00,,
6.817860506,10984055908,,instructions,802091918,100.00,3.65,insn per cycle
6.817860506,3007756411,,cycles,802079338,100.00,,
6.918121581,1493,,rD044,802122658,100.00,,
6.918121581,74787445,,rFF44,802134108,100.00,,
6.918121581,11531492703,,instructions,802135298,100.00,3.83,insn per cycle
6.918121581,3008062747,,cycles,802152858,100.00,,
7.018393926,2319,,rD044,802134718,100.00,,
7.018393926,73501567,,rFF44,802131028,100.00,,
7.018393926,11378709789,,instructions,802135728,100.00,3.78,insn per cycle
7.018393926,3007945624,,cycles,802121668,100.00,,
7.118658500,1656,,rD044,802114760,100.00,,
7.118658500,74724255,,rFF44,802108706,100.00,,
7.118658500,11516205915,,instructions,802108608,100.00,3.83,insn per cycle
7.118658500,3007934186,,cycles,802118788,100.00,,
7.218924495,1812,,rD044,802122468,100.00,,
7.218924495,70583357,,rFF44,802126732,100.00,,
7.218924495,11007155199,,instructions,802123440,100.00,3.66,insn per cycle
7.218924495,3007920143,,cycles,802114593,100.00,,
7.319190220,1513,,rD044,802114368,100.00,,
7.319190220,74179328,,rFF44,802111448,100.00,,
7.319190220,11428150566,,instructions,802120398,100.00,3.80,insn per cycle
7.319190220,3007972779,,cycles,802129305,100.00,,
7.419459915,1982,,rD044,802093076,100.00,,
7.419459915,69703823,,rFF44,802100216,100.00,,
7.419459915,10895108057,,instructions,802102756,100.00,3.62,insn per cycle
7.419459915,3007731475,,cycles,802094196,100.00,,
7.519726919,2223,,rD044,802129808,100.00,,
7.519726919,75175013,,rFF44,802123048,100.00,,
7.519726919,11576570598,,instructions,802116458,100.00,3.85,insn per cycle
7.519726919,3007944911,,cycles,802121648,100.00,,
7.619990904,2463,,rD044,802096155,100.00,,
7.619990904,73437506,,rFF44,802085468,100.00,,
7.619990904,11364320386,,instructions,802078208,100.00,3.78,insn per cycle
7.619990904,3007777539,,cycles,802076908,100.00,,
7.720272319,2069,,rD044,802253033,100.00,,
7.720272319,75040416,,rFF44,802264761,100.00,,
7.720272319,11548790733,,instructions,802277838,100.00,3.84,insn per cycle
7.720272319,3008524986,,cycles,802276018,100.00,,
7.820537033,1977,,rD044,802092598,100.00,,
7.820537033,73234864,,rFF44,802088197,100.00,,
7.820537033,11324617126,,instructions,802078660,100.00,3.77,insn per cycle
7.820537033,3007764323,,cycles,802082030,100.00,,
7.920801338,1523,,rD044,802107858,100.00,,
7.920801338,74407449,,rFF44,802109458,100.00,,
7.920801338,11456278376,,instructions,802102138,100.00,3.81,insn per cycle
7.920801338,3007851827,,cycles,802096848,100.00,,
8.021064943,1922,,rD044,802108968,100.00,,
8.021064943,71138431,,rFF44,802104438,100.00,,
8.021064943,11084181359,,instructions,802120798,100.00,3.68,insn per cycle
8.021064943,3008083150,,cycles,802158078,100.00,,
8.121334777,1614,,rD044,802152558,100.00,,
8.121334777,74895402,,rFF44,802162628,100.00,,
8.121334777,11538788344,,instructions,802150968,100.00,3.84,insn per cycle
8.121334777,3007910387,,cycles,802112478,100.00,,
8.221600272,2250,,rD044,802111160,100.00,,
8.221600272,70933985,,rFF44,802103088,100.00,,
8.221600272,11040781775,,instructions,802099288,100.00,3.67,insn per cycle
8.221600272,3007884071,,cycles,802105038,100.00,,
8.321865867,1721,,rD044,802122208,100.00,,
8.321865867,74842187,,rFF44,802129110,100.00,,
8.321865867,11533479402,,instructions,802128160,100.00,3.83,insn per cycle
8.321865867,3007957248,,cycles,802124896,100.00,,
8.422130591,1785,,rD044,802171208,100.00,,
8.422130591,73857264,,rFF44,802173688,100.00,,
8.422130591,11423988851,,instructions,802185388,100.00,3.80,insn per cycle
8.422130591,3008208019,,cycles,802191852,100.00,,
8.522405926,1900,,rD044,802135608,100.00,,
8.522405926,75082068,,rFF44,802132568,100.00,,
8.522405926,11576827217,,instructions,802135678,100.00,3.85,insn per cycle
8.522405926,3008029065,,cycles,802143638,100.00,,
8.622676111,1912,,rD044,802160658,100.00,,
8.622676111,73692712,,rFF44,802166228,100.00,,
8.622676111,11404727250,,instructions,802159388,100.00,3.79,insn per cycle
8.622676111,3008041342,,cycles,802146578,100.00,,
8.722943186,2367,,rD044,802135628,100.00,,
8.722943186,73525062,,rFF44,802131868,100.00,,
8.722943186,11376574656,,instructions,802121788,100.00,3.78,insn per cycle
8.722943186,3007925092,,cycles,802116718,100.00,,
8.823209840,1548,,rD044,802093649,100.00,,
8.823209840,74802828,,rFF44,802081221,100.00,,
8.823209840,11533994821,,instructions,802089817,100.00,3.83,insn per cycle
8.823209840,3007828225,,cycles,802097407,100.00,,
8.923474325,1526,,rD044,802115278,100.00,,
8.923474325,73328239,,rFF44,802123566,100.00,,
8.923474325,11362499206,,instructions,802120110,100.00,3.78,insn per cycle
8.923474325,3007917516,,cycles,802114130,100.00,,
9.023738040,1309,,rD044,802097658,100.00,,
9.023738040,74743219,,rFF44,802100098,100.00,,
9.023738040,11520536961,,instructions,802111418,100.00,3.83,insn per cycle
9.023738040,3007938479,,cycles,802120188,100.00,,
9.124006494,1737,,rD044,802156718,100.00,,
9.124006494,73660230,,rFF44,802155998,100.00,,
9.124006494,11391270136,,instructions,802142638,100.00,3.79,insn per cycle
9.124006494,3008013813,,cycles,802139568,100.00,,
9.224284139,1335,,rD044,802202458,100.00,,
9.224284139,74769837,,rFF44,802198408,100.00,,
9.224284139,11516588855,,instructions,802204378,100.00,3.83,insn per cycle
9.224284139,3008253963,,cycles,802203668,100.00,,
9.324550064,1573,,rD044,802121925,100.00,,
9.324550064,70309070,,rFF44,802130258,100.00,,
9.324550064,10985183051,,instructions,802135388,100.00,3.65,insn per cycle
9.324550064,3007993724,,cycles,802134848,100.00,,
9.424814919,1269,,rD044,802119523,100.00,,
9.424814919,74660887,,rFF44,802125290,100.00,,
9.424814919,11497090578,,instructions,802138065,100.00,3.82,insn per cycle
9.424814919,3008007002,,cycles,802138138,100.00,,
9.525084413,1794,,rD044,802142838,100.00,,
9.525084413,72444031,,rFF44,802161998,100.00,,
9.525084413,11232998755,,instructions,802192133,100.00,3.73,insn per cycle
9.525084413,3008220784,,cycles,802194820,100.00,,
9.625357798,1812,,rD044,802177378,100.00,,
9.625357798,75288441,,rFF44,802154338,100.00,,
9.625357798,11586867196,,instructions,802118478,100.00,3.85,insn per cycle
9.625357798,3007918218,,cycles,802114348,100.00,,
9.725624393,1966,,rD044,802126958,100.00,,
9.725624393,74060367,,rFF44,802123438,100.00,,
9.725624393,11447002798,,instructions,802112418,100.00,3.81,insn per cycle
9.725624393,3007883360,,cycles,802104858,100.00,,
9.825889298,1467,,rD044,802088628,100.00,,
9.825889298,74560041,,rFF44,802079758,100.00,,
9.825889298,11484105143,,instructions,802083318,100.00,3.82,insn per cycle
9.825889298,3007858021,,cycles,802106888,100.00,,
9.926156112,1654,,rD044,802124420,100.00,,
9.926156112,72687781,,rFF44,802126757,100.00,,
9.926156112,11261867603,,instructions,802120228,100.00,3.74,insn per cycle
9.926156112,3007850786,,cycles,802096858,100.00,,
10.026418507,1290,,rD044,802095888,100.00,,
10.026418507,74384086,,rFF44,802096481,100.00,,
10.026418507,11460694617,,instructions,802100390,100.00,3.81,insn per cycle
10.026418507,3007928432,,cycles,802117004,100.00,,
10.126686162,1588,,rD044,802142608,100.00,,
10.126686162,72938921,,rFF44,802141058,100.00,,
10.126686162,11305841991,,instructions,802137888,100.00,3.76,insn per cycle
10.126686162,3007950764,,cycles,802122904,100.00,,
10.226948406,1475,,rD044,802088268,100.00,,
10.226948406,74487545,,rFF44,802085168,100.00,,
10.226948406,11482489934,,instructions,802093548,100.00,3.82,insn per cycle
10.226948406,3007878987,,cycles,802104058,100.00,,
10.327214641,1770,,rD044,802124028,100.00,,
10.327214641,71333571,,rFF44,802137278,100.00,,
10.327214641,11097270331,,instructions,802129558,100.00,3.69,insn per cycle
10.327214641,3007937900,,cycles,802119478,100.00,,
10.427479196,1556,,rD044,802109043,100.00,,
10.427479196,74771761,,rFF44,802108678,100.00,,
10.427479196,11531025372,,instructions,802112438,100.00,3.83,insn per cycle
10.427479196,3007920080,,cycles,802115338,100.00,,
10.527744550,2059,,rD044,802114525,100.00,,
10.527744550,73331478,,rFF44,802105020,100.00,,
10.527744550,11357647503,,instructions,802108032,100.00,3.78,insn per cycle
10.527744550,3007900262,,cycles,802109128,100.00,,
10.628007545,2058,,rD044,802105088,100.00,,
10.628007545,74093758,,rFF44,802107328,100.00,,
10.628007545,11452953510,,instructions,802095556,100.00,3.81,insn per cycle
10.628007545,3007873692,,cycles,802102500,100.00,,
10.728280850,1705,,rD044,802170328,100.00,,
10.728280850,74709901,,rFF44,802165808,100.00,,
10.728280850,11517123789,,instructions,802173938,100.00,3.83,insn per cycle
10.728280850,3008137662,,cycles,802173098,100.00,,
10.828546014,1828,,rD044,802110748,100.00,,
10.828546014,70954289,,rFF44,802123628,100.00,,
10.828546014,11059337078,,instructions,802117988,100.00,3.68,insn per cycle
10.828546014,3007885254,,cycles,802112458,100.00,,
10.928812359,1326,,rD044,802115238,100.00,,
10.928812359,75017304,,rFF44,802101018,100.00,,
10.928812359,11561796779,,instructions,802104098,100.00,3.84,insn per cycle
10.928812359,3007866600,,cycles,802100168,100.00,,
11.029074574,1512,,rD044,802090860,100.00,,
11.029074574,73355202,,rFF44,802098042,100.00,,
11.029074574,11351601959,,instructions,802172228,100.00,3.77,insn per cycle
11.029074574,3008143780,,cycles,802174308,100.00,,
11.129346678,1561,,rD044,802170268,100.00,,
11.129346678,74767928,,rFF44,802163136,100.00,,
11.129346678,11515161291,,instructions,802083340,100.00,3.83,insn per cycle
11.129346678,3007784505,,cycles,802078970,100.00,,
11.229607553,1742,,rD044,802089708,100.00,,
11.229607553,73571230,,rFF44,802092858,100.00,,
11.229607553,11381392302,,instructions,802103128,100.00,3.78,insn per cycle
11.229607553,3007874987,,cycles,802103248,100.00,,
11.329869288,1859,,rD044,802087138,100.00,,
11.329869288,75081785,,rFF44,802090998,100.00,,
11.329869288,11560725128,,instructions,802078978,100.00,3.84,insn per cycle
11.329869288,3007781654,,cycles,802078438,100.00,,
11.430145113,1617,,rD044,802126738,100.00,,
11.430145113,73299561,,rFF44,802114528,100.00,,
11.430145113,11359083033,,instructions,802115388,100.00,3.78,insn per cycle
11.430145113,3007829354,,cycles,802121198,100.00,,
11.530405687,2125,,rD044,802083061,100.00,,
11.530405687,74982415,,rFF44,802101488,100.00,,
11.530405687,11543734800,,instructions,802103938,100.00,3.84,insn per cycle
11.530405687,3007830555,,cycles,802091518,100.00,,
11.630668042,2202,,rD044,802096627,100.00,,
11.630668042,73598000,,rFF44,802091770,100.00,,
11.630668042,11378401310,,instructions,802089800,100.00,3.78,insn per cycle
11.630668042,3007851127,,cycles,802096316,100.00,,
11.730930927,1641,,rD044,802091758,100.00,,
11.730930927,74807510,,rFF44,802091058,100.00,,
11.730930927,11523265318,,instructions,802100718,100.00,3.83,insn per cycle
11.730930927,3007890368,,cycles,802107132,100.00,,
11.831196941,1794,,rD044,802102588,100.00,,
11.831196941,72427191,,rFF44,802102218,100.00,,
11.831196941,11233439360,,instructions,802107188,100.00,3.73,insn per cycle
11.831196941,3007852315,,cycles,802103578,100.00,,
11.931459426,1540,,rD044,802085998,100.00,,
11.931459426,74762380,,rFF44,802077518,100.00,,
11.931459426,11522736513,,instructions,802068018,100.00,3.83,insn per cycle
11.931459426,3007770259,,cycles,802075218,100.00,,
12.031720571,1719,,rD044,802099234,100.00,,
12.031720571,73683694,,rFF44,802115508,100.00,,
12.031720571,11389017908,,instructions,802108608,100.00,3.79,insn per cycle
12.031720571,3007849689,,cycles,802095918,100.00,,
12.131985015,1473,,rD044,802100584,100.00,,
12.131985015,74325354,,rFF44,802093200,100.00,,
12.131985015,11460723699,,instructions,802106312,100.00,3.81,insn per cycle
12.131985015,3007948977,,cycles,802122608,100.00,,
12.232259460,1769,,rD044,802184568,100.00,,
12.232259460,70237704,,rFF44,802181008,100.00,,
12.232259460,10956041397,,instructions,802177086,100.00,3.64,insn per cycle
12.232259460,3008115143,,cycles,802166820,100.00,,
12.332522065,1448,,rD044,802102218,100.00,,
12.332522065,74486454,,rFF44,802100288,100.00,,
12.332522065,11489167234,,instructions,802091698,100.00,3.82,insn per cycle
12.332522065,3007830558,,cycles,802091258,100.00,,
12.432784359,1596,,rD044,802095178,100.00,,
12.432784359,73479745,,rFF44,802104788,100.00,,
12.432784359,11369361836,,instructions,802118758,100.00,3.78,insn per cycle
12.432784359,3007947102,,cycles,802121978,100.00,,
12.533049274,1848,,rD044,802111978,100.00,,
12.533049274,72134324,,rFF44,802102118,100.00,,
12.533049274,11181939506,,instructions,802092418,100.00,3.72,insn per cycle
12.533049274,3008001282,,cycles,802136588,100.00,,
12.633321449,1893,,rD044,802165890,100.00,,
12.633321449,74707150,,rFF44,802169854,100.00,,
12.633321449,11514617183,,instructions,802173578,100.00,3.83,insn per cycle
12.633321449,3007975650,,cycles,802129438,100.00,,
12.733586273,2005,,rD044,802113658,100.00,,
12.733586273,72571664,,rFF44,802110264,100.00,,
12.733586273,11257765352,,instructions,802098360,100.00,3.74,insn per cycle
12.733586273,3007874863,,cycles,802102920,100.00,,
12.833849148,1609,,rD044,802068668,100.00,,
12.833849148,74860500,,rFF44,802062428,100.00,,
12.833849148,11536338352,,instructions,802077148,100.00,3.84,insn per cycle
12.833849148,3007739349,,cycles,802074438,100.00,,
12.934110593,2043,,rD044,802119868,100.00,,
12.934110593,72053139,,rFF44,802163048,100.00,,
12.934110593,11201453500,,instructions,802155718,100.00,3.72,insn per cycle
12.934110593,3008064211,,cycles,802153608,100.00,,
13.034381707,1583,,rD044,802133948,100.00,,
13.034381707,74589469,,rFF44,802102738,100.00,,
13.034381707,11488064938,,instructions,802108668,100.00,3.82,insn per cycle
13.034381707,3007894338,,cycles,802107528,100.00,,
13.134645612,1669,,rD044,802109481,100.00,,
13.134645612,71472914,,rFF44,802101518,100.00,,
13.134645612,11120301531,,instructions,802103738,100.00,3.70,insn per cycle
13.134645612,3007923751,,cycles,802116178,100.00,,
13.234912607,1581,,rD044,802128627,100.00,,
13.234912607,74678370,,rFF44,802131410,100.00,,
13.234912607,11498468631,,instructions,802127340,100.00,3.82,insn per cycle
13.234912607,3007935404,,cycles,802119118,100.00,,
13.335176332,1635,,rD044,802108938,100.00,,
13.335176332,71736404,,rFF44,802113908,100.00,,
13.335176332,11151403338,,instructions,802108528,100.00,3.71,insn per cycle
13.335176332,3007874207,,cycles,802102750,100.00,,
13.435440256,1496,,rD044,802103788,100.00,,
13.435440256,74679512,,rFF44,802105498,100.00,,
13.435440256,11497497901,,instructions,802105468,100.00,3.82,insn per cycle
13.435440256,3007872206,,cycles,802101838,100.00,,
13.535704511,1625,,rD044,802102758,100.00,,
13.535704511,71907147,,rFF44,802096628,100.00,,
13.535704511,11157970186,,instructions,802105308,100.00,3.71,insn per cycle
13.535704511,3007914971,,cycles,802113468,100.00,,
13.635969376,1816,,rD044,802120276,100.00,,
13.635969376,74908119,,rFF44,802121668,100.00,,
13.635969376,11534661169,,instructions,802111568,100.00,3.83,insn per cycle
13.635969376,3007952600,,cycles,802123578,100.00,,
13.736236250,1808,,rD044,802117552,100.00,,
13.736236250,69899666,,rFF44,802118550,100.00,,
13.736236250,10921219313,,instructions,802128925,100.00,3.63,insn per cycle
13.736236250,3007967224,,cycles,802127398,100.00,,
13.836501545,1631,,rD044,802104348,100.00,,
13.836501545,74365356,,rFF44,802109198,100.00,,
13.836501545,11456136288,,instructions,802118843,100.00,3.81,insn per cycle
13.836501545,3007884963,,cycles,802113220,100.00,,
13.936769559,1723,,rD044,802149008,100.00,,
13.936769559,69509901,,rFF44,802148488,100.00,,
13.936769559,10880605522,,instructions,802130368,100.00,3.62,insn per cycle
13.936769559,3007950221,,cycles,802122498,100.00,,
14.037036714,1390,,rD044,802119038,100.00,,
14.037036714,74889769,,rFF44,802120968,100.00,,
14.037036714,11541703926,,instructions,802128848,100.00,3.84,insn per cycle
14.037036714,3008041300,,cycles,802147048,100.00,,
14.137309759,1621,,rD044,802182888,100.00,,
14.137309759,73248078,,rFF44,802178888,100.00,,
14.137309759,11337783180,,instructions,802178558,100.00,3.77,insn per cycle
14.137309759,3008101178,,cycles,802163418,100.00,,
14.237573284,1482,,rD044,802107630,100.00,,
14.237573284,74425732,,rFF44,802111528,100.00,,
14.237573284,11473685647,,instructions,802114328,100.00,3.81,insn per cycle
14.237573284,3007891489,,cycles,802107408,100.00,,
14.337838968,1754,,rD044,802113808,100.00,,
14.337838968,73119784,,rFF44,802112560,100.00,,
14.337838968,11325096292,,instructions,802104580,100.00,3.77,insn per cycle
14.337838968,3007914024,,cycles,802112875,100.00,,
14.438104163,1383,,rD044,802119658,100.00,,
14.438104163,74572028,,rFF44,802157518,100.00,,
14.438104163,11501209197,,instructions,802164258,100.00,3.82,insn per cycle
14.438104163,3008103592,,cycles,802163933,100.00,,
14.538376258,2057,,rD044,802160508,100.00,,
14.538376258,73305365,,rFF44,802114508,100.00,,
14.538376258,11347146189,,instructions,802104748,100.00,3.77,insn per cycle
14.538376258,3007865155,,cycles,802101208,100.00,,
14.638638452,1932,,rD044,802095648,100.00,,
14.638638452,71037194,,rFF44,802101638,100.00,,
14.638638452,11068862774,,instructions,802106058,100.00,3.68,insn per cycle
14.638638452,3007883986,,cycles,802105018,100.00,,
14.738902697,1885,,rD044,802106556,100.00,,
14.738902697,74912617,,rFF44,802098028,100.00,,
14.738902697,11549281226,,instructions,802087298,100.00,3.84,insn per cycle
14.738902697,3007794863,,cycles,802081408,100.00,,
14.839164002,1839,,rD044,802063272,100.00,,
14.839164002,73014309,,rFF44,802076860,100.00,,
14.839164002,11315667742,,instructions,802095954,100.00,3.76,insn per cycle
14.839164002,3007851156,,cycles,802104928,100.00,,
14.939430386,1667,,rD044,802126408,100.00,,
14.939430386,74578429,,rFF44,802119848,100.00,,
14.939430386,11493101533,,instructions,802119074,100.00,3.82,insn per cycle
14.939430386,3007979409,,cycles,802130330,100.00,,
15.039696661,1531,,rD044,802118148,100.00,,
15.039696661,70810257,,rFF44,802115558,100.00,,
15.039696661,11023896272,,instructions,802120518,100.00,3.66,insn per cycle
15.039696661,3007942004,,cycles,802120988,100.00,,
15.139963306,1374,,rD044,802126148,100.00,,
15.139963306,74956914,,rFF44,802130468,100.00,,
15.139963306,11547446770,,instructions,802117448,100.00,3.84,insn per cycle
15.139963306,3007904977,,cycles,802110918,100.00,,
15.240228481,1702,,rD044,802122898,100.00,,
15.240228481,72639829,,rFF44,802125608,100.00,,
15.240228481,11260901747,,instructions,802130278,100.00,3.74,insn per cycle
15.240228481,3007963795,,cycles,802126408,100.00,,
15.340494325,1495,,rD044,802117340,100.00,,
15.340494325,74931323,,rFF44,802112633,100.00,,
15.340494325,11538576936,,instructions,802110888,100.00,3.84,insn per cycle
15.340494325,3007931545,,cycles,802117638,100.00,,
15.440764250,1673,,rD044,802087418,100.00,,
15.440764250,71678590,,rFF44,802080925,100.00,,
15.440764250,11153312843,,instructions,802073750,100.00,3.71,insn per cycle
15.440764250,3007635796,,cycles,802071831,100.00,,
15.541028285,1428,,rD044,802108768,100.00,,
15.541028285,75035889,,rFF44,802114868,100.00,,
15.541028285,11550967705,,instructions,802119648,100.00,3.84,insn per cycle
15.541028285,3007929403,,cycles,802117447,100.00,,
15.641303479,2235,,rD044,802190588,100.00,,
15.641303479,73261660,,rFF44,802197348,100.00,,
15.641303479,11339744484,,instructions,802198238,100.00,3.77,insn per cycle
15.641303479,3008193289,,cycles,802187518,100.00,,
15.741565804,1809,,rD044,802096318,100.00,,
15.741565804,75051435,,rFF44,802087618,100.00,,
15.741565804,11559382024,,instructions,802083188,100.00,3.84,insn per cycle
15.741565804,3007824414,,cycles,802089408,100.00,,
15.841829139,1695,,rD044,802076243,100.00,,
15.841829139,73386719,,rFF44,802080898,100.00,,
15.841829139,11354982757,,instructions,802097728,100.00,3.78,insn per cycle
15.841829139,3007860213,,cycles,802108378,100.00,,
15.942098914,1614,,rD044,802154255,100.00,,
15.942098914,74814916,,rFF44,802218620,100.00,,
15.942098914,11529835520,,instructions,802204597,100.00,3.83,insn per cycle
15.942098914,3008241613,,cycles,802200118,100.00,,
16.042372728,1625,,rD044,802184718,100.00,,
16.042372728,72832128,,rFF44,802120648,100.00,,
16.042372728,11300138276,,instructions,802123251,100.00,3.76,insn per cycle
16.042372728,3007967693,,cycles,802127820,100.00,,
16.142639783,1568,,rD044,802131248,100.00,,
16.142639783,74680266,,rFF44,802125438,100.00,,
16.142639783,11513977144,,instructions,802122808,100.00,3.83,insn per cycle
16.142639783,3007929339,,cycles,802117398,100.00,,
16.242904968,1517,,rD044,802119628,100.00,,
16.242904968,73451010,,rFF44,802118108,100.00,,
16.242904968,11366026886,,instructions,802112588,100.00,3.78,insn per cycle
16.242904968,3007938986,,cycles,802119738,100.00,,
16.343172982,1517,,rD044,802125988,100.00,,
16.343172982,74242161,,rFF44,802126588,100.00,,
16.343172982,11459890231,,instructions,802139028,100.00,3.81,insn per cycle
16.343172982,3008008750,,cycles,802138118,100.00,,
16.443440077,2095,,rD044,802133620,100.00,,
16.443440077,71831113,,rFF44,802132728,100.00,,
16.443440077,11174968917,,instructions,802122288,100.00,3.72,insn per cycle
16.443440077,3007931791,,cycles,802119448,100.00,,
16.543705022,1514,,rD044,802116228,100.00,,
16.543705022,71952913,,rFF44,802116760,100.00,,
16.543705022,11182125285,,instructions,802125810,100.00,3.72,insn per cycle
16.543705022,3007940971,,cycles,802120085,100.00,,
16.643971306,1677,,rD044,802126508,100.00,,
16.643971306,74801603,,rFF44,802129188,100.00,,
16.643971306,11531129874,,instructions,802119408,100.00,3.83,insn per cycle
16.643971306,3007926722,,cycles,802116683,100.00,,
16.744233391,1816,,rD044,802085708,100.00,,
16.744233391,73913845,,rFF44,802086078,100.00,,
16.744233391,11428613578,,instructions,802090758,100.00,3.80,insn per cycle
16.744233391,3007838169,,cycles,802093058,100.00,,
16.844497286,1434,,rD044,802083348,100.00,,
16.844497286,74722462,,rFF44,802076758,100.00,,
16.844497286,11515033351,,instructions,802074058,100.00,3.83,insn per cycle
16.844497286,3007741248,,cycles,802074468,100.00,,
16.944760780,2028,,rD044,802109873,100.00,,
16.944760780,72638297,,rFF44,802120528,100.00,,
16.944760780,11261091067,,instructions,802122938,100.00,3.74,insn per cycle
16.944760780,3007920876,,cycles,802115498,100.00,,
17.045026285,1396,,rD044,802118085,100.00,,
17.045026285,74731543,,rFF44,802113120,100.00,,
17.045026285,11509678895,,instructions,802106681,100.00,3.83,insn per cycle
17.045026285,3007889863,,cycles,802106768,100.00,,
17.145296960,1464,,rD044,802150028,100.00,,
17.145296960,71524733,,rFF44,802157168,100.00,,
17.145296960,11120442049,,instructions,802160897,100.00,3.70,insn per cycle
17.145296960,3008117540,,cycles,802167310,100.00,,
17.245563664,1424,,rD044,802142818,100.00,,
17.245563664,74822388,,rFF44,802134568,100.00,,
17.245563664,11520057777,,instructions,802140118,100.00,3.83,insn per cycle
17.245563664,3008029350,,cycles,802143958,100.00,,
17.345831469,1564,,rD044,802130158,100.00,,
17.345831469,72848856,,rFF44,802139658,100.00,,
17.345831469,11293211102,,instructions,802141168,100.00,3.75,insn per cycle
17.345831469,3007974851,,cycles,802129238,100.00,,
17.446097614,1778,,rD044,802120858,100.00,,
17.446097614,74910498,,rFF44,802162108,100.00,,
17.446097614,11532900535,,instructions,802168328,100.00,3.83,insn per cycle
17.446097614,3008176506,,cycles,802183868,100.00,,
17.546371879,1586,,rD044,802191470,100.00,,
17.546371879,71663002,,rFF44,802147658,100.00,,
17.546371879,11138205038,,instructions,802134928,100.00,3.70,insn per cycle
17.546371879,3007953121,,cycles,802123418,100.00,,
17.646636993,2061,,rD044,802109398,100.00,,
17.646636993,75248408,,rFF44,802104240,100.00,,
17.646636993,11586061845,,instructions,802113990,100.00,3.85,insn per cycle
17.646636993,3007940846,,cycles,802120354,100.00,,
17.746903218,3138,,rD044,801906438,100.00,,
17.746903218,71494214,,rFF44,801913778,100.00,,
17.746903218,11115334860,,instructions,801918178,100.00,3.70,insn per cycle
17.746903218,3006964137,,cycles,801915224,100.00,,
17.847173013,1122,,rD044,802130558,100.00,,
17.847173013,74970926,,rFF44,802117008,100.00,,
17.847173013,11551203028,,instructions,802104008,100.00,3.84,insn per cycle
17.847173013,3007837314,,cycles,802100128,100.00,,
17.947436607,1250,,rD044,802099328,100.00,,
17.947436607,73108926,,rFF44,802107048,100.00,,
17.947436607,11314649626,,instructions,802117718,100.00,3.76,insn per cycle
17.947436607,3007952246,,cycles,802123508,100.00,,
18.047701602,1105,,rD044,802118415,100.00,,
18.047701602,74606474,,rFF44,802114878,100.00,,
18.047701602,11501838160,,instructions,802110468,100.00,3.82,insn per cycle
18.047701602,3007910300,,cycles,802112268,100.00,,
18.147969107,1146,,rD044,802135423,100.00,,
18.147969107,72576691,,rFF44,802137070,100.00,,
18.147969107,11248626419,,instructions,802136376,100.00,3.74,insn per cycle
18.147969107,3007985981,,cycles,802132178,100.00,,
18.248236432,1089,,rD044,802119388,100.00,,
18.248236432,74568049,,rFF44,802118858,100.00,,
18.248236432,11499001095,,instructions,802110372,100.00,3.82,insn per cycle
18.248236432,3007861380,,cycles,802099720,100.00,,
18.348497396,1214,,rD044,802085518,100.00,,
18.348497396,70759678,,rFF44,802088758,100.00,,
18.348497396,11031482862,,instructions,802089538,100.00,3.67,insn per cycle
18.348497396,3007858888,,cycles,802098468,100.00,,
18.448761041,1781,,rD044,802098068,100.00,,
18.448761041,73577163,,rFF44,802088828,100.00,,
18.448761041,11384720023,,instructions,802096478,100.00,3.78,insn per cycle
18.448761041,3007853900,,cycles,802097768,100.00,,
18.549023616,1558,,rD044,802109048,100.00,,
18.549023616,74888297,,rFF44,802114428,100.00,,
18.549023616,11546816876,,instructions,802115698,100.00,3.84,insn per cycle
18.549023616,3007929859,,cycles,802118658,100.00,,
18.649297890,2264,,rD044,802184650,100.00,,
18.649297890,73277866,,rFF44,802194585,100.00,,
18.649297890,11347076026,,instructions,802188848,100.00,3.77,insn per cycle
18.649297890,3008169483,,cycles,802180908,100.00,,
18.749563195,1220,,rD044,802118018,100.00,,
18.749563195,74807891,,rFF44,802110713,100.00,,
18.749563195,11528528217,,instructions,802108750,100.00,3.83,insn per cycle
18.749563195,3007889407,,cycles,802106531,100.00,,
18.849826700,1569,,rD044,802078288,100.00,,
18.849826700,72626020,,rFF44,802084008,100.00,,
18.849826700,11267879846,,instructions,802079598,100.00,3.75,insn per cycle
18.849826700,3007781174,,cycles,802086787,100.00,,
18.950095674,1126,,rD044,802145738,100.00,,
18.950095674,74771514,,rFF44,802185638,100.00,,
18.950095674,11516855613,,instructions,802204978,100.00,3.83,insn per cycle
18.950095674,3008276285,,cycles,802209438,100.00,,
19.050367959,1259,,rD044,802175208,100.00,,
19.050367959,72576091,,rFF44,802129398,100.00,,
19.050367959,11239299364,,instructions,802127498,100.00,3.74,insn per cycle
19.050367959,3007927425,,cycles,802117048,100.00,,
19.150634984,1051,,rD044,802083765,100.00,,
19.150634984,74854535,,rFF44,802081858,100.00,,
19.150634984,11524929738,,instructions,802075078,100.00,3.83,insn per cycle
19.150634984,3007725828,,cycles,802081748,100.00,,
19.250897788,1198,,rD044,802094223,100.00,,
19.250897788,72683289,,rFF44,802086170,100.00,,
19.250897788,11268529816,,instructions,802081442,100.00,3.75,insn per cycle
19.250897788,3007791473,,cycles,802080478,100.00,,
19.351161523,1142,,rD044,802100248,100.00,,
19.351161523,74315166,,rFF44,802111258,100.00,,
19.351161523,11441817030,,instructions,802120296,100.00,3.80,insn per cycle
19.351161523,3007990088,,cycles,802133610,100.00,,
19.451430108,1361,,rD044,802077018,100.00,,
19.451430108,73522501,,rFF44,802076518,100.00,,
19.451430108,11381809936,,instructions,802077648,100.00,3.78,insn per cycle
19.451430108,3007623378,,cycles,802066828,100.00,,
19.551695122,1148,,rD044,802121238,100.00,,
19.551695122,74640850,,rFF44,802116898,100.00,,
19.551695122,11496538018,,instructions,802112408,100.00,3.82,insn per cycle
19.551695122,3007896662,,cycles,802108678,100.00,,
19.651960557,1509,,rD044,802114548,100.00,,
19.651960557,71806671,,rFF44,802119418,100.00,,
19.651960557,11162220320,,instructions,802113848,100.00,3.71,insn per cycle
19.651960557,3007913876,,cycles,802113238,100.00,,
19.752223632,1218,,rD044,802098530,100.00,,
19.752223632,74930056,,rFF44,802094291,100.00,,
19.752223632,11544851945,,instructions,802092268,100.00,3.84,insn per cycle
19.752223632,3007860092,,cycles,802098988,100.00,,
19.852488687,1598,,rD044,802091578,100.00,,
19.852488687,72632037,,rFF44,802088587,100.00,,
19.852488687,11260767209,,instructions,802089280,100.00,3.74,insn per cycle
19.852488687,3007779426,,cycles,802084820,100.00,,
19.952751721,1379,,rD044,802091938,100.00,,
19.952751721,74819040,,rFF44,802097108,100.00,,
19.952751721,11533433187,,instructions,802099578,100.00,3.83,insn per cycle
19.952751721,3007870380,,cycles,802101308,100.00,,
20.053016026,1417,,rD044,802111538,100.00,,
20.053016026,71468700,,rFF44,802102318,100.00,,
20.053016026,11123099311,,instructions,802086668,100.00,3.70,insn per cycle
20.053016026,3007774065,,cycles,802076118,100.00,,
20.153284871,1187,,rD044,802094208,100.00,,
20.153284871,74875315,,rFF44,802096518,100.00,,
20.153284871,11545212685,,instructions,802111398,100.00,3.84,insn per cycle
20.153284871,3007836002,,cycles,802111158,100.00,,
20.253544785,1556,,rD044,802087090,100.00,,
20.253544785,72598407,,rFF44,802095447,100.00,,
20.253544785,11263546356,,instructions,802102108,100.00,3.74,insn per cycle
20.253544785,3007895875,,cycles,802108808,100.00,,
20.353811100,1414,,rD044,802118978,100.00,,
20.353811100,73935979,,rFF44,802120401,100.00,,
20.353811100,11432368594,,instructions,802114050,100.00,3.80,insn per cycle
20.353811100,3007933722,,cycles,802118354,100.00,,
20.454076195,1333,,rD044,802115338,100.00,,
20.454076195,74668391,,rFF44,802115268,100.00,,
20.454076195,11509061906,,instructions,802184498,100.00,3.83,insn per cycle
20.454076195,3008190483,,cycles,802186734,100.00,,
20.554352159,1529,,rD044,802206798,100.00,,
20.554352159,73118817,,rFF44,802200708,100.00,,
20.554352159,11334952999,,instructions,802130568,100.00,3.77,insn per cycle
20.554352159,3007963155,,cycles,802126588,100.00,,
20.654618374,1216,,rD044,802116018,100.00,,
20.654618374,75064583,,rFF44,802120268,100.00,,
20.654618374,11567143158,,instructions,802128098,100.00,3.85,insn per cycle
20.654618374,3008016993,,cycles,802140158,100.00,,
20.754886029,1407,,rD044,802147428,100.00,,
20.754886029,73497282,,rFF44,802156588,100.00,,
20.754886029,11370582435,,instructions,802160898,100.00,3.78,insn per cycle
20.754886029,3008028977,,cycles,802144008,100.00,,
20.855154824,1395,,rD044,802110320,100.00,,
20.855154824,74788376,,rFF44,802103820,100.00,,
20.855154824,11515193242,,instructions,802093328,100.00,3.83,insn per cycle
20.855154824,3007791869,,cycles,802088318,100.00,,
20.955417738,1424,,rD044,802111808,100.00,,
20.955417738,72082083,,rFF44,802104948,100.00,,
20.955417738,11196261309,,instructions,802104790,100.00,3.72,insn per cycle
20.955417738,3007929814,,cycles,802117340,100.00,,
21.055683313,1438,,rD044,802115338,100.00,,
21.055683313,75156696,,rFF44,802118258,100.00,,
21.055683313,11567600288,,instructions,802114798,100.00,3.85,insn per cycle
21.055683313,3007926243,,cycles,802116808,100.00,,
21.155950238,1230,,rD044,802120498,100.00,,
21.155950238,72014766,,rFF44,802119748,100.00,,
21.155950238,11174990477,,instructions,802123878,100.00,3.72,insn per cycle
21.155950238,3007973796,,cycles,802128318,100.00,,
21.256216302,1284,,rD044,802120838,100.00,,
21.256216302,74770130,,rFF44,802128428,100.00,,
21.256216302,11510855844,,instructions,802131138,100.00,3.83,insn per cycle
21.256216302,3007949950,,cycles,802123178,100.00,,
21.356483297,1327,,rD044,802140650,100.00,,
21.356483297,73303956,,rFF44,802152028,100.00,,
21.356483297,11347528283,,instructions,802165568,100.00,3.77,insn per cycle
21.356483297,3008132731,,cycles,802171708,100.00,,
21.456755472,1493,,rD044,802170718,100.00,,
21.456755472,75169398,,rFF44,802148840,100.00,,
21.456755472,11579034754,,instructions,802125280,100.00,3.85,insn per cycle
21.456755472,3007925206,,cycles,802116408,100.00,,
21.557019266,1811,,rD044,802101168,100.00,,
21.557019266,73994030,,rFF44,802117258,100.00,,
21.557019266,11439870652,,instructions,802127078,100.00,3.80,insn per cycle
21.557019266,3007964245,,cycles,802127580,100.00,,
21.657309161,1448,,rD044,802315058,100.00,,
21.657309161,75490334,,rFF44,802308438,100.00,,
21.657309161,11635731920,,instructions,802307118,100.00,3.87,insn per cycle
21.657309161,3008591539,,cycles,802293748,100.00,,
21.757571616,1461,,rD044,802086358,100.00,,
21.757571616,73593843,,rFF44,802079468,100.00,,
21.757571616,11376456973,,instructions,802073308,100.00,3.78,insn per cycle
21.757571616,3007786414,,cycles,802079168,100.00,,
21.857832781,1207,,rD044,802073658,100.00,,
21.857832781,74301639,,rFF44,802076028,100.00,,
21.857832781,11456505548,,instructions,802083808,100.00,3.81,insn per cycle
21.857832781,3007833319,,cycles,802098998,100.00,,
21.958097635,1565,,rD044,802113720,100.00,,
21.958097635,71144061,,rFF44,802180698,100.00,,
21.958097635,11081358294,,instructions,802167238,100.00,3.68,insn per cycle
21.958097635,3008075718,,cycles,802156308,100.00,,
22.058368590,1184,,rD044,802152608,100.00,,
22.058368590,71988790,,rFF44,802098390,100.00,,
22.058368590,11162562813,,instructions,802117820,100.00,3.71,insn per cycle
22.058368590,3007979181,,cycles,802130674,100.00,,
22.158637965,1124,,rD044,802159398,100.00,,
22.158637965,73170594,,rFF44,802147658,100.00,,
22.158637965,11347178966,,instructions,802144348,100.00,3.77,insn per cycle
22.158637965,3008019878,,cycles,802141674,100.00,,
22.258905599,1191,,rD044,802127138,100.00,,
22.258905599,73743899,,rFF44,802135328,100.00,,
22.258905599,11402293515,,instructions,802130898,100.00,3.79,insn per cycle
22.258905599,3007956577,,cycles,802123998,100.00,,
22.359172204,1039,,rD044,802119028,100.00,,
22.359172204,74478117,,rFF44,802113088,100.00,,
22.359172204,11480781678,,instructions,802116718,100.00,3.82,insn per cycle
22.359172204,3007913271,,cycles,802113398,100.00,,
22.459436509,1177,,rD044,802111305,100.00,,
22.459436509,72120906,,rFF44,802109228,100.00,,
22.459436509,11196945890,,instructions,802105688,100.00,3.72,insn per cycle
22.459436509,3007940531,,cycles,802120038,100.00,,
22.559702234,1068,,rD044,802046863,100.00,,
22.559702234,74784989,,rFF44,802042770,100.00,,
22.559702234,11521074283,,instructions,802045695,100.00,3.83,insn per cycle
22.559702234,3007525066,,cycles,802032398,100.00,,
22.659965898,1256,,rD044,802114308,100.00,,
22.659965898,70874821,,rFF44,802120038,100.00,,
22.659965898,11036433659,,instructions,802120683,100.00,3.67,insn per cycle
22.659965898,3007993439,,cycles,802134200,100.00,,
22.760234723,1088,,rD044,802143588,100.00,,
22.760234723,74696593,,rFF44,802141178,100.00,,
22.760234723,11504657348,,instructions,802138278,100.00,3.82,insn per cycle
22.760234723,3007971280,,cycles,802128338,100.00,,
22.860498878,1147,,rD044,802088478,100.00,,
22.860498878,73367531,,rFF44,802092798,100.00,,
22.860498878,11353821196,,instructions,802099018,100.00,3.77,insn per cycle
22.860498878,3007819985,,cycles,802096388,100.00,,
22.960764022,1232,,rD044,802124008,100.00,,
22.960764022,74857053,,rFF44,802125718,100.00,,
22.960764022,11524925875,,instructions,802112608,100.00,3.83,insn per cycle
22.960764022,3007929484,,cycles,802117648,100.00,,
23.061031247,1118,,rD044,802124790,100.00,,
23.061031247,72605984,,rFF44,802118714,100.00,,
23.061031247,11257041685,,instructions,802127538,100.00,3.74,insn per cycle
23.061031247,3008005094,,cycles,802137038,100.00,,
23.161304952,1138,,rD044,802096728,100.00,,
23.161304952,74790592,,rFF44,802087044,100.00,,
23.161304952,11515770469,,instructions,802080070,100.00,3.83,insn per cycle
23.161304952,3007698136,,cycles,802071943,100.00,,
23.261567146,1263,,rD044,802112468,100.00,,
23.261567146,74153912,,rFF44,802135748,100.00,,
23.261567146,11459608993,,instructions,802143638,100.00,3.81,insn per cycle
23.261567146,3008024243,,cycles,802142665,100.00,,
23.361834381,993,,rD044,802123328,100.00,,
23.361834381,74927299,,rFF44,802103718,100.00,,
23.361834381,11544019343,,instructions,802086818,100.00,3.84,insn per cycle
23.361834381,3007775568,,cycles,802076418,100.00,,
23.462098996,1274,,rD044,802044408,100.00,,
23.462098996,73771987,,rFF44,802121628,100.00,,
23.462098996,11412345004,,instructions,802123838,100.00,3.79,insn per cycle
23.462098996,3007849546,,cycles,802126748,100.00,,
23.562370821,1135,,rD044,802164846,100.00,,
23.562370821,75154824,,rFF44,802077208,100.00,,
23.562370821,11586086109,,instructions,802076388,100.00,3.85,insn per cycle
23.562370821,3007804535,,cycles,802084088,100.00,,
23.662630705,1296,,rD044,802085292,100.00,,
23.662630705,72724216,,rFF44,802101470,100.00,,
23.662630705,11256893826,,instructions,802106483,100.00,3.74,insn per cycle
23.662630705,3007854840,,cycles,802097728,100.00,,
23.762896400,987,,rD044,802121098,100.00,,
23.762896400,74558436,,rFF44,802128498,100.00,,
23.762896400,11497724399,,instructions,802132665,100.00,3.82,insn per cycle
23.762896400,3007987797,,cycles,802133300,100.00,,
23.863162555,1271,,rD044,802091058,100.00,,
23.863162555,72543338,,rFF44,802080078,100.00,,
23.863162555,11239039298,,instructions,802098438,100.00,3.74,insn per cycle
23.863162555,3007921640,,cycles,802122218,100.00,,
23.963432999,1333,,rD044,802160808,100.00,,
23.963432999,72881738,,rFF44,802164158,100.00,,
23.963432999,11287470363,,instructions,802142518,100.00,3.75,insn per cycle
23.963432999,3007933029,,cycles,802118298,100.00,,
24.063693654,1139,,rD044,802080438,100.00,,
24.063693654,74539616,,rFF44,802089948,100.00,,
24.063693654,11492709554,,instructions,802112098,100.00,3.82,insn per cycle
24.063693654,3007961799,,cycles,802126378,100.00,,
24.163963009,1254,,rD044,802148090,100.00,,
24.163963009,70306082,,rFF44,802147244,100.00,,
24.163963009,10955613394,,instructions,802129768,100.00,3.64,insn per cycle
24.163963009,3007952794,,cycles,802123668,100.00,,
24.264228873,1209,,rD044,802086468,100.00,,
24.264228873,74516532,,rFF44,802081634,100.00,,
24.264228873,11486141523,,instructions,802086370,100.00,3.82,insn per cycle
24.264228873,3007738593,,cycles,802087931,100.00,,
24.364493328,1182,,rD044,802104508,100.00,,
24.364493328,73295920,,rFF44,802091118,100.00,,
24.364493328,11359598950,,instructions,802074958,100.00,3.78,insn per cycle
24.364493328,3007758534,,cycles,802071947,100.00,,
24.464756113,1169,,rD044,802098318,100.00,,
24.464756113,74727921,,rFF44,802113368,100.00,,
24.464756113,11514798019,,instructions,802126688,100.00,3.83,insn per cycle
24.464756113,3007939128,,cycles,802120058,100.00,,
24.565022867,1191,,rD044,802134958,100.00,,
24.565022867,73295441,,rFF44,802130558,100.00,,
24.565022867,11342718401,,instructions,802132888,100.00,3.77,insn per cycle
24.565022867,3008016732,,cycles,802140808,100.00,,
24.665299122,1427,,rD044,802187984,100.00,,
24.665299122,74888569,,rFF44,802185998,100.00,,
24.665299122,11530506964,,instructions,802185588,100.00,3.83,insn per cycle
24.665299122,3008145520,,cycles,802174668,100.00,,
24.765562017,1258,,rD044,802088804,100.00,,
24.765562017,72970618,,rFF44,802088430,100.00,,
24.765562017,11299875936,,instructions,802083572,100.00,3.76,insn per cycle
24.765562017,3007789497,,cycles,802088048,100.00,,
24.865825771,1230,,rD044,802099858,100.00,,
24.865825771,74960528,,rFF44,802097128,100.00,,
24.865825771,11538650687,,instructions,802100856,100.00,3.84,insn per cycle
24.865825771,3007897404,,cycles,802108890,100.00,,
24.966091766,1296,,rD044,802122688,100.00,,
24.966091766,72971818,,rFF44,802153828,100.00,,
24.966091766,11305375365,,instructions,802182838,100.00,3.76,insn per cycle
24.966091766,3008177718,,cycles,802183808,100.00,,
25.066365701,1103,,rD044,802192898,100.00,,
25.066365701,74556877,,rFF44,802170128,100.00,,
25.066365701,11481676460,,instructions,802138568,100.00,3.82,insn per cycle
25.066365701,3008056101,,cycles,802151248,100.00,,
25.166636116,1213,,rD044,802106128,100.00,,
25.166636116,71709138,,rFF44,802094468,100.00,,
25.166636116,11142878917,,instructions,802097848,100.00,3.70,insn per cycle
25.166636116,3007696049,,cycles,802075778,100.00,,
25.266899480,1000,,rD044,802104370,100.00,,
25.266899480,74769526,,rFF44,802112865,100.00,,
25.266899480,11519755305,,instructions,802104248,100.00,3.83,insn per cycle
25.266899480,3007876128,,cycles,802103248,100.00,,
25.367162375,1174,,rD044,802085128,100.00,,
25.367162375,73215739,,rFF44,802083783,100.00,,
25.367162375,11331535928,,instructions,802096880,100.00,3.77,insn per cycle
25.367162375,3007886216,,cycles,802106030,100.00,,
25.467426980,1005,,rD044,802123198,100.00,,
25.467426980,74701209,,rFF44,802121568,100.00,,
25.467426980,11514833749,,instructions,802102978,100.00,3.83,insn per cycle
25.467426980,3007855213,,cycles,802097538,100.00,,
25.567691914,1089,,rD044,802112718,100.00,,
25.567691914,72023599,,rFF44,802120518,100.00,,
25.567691914,11181646965,,instructions,802132218,100.00,3.72,insn per cycle
25.567691914,3008006028,,cycles,802137748,100.00,,
25.667960359,1369,,rD044,802132538,100.00,,
25.667960359,74093856,,rFF44,802127998,100.00,,
25.667960359,11425312078,,instructions,802130738,100.00,3.80,insn per cycle
25.667960359,3007957283,,cycles,802124598,100.00,,
25.768222374,1142,,rD044,802091981,100.00,,
25.768222374,72440327,,rFF44,802090038,100.00,,
25.768222374,11241143870,,instructions,802095648,100.00,3.74,insn per cycle
25.768222374,3007857770,,cycles,802098698,100.00,,
25.868487188,1210,,rD044,802099227,100.00,,
25.868487188,72526454,,rFF44,802118660,100.00,,
25.868487188,11249156300,,instructions,802118330,100.00,3.74,insn per cycle
25.868487188,3007870754,,cycles,802109878,100.00,,
25.968755143,1147,,rD044,802136018,100.00,,
25.968755143,74342017,,rFF44,802122058,100.00,,
25.968755143,11472644581,,instructions,802113438,100.00,3.81,insn per cycle
25.968755143,3007971711,,cycles,802128560,100.00,,
26.069022038,1150,,rD044,802128608,100.00,,
26.069022038,73517637,,rFF44,802124438,100.00,,
26.069022038,11364570169,,instructions,802119178,100.00,3.78,insn per cycle
26.069022038,3007904178,,cycles,802110948,100.00,,
26.169294613,1121,,rD044,802165848,100.00,,
26.169294613,74269213,,rFF44,802173368,100.00,,
26.169294613,11446403672,,instructions,802181338,100.00,3.81,insn per cycle
26.169294613,3008157969,,cycles,802177558,100.00,,
26.269559727,1021,,rD044,802129798,100.00,,
26.269559727,73437701,,rFF44,802123738,100.00,,
26.269559727,11347570030,,instructions,802128128,100.00,3.77,insn per cycle
26.269559727,3008037252,,cycles,802146688,100.00,,
26.369828582,1505,,rD044,802143240,100.00,,
26.369828582,74755546,,rFF44,802145663,100.00,,
26.369828582,11515506380,,instructions,802137038,100.00,3.83,insn per cycle
26.369828582,3007971479,,cycles,802128538,100.00,,
26.470092677,1451,,rD044,802104958,100.00,,
26.470092677,70338976,,rFF44,802127555,100.00,,
26.470092677,10981692083,,instructions,802142760,100.00,3.65,insn per cycle
26.470092677,3008013353,,cycles,802139431,100.00,,
26.570362901,1254,,rD044,802149548,100.00,,
26.570362901,75456274,,rFF44,802120888,100.00,,
26.570362901,11619727524,,instructions,802111778,100.00,3.86,insn per cycle
26.570362901,3007918266,,cycles,802114267,100.00,,
26.670629816,1634,,rD044,802137088,100.00,,
26.670629816,73265247,,rFF44,802136388,100.00,,
26.670629816,11335409104,,instructions,802134378,100.00,3.77,insn per cycle
26.670629816,3007981702,,cycles,802132578,100.00,,
26.770906051,1067,,rD044,802209018,100.00,,
26.770906051,74307339,,rFF44,802209518,100.00,,
26.770906051,11438572356,,instructions,802195918,100.00,3.80,insn per cycle
26.770906051,3008203570,,cycles,802190478,100.00,,
26.871171005,1189,,rD044,802070785,100.00,,
26.871171005,72324299,,rFF44,802075638,100.00,,
26.871171005,11226567531,,instructions,802088208,100.00,3.73,insn per cycle
26.871171005,3007832923,,cycles,802098388,100.00,,
26.971437260,1249,,rD044,802133683,100.00,,
26.971437260,75185007,,rFF44,802132820,100.00,,
26.971437260,11578201938,,instructions,802135705,100.00,3.85,insn per cycle
26.971437260,3007994169,,cycles,802134798,100.00,,
27.071703335,1181,,rD044,802127998,100.00,,
27.071703335,72364468,,rFF44,802123028,100.00,,
27.071703335,11230785578,,instructions,802116393,100.00,3.73,insn per cycle
27.071703335,3007884586,,cycles,802105710,100.00,,
27.171966659,1142,,rD044,802092888,100.00,,
27.171966659,75051361,,rFF44,802091328,100.00,,
27.171966659,11562532272,,instructions,802091538,100.00,3.84,insn per cycle
27.171966659,3007839176,,cycles,802093418,100.00,,
27.272230694,1106,,rD044,802099398,100.00,,
27.272230694,72903444,,rFF44,802093848,100.00,,
27.272230694,11289593476,,instructions,802099778,100.00,3.75,insn per cycle
27.272230694,3007916304,,cycles,802113698,100.00,,
27.372502889,1097,,rD044,802105008,100.00,,
27.372502889,74865814,,rFF44,802105098,100.00,,
27.372502889,11540541005,,instructions,802103508,100.00,3.84,insn per cycle
27.372502889,3007749690,,cycles,802099388,100.00,,
27.472769074,1096,,rD044,802140750,100.00,,
27.472769074,72887923,,rFF44,802150126,100.00,,
27.472769074,11301778836,,instructions,802143458,100.00,3.76,insn per cycle
27.472769074,3007987119,,cycles,802132938,100.00,,
27.573033778,1046,,rD044,802120678,100.00,,
27.573033778,74958038,,rFF44,802129882,100.00,,
27.573033778,11559867534,,instructions,802132970,100.00,3.84,insn per cycle
27.573033778,3008015028,,cycles,802140243,100.00,,
27.673308613,1296,,rD044,802173098,100.00,,
27.673308613,73920551,,rFF44,802169038,100.00,,
27.673308613,11428195986,,instructions,802171008,100.00,3.80,insn per cycle
27.673308613,3008116739,,cycles,802167335,100.00,,
27.773572448,1156,,rD044,802091057,100.00,,
27.773572448,73088892,,rFF44,802087947,100.00,,
27.773572448,11314661575,,instructions,802089747,100.00,3.76,insn per cycle
27.773572448,3007782914,,cycles,802085677,100.00,,
27.873837022,1137,,rD044,802124028,100.00,,
27.873837022,74551543,,rFF44,802115248,100.00,,
27.873837022,11493447869,,instructions,802105398,100.00,3.82,insn per cycle
27.873837022,3007909664,,cycles,802112498,100.00,,
27.974104137,1253,,rD044,802132786,100.00,,
27.974104137,73373351,,rFF44,802183668,100.00,,
27.974104137,11358026729,,instructions,802193208,100.00,3.78,insn per cycle
27.974104137,3008241662,,cycles,802200608,100.00,,
28.074378972,1286,,rD044,802179642,100.00,,
28.074378972,74355936,,rFF44,802134770,100.00,,
28.074378972,11457539581,,instructions,802135858,100.00,3.81,insn per cycle
28.074378972,3007942430,,cycles,802120868,100.00,,
28.174643577,1498,,rD044,802119818,100.00,,
28.174643577,72008916,,rFF44,802119848,100.00,,
28.174643577,11175595295,,instructions,802111690,100.00,3.72,insn per cycle
28.174643577,3007916787,,cycles,802113460,100.00,,
28.274907041,1084,,rD044,802090088,100.00,,
28.274907041,74599416,,rFF44,802095498,100.00,,
28.274907041,11491305974,,instructions,802101958,100.00,3.82,insn per cycle
28.274907041,3007869441,,cycles,802101648,100.00,,
28.375172106,1209,,rD044,802106668,100.00,,
28.375172106,72848148,,rFF44,802099348,100.00,,
28.375172106,11290269533,,instructions,802092808,100.00,3.75,insn per cycle
28.375172106,3007850869,,cycles,802096588,100.00,,
28.475435241,1082,,rD044,802105208,100.00,,
28.475435241,74692800,,rFF44,802100828,100.00,,
28.475435241,11500477050,,instructions,802096978,100.00,3.82,insn per cycle
28.475435241,3007862904,,cycles,802099548,100.00,,
28.575697975,1142,,rD044,802101490,100.00,,
28.575697975,71311092,,rFF44,802102964,100.00,,
28.575697975,11101951249,,instructions,802102768,100.00,3.69,insn per cycle
28.575697975,3007904395,,cycles,802110028,100.00,,
28.675964100,1114,,rD044,802121458,100.00,,
28.675964100,75020057,,rFF44,802134264,100.00,,
28.675964100,11548831935,,instructions,802150260,100.00,3.84,insn per cycle
28.675964100,3008041016,,cycles,802147572,100.00,,
28.776234405,1209,,rD044,802154848,100.00,,
28.776234405,72227118,,rFF44,802149838,100.00,,
28.776234405,11218474368,,instructions,802150278,100.00,3.73,insn per cycle
28.776234405,3008054810,,cycles,802150836,100.00,,
28.876502139,1330,,rD044,802110038,100.00,,
28.876502139,74821380,,rFF44,802111818,100.00,,
28.876502139,11522076245,,instructions,802097278,100.00,3.83,insn per cycle
28.876502139,3007761797,,cycles,802083078,100.00,,
28.976766874,1187,,rD044,802109498,100.00,,
28.976766874,71825466,,rFF44,802107538,100.00,,
28.976766874,11156210019,,instructions,802115358,100.00,3.71,insn per cycle
28.976766874,3007942756,,cycles,802120728,100.00,,
29.077033849,851,,rD044,802127364,100.00,,
29.077033849,74786383,,rFF44,802124498,100.00,,
29.077033849,11522272424,,instructions,802112488,100.00,3.83,insn per cycle
29.077033849,3007867922,,cycles,802101138,100.00,,
29.177305514,938,,rD044,802025383,100.00,,
29.177305514,73082488,,rFF44,802034949,100.00,,
29.177305514,11322220547,,instructions,802048375,100.00,3.76,insn per cycle
29.177305514,3007706378,,cycles,802065497,100.00,,
29.277574138,833,,rD044,802154828,100.00,,
29.277574138,75055597,,rFF44,802145968,100.00,,
29.277574138,11570084255,,instructions,802136412,100.00,3.85,insn per cycle
29.277574138,3007979438,,cycles,802130740,100.00,,
29.377841733,939,,rD044,802115938,100.00,,
29.377841733,72925928,,rFF44,802118168,100.00,,
29.377841733,11296094394,,instructions,802112088,100.00,3.76,insn per cycle
29.377841733,3007868985,,cycles,802108198,100.00,,
29.478104638,782,,rD044,802093168,100.00,,
29.478104638,74813535,,rFF44,802154868,100.00,,
29.478104638,11537517550,,instructions,802164308,100.00,3.84,insn per cycle
29.478104638,3008138531,,cycles,802173408,100.00,,
29.503195402,11995,,rD044,174601348,100.00,,
29.503195402,4471233,,rFF44,174325668,100.00,,
29.503195402,904669008,,instructions,174149338,100.00,1.39,insn per cycle
29.503195402,652253061,,cycles,173970098,100.00,,
