0.100129839,9297,,rD044,95974430,100.00,,
0.100129839,25341931,,rFF44,95980560,100.00,,
0.100129839,543542305,,instructions,95985220,100.00,1.53,insn per cycle
0.100129839,356124390,,cycles,95989820,100.00,,
0.200400360,939,,rD044,100267285,100.00,,
0.200400360,28194574,,rFF44,100267475,100.00,,
0.200400360,593371222,,instructions,100267725,100.00,1.58,insn per cycle
0.200400360,376001911,,cycles,100267725,100.00,,
0.300615329,1157,,rD044,100212645,100.00,,
0.300615329,31894277,,rFF44,100211725,100.00,,
0.300615329,376039747,,instructions,100212755,100.00,1.00,insn per cycle
0.300615329,375795406,,cycles,100212725,100.00,,
0.400827700,614,,rD044,100212435,100.00,,
0.400827700,38540976,,rFF44,100213195,100.00,,
0.400827700,47646474,,instructions,100212805,100.00,0.13,insn per cycle
0.400827700,375796828,,cycles,100212785,100.00,,
0.501041159,168266,,rD044,1787407248,100.00,,
0.501041159,173216857,,rFF44,1791081200,100.00,,
0.501041159,24335258853,,instructions,1793904450,100.00,3.61,insn per cycle
0.501041159,6735537795,,cycles,1796733172,100.00,,
0.601637384,203758,,rD044,3218632041,100.00,,
0.601637384,290542005,,rFF44,3218475032,100.00,,
0.601637384,45133216829,,instructions,3218602833,100.00,3.74,insn per cycle
0.601637384,12070007783,,cycles,3218709301,100.00,,
0.702229318,187114,,rD044,3218666944,100.00,,
0.702229318,288486831,,rFF44,3218531982,100.00,,
0.702229318,44856869194,,instructions,3218449675,100.00,3.72,insn per cycle
0.702229318,12069386409,,cycles,3218545433,100.00,,
0.802817972,192366,,rD044,3218709572,100.00,,
0.802817972,291060921,,rFF44,3218849871,100.00,,
0.802817972,45202910517,,instructions,3218897639,100.00,3.75,insn per cycle
0.802817972,12069932906,,cycles,3218681701,100.00,,
0.903403247,183952,,rD044,3218666655,100.00,,
0.903403247,288332661,,rFF44,3218806273,100.00,,
0.903403247,44849703940,,instructions,3218870859,100.00,3.72,insn per cycle
0.903403247,12070788228,,cycles,3218920463,100.00,,
1.004001851,194847,,rD044,3219081798,100.00,,
1.004001851,291433819,,rFF44,3218872654,100.00,,
1.004001851,45237669640,,instructions,3218749346,100.00,3.75,insn per cycle
1.004001851,12070091271,,cycles,3218726444,100.00,,
1.104598435,187708,,rD044,3218888916,100.00,,
1.104598435,292270932,,rFF44,3218816018,100.00,,
1.104598435,45345888270,,instructions,3218734444,100.00,3.76,insn per cycle
1.104598435,12070169498,,cycles,3218734125,100.00,,
1.205176470,188237,,rD044,3218787763,100.00,,
1.205176470,289655368,,rFF44,3219105038,100.00,,
1.205176470,44988650042,,instructions,3219228046,100.00,3.73,insn per cycle
1.205176470,12071642745,,cycles,3219121291,100.00,,
1.305783564,189379,,rD044,3219220500,100.00,,
1.305783564,290365199,,rFF44,3218946804,100.00,,
1.305783564,45097993536,,instructions,3218868040,100.00,3.74,insn per cycle
1.305783564,12070972268,,cycles,3218948062,100.00,,
1.406374508,185896,,rD044,3218788077,100.00,,
1.406374508,285741082,,rFF44,3218923465,100.00,,
1.406374508,44537704321,,instructions,3219645234,100.00,3.69,insn per cycle
1.406374508,12073515712,,cycles,3219629815,100.00,,
1.506988943,193744,,rD044,3219764177,100.00,,
1.506988943,287897284,,rFF44,3219905080,100.00,,
1.506988943,44736930449,,instructions,3219179502,100.00,3.71,insn per cycle
1.506988943,12071878611,,cycles,3219190992,100.00,,
1.607592128,194063,,rD044,3218934837,100.00,,
1.607592128,290660870,,rFF44,3218767534,100.00,,
1.607592128,45154527327,,instructions,3218804205,100.00,3.74,insn per cycle
1.607592128,12070248694,,cycles,3218756014,100.00,,
1.708171762,200820,,rD044,3218367635,100.00,,
1.708171762,292983062,,rFF44,3218066821,100.00,,
1.708171762,45368418831,,instructions,3217710842,100.00,3.76,insn per cycle
1.708171762,12065409599,,cycles,3217468082,100.00,,
1.808723865,211235,,rD044,3217738684,100.00,,
1.808723865,282441312,,rFF44,3217918545,100.00,,
1.808723865,44137539188,,instructions,3218236395,100.00,3.66,insn per cycle
1.808723865,12069461863,,cycles,3218549764,100.00,,
1.909307660,182241,,rD044,3218579412,100.00,,
1.909307660,292377098,,rFF44,3218653831,100.00,,
1.909307660,45366835843,,instructions,3218724211,100.00,3.76,insn per cycle
1.909307660,12070485225,,cycles,3218838111,100.00,,
2.009931544,180392,,rD044,3219976163,100.00,,
2.009931544,286124401,,rFF44,3219930427,100.00,,
2.009931544,44576915752,,instructions,3219686144,100.00,3.69,insn per cycle
2.009931544,12072677997,,cycles,3219399265,100.00,,
2.110501659,181892,,rD044,3218360855,100.00,,
2.110501659,294667172,,rFF44,3218498182,100.00,,
2.110501659,45662210413,,instructions,3218719377,100.00,3.78,insn per cycle
2.110501659,12070808724,,cycles,3218904904,100.00,,
2.211103343,184004,,rD044,3218400621,100.00,,
2.211103343,287598867,,rFF44,3218135758,100.00,,
2.211103343,44755931566,,instructions,3218062658,100.00,3.71,insn per cycle
2.211103343,12066506386,,cycles,3217890163,100.00,,
2.311671137,184808,,rD044,3218089490,100.00,,
2.311671137,293350796,,rFF44,3218051266,100.00,,
2.311671137,45491507558,,instructions,3218134946,100.00,3.77,insn per cycle
2.311671137,12068607140,,cycles,3218330741,100.00,,
2.412252011,188874,,rD044,3218626774,100.00,,
2.412252011,291888508,,rFF44,3218784092,100.00,,
2.412252011,45301454272,,instructions,3218705108,100.00,3.75,insn per cycle
2.412252011,12070547990,,cycles,3218854552,100.00,,
2.512847486,190595,,rD044,3218905824,100.00,,
2.512847486,289610256,,rFF44,3218951776,100.00,,
2.512847486,44987458974,,instructions,3218938654,100.00,3.73,insn per cycle
2.512847486,12069874289,,cycles,3218674083,100.00,,
2.613429500,185673,,rD044,3218508064,100.00,,
2.613429500,291375728,,rFF44,3218672521,100.00,,
2.613429500,45220604624,,instructions,3218668518,100.00,3.75,insn per cycle
2.613429500,12070010187,,cycles,3218704494,100.00,,
2.714021824,187150,,rD044,3218755312,100.00,,
2.714021824,287258924,,rFF44,3218519993,100.00,,
2.714021824,44730794890,,instructions,3218485428,100.00,3.71,insn per cycle
2.714021824,12069098336,,cycles,3218462650,100.00,,
2.814609078,183322,,rD044,3218680565,100.00,,
2.814609078,286853822,,rFF44,3218710441,100.00,,
2.814609078,44685744991,,instructions,3218759225,100.00,3.70,insn per cycle
2.814609078,12070619898,,cycles,3218871734,100.00,,
2.915201553,183667,,rD044,3218761224,100.00,,
2.915201553,290495140,,rFF44,3218727373,100.00,,
2.915201553,45123562349,,instructions,3218754308,100.00,3.74,insn per cycle
2.915201553,12070086061,,cycles,3218729940,100.00,,
3.015795077,178054,,rD044,3218699387,100.00,,
3.015795077,287230439,,rFF44,3218701326,100.00,,
3.015795077,44717860530,,instructions,3218601173,100.00,3.71,insn per cycle
3.015795077,12069281570,,cycles,3218519074,100.00,,
3.116376901,190485,,rD044,3218472659,100.00,,
3.116376901,293419201,,rFF44,3218464967,100.00,,
3.116376901,45489964729,,instructions,3218666548,100.00,3.77,insn per cycle
3.116376901,12069878515,,cycles,3218671722,100.00,,
3.216957466,219024,,rD044,3218361222,100.00,,
3.216957466,287935217,,rFF44,3218177885,100.00,,
3.216957466,44789433357,,instructions,3217952743,100.00,3.71,insn per cycle
3.216957466,12067019292,,cycles,3217929381,100.00,,
3.317513239,185958,,rD044,3217698462,100.00,,
3.317513239,289067006,,rFF44,3218234916,100.00,,
3.317513239,44946509233,,instructions,3218287285,100.00,3.72,insn per cycle
3.317513239,12068412759,,cycles,3218317750,100.00,,
3.418108104,184218,,rD044,3218592001,100.00,,
3.418108104,290959204,,rFF44,3218183651,100.00,,
3.418108104,45163708553,,instructions,3218221246,100.00,3.74,insn per cycle
3.418108104,12067974702,,cycles,3218217114,100.00,,
3.518672418,191921,,rD044,3217539545,100.00,,
3.518672418,292077042,,rFF44,3217445728,100.00,,
3.518672418,45306227397,,instructions,3217448706,100.00,3.76,insn per cycle
3.518672418,12064661728,,cycles,3217377855,100.00,,
3.619229062,190787,,rD044,3217944577,100.00,,
3.619229062,289026576,,rFF44,3218175584,100.00,,
3.619229062,44943608787,,instructions,3218230886,100.00,3.72,insn per cycle
3.619229062,12068822759,,cycles,3218412479,100.00,,
3.719811376,192436,,rD044,3218265299,100.00,,
3.719811376,293667607,,rFF44,3218184524,100.00,,
3.719811376,45500885835,,instructions,3218075071,100.00,3.77,insn per cycle
3.719811376,12066722704,,cycles,3217962684,100.00,,
3.820438921,187593,,rD044,3219971606,100.00,,
3.820438921,291222963,,rFF44,3220143618,100.00,,
3.820438921,45208565927,,instructions,3220034187,100.00,3.74,insn per cycle
3.820438921,12074574042,,cycles,3219938823,100.00,,
3.921015595,182618,,rD044,3218335191,100.00,,
3.921015595,291530702,,rFF44,3218233994,100.00,,
3.921015595,45268197683,,instructions,3218278108,100.00,3.75,insn per cycle
3.921015595,12068565097,,cycles,3218321655,100.00,,
4.021638540,185953,,rD044,3219587810,100.00,,
4.021638540,293358437,,rFF44,3219584491,100.00,,
4.021638540,45479054020,,instructions,3219675772,100.00,3.77,insn per cycle
4.021638540,12073973263,,cycles,3219777887,100.00,,
4.122228144,188478,,rD044,3218838485,100.00,,
4.122228144,293680366,,rFF44,3218884292,100.00,,
4.122228144,45512838558,,instructions,3218875667,100.00,3.77,insn per cycle
4.122228144,12071585537,,cycles,3219118615,100.00,,
4.222825788,187919,,rD044,3218736066,100.00,,
4.222825788,292075888,,rFF44,3218733714,100.00,,
4.222825788,45318901959,,instructions,3218866508,100.00,3.75,insn per cycle
4.222825788,12069753450,,cycles,3218662074,100.00,,
4.323417093,191500,,rD044,3218942538,100.00,,
4.323417093,291166287,,rFF44,3219089192,100.00,,
4.323417093,45202652036,,instructions,3218926664,100.00,3.75,insn per cycle
4.323417093,12070101442,,cycles,3218736295,100.00,,
4.423998177,222620,,rD044,3218198248,100.00,,
4.423998177,290191497,,rFF44,3217911952,100.00,,
4.423998177,45087037096,,instructions,3217951984,100.00,3.74,insn per cycle
4.423998177,12067505047,,cycles,3218048289,100.00,,
4.524571481,186087,,rD044,3218517644,100.00,,
4.524571481,292911513,,rFF44,3218586178,100.00,,
4.524571481,45392455724,,instructions,3218622568,100.00,3.76,insn per cycle
4.524571481,12069830156,,cycles,3218654317,100.00,,
4.625152955,189754,,rD044,3218212337,100.00,,
4.625152955,288950767,,rFF44,3218245515,100.00,,
4.625152955,44929986401,,instructions,3218297279,100.00,3.72,insn per cycle
4.625152955,12068111373,,cycles,3218208036,100.00,,
4.725737669,188017,,rD044,3218473991,100.00,,
4.725737669,292472932,,rFF44,3218310613,100.00,,
4.725737669,45341188103,,instructions,3218192465,100.00,3.76,insn per cycle
4.725737669,12068072621,,cycles,3218212977,100.00,,
4.826310163,190634,,rD044,3218405748,100.00,,
4.826310163,294684524,,rFF44,3218673569,100.00,,
4.826310163,45649984720,,instructions,3218870472,100.00,3.78,insn per cycle
4.826310163,12071011425,,cycles,3218974806,100.00,,
4.926906788,179534,,rD044,3218878340,100.00,,
4.926906788,291373438,,rFF44,3218739545,100.00,,
4.926906788,45220266201,,instructions,3218670097,100.00,3.75,insn per cycle
4.926906788,12069983809,,cycles,3218694304,100.00,,
5.027489842,178678,,rD044,3218351265,100.00,,
5.027489842,289332551,,rFF44,3218353919,100.00,,
5.027489842,44988738895,,instructions,3218222748,100.00,3.73,insn per cycle
5.027489842,12067771178,,cycles,3218124676,100.00,,
5.128072806,192682,,rD044,3218634449,100.00,,
5.128072806,293609946,,rFF44,3218637205,100.00,,
5.128072806,45517123391,,instructions,3218616530,100.00,3.77,insn per cycle
5.128072806,12069476404,,cycles,3218559528,100.00,,
5.228651790,183838,,rD044,3218187288,100.00,,
5.228651790,291034210,,rFF44,3218030762,100.00,,
5.228651790,45176853442,,instructions,3218143233,100.00,3.74,insn per cycle
5.228651790,12068173225,,cycles,3218217917,100.00,,
5.329230005,188486,,rD044,3218459510,100.00,,
5.329230005,293794594,,rFF44,3218655001,100.00,,
5.329230005,45539295699,,instructions,3218620154,100.00,3.77,insn per cycle
5.329230005,12070404209,,cycles,3218818198,100.00,,
5.429844709,182965,,rD044,3219512284,100.00,,
5.429844709,292191601,,rFF44,3219527434,100.00,,
5.429844709,45316321864,,instructions,3219607955,100.00,3.75,insn per cycle
5.429844709,12072319115,,cycles,3219343472,100.00,,
5.530423233,186343,,rD044,3218071620,100.00,,
5.530423233,287211078,,rFF44,3217762028,100.00,,
5.530423233,44657493467,,instructions,3217524959,100.00,3.70,insn per cycle
5.530423233,12064944059,,cycles,3217350671,100.00,,
5.630969337,210019,,rD044,3217619284,100.00,,
5.630969337,286177043,,rFF44,3217943796,100.00,,
5.630969337,44586553431,,instructions,3218093084,100.00,3.69,insn per cycle
5.630969337,12068217596,,cycles,3218229143,100.00,,
5.731570192,195651,,rD044,3219254017,100.00,,
5.731570192,293960096,,rFF44,3219149613,100.00,,
5.731570192,45551037089,,instructions,3219236130,100.00,3.77,insn per cycle
5.731570192,12072693865,,cycles,3219422302,100.00,,
5.832159446,185608,,rD044,3218634617,100.00,,
5.832159446,291631542,,rFF44,3218625587,100.00,,
5.832159446,45299204279,,instructions,3218464514,100.00,3.75,insn per cycle
5.832159446,12068668215,,cycles,3218355343,100.00,,
5.932749250,185725,,rD044,3217566827,100.00,,
5.932749250,290506463,,rFF44,3217637384,100.00,,
5.932749250,45091924593,,instructions,3217807017,100.00,3.74,insn per cycle
5.932749250,12066865356,,cycles,3217866949,100.00,,
6.033336225,177864,,rD044,3218500093,100.00,,
6.033336225,287430009,,rFF44,3218493183,100.00,,
6.033336225,44732344068,,instructions,3218641153,100.00,3.71,insn per cycle
6.033336225,12070459751,,cycles,3218837468,100.00,,
6.133938449,187069,,rD044,3219141584,100.00,,
6.133938449,293892820,,rFF44,3219244274,100.00,,
6.133938449,45568608026,,instructions,3219103624,100.00,3.78,insn per cycle
6.133938449,12071085305,,cycles,3218987388,100.00,,
6.234531583,189922,,rD044,3218859831,100.00,,
6.234531583,292152010,,rFF44,3218739131,100.00,,
6.234531583,45337486492,,instructions,3218689438,100.00,3.76,insn per cycle
6.234531583,12069611957,,cycles,3218601662,100.00,,
6.335120528,181139,,rD044,3218702643,100.00,,
6.335120528,293810754,,rFF44,3218755143,100.00,,
6.335120528,45534566067,,instructions,3218654756,100.00,3.77,insn per cycle
6.335120528,12069485527,,cycles,3218571071,100.00,,
6.435717972,182580,,rD044,3218342934,100.00,,
6.435717972,287977012,,rFF44,3218243396,100.00,,
6.435717972,44817093071,,instructions,3218273074,100.00,3.71,insn per cycle
6.435717972,12067637646,,cycles,3218238684,100.00,,
6.536290326,2153619,,rD044,3218184641,100.00,,
6.536290326,291088914,,rFF44,3218271850,100.00,,
6.536290326,44084933424,,instructions,3218353796,100.00,3.65,insn per cycle
6.536290326,12069849764,,cycles,3218656104,100.00,,
6.636875610,148758,,rD044,3218581735,100.00,,
6.636875610,278044783,,rFF44,3218474578,100.00,,
6.636875610,43579946991,,instructions,3218482670,100.00,3.61,insn per cycle
6.636875610,12068967294,,cycles,3218422937,100.00,,
6.737453845,157832,,rD044,3218534942,100.00,,
6.737453845,289444096,,rFF44,3218820818,100.00,,
6.737453845,44958028729,,instructions,3218777303,100.00,3.72,insn per cycle
6.737453845,12069765744,,cycles,3218647169,100.00,,
6.838047089,153701,,rD044,3218854124,100.00,,
6.838047089,290944729,,rFF44,3218512364,100.00,,
6.838047089,45175944257,,instructions,3218475863,100.00,3.74,insn per cycle
6.838047089,12069378355,,cycles,3218516874,100.00,,
6.938625593,153734,,rD044,3218357033,100.00,,
6.938625593,290130237,,rFF44,3218373112,100.00,,
6.938625593,45082362056,,instructions,3218375584,100.00,3.74,insn per cycle
6.938625593,12068940006,,cycles,3218406662,100.00,,
7.039196777,158518,,rD044,3218021106,100.00,,
7.039196777,286304941,,rFF44,3217830804,100.00,,
7.039196777,44549358216,,instructions,3217662262,100.00,3.69,insn per cycle
7.039196777,12064954788,,cycles,3217345263,100.00,,
7.139742311,176865,,rD044,3217653237,100.00,,
7.139742311,293513471,,rFF44,3217935311,100.00,,
7.139742311,45532428924,,instructions,3218152402,100.00,3.77,insn per cycle
7.139742311,12068784930,,cycles,3218365362,100.00,,
7.240315745,154823,,rD044,3217778089,100.00,,
7.240315745,290785991,,rFF44,3217766883,100.00,,
7.240315745,45187216323,,instructions,3217822362,100.00,3.74,insn per cycle
7.240315745,12066342681,,cycles,3217830031,100.00,,
7.340885989,146853,,rD044,3218164029,100.00,,
7.340885989,289401690,,rFF44,3218117016,100.00,,
7.340885989,44990923004,,instructions,3218015744,100.00,3.73,insn per cycle
7.340885989,12067451275,,cycles,3218014074,100.00,,
7.441458383,151986,,rD044,3218169272,100.00,,
7.441458383,288634956,,rFF44,3218915080,100.00,,
7.441458383,44873250028,,instructions,3218917982,100.00,3.72,insn per cycle
7.441458383,12070301461,,cycles,3218817894,100.00,,
7.542085628,2236245,,rD044,3219738204,100.00,,
7.542085628,282110377,,rFF44,3218944992,100.00,,
7.542085628,42893887452,,instructions,3219009174,100.00,3.55,insn per cycle
7.542085628,12071710487,,cycles,3219220673,100.00,,
7.642655222,124897,,rD044,3217989329,100.00,,
7.642655222,281046244,,rFF44,3217850203,100.00,,
7.642655222,43946408347,,instructions,3217791736,100.00,3.64,insn per cycle
7.642655222,12066221830,,cycles,3217744522,100.00,,
7.743211666,127748,,rD044,3217650905,100.00,,
7.743211666,297327108,,rFF44,3217670099,100.00,,
7.743211666,45981373011,,instructions,3217595978,100.00,3.81,insn per cycle
7.743211666,12065296703,,cycles,3217480416,100.00,,
7.840926997,160230,,rD044,2991345940,100.00,,
7.840926997,225658680,,rFF44,2988136782,100.00,,
7.840926997,36292492108,,instructions,2985422688,100.00,3.24,insn per cycle
7.840926997,11185011214,,cycles,2982690993,100.00,,
