0.100118820,13588,,rD044,92692488,100.00,,
0.100118820,24251928,,rFF44,92698238,100.00,,
0.100118820,520546241,,instructions,92702448,100.00,1.51,insn per cycle
0.100118820,343662855,,cycles,92707118,100.00,,
0.200360520,2211,,rD044,100239116,100.00,,
0.200360520,28276359,,rFF44,100239396,100.00,,
0.200360520,595345848,,instructions,100239616,100.00,1.58,insn per cycle
0.200360520,375896759,,cycles,100239686,100.00,,
0.300546580,2524,,rD044,100147605,100.00,,
0.300546580,31372030,,rFF44,100147845,100.00,,
0.300546580,395440518,,instructions,100148045,100.00,1.05,insn per cycle
0.300546580,375525129,,cycles,100147525,100.00,,
0.400732371,2348,,rD044,100185786,100.00,,
0.400732371,37463259,,rFF44,100185616,100.00,,
0.400732371,46338096,,instructions,100185606,100.00,0.12,insn per cycle
0.400732371,375694798,,cycles,100186666,100.00,,
0.500936611,10929846,,rD044,2911695457,100.00,,
0.500936611,185478000,,rFF44,3020622005,100.00,,
0.500936611,27799526550,,instructions,3133656124,100.00,2.29,insn per cycle
0.500936611,12149461092,,cycles,3240854774,100.00,,
0.608230499,22497268,,rD044,6841615840,100.00,,
0.608230499,375023449,,rFF44,6747018053,100.00,,
0.608230499,59849301646,,instructions,6646038743,100.00,2.44,insn per cycle
0.608230499,24563960502,,cycles,6550525709,100.00,,
0.709349044,20093792,,rD044,6524937296,100.00,,
0.709349044,367871911,,rFF44,6633297290,100.00,,
0.709349044,60883705186,,instructions,6727866239,100.00,2.38,insn per cycle
0.709349044,25611180193,,cycles,6829553035,100.00,,
0.817671278,20550915,,rD044,6925322587,100.00,,
0.817671278,382407313,,rFF44,6916260745,100.00,,
0.817671278,62616031038,,instructions,6916423635,100.00,2.42,insn per cycle
0.817671278,25911004981,,cycles,6909610919,100.00,,
0.925325478,22443629,,rD044,6842985335,100.00,,
0.925325478,382703459,,rFF44,6743093667,100.00,,
0.925325478,60980445732,,instructions,6648649116,100.00,2.48,insn per cycle
0.925325478,24576772316,,cycles,6553967569,100.00,,
1.026511193,20467710,,rD044,6530404533,100.00,,
1.026511193,371191925,,rFF44,6641614929,100.00,,
1.026511193,61280341784,,instructions,6738481989,100.00,2.39,insn per cycle
1.026511193,25628541725,,cycles,6834177603,100.00,,
1.134733366,20905955,,rD044,6924689163,100.00,,
1.134733366,387249530,,rFF44,6919680966,100.00,,
1.134733366,63181306733,,instructions,6920192359,100.00,2.43,insn per cycle
1.134733366,25959470714,,cycles,6922578685,100.00,,
1.242629487,21529436,,rD044,6852375999,100.00,,
1.242629487,379262430,,rFF44,6745684578,100.00,,
1.242629487,60702895279,,instructions,6647767415,100.00,2.47,insn per cycle
1.242629487,24562410191,,cycles,6550136983,100.00,,
1.343954624,21287769,,rD044,6537626919,100.00,,
1.343954624,373764079,,rFF44,6648849517,100.00,,
1.343954624,61480149968,,instructions,6750231572,100.00,2.40,insn per cycle
1.343954624,25655042992,,cycles,6841299291,100.00,,
1.452309577,20778334,,rD044,6932295549,100.00,,
1.452309577,385311947,,rFF44,6930451913,100.00,,
1.452309577,62952430426,,instructions,6924231853,100.00,2.42,insn per cycle
1.452309577,25972822429,,cycles,6926166080,100.00,,
1.560178258,21022737,,rD044,6852360712,100.00,,
1.560178258,378804552,,rFF44,6743641663,100.00,,
1.560178258,60742031107,,instructions,6649144673,100.00,2.47,insn per cycle
1.560178258,24583178256,,cycles,6555806075,100.00,,
1.661387224,21712274,,rD044,6530542522,100.00,,
1.661387224,373128180,,rFF44,6640991420,100.00,,
1.661387224,61248898541,,instructions,6736652342,100.00,2.39,insn per cycle
1.661387224,25593805270,,cycles,6824994541,100.00,,
1.768819072,20332395,,rD044,6874464587,100.00,,
1.768819072,381845916,,rFF44,6876562030,100.00,,
1.768819072,62563186801,,instructions,6880294025,100.00,2.43,insn per cycle
1.768819072,25796030868,,cycles,6878933803,100.00,,
1.876698603,20627809,,rD044,6852130270,100.00,,
1.876698603,376263536,,rFF44,6739471503,100.00,,
1.876698603,60473061145,,instructions,6639836536,100.00,2.46,insn per cycle
1.876698603,24575266651,,cycles,6553541216,100.00,,
1.978024830,21872933,,rD044,6542350904,100.00,,
1.978024830,375317851,,rFF44,6666017764,100.00,,
1.978024830,61547606644,,instructions,6763677729,100.00,2.40,insn per cycle
1.978024830,25618282672,,cycles,6831543237,100.00,,
2.085056667,20312147,,rD044,6847933069,100.00,,
2.085056667,379482814,,rFF44,6835255024,100.00,,
2.085056667,62052498548,,instructions,6827082438,100.00,2.42,insn per cycle
2.085056667,25666813945,,cycles,6844417805,100.00,,
2.192759077,20555694,,rD044,6837433987,100.00,,
2.192759077,375691313,,rFF44,6726364750,100.00,,
2.192759077,60455202259,,instructions,6636733299,100.00,2.46,insn per cycle
2.192759077,24566895345,,cycles,6551320193,100.00,,
2.294089533,21815624,,rD044,6538801456,100.00,,
2.294089533,374230895,,rFF44,6652460529,100.00,,
2.294089533,61394933184,,instructions,6755384978,100.00,2.40,insn per cycle
2.294089533,25593272722,,cycles,6824938129,100.00,,
2.400807228,20234373,,rD044,6827701778,100.00,,
2.400807228,379333374,,rFF44,6818959497,100.00,,
2.400807228,61965755740,,instructions,6807769958,100.00,2.42,insn per cycle
2.400807228,25630511811,,cycles,6834907232,100.00,,
2.508594948,20579825,,rD044,6846126113,100.00,,
2.508594948,376929407,,rFF44,6741158610,100.00,,
2.508594948,60645844156,,instructions,6649322032,100.00,2.47,insn per cycle
2.508594948,24573038466,,cycles,6553012266,100.00,,
2.609881115,22129544,,rD044,6531544401,100.00,,
2.609881115,375820997,,rFF44,6636499903,100.00,,
2.609881115,61514650623,,instructions,6732040805,100.00,2.42,insn per cycle
2.609881115,25457585367,,cycles,6788707234,100.00,,
2.715979416,19950092,,rD044,6793293397,100.00,,
2.715979416,376877485,,rFF44,6798779978,100.00,,
2.715979416,61753883001,,instructions,6802879072,100.00,2.41,insn per cycle
2.715979416,25647247584,,cycles,6839189667,100.00,,
2.823965558,20750136,,rD044,6858479839,100.00,,
2.823965558,379342991,,rFF44,6746940885,100.00,,
2.823965558,60862066864,,instructions,6646659545,100.00,2.48,insn per cycle
2.823965558,24567215144,,cycles,6551399542,100.00,,
2.925132593,22388918,,rD044,6528220594,100.00,,
2.925132593,377748340,,rFF44,6640725452,100.00,,
2.925132593,61594622820,,instructions,6713125143,100.00,2.44,insn per cycle
2.925132593,25256271944,,cycles,6735578988,100.00,,
3.030378870,19471396,,rD044,6730044954,100.00,,
3.030378870,369818044,,rFF44,6719266419,100.00,,
3.030378870,60878114665,,instructions,6745244197,100.00,2.38,insn per cycle
3.030378870,25584642184,,cycles,6822469092,100.00,,
3.138176501,20743478,,rD044,6850966153,100.00,,
3.138176501,378019918,,rFF44,6750937941,100.00,,
3.138176501,60710182027,,instructions,6653095579,100.00,2.47,insn per cycle
3.138176501,24578280459,,cycles,6554377896,100.00,,
3.239352626,21842526,,rD044,6528076687,100.00,,
3.239352626,372947173,,rFF44,6635591773,100.00,,
3.239352626,61172590321,,instructions,6730082564,100.00,2.39,insn per cycle
3.239352626,25553388027,,cycles,6814206327,100.00,,
3.346717445,20149307,,rD044,6872323372,100.00,,
3.346717445,379300166,,rFF44,6862661157,100.00,,
3.346717445,62046648353,,instructions,6848742328,100.00,2.42,insn per cycle
3.346717445,25687023514,,cycles,6849908680,100.00,,
3.454115263,20684268,,rD044,6817715858,100.00,,
3.454115263,375224730,,rFF44,6719180975,100.00,,
3.454115263,60414100007,,instructions,6637965695,100.00,2.46,insn per cycle
3.454115263,24569454764,,cycles,6552128022,100.00,,
3.555226219,21699122,,rD044,6511455396,100.00,,
3.555226219,372123155,,rFF44,6594251362,100.00,,
3.555226219,60864633509,,instructions,6672730882,100.00,2.41,insn per cycle
3.555226219,25298131919,,cycles,6746087463,100.00,,
3.661783443,20521144,,rD044,6822529291,100.00,,
3.661783443,382221282,,rFF44,6827959972,100.00,,
3.661783443,62440934249,,instructions,6834562683,100.00,2.43,insn per cycle
3.661783443,25666991608,,cycles,6844607550,100.00,,
3.768560738,20699273,,rD044,6789117156,100.00,,
3.768560738,377324048,,rFF44,6699939555,100.00,,
3.768560738,60609898647,,instructions,6614523437,100.00,2.47,insn per cycle
3.768560738,24489952618,,cycles,6531036367,100.00,,
3.869693303,22200394,,rD044,6518258560,100.00,,
3.869693303,377413317,,rFF44,6612012356,100.00,,
3.869693303,61453668427,,instructions,6691325944,100.00,2.43,insn per cycle
3.869693303,25319245787,,cycles,6751777263,100.00,,
3.975617774,19817370,,rD044,6776863947,100.00,,
3.975617774,373205270,,rFF44,6768960593,100.00,,
3.975617774,61209031553,,instructions,6764024475,100.00,2.41,insn per cycle
3.975617774,25434005897,,cycles,6782584487,100.00,,
4.082178718,20880915,,rD044,6775147937,100.00,,
4.082178718,378551372,,rFF44,6689771239,100.00,,
4.082178718,60835089706,,instructions,6616151269,100.00,2.48,insn per cycle
4.082178718,24515702177,,cycles,6537787835,100.00,,
4.183310573,22019873,,rD044,6514098218,100.00,,
4.183310573,375547299,,rFF44,6606748539,100.00,,
4.183310573,61268644632,,instructions,6687630546,100.00,2.42,insn per cycle
4.183310573,25359715054,,cycles,6762550867,100.00,,
4.289649416,20343526,,rD044,6806983913,100.00,,
4.289649416,379024490,,rFF44,6801726735,100.00,,
4.289649416,61928723052,,instructions,6798800668,100.00,2.43,insn per cycle
4.289649416,25515340731,,cycles,6804081065,100.00,,
4.396218470,20574562,,rD044,6777967734,100.00,,
4.396218470,373913101,,rFF44,6690755961,100.00,,
4.396218470,60270427520,,instructions,6612365727,100.00,2.46,insn per cycle
4.396218470,24491772216,,cycles,6531395801,100.00,,
4.497315465,21585620,,rD044,6508135957,100.00,,
4.497315465,370918422,,rFF44,6589876460,100.00,,
4.497315465,60680705679,,instructions,6665326759,100.00,2.40,insn per cycle
4.497315465,25296851046,,cycles,6745822878,100.00,,
4.603954020,20012815,,rD044,6829936858,100.00,,
4.603954020,376508728,,rFF44,6834520922,100.00,,
4.603954020,61718778446,,instructions,6830855802,100.00,2.41,insn per cycle
4.603954020,25596071079,,cycles,6825666901,100.00,,
4.710387483,21274283,,rD044,6766455215,100.00,,
4.710387483,376021035,,rFF44,6679884331,100.00,,
4.710387483,60426778837,,instructions,6608006748,100.00,2.47,insn per cycle
4.710387483,24497233852,,cycles,6533029346,100.00,,
4.811412398,21213267,,rD044,6509105834,100.00,,
4.811412398,370568463,,rFF44,6599689696,100.00,,
4.811412398,60746944559,,instructions,6673942577,100.00,2.40,insn per cycle
4.811412398,25321564005,,cycles,6752322442,100.00,,
4.918094483,20125500,,rD044,6826592104,100.00,,
4.918094483,377616012,,rFF44,6823926190,100.00,,
4.918094483,61932478354,,instructions,6830267354,100.00,2.42,insn per cycle
4.918094483,25636700911,,cycles,6836500807,100.00,,
5.024824668,21688075,,rD044,6787586138,100.00,,
5.024824668,378991636,,rFF44,6700101998,100.00,,
5.024824668,60703226570,,instructions,6619847453,100.00,2.48,insn per cycle
5.024824668,24506859213,,cycles,6535464450,100.00,,
5.126005793,20737046,,rD044,6516659637,100.00,,
5.126005793,369293814,,rFF44,6599471022,100.00,,
5.126005793,60704622188,,instructions,6677363856,100.00,2.40,insn per cycle
5.126005793,25318935897,,cycles,6751734081,100.00,,
5.232539627,19971853,,rD044,6814516940,100.00,,
5.232539627,376582881,,rFF44,6817506653,100.00,,
5.232539627,61750340621,,instructions,6817627616,100.00,2.41,insn per cycle
5.232539627,25586738033,,cycles,6823163846,100.00,,
5.339080621,22023787,,rD044,6780240216,100.00,,
5.339080621,379927102,,rFF44,6694668794,100.00,,
5.339080621,60734019546,,instructions,6616839815,100.00,2.48,insn per cycle
5.339080621,24512022831,,cycles,6536712898,100.00,,
5.440249707,20248220,,rD044,6514576273,100.00,,
5.440249707,367166308,,rFF44,6600033755,100.00,,
5.440249707,60541466036,,instructions,6681264894,100.00,2.39,insn per cycle
5.440249707,25368288384,,cycles,6764988224,100.00,,
5.547187043,20236621,,rD044,6844744333,100.00,,
5.547187043,379720317,,rFF44,6847935792,100.00,,
5.547187043,62238912616,,instructions,6854302846,100.00,2.42,insn per cycle
5.547187043,25693029439,,cycles,6851584646,100.00,,
5.653879757,22263727,,rD044,6786209259,100.00,,
5.653879757,378785494,,rFF44,6697443998,100.00,,
5.653879757,60478578253,,instructions,6610166498,100.00,2.47,insn per cycle
5.653879757,24481803528,,cycles,6528653245,100.00,,
5.754983293,19972482,,rD044,6515670197,100.00,,
5.754983293,366843734,,rFF44,6602925851,100.00,,
5.754983293,60500135449,,instructions,6672616641,100.00,2.39,insn per cycle
5.754983293,25302230853,,cycles,6747167017,100.00,,
5.861550867,19900245,,rD044,6816261119,100.00,,
5.861550867,374966082,,rFF44,6813803761,100.00,,
5.861550867,61610460994,,instructions,6819567759,100.00,2.41,insn per cycle
5.861550867,25569409671,,cycles,6818556967,100.00,,
5.967962120,22998590,,rD044,6768978984,100.00,,
5.967962120,381899023,,rFF44,6683758829,100.00,,
5.967962120,60778144116,,instructions,6608087588,100.00,2.48,insn per cycle
5.967962120,24505369755,,cycles,6534959460,100.00,,
6.069121075,19423163,,rD044,6517447767,100.00,,
6.069121075,365032990,,rFF44,6604850560,100.00,,
6.069121075,60475416774,,instructions,6686377953,100.00,2.38,insn per cycle
6.069121075,25391693986,,cycles,6771258632,100.00,,
6.175901971,19896430,,rD044,6788775994,100.00,,
6.175901971,370892024,,rFF44,6699974185,100.00,,
6.175901971,59971112682,,instructions,6617243703,100.00,2.45,insn per cycle
6.175901971,24490897738,,cycles,6531070514,100.00,,
6.276956326,22298767,,rD044,6516949612,100.00,,
6.276956326,375413213,,rFF44,6609032916,100.00,,
6.276956326,61206197827,,instructions,6685879226,100.00,2.43,insn per cycle
6.276956326,25238183958,,cycles,6730203689,100.00,,
6.382321833,19564428,,rD044,6738148893,100.00,,
6.382321833,371560247,,rFF44,6735626590,100.00,,
6.382321833,60982966010,,instructions,6737645499,100.00,2.40,insn per cycle
6.382321833,25394492992,,cycles,6771948849,100.00,,
6.473603357,12989176,,rD044,5513478126,100.00,,
6.473603357,245428408,,rFF44,5412145288,100.00,,
6.473603357,41988996619,,instructions,5322722018,100.00,2.14,insn per cycle
6.473603357,19627393634,,cycles,5234366756,100.00,,
