0.100112220,9846,,rD044,95994143,100.00,,
0.100112220,25244366,,rFF44,96000963,100.00,,
0.100112220,541738214,,instructions,96005313,100.00,1.52,insn per cycle
0.100112220,356129336,,cycles,96010313,100.00,,
0.200411082,1167,,rD044,100280195,100.00,,
0.200411082,28140731,,rFF44,100279985,100.00,,
0.200411082,592425276,,instructions,100280385,100.00,1.58,insn per cycle
0.200411082,376025520,,cycles,100280435,100.00,,
0.300625264,1240,,rD044,100214065,100.00,,
0.300625264,31672465,,rFF44,100213105,100.00,,
0.300625264,378447825,,instructions,100212685,100.00,1.01,insn per cycle
0.300625264,375794153,,cycles,100212205,100.00,,
0.400832385,463,,rD044,100205945,100.00,,
0.400832385,38659884,,rFF44,100206425,100.00,,
0.400832385,47776503,,instructions,100206865,100.00,0.13,insn per cycle
0.400832385,375773644,,cycles,100206855,100.00,,
0.501027946,47473,,rD044,925803191,100.00,,
0.501027946,99000566,,rFF44,927001793,100.00,,
0.501027946,12692637226,,instructions,927758263,100.00,3.65,insn per cycle
0.501027946,3480441418,,cycles,928439058,100.00,,
0.601431730,63038,,rD044,1606268572,100.00,,
0.601431730,146210356,,rFF44,1605988396,100.00,,
0.601431730,22668555850,,instructions,1605879576,100.00,3.76,insn per cycle
0.601431730,6021866887,,cycles,1605843091,100.00,,
0.701807523,63789,,rD044,1605823296,100.00,,
0.701807523,147059215,,rFF44,1605759460,100.00,,
0.701807523,22778320445,,instructions,1605767470,100.00,3.78,insn per cycle
0.701807523,6021443857,,cycles,1605762956,100.00,,
0.802175346,60633,,rD044,1605861728,100.00,,
0.802175346,146350478,,rFF44,1605891076,100.00,,
0.802175346,22676421822,,instructions,1605881646,100.00,3.77,insn per cycle
0.802175346,6022026148,,cycles,1605881150,100.00,,
0.902539949,58571,,rD044,1605788738,100.00,,
0.902539949,144743265,,rFF44,1605792420,100.00,,
0.902539949,22481332402,,instructions,1605784019,100.00,3.73,insn per cycle
0.902539949,6021619685,,cycles,1605778926,100.00,,
1.002904792,58327,,rD044,1605789822,100.00,,
1.002904792,144157191,,rFF44,1605742336,100.00,,
1.002904792,22417205796,,instructions,1605729907,100.00,3.72,insn per cycle
1.002904792,6021374522,,cycles,1605712120,100.00,,
1.103270256,58987,,rD044,1605754124,100.00,,
1.103270256,147196843,,rFF44,1605749460,100.00,,
1.103270256,22807478497,,instructions,1605730264,100.00,3.79,insn per cycle
1.103270256,6021399832,,cycles,1605723056,100.00,,
1.203625319,58671,,rD044,1605719445,100.00,,
1.203625319,147915136,,rFF44,1605758456,100.00,,
1.203625319,22879103587,,instructions,1605775112,100.00,3.80,insn per cycle
1.203625319,6021616181,,cycles,1605772310,100.00,,
1.303986292,59314,,rD044,1605696720,100.00,,
1.303986292,144945538,,rFF44,1605715761,100.00,,
1.303986292,22531296957,,instructions,1605723435,100.00,3.74,insn per cycle
1.303986292,6021953544,,cycles,1605867855,100.00,,
1.404356225,59754,,rD044,1605816736,100.00,,
1.404356225,147188296,,rFF44,1605767594,100.00,,
1.404356225,22790689342,,instructions,1605749570,100.00,3.79,insn per cycle
1.404356225,6020933775,,cycles,1605606820,100.00,,
1.504711448,69513,,rD044,1605612390,100.00,,
1.504711448,141744195,,rFF44,1605590965,100.00,,
1.504711448,22107773041,,instructions,1605622346,100.00,3.67,insn per cycle
1.504711448,6021153375,,cycles,1605654086,100.00,,
1.605066021,60367,,rD044,1605681016,100.00,,
1.605066021,148348319,,rFF44,1605889961,100.00,,
1.605066021,22959555161,,instructions,1606097660,100.00,3.81,insn per cycle
1.605066021,6022770061,,cycles,1606080386,100.00,,
1.705449704,59858,,rD044,1606012810,100.00,,
1.705449704,147807757,,rFF44,1605824676,100.00,,
1.705449704,22871855765,,instructions,1605554076,100.00,3.80,insn per cycle
1.705449704,6020697389,,cycles,1605546380,100.00,,
1.805807097,60821,,rD044,1605646906,100.00,,
1.805807097,148091617,,rFF44,1605646970,100.00,,
1.805807097,22919546885,,instructions,1605694110,100.00,3.81,insn per cycle
1.805807097,6021288541,,cycles,1605698757,100.00,,
1.906159730,62949,,rD044,1605598910,100.00,,
1.906159730,147375742,,rFF44,1605613076,100.00,,
1.906159730,22839902465,,instructions,1605613066,100.00,3.79,insn per cycle
1.906159730,6021100208,,cycles,1605640449,100.00,,
2.006535234,59621,,rD044,1605970125,100.00,,
2.006535234,148932222,,rFF44,1605921499,100.00,,
2.006535234,23015342559,,instructions,1605906749,100.00,3.82,insn per cycle
2.006535234,6022014058,,cycles,1605881892,100.00,,
2.106888067,58778,,rD044,1605544453,100.00,,
2.106888067,147260536,,rFF44,1605567486,100.00,,
2.106888067,22813591378,,instructions,1605572596,100.00,3.79,insn per cycle
2.106888067,6020743411,,cycles,1605544803,100.00,,
2.207239400,57919,,rD044,1605606123,100.00,,
2.207239400,144091140,,rFF44,1605637890,100.00,,
2.207239400,22417854416,,instructions,1605653320,100.00,3.72,insn per cycle
2.207239400,6021257445,,cycles,1605676372,100.00,,
2.307596063,59968,,rD044,1605737043,100.00,,
2.307596063,148680546,,rFF44,1605747806,100.00,,
2.307596063,22985399694,,instructions,1605753586,100.00,3.82,insn per cycle
2.307596063,6021653737,,cycles,1605782754,100.00,,
2.407964206,58910,,rD044,1605839763,100.00,,
2.407964206,147546580,,rFF44,1605874940,100.00,,
2.407964206,22825200645,,instructions,1605849343,100.00,3.79,insn per cycle
2.407964206,6021899836,,cycles,1605853546,100.00,,
2.508333219,60920,,rD044,1605794339,100.00,,
2.508333219,147405059,,rFF44,1605676166,100.00,,
2.508333219,22813095037,,instructions,1605666743,100.00,3.79,insn per cycle
2.508333219,6021053673,,cycles,1605633740,100.00,,
2.608685152,61390,,rD044,1605560087,100.00,,
2.608685152,146599152,,rFF44,1605590250,100.00,,
2.608685152,22711922573,,instructions,1605571432,100.00,3.77,insn per cycle
2.608685152,6020831015,,cycles,1605572086,100.00,,
2.709038445,60561,,rD044,1605442526,100.00,,
2.709038445,147404171,,rFF44,1605477504,100.00,,
2.709038445,22805343015,,instructions,1605623342,100.00,3.79,insn per cycle
2.709038445,6020791247,,cycles,1605623708,100.00,,
2.809408368,59077,,rD044,1605853897,100.00,,
2.809408368,146066832,,rFF44,1605881039,100.00,,
2.809408368,22663634640,,instructions,1605765510,100.00,3.76,insn per cycle
2.809408368,6021543180,,cycles,1605765775,100.00,,
2.909775191,59979,,rD044,1605860964,100.00,,
2.909775191,148451992,,rFF44,1605839566,100.00,,
2.909775191,22938165004,,instructions,1605857665,100.00,3.81,insn per cycle
2.909775191,6021979145,,cycles,1605869030,100.00,,
3.010139125,59023,,rD044,1605963041,100.00,,
3.010139125,146296420,,rFF44,1605990997,100.00,,
3.010139125,22674038895,,instructions,1605971065,100.00,3.76,insn per cycle
3.010139125,6022384552,,cycles,1605982415,100.00,,
3.110520108,58200,,rD044,1605889746,100.00,,
3.110520108,145725678,,rFF44,1605861218,100.00,,
3.110520108,22610879504,,instructions,1605865710,100.00,3.75,insn per cycle
3.110520108,6021907063,,cycles,1605853142,100.00,,
3.210884591,59546,,rD044,1605788481,100.00,,
3.210884591,148641771,,rFF44,1605832326,100.00,,
3.210884591,22970206247,,instructions,1605877936,100.00,3.81,insn per cycle
3.210884591,6021971968,,cycles,1605872454,100.00,,
3.311263084,60124,,rD044,1606029175,100.00,,
3.311263084,147874496,,rFF44,1606042610,100.00,,
3.311263084,22896292934,,instructions,1606062003,100.00,3.80,insn per cycle
3.311263084,6022787524,,cycles,1606086846,100.00,,
3.411665448,63410,,rD044,1606300616,100.00,,
3.411665448,143422123,,rFF44,1606253796,100.00,,
3.411665448,22331583650,,instructions,1606215283,100.00,3.71,insn per cycle
3.411665448,6023112117,,cycles,1606189070,100.00,,
3.512024651,60645,,rD044,1605657840,100.00,,
3.512024651,144846661,,rFF44,1605609331,100.00,,
3.512024651,22503287705,,instructions,1605688576,100.00,3.74,insn per cycle
3.512024651,6022199669,,cycles,1605954886,100.00,,
3.612397044,61148,,rD044,1605745486,100.00,,
3.612397044,147736975,,rFF44,1605710545,100.00,,
3.612397044,22873966344,,instructions,1605632360,100.00,3.80,insn per cycle
3.612397044,6019944206,,cycles,1605386970,100.00,,
3.712752388,59695,,rD044,1605509389,100.00,,
3.712752388,142731201,,rFF44,1605555608,100.00,,
3.712752388,22234809122,,instructions,1605527065,100.00,3.69,insn per cycle
3.712752388,6020338467,,cycles,1605499155,100.00,,
3.813119841,62354,,rD044,1605729924,100.00,,
3.813119841,148843283,,rFF44,1605745665,100.00,,
3.813119841,23020505102,,instructions,1605760848,100.00,3.82,insn per cycle
3.813119841,6021466223,,cycles,1605781853,100.00,,
3.913499984,60445,,rD044,1605988235,100.00,,
3.913499984,146602333,,rFF44,1606037366,100.00,,
3.913499984,22747759710,,instructions,1605998506,100.00,3.78,insn per cycle
3.913499984,6022143854,,cycles,1605938231,100.00,,
4.013857737,60551,,rD044,1605608891,100.00,,
4.013857737,148304473,,rFF44,1605567910,100.00,,
4.013857737,22933176553,,instructions,1605576740,100.00,3.81,insn per cycle
4.013857737,6020910745,,cycles,1605602335,100.00,,
4.114215020,59607,,rD044,1605430324,100.00,,
4.114215020,145588067,,rFF44,1605437215,100.00,,
4.114215020,22603958278,,instructions,1605442115,100.00,3.75,insn per cycle
4.114215020,6020259104,,cycles,1605431040,100.00,,
4.214570053,60456,,rD044,1605595160,100.00,,
4.214570053,147763614,,rFF44,1605625829,100.00,,
4.214570053,22860906946,,instructions,1605622139,100.00,3.80,insn per cycle
4.214570053,6021012910,,cycles,1605634835,100.00,,
4.314935886,61000,,rD044,1605787578,100.00,,
4.314935886,147084527,,rFF44,1605738766,100.00,,
4.314935886,22795319509,,instructions,1605728876,100.00,3.79,insn per cycle
4.314935886,6021323561,,cycles,1605707360,100.00,,
4.415315820,63024,,rD044,1605900576,100.00,,
4.415315820,148981464,,rFF44,1605943178,100.00,,
4.415315820,23012514171,,instructions,1605989453,100.00,3.82,insn per cycle
4.415315820,6022416679,,cycles,1606021074,100.00,,
4.515677163,61695,,rD044,1605631555,100.00,,
4.515677163,145653969,,rFF44,1605497106,100.00,,
4.515677163,22589540296,,instructions,1605469891,100.00,3.75,insn per cycle
4.515677163,6020484992,,cycles,1605483960,100.00,,
4.616026466,61071,,rD044,1605486240,100.00,,
4.616026466,143715467,,rFF44,1605517669,100.00,,
4.616026466,22347874989,,instructions,1605587680,100.00,3.71,insn per cycle
4.616026466,6021009715,,cycles,1605628885,100.00,,
4.716382629,60265,,rD044,1605618654,100.00,,
4.716382629,145448255,,rFF44,1605678346,100.00,,
4.716382629,22573958896,,instructions,1605624735,100.00,3.75,insn per cycle
4.716382629,6020841750,,cycles,1605590090,100.00,,
4.816742192,61000,,rD044,1605620702,100.00,,
4.816742192,145798791,,rFF44,1605626440,100.00,,
4.816742192,22610155944,,instructions,1605634335,100.00,3.76,insn per cycle
4.816742192,6020903248,,cycles,1605616606,100.00,,
4.917101645,59886,,rD044,1605708226,100.00,,
4.917101645,144691242,,rFF44,1605762976,100.00,,
4.917101645,22460813486,,instructions,1605739121,100.00,3.73,insn per cycle
4.917101645,6021362448,,cycles,1605717220,100.00,,
5.017464028,60000,,rD044,1605639449,100.00,,
5.017464028,145632239,,rFF44,1605606872,100.00,,
5.017464028,22603644465,,instructions,1605634345,100.00,3.75,insn per cycle
5.017464028,6021204823,,cycles,1605681785,100.00,,
5.117827281,58323,,rD044,1605603366,100.00,,
5.117827281,143344460,,rFF44,1605560643,100.00,,
5.117827281,22306067329,,instructions,1605529980,100.00,3.71,insn per cycle
5.117827281,6020453669,,cycles,1605480720,100.00,,
5.218178004,60045,,rD044,1605543989,100.00,,
5.218178004,145897934,,rFF44,1605553352,100.00,,
5.218178004,22625529814,,instructions,1605556405,100.00,3.76,insn per cycle
5.218178004,6020872641,,cycles,1605587695,100.00,,
5.318546227,60008,,rD044,1605759365,100.00,,
5.318546227,145345318,,rFF44,1605721262,100.00,,
5.318546227,22553510730,,instructions,1605712959,100.00,3.75,insn per cycle
5.318546227,6021274537,,cycles,1605701609,100.00,,
5.418899890,59427,,rD044,1605588220,100.00,,
5.418899890,145360520,,rFF44,1605614748,100.00,,
5.418899890,22587838037,,instructions,1605650136,100.00,3.75,insn per cycle
5.418899890,6021093555,,cycles,1605645606,100.00,,
5.519264944,500605,,rD044,1605671426,100.00,,
5.519264944,149681460,,rFF44,1605680708,100.00,,
5.519264944,22850516101,,instructions,1605723310,100.00,3.79,insn per cycle
5.519264944,6021619447,,cycles,1605798344,100.00,,
5.619635047,510005,,rD044,1605888219,100.00,,
5.619635047,142293575,,rFF44,1605913555,100.00,,
5.619635047,21944693148,,instructions,1605860765,100.00,3.64,insn per cycle
5.619635047,6021755045,,cycles,1605827091,100.00,,
5.720038590,56539,,rD044,1606271425,100.00,,
5.720038590,140480594,,rFF44,1606275069,100.00,,
5.720038590,21965085769,,instructions,1606358852,100.00,3.65,insn per cycle
5.720038590,6023642973,,cycles,1606350215,100.00,,
5.820404273,62358,,rD044,1605788475,100.00,,
5.820404273,144994355,,rFF44,1605748836,100.00,,
5.820404273,22526491972,,instructions,1605666143,100.00,3.74,insn per cycle
5.820404273,6021071951,,cycles,1605643820,100.00,,
5.920763617,59471,,rD044,1605642920,100.00,,
5.920763617,142330216,,rFF44,1605646559,100.00,,
5.920763617,22208145695,,instructions,1605635035,100.00,3.69,insn per cycle
5.920763617,6021018066,,cycles,1605639515,100.00,,
6.021133160,58731,,rD044,1605788714,100.00,,
6.021133160,148710574,,rFF44,1605749824,100.00,,
6.021133160,22985017925,,instructions,1605776398,100.00,3.82,insn per cycle
6.021133160,6021531866,,cycles,1605765928,100.00,,
6.121497873,58424,,rD044,1605574799,100.00,,
6.121497873,148417113,,rFF44,1605594518,100.00,,
6.121497873,22966240467,,instructions,1605586935,100.00,3.81,insn per cycle
6.121497873,6020965330,,cycles,1605619865,100.00,,
6.221858136,58878,,rD044,1605729036,100.00,,
6.221858136,148332123,,rFF44,1605773017,100.00,,
6.221858136,22947079665,,instructions,1605756700,100.00,3.81,insn per cycle
6.221858136,6021437216,,cycles,1605737192,100.00,,
6.322218699,59284,,rD044,1605593220,100.00,,
6.322218699,147427205,,rFF44,1605568872,100.00,,
6.322218699,22844638848,,instructions,1605579226,100.00,3.79,insn per cycle
6.322218699,6020637074,,cycles,1605528484,100.00,,
6.422573672,58345,,rD044,1605651976,100.00,,
6.422573672,148561279,,rFF44,1605691734,100.00,,
6.422573672,22986089266,,instructions,1605686630,100.00,3.82,insn per cycle
6.422573672,6021421472,,cycles,1605741585,100.00,,
6.522937585,1084390,,rD044,1605608310,100.00,,
6.522937585,150615252,,rFF44,1605518823,100.00,,
6.522937585,22658762341,,instructions,1605533436,100.00,3.76,insn per cycle
6.522937585,6020786895,,cycles,1605568421,100.00,,
6.623302089,1163617,,rD044,1605798406,100.00,,
6.623302089,137998639,,rFF44,1605829993,100.00,,
6.623302089,21066631702,,instructions,1605834210,100.00,3.50,insn per cycle
6.623302089,6021613639,,cycles,1605786479,100.00,,
6.723655092,52671,,rD044,1605503710,100.00,,
6.723655092,148111546,,rFF44,1605491536,100.00,,
6.723655092,22896112617,,instructions,1605456676,100.00,3.80,insn per cycle
6.723655092,6020323100,,cycles,1605448607,100.00,,
6.824005484,52703,,rD044,1605559816,100.00,,
6.824005484,148984936,,rFF44,1605569340,100.00,,
6.824005484,23026519400,,instructions,1605608020,100.00,3.82,insn per cycle
6.824005484,6021436785,,cycles,1605736919,100.00,,
6.924370698,50919,,rD044,1605735441,100.00,,
6.924370698,146879986,,rFF44,1605786255,100.00,,
6.924370698,22756392006,,instructions,1605760545,100.00,3.78,insn per cycle
6.924370698,6021110313,,cycles,1605656836,100.00,,
7.024735311,50322,,rD044,1605729873,100.00,,
7.024735311,146291419,,rFF44,1605677289,100.00,,
7.024735311,22675162807,,instructions,1605674929,100.00,3.77,insn per cycle
7.024735311,6021051870,,cycles,1605639041,100.00,,
7.125081814,50045,,rD044,1605294321,100.00,,
7.125081814,147421145,,rFF44,1605421115,100.00,,
7.125081814,22826342499,,instructions,1605415765,100.00,3.79,insn per cycle
7.125081814,6020305168,,cycles,1605447393,100.00,,
7.225441077,50548,,rD044,1605658574,100.00,,
7.225441077,145552755,,rFF44,1605565420,100.00,,
7.225441077,22594254739,,instructions,1605537040,100.00,3.75,insn per cycle
7.225441077,6020556589,,cycles,1605500980,100.00,,
7.325796560,51529,,rD044,1605560451,100.00,,
7.325796560,147433905,,rFF44,1605491805,100.00,,
7.325796560,22819815823,,instructions,1605510085,100.00,3.79,insn per cycle
7.325796560,6020621665,,cycles,1605525165,100.00,,
7.426170243,51834,,rD044,1605908424,100.00,,
7.426170243,146972859,,rFF44,1605918370,100.00,,
7.426170243,22766965973,,instructions,1605912490,100.00,3.78,insn per cycle
7.426170243,6022082156,,cycles,1605919756,100.00,,
7.526518596,1004679,,rD044,1605353814,100.00,,
7.526518596,151225580,,rFF44,1605337066,100.00,,
7.526518596,22733050259,,instructions,1605366776,100.00,3.78,insn per cycle
7.526518596,6019895262,,cycles,1605354060,100.00,,
7.626875549,1147181,,rD044,1605614721,100.00,,
7.626875549,137680724,,rFF44,1605680149,100.00,,
7.626875549,21040592443,,instructions,1605691689,100.00,3.49,insn per cycle
7.626875549,6021288125,,cycles,1605735785,100.00,,
7.727232772,46012,,rD044,1605452294,100.00,,
7.727232772,142125410,,rFF44,1605387855,100.00,,
7.727232772,22177895841,,instructions,1605362445,100.00,3.68,insn per cycle
7.727232772,6019862365,,cycles,1605356279,100.00,,
7.827585465,46029,,rD044,1605636551,100.00,,
7.827585465,146992508,,rFF44,1605703140,100.00,,
7.827585465,22766283259,,instructions,1605686800,100.00,3.78,insn per cycle
7.827585465,6021033541,,cycles,1605645775,100.00,,
7.927942138,48021,,rD044,1605535655,100.00,,
7.927942138,148017960,,rFF44,1605542286,100.00,,
7.927942138,22907334640,,instructions,1605574066,100.00,3.80,insn per cycle
7.927942138,6020882806,,cycles,1605597281,100.00,,
8.028306048,47273,,rD044,1605738760,100.00,,
8.028306048,149409219,,rFF44,1605685919,100.00,,
8.028306048,23075129835,,instructions,1605724031,100.00,3.83,insn per cycle
8.028306048,6021491976,,cycles,1605752965,100.00,,
8.128655575,46249,,rD044,1605542957,100.00,,
8.128655575,146882582,,rFF44,1605565044,100.00,,
8.128655575,22755647962,,instructions,1605521292,100.00,3.78,insn per cycle
8.128655575,6020610789,,cycles,1605521378,100.00,,
8.228997372,48079,,rD044,1605500596,100.00,,
8.228997372,144379642,,rFF44,1605466079,100.00,,
8.228997372,22458798846,,instructions,1605458459,100.00,3.73,insn per cycle
8.228997372,6020696556,,cycles,1605542355,100.00,,
8.329342709,46244,,rD044,1605593886,100.00,,
8.329342709,148499072,,rFF44,1605581126,100.00,,
8.329342709,22960767647,,instructions,1605584516,100.00,3.81,insn per cycle
8.329342709,6020353467,,cycles,1605446600,100.00,,
8.429677017,46026,,rD044,1605445528,100.00,,
8.429677017,145987881,,rFF44,1605521638,100.00,,
8.429677017,22653043683,,instructions,1605524298,100.00,3.76,insn per cycle
8.429677017,6020618583,,cycles,1605534823,100.00,,
8.530026453,985754,,rD044,1605619235,100.00,,
8.530026453,148267594,,rFF44,1605552386,100.00,,
8.530026453,22399219222,,instructions,1605616916,100.00,3.72,insn per cycle
8.530026453,6021290330,,cycles,1605698161,100.00,,
8.630367150,1201849,,rD044,1605536940,100.00,,
8.630367150,140537222,,rFF44,1605570339,100.00,,
8.630367150,21343918346,,instructions,1605503509,100.00,3.55,insn per cycle
8.630367150,6020375432,,cycles,1605457552,100.00,,
8.730704928,39748,,rD044,1605496292,100.00,,
8.730704928,143316613,,rFF44,1605517136,100.00,,
8.730704928,22325970913,,instructions,1605489736,100.00,3.71,insn per cycle
8.730704928,6020314528,,cycles,1605437393,100.00,,
8.831042695,39330,,rD044,1605442494,100.00,,
8.831042695,146264772,,rFF44,1605463040,100.00,,
8.831042695,22686170889,,instructions,1605592090,100.00,3.77,insn per cycle
8.831042695,6020921733,,cycles,1605612529,100.00,,
8.931392552,39692,,rD044,1605680510,100.00,,
8.931392552,148091286,,rFF44,1605604576,100.00,,
8.931392552,22925241266,,instructions,1605501316,100.00,3.81,insn per cycle
8.931392552,6020553636,,cycles,1605501637,100.00,,
9.031728739,39762,,rD044,1605262365,100.00,,
9.031728739,147134756,,rFF44,1605238589,100.00,,
9.031728739,22791923918,,instructions,1605219659,100.00,3.79,insn per cycle
9.031728739,6019496010,,cycles,1605226039,100.00,,
9.132060677,38551,,rD044,1605444490,100.00,,
9.132060677,146165150,,rFF44,1605577760,100.00,,
9.132060677,22648952331,,instructions,1605630836,100.00,3.76,insn per cycle
9.132060677,6021000633,,cycles,1605623546,100.00,,
9.232402114,39489,,rD044,1605464746,100.00,,
9.232402114,148569971,,rFF44,1605386936,100.00,,
9.232402114,22969894859,,instructions,1605333410,100.00,3.82,insn per cycle
9.232402114,6019854047,,cycles,1605322120,100.00,,
9.332735672,38195,,rD044,1605415490,100.00,,
9.332735672,143690362,,rFF44,1605348560,100.00,,
9.332735672,22365790941,,instructions,1605317494,100.00,3.72,insn per cycle
9.332735672,6019834110,,cycles,1605308766,100.00,,
9.433095458,38095,,rD044,1605861175,100.00,,
9.433095458,145986774,,rFF44,1606224825,100.00,,
9.433095458,22653134873,,instructions,1606284991,100.00,3.76,insn per cycle
9.433095458,6023475736,,cycles,1606292315,100.00,,
9.533458123,493607,,rD044,1605823990,100.00,,
9.533458123,150216295,,rFF44,1605502903,100.00,,
9.533458123,22921662371,,instructions,1605483316,100.00,3.81,insn per cycle
9.533458123,6020539512,,cycles,1605497030,100.00,,
9.633793601,1072248,,rD044,1605422064,100.00,,
9.633793601,132613587,,rFF44,1605524801,100.00,,
9.633793601,20441278792,,instructions,1605536548,100.00,3.40,insn per cycle
9.633793601,6020658213,,cycles,1605533499,100.00,,
9.734132558,32266,,rD044,1605584030,100.00,,
9.734132558,145353566,,rFF44,1605524529,100.00,,
9.734132558,22559669286,,instructions,1605548976,100.00,3.75,insn per cycle
9.734132558,6020890314,,cycles,1605591195,100.00,,
9.834474695,32386,,rD044,1605420695,100.00,,
9.834474695,148467842,,rFF44,1605374256,100.00,,
9.834474695,22945176357,,instructions,1605307389,100.00,3.81,insn per cycle
9.834474695,6019681209,,cycles,1605275799,100.00,,
9.934808113,31555,,rD044,1605483500,100.00,,
9.934808113,148394399,,rFF44,1605527631,100.00,,
9.934808113,22928325923,,instructions,1605590766,100.00,3.81,insn per cycle
9.934808113,6020940287,,cycles,1605603336,100.00,,
10.035164560,30932,,rD044,1605559816,100.00,,
10.035164560,146802889,,rFF44,1605578495,100.00,,
10.035164560,22748123492,,instructions,1605587100,100.00,3.78,insn per cycle
10.035164560,6020889289,,cycles,1605596160,100.00,,
10.135516627,32929,,rD044,1605357398,100.00,,
10.135516627,148137974,,rFF44,1605248458,100.00,,
10.135516627,22901322309,,instructions,1605203820,100.00,3.80,insn per cycle
10.135516627,6019303230,,cycles,1605180944,100.00,,
10.235855554,31140,,rD044,1605302511,100.00,,
10.235855554,147722796,,rFF44,1605336785,100.00,,
10.235855554,22870280566,,instructions,1605356973,100.00,3.80,insn per cycle
10.235855554,6020067404,,cycles,1605375809,100.00,,
10.336195890,32850,,rD044,1605391654,100.00,,
10.336195890,147869160,,rFF44,1605374250,100.00,,
10.336195890,22880616613,,instructions,1605353860,100.00,3.80,insn per cycle
10.336195890,6019782641,,cycles,1605293825,100.00,,
10.436532517,31986,,rD044,1603935053,100.00,,
10.436532517,148481181,,rFF44,1603941788,100.00,,
10.436532517,22970359194,,instructions,1603918818,100.00,3.82,insn per cycle
10.436532517,6014752649,,cycles,1603971733,100.00,,
10.536877783,32210,,rD044,1605445595,100.00,,
10.536877783,148509777,,rFF44,1605460560,100.00,,
10.536877783,22974420935,,instructions,1605522500,100.00,3.82,insn per cycle
10.536877783,6020568041,,cycles,1605504274,100.00,,
10.637217750,33306,,rD044,1605315340,100.00,,
10.637217750,144738491,,rFF44,1605338689,100.00,,
10.637217750,22495682024,,instructions,1605322366,100.00,3.74,insn per cycle
10.637217750,6019984070,,cycles,1605356062,100.00,,
10.737559457,31198,,rD044,1605432296,100.00,,
10.737559457,144688347,,rFF44,1605426687,100.00,,
10.737559457,22497519718,,instructions,1605417430,100.00,3.74,insn per cycle
10.737559457,6020123443,,cycles,1605389210,100.00,,
10.837899633,31068,,rD044,1605373940,100.00,,
10.837899633,148037865,,rFF44,1605367140,100.00,,
10.837899633,22913302937,,instructions,1605365962,100.00,3.81,insn per cycle
10.837899633,6019925247,,cycles,1605338686,100.00,,
10.938252550,31351,,rD044,1605442523,100.00,,
10.938252550,148085861,,rFF44,1605399415,100.00,,
10.938252550,22925462598,,instructions,1605402393,100.00,3.81,insn per cycle
10.938252550,6020215322,,cycles,1605435229,100.00,,
11.038601307,30995,,rD044,1605377951,100.00,,
11.038601307,146899514,,rFF44,1605391079,100.00,,
11.038601307,22788178284,,instructions,1605386707,100.00,3.79,insn per cycle
11.038601307,6020017732,,cycles,1605376895,100.00,,
11.138939283,31190,,rD044,1605261337,100.00,,
11.138939283,148802543,,rFF44,1605259355,100.00,,
11.138939283,23006807770,,instructions,1605242267,100.00,3.82,insn per cycle
11.138939283,6019540618,,cycles,1605240659,100.00,,
11.239282560,31230,,rD044,1605378958,100.00,,
11.239282560,147773270,,rFF44,1605334390,100.00,,
11.239282560,22868807199,,instructions,1605353190,100.00,3.80,insn per cycle
11.239282560,6020016006,,cycles,1605355759,100.00,,
11.339643587,30906,,rD044,1605724265,100.00,,
11.339643587,148459524,,rFF44,1605752986,100.00,,
11.339643587,22971126998,,instructions,1605754836,100.00,3.81,insn per cycle
11.339643587,6021503655,,cycles,1605762817,100.00,,
11.439984313,30869,,rD044,1605408421,100.00,,
11.439984313,149194415,,rFF44,1605504060,100.00,,
11.439984313,23050248892,,instructions,1605494470,100.00,3.83,insn per cycle
11.439984313,6020726078,,cycles,1605558120,100.00,,
11.540338400,34541,,rD044,1605451960,100.00,,
11.540338400,148822195,,rFF44,1605367666,100.00,,
11.540338400,22999075499,,instructions,1605405286,100.00,3.82,insn per cycle
11.540338400,6019859692,,cycles,1605345336,100.00,,
11.640681027,31984,,rD044,1605359324,100.00,,
11.640681027,147994724,,rFF44,1605380388,100.00,,
11.640681027,22877927169,,instructions,1605338708,100.00,3.80,insn per cycle
11.640681027,6019812908,,cycles,1605335349,100.00,,
11.741020403,32587,,rD044,1605225159,100.00,,
11.741020403,147260525,,rFF44,1605223934,100.00,,
11.741020403,22812555534,,instructions,1605271195,100.00,3.79,insn per cycle
11.741020403,6019599004,,cycles,1605309394,100.00,,
11.841369100,31686,,rD044,1605502266,100.00,,
11.841369100,149075368,,rFF44,1605543171,100.00,,
11.841369100,23031254608,,instructions,1605491150,100.00,3.83,insn per cycle
11.841369100,6020359163,,cycles,1605450870,100.00,,
11.941714837,31925,,rD044,1605421579,100.00,,
11.941714837,148393537,,rFF44,1605433849,100.00,,
11.941714837,22942884535,,instructions,1605480825,100.00,3.81,insn per cycle
11.941714837,6020592281,,cycles,1605516875,100.00,,
12.042069854,31914,,rD044,1605500625,100.00,,
12.042069854,147450891,,rFF44,1605622525,100.00,,
12.042069854,22810647524,,instructions,1605630539,100.00,3.79,insn per cycle
12.042069854,6020840751,,cycles,1605580619,100.00,,
12.142429540,31082,,rD044,1605583700,100.00,,
12.142429540,145862161,,rFF44,1605357970,100.00,,
12.142429540,22621086171,,instructions,1605288894,100.00,3.76,insn per cycle
12.142429540,6019826226,,cycles,1605315896,100.00,,
12.242769527,31044,,rD044,1605392844,100.00,,
12.242769527,146085576,,rFF44,1605438746,100.00,,
12.242769527,22660899956,,instructions,1605460102,100.00,3.76,insn per cycle
12.242769527,6020284279,,cycles,1605429050,100.00,,
12.343109164,31546,,rD044,1605371672,100.00,,
12.343109164,147173250,,rFF44,1605597880,100.00,,
12.343109164,22785375622,,instructions,1605587120,100.00,3.78,insn per cycle
12.343109164,6020900170,,cycles,1605598766,100.00,,
12.443467540,31344,,rD044,1605600739,100.00,,
12.443467540,143905734,,rFF44,1605413695,100.00,,
12.443467540,22373622016,,instructions,1605441015,100.00,3.72,insn per cycle
12.443467540,6020268318,,cycles,1605440979,100.00,,
12.543810727,32132,,rD044,1605350845,100.00,,
12.543810727,142331177,,rFF44,1605330929,100.00,,
12.543810727,22197668740,,instructions,1605359859,100.00,3.69,insn per cycle
12.543810727,6019995131,,cycles,1605362985,100.00,,
12.644158114,31755,,rD044,1605445623,100.00,,
12.644158114,147417369,,rFF44,1605381776,100.00,,
12.644158114,22846203144,,instructions,1605342816,100.00,3.80,insn per cycle
12.644158114,6019978250,,cycles,1605359870,100.00,,
12.744494060,31760,,rD044,1605216673,100.00,,
12.744494060,147669776,,rFF44,1605253170,100.00,,
12.744494060,22873528828,,instructions,1605259920,100.00,3.80,insn per cycle
12.744494060,6019495523,,cycles,1605233081,100.00,,
12.844830557,31160,,rD044,1605332490,100.00,,
12.844830557,147658822,,rFF44,1605301843,100.00,,
12.844830557,22871294249,,instructions,1605278106,100.00,3.80,insn per cycle
12.844830557,6019669497,,cycles,1605264455,100.00,,
12.945165983,31465,,rD044,1605247396,100.00,,
12.945165983,147694358,,rFF44,1605240163,100.00,,
12.945165983,22863725827,,instructions,1605221430,100.00,3.80,insn per cycle
12.945165983,6019436325,,cycles,1605210930,100.00,,
13.045501440,30847,,rD044,1605231659,100.00,,
13.045501440,145607775,,rFF44,1605335809,100.00,,
13.045501440,22601908341,,instructions,1605364696,100.00,3.75,insn per cycle
13.045501440,6020252764,,cycles,1605424215,100.00,,
13.145885847,31688,,rD044,1605962215,100.00,,
13.145885847,148456399,,rFF44,1605874325,100.00,,
13.145885847,22955129727,,instructions,1605876648,100.00,3.81,insn per cycle
13.145885847,6021824189,,cycles,1605846789,100.00,,
13.246220554,30839,,rD044,1605300950,100.00,,
13.246220554,147538726,,rFF44,1605328020,100.00,,
13.246220554,22846615350,,instructions,1605320607,100.00,3.80,insn per cycle
13.246220554,6019885602,,cycles,1605323266,100.00,,
13.346559000,31281,,rD044,1605303667,100.00,,
13.346559000,147403094,,rFF44,1605328365,100.00,,
13.346559000,22818470478,,instructions,1605321368,100.00,3.79,insn per cycle
13.346559000,6019761279,,cycles,1605294859,100.00,,
13.446899367,31258,,rD044,1605401758,100.00,,
13.446899367,146880921,,rFF44,1605387940,100.00,,
13.446899367,22757609200,,instructions,1605360860,100.00,3.78,insn per cycle
13.446899367,6020017623,,cycles,1605365400,100.00,,
13.547243934,280371,,rD044,1605385440,100.00,,
13.547243934,145582736,,rFF44,1605397616,100.00,,
13.547243934,22442766288,,instructions,1605453896,100.00,3.73,insn per cycle
13.547243934,6020463957,,cycles,1605481546,100.00,,
13.647597540,114295,,rD044,1605545805,100.00,,
13.647597540,145674316,,rFF44,1605540959,100.00,,
13.647597540,22568408452,,instructions,1605541109,100.00,3.75,insn per cycle
13.647597540,6020711310,,cycles,1605560945,100.00,,
13.747941137,31245,,rD044,1605430010,100.00,,
13.747941137,147444022,,rFF44,1605463162,100.00,,
13.747941137,22826450886,,instructions,1605479256,100.00,3.79,insn per cycle
13.747941137,6020304378,,cycles,1605442910,100.00,,
13.848293164,30538,,rD044,1605490366,100.00,,
13.848293164,147510628,,rFF44,1605478064,100.00,,
13.848293164,22842486832,,instructions,1605475910,100.00,3.79,insn per cycle
13.848293164,6020560352,,cycles,1605511880,100.00,,
13.948638710,31468,,rD044,1605486390,100.00,,
13.948638710,148325540,,rFF44,1605421654,100.00,,
13.948638710,22934449023,,instructions,1605414496,100.00,3.81,insn per cycle
13.948638710,6020080659,,cycles,1605376536,100.00,,
14.048986637,30879,,rD044,1605500645,100.00,,
14.048986637,148446994,,rFF44,1605572011,100.00,,
14.048986637,22942371284,,instructions,1605517879,100.00,3.81,insn per cycle
14.048986637,6020978411,,cycles,1605617779,100.00,,
14.149336354,29756,,rD044,1605559390,100.00,,
14.149336354,145703209,,rFF44,1605587722,100.00,,
14.149336354,22627456963,,instructions,1605612746,100.00,3.76,insn per cycle
14.149336354,6020598559,,cycles,1605509556,100.00,,
14.249677160,29315,,rD044,1605345323,100.00,,
14.249677160,147922778,,rFF44,1605244673,100.00,,
14.249677160,22897420071,,instructions,1605252939,100.00,3.80,insn per cycle
14.249677160,6019683703,,cycles,1605261509,100.00,,
14.350011697,29514,,rD044,1605366392,100.00,,
14.350011697,147097121,,rFF44,1605414810,100.00,,
14.350011697,22792296897,,instructions,1605438224,100.00,3.79,insn per cycle
14.350011697,6020743812,,cycles,1605539986,100.00,,
14.450360814,29988,,rD044,1605461795,100.00,,
14.450360814,145328552,,rFF44,1605438866,100.00,,
14.450360814,22570871600,,instructions,1605416382,100.00,3.75,insn per cycle
14.450360814,6019810382,,cycles,1605303830,100.00,,
14.550696190,828521,,rD044,1605433021,100.00,,
14.550696190,146899283,,rFF44,1605527350,100.00,,
14.550696190,22309277077,,instructions,1605538790,100.00,3.71,insn per cycle
14.550696190,6020848891,,cycles,1605567720,100.00,,
14.651041577,1179205,,rD044,1605429030,100.00,,
14.651041577,145377835,,rFF44,1605425814,100.00,,
14.651041577,21879397594,,instructions,1605513626,100.00,3.63,insn per cycle
14.651041577,6020619898,,cycles,1605511446,100.00,,
14.751392184,24285,,rD044,1605525606,100.00,,
14.751392184,144041358,,rFF44,1605480642,100.00,,
14.751392184,22395077064,,instructions,1605380690,100.00,3.72,insn per cycle
14.751392184,6020078636,,cycles,1605369970,100.00,,
14.851728050,23915,,rD044,1605321210,100.00,,
14.851728050,145905621,,rFF44,1605314672,100.00,,
14.851728050,22635041884,,instructions,1605306046,100.00,3.76,insn per cycle
14.851728050,6019846961,,cycles,1605305836,100.00,,
14.952097707,23732,,rD044,1605947886,100.00,,
14.952097707,147810645,,rFF44,1606034114,100.00,,
14.952097707,22878185541,,instructions,1606046260,100.00,3.80,insn per cycle
14.952097707,6022541960,,cycles,1606022470,100.00,,
15.051766616,160071,,rD044,1532344942,100.00,,
15.051766616,119435088,,rFF44,1531457632,100.00,,
15.051766616,18976549975,,instructions,1530835152,100.00,3.31,insn per cycle
15.051766616,5738050988,,cycles,1530240372,100.00,,
