0.100124500,13520,,rD044,96300075,100.00,,
0.100124500,25166724,,rFF44,96306475,100.00,,
0.100124500,539714256,,instructions,96311455,100.00,1.51,insn per cycle
0.100124500,356971742,,cycles,96316275,100.00,,
0.200393212,978,,rD044,100262455,100.00,,
0.200393212,28209116,,rFF44,100262115,100.00,,
0.200393212,593785066,,instructions,100261705,100.00,1.58,insn per cycle
0.200393212,375979820,,cycles,100261835,100.00,,
0.300600853,1315,,rD044,100205704,100.00,,
0.300600853,31742599,,rFF44,100205664,100.00,,
0.300600853,379437802,,instructions,100205804,100.00,1.01,insn per cycle
0.300600853,375766815,,cycles,100204984,100.00,,
0.400807054,795,,rD044,100205535,100.00,,
0.400807054,38209236,,rFF44,100205865,100.00,,
0.400807054,47218565,,instructions,100206265,100.00,0.13,insn per cycle
0.400807054,375773485,,cycles,100206715,100.00,,
0.501028486,25416,,rD044,480843052,100.00,,
0.501028486,57570837,,rFF44,481085692,100.00,,
0.501028486,6231041467,,instructions,481254022,100.00,3.45,insn per cycle
0.501028486,1804737513,,cycles,481423852,100.00,,
0.601315439,31579,,rD044,802283170,100.00,,
0.601315439,75306385,,rFF44,802272140,100.00,,
0.601315439,11606537163,,instructions,802267593,100.00,3.86,insn per cycle
0.601315439,3008505386,,cycles,802272508,100.00,,
0.701594281,33415,,rD044,802194150,100.00,,
0.701594281,73128016,,rFF44,802182183,100.00,,
0.701594281,11324073551,,instructions,802182295,100.00,3.76,insn per cycle
0.701594281,3008073351,,cycles,802156560,100.00,,
0.801861903,29430,,rD044,802129750,100.00,,
0.801861903,75253491,,rFF44,802128775,100.00,,
0.801861903,11591070624,,instructions,802129040,100.00,3.85,insn per cycle
0.801861903,3007995994,,cycles,802136040,100.00,,
0.902127156,33155,,rD044,802124593,100.00,,
0.902127156,73210696,,rFF44,802126260,100.00,,
0.902127156,11334517055,,instructions,802112420,100.00,3.77,insn per cycle
0.902127156,3007945850,,cycles,802123110,100.00,,
1.002398618,29056,,rD044,802151295,100.00,,
1.002398618,75258556,,rFF44,802153250,100.00,,
1.002398618,11591244930,,instructions,802152920,100.00,3.85,insn per cycle
1.002398618,3007989367,,cycles,802134320,100.00,,
1.102663210,32619,,rD044,802116170,100.00,,
1.102663210,73019234,,rFF44,802116950,100.00,,
1.102663210,11320058753,,instructions,802117370,100.00,3.76,insn per cycle
1.102663210,3007935472,,cycles,802120210,100.00,,
1.202924662,32704,,rD044,802058810,100.00,,
1.202924662,73772677,,rFF44,802038650,100.00,,
1.202924662,11414182880,,instructions,802037850,100.00,3.80,insn per cycle
1.202924662,3007630894,,cycles,802039050,100.00,,
1.303189635,29110,,rD044,802093020,100.00,,
1.303189635,73730385,,rFF44,802090560,100.00,,
1.303189635,11408191157,,instructions,802102900,100.00,3.79,insn per cycle
1.303189635,3007863521,,cycles,802108270,100.00,,
1.403441537,33084,,rD044,801996980,100.00,,
1.403441537,72253521,,rFF44,801994480,100.00,,
1.403441537,11237758941,,instructions,801983610,100.00,3.74,insn per cycle
1.403441537,3007368623,,cycles,801976550,100.00,,
1.503699689,31181,,rD044,802004320,100.00,,
1.503699689,75497926,,rFF44,802017050,100.00,,
1.503699689,11637167780,,instructions,802024430,100.00,3.87,insn per cycle
1.503699689,3007524765,,cycles,802026080,100.00,,
1.603983101,37378,,rD044,802190100,100.00,,
1.603983101,74652654,,rFF44,802190750,100.00,,
1.603983101,11533934148,,instructions,802195900,100.00,3.83,insn per cycle
1.603983101,3008108490,,cycles,802201270,100.00,,
1.704247874,29261,,rD044,802079190,100.00,,
1.704247874,75196357,,rFF44,802066260,100.00,,
1.704247874,11599025163,,instructions,802058990,100.00,3.86,insn per cycle
1.704247874,3007622250,,cycles,802044780,100.00,,
1.804504116,32810,,rD044,802052030,100.00,,
1.804504116,73118569,,rFF44,802066110,100.00,,
1.804504116,11344091210,,instructions,802068240,100.00,3.77,insn per cycle
1.804504116,3007762232,,cycles,802073850,100.00,,
1.904766498,29630,,rD044,802063550,100.00,,
1.904766498,75303895,,rFF44,802051550,100.00,,
1.904766498,11616446324,,instructions,802041960,100.00,3.86,insn per cycle
1.904766498,3007854098,,cycles,802101390,100.00,,
2.005027960,32648,,rD044,802095410,100.00,,
2.005027960,73060623,,rFF44,802097390,100.00,,
2.005027960,11329153187,,instructions,802102780,100.00,3.77,insn per cycle
2.005027960,3007683510,,cycles,802052890,100.00,,
2.105310813,28846,,rD044,802259840,100.00,,
2.105310813,74970594,,rFF44,802276050,100.00,,
2.105310813,11558995441,,instructions,802282130,100.00,3.84,insn per cycle
2.105310813,3008524206,,cycles,802277037,100.00,,
2.205577005,32621,,rD044,802129100,100.00,,
2.205577005,72085449,,rFF44,802142390,100.00,,
2.205577005,11217868627,,instructions,802136265,100.00,3.73,insn per cycle
2.205577005,3008024116,,cycles,802143691,100.00,,
2.305845627,29075,,rD044,802127390,100.00,,
2.305845627,75641866,,rFF44,802118452,100.00,,
2.305845627,11656684563,,instructions,802130613,100.00,3.88,insn per cycle
2.305845627,3007942670,,cycles,802121840,100.00,,
2.406103179,32347,,rD044,802043760,100.00,,
2.406103179,73683369,,rFF44,802035382,100.00,,
2.406103179,11403247121,,instructions,802023780,100.00,3.79,insn per cycle
2.406103179,3007609672,,cycles,802033190,100.00,,
2.506368282,30675,,rD044,802110770,100.00,,
2.506368282,75356700,,rFF44,802101834,100.00,,
2.506368282,11604743887,,instructions,802116540,100.00,3.86,insn per cycle
2.506368282,3007937306,,cycles,802123590,100.00,,
2.606633674,35163,,rD044,802101723,100.00,,
2.606633674,73825295,,rFF44,802105690,100.00,,
2.606633674,11424282143,,instructions,802086500,100.00,3.80,insn per cycle
2.606633674,3007682604,,cycles,802058480,100.00,,
2.706898096,29992,,rD044,802079883,100.00,,
2.706898096,75404778,,rFF44,802083740,100.00,,
2.706898096,11612220403,,instructions,802095010,100.00,3.86,insn per cycle
2.706898096,3007837509,,cycles,802102460,100.00,,
2.807160978,33522,,rD044,802074702,100.00,,
2.807160978,74198992,,rFF44,802071570,100.00,,
2.807160978,11469178547,,instructions,802069580,100.00,3.81,insn per cycle
2.807160978,3007736115,,cycles,802067550,100.00,,
2.907417380,32827,,rD044,802053710,100.00,,
2.907417380,73557147,,rFF44,802050220,100.00,,
2.907417380,11397525688,,instructions,802034220,100.00,3.79,insn per cycle
2.907417380,3007600069,,cycles,802033520,100.00,,
3.007676723,29505,,rD044,802062550,100.00,,
3.007676723,75317966,,rFF44,802058660,100.00,,
3.007676723,11608711549,,instructions,802071550,100.00,3.86,insn per cycle
3.007676723,3007787953,,cycles,802080590,100.00,,
3.107934715,32205,,rD044,802046950,100.00,,
3.107934715,72840195,,rFF44,802040110,100.00,,
3.107934715,11297394605,,instructions,802029870,100.00,3.76,insn per cycle
3.107934715,3007623957,,cycles,802036860,100.00,,
3.208194177,28739,,rD044,802081690,100.00,,
3.208194177,75131017,,rFF44,802104840,100.00,,
3.208194177,11586442430,,instructions,802109710,100.00,3.85,insn per cycle
3.208194177,3007827375,,cycles,802091340,100.00,,
3.308455809,32011,,rD044,802069320,100.00,,
3.308455809,71650771,,rFF44,802064640,100.00,,
3.308455809,11143244571,,instructions,802076720,100.00,3.70,insn per cycle
3.308455809,3007821036,,cycles,802089610,100.00,,
3.408717401,29334,,rD044,802080940,100.00,,
3.408717401,74848617,,rFF44,802060990,100.00,,
3.408717401,11547037350,,instructions,802054110,100.00,3.84,insn per cycle
3.408717401,3007668307,,cycles,802048830,100.00,,
3.508985994,34806,,rD044,802111810,100.00,,
3.508985994,74348579,,rFF44,802113570,100.00,,
3.508985994,11494036937,,instructions,802113660,100.00,3.82,insn per cycle
3.508985994,3007935170,,cycles,802125210,100.00,,
3.609250096,29836,,rD044,802112140,100.00,,
3.609250096,75013370,,rFF44,802126700,100.00,,
3.609250096,11568008912,,instructions,802131280,100.00,3.85,insn per cycle
3.609250096,3007959719,,cycles,802126450,100.00,,
3.709513728,32997,,rD044,802099360,100.00,,
3.709513728,73264861,,rFF44,802110650,100.00,,
3.709513728,11356412358,,instructions,802106080,100.00,3.78,insn per cycle
3.709513728,3007822305,,cycles,802098130,100.00,,
3.809780950,29457,,rD044,802003140,100.00,,
3.809780950,74963398,,rFF44,801977990,100.00,,
3.809780950,11556585486,,instructions,802034430,100.00,3.84,insn per cycle
3.809780950,3007522297,,cycles,802046110,100.00,,
3.910048883,32122,,rD044,802128770,100.00,,
3.910048883,72463298,,rFF44,802136480,100.00,,
3.910048883,11260774682,,instructions,802077970,100.00,3.74,insn per cycle
3.910048883,3007734056,,cycles,802066030,100.00,,
4.010350056,29109,,rD044,802407430,100.00,,
4.010350056,75150011,,rFF44,802398500,100.00,,
4.010350056,11578057579,,instructions,802398447,100.00,3.85,insn per cycle
4.010350056,3009012869,,cycles,802407608,100.00,,
4.110608438,32253,,rD044,802061020,100.00,,
4.110608438,72591512,,rFF44,802075412,100.00,,
4.110608438,11281394566,,instructions,802079421,100.00,3.75,insn per cycle
4.110608438,3007738839,,cycles,802067260,100.00,,
4.210870590,30044,,rD044,802098590,100.00,,
4.210870590,75414872,,rFF44,802100185,100.00,,
4.210870590,11614279577,,instructions,802091270,100.00,3.86,insn per cycle
4.210870590,3007857504,,cycles,802099490,100.00,,
4.311136822,32934,,rD044,802105212,100.00,,
4.311136822,74066807,,rFF44,802097591,100.00,,
4.311136822,11452394752,,instructions,802099020,100.00,3.81,insn per cycle
4.311136822,3007875115,,cycles,802103930,100.00,,
4.411398994,28915,,rD044,802090582,100.00,,
4.411398994,75224307,,rFF44,802109240,100.00,,
4.411398994,11587048228,,instructions,802116400,100.00,3.85,insn per cycle
4.411398994,3007855415,,cycles,802098590,100.00,,
4.511663997,33848,,rD044,802088393,100.00,,
4.511663997,73569340,,rFF44,802081100,100.00,,
4.511663997,11396853325,,instructions,802082670,100.00,3.79,insn per cycle
4.511663997,3007859473,,cycles,802105660,100.00,,
4.611929729,34946,,rD044,802116921,100.00,,
4.611929729,73378030,,rFF44,802108230,100.00,,
4.611929729,11374540018,,instructions,802096330,100.00,3.78,insn per cycle
4.611929729,3007798524,,cycles,802083380,100.00,,
4.712188541,29886,,rD044,802021330,100.00,,
4.712188541,75491645,,rFF44,802020430,100.00,,
4.712188541,11635849051,,instructions,802029960,100.00,3.87,insn per cycle
4.712188541,3007564815,,cycles,802029570,100.00,,
4.812446423,33121,,rD044,802049530,100.00,,
4.812446423,74400614,,rFF44,802048100,100.00,,
4.812446423,11504946639,,instructions,802047130,100.00,3.83,insn per cycle
4.812446423,3007673056,,cycles,802050190,100.00,,
4.912708265,29618,,rD044,802084410,100.00,,
4.912708265,75296156,,rFF44,802088900,100.00,,
4.912708265,11614871782,,instructions,802096320,100.00,3.86,insn per cycle
4.912708265,3007839164,,cycles,802098570,100.00,,
5.013014038,32466,,rD044,802448710,100.00,,
5.013014038,73735883,,rFF44,802444180,100.00,,
5.013014038,11417983047,,instructions,802430710,100.00,3.79,insn per cycle
5.013014038,3009125537,,cycles,802437220,100.00,,
5.113277850,29550,,rD044,802098990,100.00,,
5.113277850,75312334,,rFF44,802109410,100.00,,
5.113277850,11619321248,,instructions,802120160,100.00,3.86,insn per cycle
5.113277850,3007930543,,cycles,802118240,100.00,,
5.213543953,32475,,rD044,802098850,100.00,,
5.213543953,72156023,,rFF44,802102040,100.00,,
5.213543953,11200151954,,instructions,802095470,100.00,3.72,insn per cycle
5.213543953,3007780765,,cycles,802086550,100.00,,
5.313811855,29069,,rD044,802127060,100.00,,
5.313811855,75623335,,rFF44,802151000,100.00,,
5.313811855,11662585976,,instructions,802155850,100.00,3.88,insn per cycle
5.313811855,3008107347,,cycles,802173776,100.00,,
5.414077627,33043,,rD044,802044988,100.00,,
5.414077627,73647229,,rFF44,802023128,100.00,,
5.414077627,11396194008,,instructions,802028148,100.00,3.79,insn per cycle
5.414077627,3007520313,,cycles,802031840,100.00,,
5.514344970,137483,,rD044,802060139,100.00,,
5.514344970,75830724,,rFF44,802043339,100.00,,
5.514344970,11611414092,,instructions,802032744,100.00,3.86,insn per cycle
5.514344970,3007472018,,cycles,802023129,100.00,,
5.614610542,698554,,rD044,802052760,100.00,,
5.614610542,74435571,,rFF44,802057393,100.00,,
5.614610542,11141202471,,instructions,802059123,100.00,3.70,insn per cycle
5.614610542,3007554704,,cycles,802050400,100.00,,
5.714877164,665425,,rD044,802104560,100.00,,
5.714877164,77311065,,rFF44,802114515,100.00,,
5.714877164,11509769208,,instructions,802120350,100.00,3.83,insn per cycle
5.714877164,3007900858,,cycles,802118300,100.00,,
5.815157397,28366,,rD044,802230007,100.00,,
5.815157397,64037635,,rFF44,802223800,100.00,,
5.815157397,10233581107,,instructions,802221260,100.00,3.40,insn per cycle
5.815157397,3008342369,,cycles,802228430,100.00,,
5.915422149,27079,,rD044,802101571,100.00,,
5.915422149,75190600,,rFF44,802106820,100.00,,
5.915422149,11582005817,,instructions,802105330,100.00,3.85,insn per cycle
5.915422149,3007863559,,cycles,802101200,100.00,,
6.015686391,29482,,rD044,802113380,100.00,,
6.015686391,71632686,,rFF44,802117150,100.00,,
6.015686391,11159070888,,instructions,802116020,100.00,3.71,insn per cycle
6.015686391,3007924221,,cycles,802116890,100.00,,
6.115958434,28280,,rD044,802165900,100.00,,
6.115958434,75312637,,rFF44,802166970,100.00,,
6.115958434,11596869794,,instructions,802165960,100.00,3.86,insn per cycle
6.115958434,3008081353,,cycles,802159110,100.00,,
6.216218866,30818,,rD044,802070050,100.00,,
6.216218866,73184657,,rFF44,802059830,100.00,,
6.216218866,11345503260,,instructions,802065810,100.00,3.77,insn per cycle
6.216218866,3007749368,,cycles,802070090,100.00,,
6.316484988,28328,,rD044,802134840,100.00,,
6.316484988,75685631,,rFF44,802134520,100.00,,
6.316484988,11657592977,,instructions,802125290,100.00,3.88,insn per cycle
6.316484988,3007946152,,cycles,802122650,100.00,,
6.416752880,30021,,rD044,802111190,100.00,,
6.416752880,74204128,,rFF44,802107320,100.00,,
6.416752880,11472296586,,instructions,802110650,100.00,3.81,insn per cycle
6.416752880,3008312225,,cycles,802220710,100.00,,
6.517040653,471292,,rD044,802272000,100.00,,
6.517040653,73244055,,rFF44,802275570,100.00,,
6.517040653,11115522205,,instructions,802295480,100.00,3.70,insn per cycle
6.517040653,3008205389,,cycles,802197800,100.00,,
6.617306055,993394,,rD044,802134160,100.00,,
6.617306055,78157237,,rFF44,802146130,100.00,,
6.617306055,11404946997,,instructions,802138120,100.00,3.79,insn per cycle
6.617306055,3008008066,,cycles,802139235,100.00,,
6.717571857,682340,,rD044,802082870,100.00,,
6.717571857,65160070,,rFF44,802061500,100.00,,
6.717571857,9997751232,,instructions,802064500,100.00,3.32,insn per cycle
6.717571857,3007648058,,cycles,802051183,100.00,,
6.817845350,23554,,rD044,802185210,100.00,,
6.817845350,74850987,,rFF44,802201740,100.00,,
6.817845350,11551771752,,instructions,802188468,100.00,3.84,insn per cycle
6.817845350,3008185392,,cycles,802189180,100.00,,
6.918109242,28255,,rD044,802099310,100.00,,
6.918109242,72838420,,rFF44,802105235,100.00,,
6.918109242,11305690232,,instructions,802105990,100.00,3.76,insn per cycle
6.918109242,3007897522,,cycles,802110300,100.00,,
7.018373994,22493,,rD044,802102500,100.00,,
7.018373994,75328222,,rFF44,802094303,100.00,,
7.018373994,11615889663,,instructions,802096740,100.00,3.86,insn per cycle
7.018373994,3007857041,,cycles,802098980,100.00,,
7.118627597,27922,,rD044,802024630,100.00,,
7.118627597,72679315,,rFF44,802020250,100.00,,
7.118627597,11284390149,,instructions,802021580,100.00,3.75,insn per cycle
7.118627597,3007591717,,cycles,802028210,100.00,,
7.218893359,23269,,rD044,802108053,100.00,,
7.218893359,75479233,,rFF44,802112020,100.00,,
7.218893359,11643940539,,instructions,802111710,100.00,3.87,insn per cycle
7.218893359,3007865011,,cycles,802101320,100.00,,
7.319160301,28232,,rD044,802137144,100.00,,
7.319160301,73404626,,rFF44,802134660,100.00,,
7.319160301,11377335904,,instructions,802126410,100.00,3.78,insn per cycle
7.319160301,3007921498,,cycles,802120660,100.00,,
7.419425443,22748,,rD044,802095591,100.00,,
7.419425443,75500423,,rFF44,802091320,100.00,,
7.419425443,11646908331,,instructions,802091850,100.00,3.87,insn per cycle
7.419425443,3007804663,,cycles,802084350,100.00,,
7.519685995,422807,,rD044,802062530,100.00,,
7.519685995,75372242,,rFF44,802070760,100.00,,
7.519685995,11383862810,,instructions,802075980,100.00,3.78,insn per cycle
7.519685995,3007791834,,cycles,802088280,100.00,,
7.619976768,1132514,,rD044,802313020,100.00,,
7.619976768,78821100,,rFF44,802314810,100.00,,
7.619976768,11441938956,,instructions,802317200,100.00,3.80,insn per cycle
7.619976768,3008667818,,cycles,802315340,100.00,,
7.720250891,583295,,rD044,802197190,100.00,,
7.720250891,68225058,,rFF44,802209610,100.00,,
7.720250891,10427143826,,instructions,802206960,100.00,3.47,insn per cycle
7.720250891,3008210316,,cycles,802197180,100.00,,
7.820522543,20526,,rD044,802164150,100.00,,
7.820522543,75431423,,rFF44,802162730,100.00,,
7.820522543,11628971557,,instructions,802161380,100.00,3.87,insn per cycle
7.820522543,3008141980,,cycles,802175050,100.00,,
7.920791305,25084,,rD044,802135460,100.00,,
7.920791305,73679452,,rFF44,802219920,100.00,,
7.920791305,11401976121,,instructions,802234880,100.00,3.79,insn per cycle
7.920791305,3008394593,,cycles,802242675,100.00,,
8.021070008,20142,,rD044,802215710,100.00,,
8.021070008,75335190,,rFF44,802125740,100.00,,
8.021070008,11606159131,,instructions,802109691,100.00,3.86,insn per cycle
8.021070008,3007860446,,cycles,802099983,100.00,,
8.121339530,23324,,rD044,802141230,100.00,,
8.121339530,73424275,,rFF44,802135620,100.00,,
8.121339530,11367301246,,instructions,802137697,100.00,3.78,insn per cycle
8.121339530,3008019798,,cycles,802142680,100.00,,
8.221603542,21461,,rD044,802102380,100.00,,
8.221603542,75140533,,rFF44,802109155,100.00,,
8.221603542,11570761228,,instructions,802105930,100.00,3.85,insn per cycle
8.221603542,3007914951,,cycles,802114460,100.00,,
8.321872545,23760,,rD044,802142431,100.00,,
8.321872545,72000991,,rFF44,802133343,100.00,,
8.321872545,11195620019,,instructions,802135850,100.00,3.72,insn per cycle
8.321872545,3007936896,,cycles,802120260,100.00,,
8.422139907,21561,,rD044,802128524,100.00,,
8.422139907,75403117,,rFF44,802123320,100.00,,
8.422139907,11614396304,,instructions,802122430,100.00,3.86,insn per cycle
8.422139907,3007948777,,cycles,802123720,100.00,,
8.522403359,401230,,rD044,802072272,100.00,,
8.522403359,73333817,,rFF44,802073250,100.00,,
8.522403359,11157467261,,instructions,802082960,100.00,3.71,insn per cycle
8.522403359,3007788141,,cycles,802086060,100.00,,
8.622671281,1042595,,rD044,802136681,100.00,,
8.622671281,76049273,,rFF44,802149400,100.00,,
8.622671281,11119402891,,instructions,802166650,100.00,3.70,insn per cycle
8.622671281,3008139984,,cycles,802181430,100.00,,
8.722957114,656000,,rD044,802264940,100.00,,
8.722957114,73434277,,rFF44,802257070,100.00,,
8.722957114,11020509025,,instructions,802233580,100.00,3.66,insn per cycle
8.722957114,3008292641,,cycles,802214970,100.00,,
8.823223026,18512,,rD044,802117020,100.00,,
8.823223026,69640145,,rFF44,802114790,100.00,,
8.823223026,10905541502,,instructions,802111240,100.00,3.63,insn per cycle
8.823223026,3007914476,,cycles,802114070,100.00,,
8.923487729,19490,,rD044,802112260,100.00,,
8.923487729,72754603,,rFF44,802112360,100.00,,
8.923487729,11299250079,,instructions,802115760,100.00,3.76,insn per cycle
8.923487729,3007945480,,cycles,802123040,100.00,,
9.023752691,22355,,rD044,802105700,100.00,,
9.023752691,73496683,,rFF44,802111950,100.00,,
9.023752691,11380217003,,instructions,802110960,100.00,3.78,insn per cycle
9.023752691,3008060600,,cycles,802153090,100.00,,
9.124025073,15991,,rD044,802169110,100.00,,
9.124025073,75470595,,rFF44,802167210,100.00,,
9.124025073,11634671890,,instructions,802160120,100.00,3.87,insn per cycle
9.124025073,3007900632,,cycles,802110590,100.00,,
9.224292425,23000,,rD044,802138520,100.00,,
9.224292425,73761161,,rFF44,802136870,100.00,,
9.224292425,11415884466,,instructions,802137550,100.00,3.80,insn per cycle
9.224292425,3007996066,,cycles,802136780,100.00,,
9.324560488,16138,,rD044,802129540,100.00,,
9.324560488,75591695,,rFF44,802121490,100.00,,
9.324560488,11661570359,,instructions,802126750,100.00,3.88,insn per cycle
9.324560488,3007989684,,cycles,802134447,100.00,,
9.424819700,22240,,rD044,802085789,100.00,,
9.424819700,73950234,,rFF44,802333697,100.00,,
9.424819700,11452038684,,instructions,802335067,100.00,3.81,insn per cycle
9.424819700,3008694962,,cycles,802330360,100.00,,
9.525121013,297658,,rD044,802280672,100.00,,
9.525121013,76304137,,rFF44,802041020,100.00,,
9.525121013,11581572138,,instructions,802048600,100.00,3.85,insn per cycle
9.525121013,3007574809,,cycles,802052200,100.00,,
9.625416146,661695,,rD044,802309566,100.00,,
9.625416146,68043590,,rFF44,802301620,100.00,,
9.625416146,10343553091,,instructions,802291610,100.00,3.44,insn per cycle
9.625416146,3008469665,,cycles,802287220,100.00,,
9.725682548,16698,,rD044,802131090,100.00,,
9.725682548,75193113,,rFF44,802145570,100.00,,
9.725682548,11598143652,,instructions,802146060,100.00,3.86,insn per cycle
9.725682548,3007987367,,cycles,802133680,100.00,,
9.825960990,16989,,rD044,802215530,100.00,,
9.825960990,73679629,,rFF44,802213240,100.00,,
9.825960990,11405052040,,instructions,802220330,100.00,3.79,insn per cycle
9.825960990,3008370880,,cycles,802236620,100.00,,
9.926229543,15416,,rD044,802126290,100.00,,
9.926229543,74826846,,rFF44,802124840,100.00,,
9.926229543,11536699440,,instructions,802121520,100.00,3.84,insn per cycle
9.926229543,3007916582,,cycles,802114450,100.00,,
10.026494095,16794,,rD044,802082340,100.00,,
10.026494095,72935826,,rFF44,802090680,100.00,,
10.026494095,11317485936,,instructions,802086640,100.00,3.76,insn per cycle
10.026494095,3007757306,,cycles,802080570,100.00,,
10.126763407,15450,,rD044,802073770,100.00,,
10.126763407,74993632,,rFF44,802065570,100.00,,
10.126763407,11557316501,,instructions,802119860,100.00,3.84,insn per cycle
10.126763407,3008092425,,cycles,802191102,100.00,,
10.227042380,16552,,rD044,802218570,100.00,,
10.227042380,72344064,,rFF44,802219010,100.00,,
10.227042380,11251067290,,instructions,802168570,100.00,3.74,insn per cycle
10.227042380,3007864487,,cycles,802101205,100.00,,
10.327309152,15805,,rD044,802141090,100.00,,
10.327309152,75346044,,rFF44,802144920,100.00,,
10.327309152,11602693264,,instructions,802142425,100.00,3.86,insn per cycle
10.327309152,3008008705,,cycles,802139411,100.00,,
10.427575384,16394,,rD044,802105070,100.00,,
10.427575384,74354372,,rFF44,802097901,100.00,,
10.427575384,11489529032,,instructions,802093423,100.00,3.82,insn per cycle
10.427575384,3007834617,,cycles,802092830,100.00,,
10.527860997,16133,,rD044,802264604,100.00,,
10.527860997,75050387,,rFF44,802268117,100.00,,
10.527860997,11558853213,,instructions,802270540,100.00,3.84,insn per cycle
10.527860997,3008504716,,cycles,802277440,100.00,,
10.628128059,17377,,rD044,802100543,100.00,,
10.628128059,72411278,,rFF44,802096470,100.00,,
10.628128059,11256909979,,instructions,802093200,100.00,3.74,insn per cycle
10.628128059,3007797304,,cycles,802087400,100.00,,
10.728388281,16664,,rD044,802080041,100.00,,
10.728388281,73881280,,rFF44,802069450,100.00,,
10.728388281,11425271879,,instructions,802069490,100.00,3.80,insn per cycle
10.728388281,3007749203,,cycles,802074230,100.00,,
10.828650314,15358,,rD044,802082470,100.00,,
10.828650314,75405105,,rFF44,802085930,100.00,,
10.828650314,11621273197,,instructions,802076790,100.00,3.86,insn per cycle
10.828650314,3007746967,,cycles,802069820,100.00,,
10.928908616,16385,,rD044,802069270,100.00,,
10.928908616,73776792,,rFF44,802067970,100.00,,
10.928908616,11426813099,,instructions,802080060,100.00,3.80,insn per cycle
10.928908616,3007818075,,cycles,802088680,100.00,,
11.029172318,15929,,rD044,802039810,100.00,,
11.029172318,75250168,,rFF44,802042970,100.00,,
11.029172318,11604818888,,instructions,802047620,100.00,3.86,insn per cycle
11.029172318,3007613349,,cycles,802046770,100.00,,
11.129429880,16097,,rD044,802041040,100.00,,
11.129429880,72476857,,rFF44,802033720,100.00,,
11.129429880,11262809417,,instructions,802032800,100.00,3.74,insn per cycle
11.129429880,3007600321,,cycles,802030500,100.00,,
11.229690522,15635,,rD044,802069230,100.00,,
11.229690522,74734609,,rFF44,802078130,100.00,,
11.229690522,11528854760,,instructions,802074890,100.00,3.83,insn per cycle
11.229690522,3007731464,,cycles,802075980,100.00,,
11.329963475,16029,,rD044,802171720,100.00,,
11.329963475,70494113,,rFF44,802178060,100.00,,
11.329963475,11005883703,,instructions,802177690,100.00,3.66,insn per cycle
11.329963475,3008125360,,cycles,802170500,100.00,,
11.430230187,15594,,rD044,802118650,100.00,,
11.430230187,75690291,,rFF44,802105280,100.00,,
11.430230187,11677576948,,instructions,802094470,100.00,3.88,insn per cycle
11.430230187,3007832405,,cycles,802092720,100.00,,
11.530520480,16528,,rD044,802295170,100.00,,
11.530520480,72891894,,rFF44,802314150,100.00,,
11.530520480,11309698545,,instructions,802320970,100.00,3.76,insn per cycle
11.530520480,3008701311,,cycles,802330330,100.00,,
11.630786672,16034,,rD044,802115060,100.00,,
11.630786672,75244952,,rFF44,802153750,100.00,,
11.630786672,11601738465,,instructions,802203770,100.00,3.86,insn per cycle
11.630786672,3008233658,,cycles,802199428,100.00,,
11.731057174,17800,,rD044,802157400,100.00,,
11.731057174,73237542,,rFF44,802100840,100.00,,
11.731057174,11350298470,,instructions,802047343,100.00,3.77,insn per cycle
11.731057174,3007711605,,cycles,802060500,100.00,,
11.831318387,16148,,rD044,802074310,100.00,,
11.831318387,75330688,,rFF44,802073200,100.00,,
11.831318387,11608583707,,instructions,802079563,100.00,3.86,insn per cycle
11.831318387,3007742078,,cycles,802068440,100.00,,
11.931583399,16214,,rD044,802116430,100.00,,
11.931583399,71964781,,rFF44,802124784,100.00,,
11.931583399,11188493408,,instructions,802122292,100.00,3.72,insn per cycle
11.931583399,3007966299,,cycles,802127930,100.00,,
12.031859971,15819,,rD044,802197663,100.00,,
12.031859971,75310341,,rFF44,802182434,100.00,,
12.031859971,11599498815,,instructions,802185140,100.00,3.86,insn per cycle
12.031859971,3008144436,,cycles,802175850,100.00,,
12.132121113,16776,,rD044,802083902,100.00,,
12.132121113,73634312,,rFF44,802102940,100.00,,
12.132121113,11404053807,,instructions,802107930,100.00,3.79,insn per cycle
12.132121113,3007893393,,cycles,802108820,100.00,,
12.232385246,15741,,rD044,802104673,100.00,,
12.232385246,75338810,,rFF44,802104840,100.00,,
12.232385246,11601546128,,instructions,802105270,100.00,3.86,insn per cycle
12.232385246,3007881923,,cycles,802105770,100.00,,
12.332651458,16197,,rD044,802077569,100.00,,
12.332651458,73748663,,rFF44,802075179,100.00,,
12.332651458,11415112412,,instructions,802066159,100.00,3.80,insn per cycle
12.332651458,3007699624,,cycles,802065099,100.00,,
12.432910030,16500,,rD044,802061870,100.00,,
12.432910030,74101609,,rFF44,802050890,100.00,,
12.432910030,11462616910,,instructions,802052650,100.00,3.81,insn per cycle
12.432910030,3007724106,,cycles,802063720,100.00,,
12.533173482,16514,,rD044,802050270,100.00,,
12.533173482,75460189,,rFF44,802061160,100.00,,
12.533173482,11629290708,,instructions,802066870,100.00,3.87,insn per cycle
12.533173482,3007680162,,cycles,802070340,100.00,,
12.633438645,16850,,rD044,802105100,100.00,,
12.633438645,71854904,,rFF44,802094980,100.00,,
12.633438645,11166386772,,instructions,802084840,100.00,3.71,insn per cycle
12.633438645,3007764020,,cycles,802074150,100.00,,
12.734066403,16116,,rD044,805011086,100.00,,
12.734066403,75535191,,rFF44,805006016,100.00,,
12.734066403,11648246388,,instructions,805009756,100.00,3.86,insn per cycle
12.734066403,3018794339,,cycles,805016176,100.00,,
12.834326606,16391,,rD044,802070980,100.00,,
12.834326606,72702089,,rFF44,802074010,100.00,,
12.834326606,11287697961,,instructions,802080750,100.00,3.75,insn per cycle
12.834326606,3007768243,,cycles,802075710,100.00,,
12.934589228,15364,,rD044,802093750,100.00,,
12.934589228,74964399,,rFF44,802098070,100.00,,
12.934589228,11564800032,,instructions,802096360,100.00,3.84,insn per cycle
12.934589228,3007819314,,cycles,802088880,100.00,,
13.034856600,15980,,rD044,802127240,100.00,,
13.034856600,72377470,,rFF44,802126770,100.00,,
13.034856600,11243335910,,instructions,802123450,100.00,3.74,insn per cycle
13.034856600,3007922476,,cycles,802116740,100.00,,
13.135113382,16076,,rD044,802046720,100.00,,
13.135113382,75017169,,rFF44,802057670,100.00,,
13.135113382,11572212831,,instructions,802057970,100.00,3.85,insn per cycle
13.135113382,3007721748,,cycles,802066730,100.00,,
13.235372374,16405,,rD044,802043600,100.00,,
13.235372374,72949998,,rFF44,802035040,100.00,,
13.235372374,11324010981,,instructions,802030210,100.00,3.77,insn per cycle
13.235372374,3007568239,,cycles,802030170,100.00,,
13.335634426,16541,,rD044,802087260,100.00,,
13.335634426,74798547,,rFF44,802086350,100.00,,
13.335634426,11533021623,,instructions,802090430,100.00,3.83,insn per cycle
13.335634426,3007809239,,cycles,802086450,100.00,,
13.435925429,17231,,rD044,802296570,100.00,,
13.435925429,72587660,,rFF44,802311740,100.00,,
13.435925429,11284809195,,instructions,802315540,100.00,3.75,insn per cycle
13.435925429,3008638383,,cycles,802322710,100.00,,
13.536193051,16153,,rD044,802038469,100.00,,
13.536193051,75273764,,rFF44,802027899,100.00,,
13.536193051,11599837118,,instructions,802028629,100.00,3.86,insn per cycle
13.536193051,3007464624,,cycles,802028369,100.00,,
13.636460584,648422,,rD044,802075190,100.00,,
13.636460584,74451479,,rFF44,802071200,100.00,,
13.636460584,11134273172,,instructions,802070160,100.00,3.70,insn per cycle
13.636460584,3007670830,,cycles,802070911,100.00,,
13.736724816,231948,,rD044,802114960,100.00,,
13.736724816,76181739,,rFF44,802122810,100.00,,
13.736724816,11588074624,,instructions,802129720,100.00,3.85,insn per cycle
13.736724816,3008016113,,cycles,802141567,100.00,,
13.837003508,14085,,rD044,802211160,100.00,,
13.837003508,65554106,,rFF44,802209700,100.00,,
13.837003508,10400766740,,instructions,802208558,100.00,3.46,insn per cycle
13.837003508,3008253640,,cycles,802204960,100.00,,
13.937269611,15233,,rD044,802129150,100.00,,
13.937269611,75088071,,rFF44,802133107,100.00,,
13.937269611,11564727648,,instructions,802121140,100.00,3.84,insn per cycle
13.937269611,3007901902,,cycles,802111290,100.00,,
14.037531103,13941,,rD044,802068450,100.00,,
14.037531103,71540913,,rFF44,802055531,100.00,,
14.037531103,11138511459,,instructions,802058240,100.00,3.70,insn per cycle
14.037531103,3007728489,,cycles,802064890,100.00,,
14.137793415,15987,,rD044,802097463,100.00,,
14.137793415,75257476,,rFF44,802170830,100.00,,
14.137793415,11587170052,,instructions,802195250,100.00,3.85,insn per cycle
14.137793415,3008214940,,cycles,802194140,100.00,,
14.238067298,14101,,rD044,802160855,100.00,,
14.238067298,72191651,,rFF44,802096250,100.00,,
14.238067298,11205925293,,instructions,802075890,100.00,3.73,insn per cycle
14.238067298,3007739847,,cycles,802075140,100.00,,
14.338330090,16007,,rD044,802093160,100.00,,
14.338330090,75405357,,rFF44,802087480,100.00,,
14.338330090,11624422918,,instructions,802084740,100.00,3.86,insn per cycle
14.338330090,3007832092,,cycles,802092470,100.00,,
14.438595242,13642,,rD044,802099480,100.00,,
14.438595242,72465851,,rFF44,802086830,100.00,,
14.438595242,11259231941,,instructions,802077610,100.00,3.74,insn per cycle
14.438595242,3007711416,,cycles,802060050,100.00,,
14.538853394,285436,,rD044,802036140,100.00,,
14.538853394,73166052,,rFF44,802042790,100.00,,
14.538853394,11175858707,,instructions,802054160,100.00,3.72,insn per cycle
14.538853394,3007698489,,cycles,802062690,100.00,,
14.639117366,1025113,,rD044,802106990,100.00,,
14.639117366,78638081,,rFF44,802116350,100.00,,
14.639117366,11438484122,,instructions,802123630,100.00,3.80,insn per cycle
14.639117366,3007986273,,cycles,802133750,100.00,,
14.739382539,708533,,rD044,802119430,100.00,,
14.739382539,68362720,,rFF44,802121830,100.00,,
14.739382539,10341254326,,instructions,802121220,100.00,3.44,insn per cycle
14.739382539,3007915936,,cycles,802115030,100.00,,
14.839648461,10614,,rD044,802113810,100.00,,
14.839648461,75378308,,rFF44,802117930,100.00,,
14.839648461,11617720022,,instructions,802111500,100.00,3.86,insn per cycle
14.839648461,3007853091,,cycles,802097800,100.00,,
14.939915343,12276,,rD044,802135000,100.00,,
14.939915343,71743680,,rFF44,802125750,100.00,,
14.939915343,11168939967,,instructions,802130410,100.00,3.71,insn per cycle
14.939915343,3007991604,,cycles,802135190,100.00,,
15.040182766,10587,,rD044,802118480,100.00,,
15.040182766,75306514,,rFF44,802121420,100.00,,
15.040182766,11612778102,,instructions,802113830,100.00,3.86,insn per cycle
15.040182766,3007918706,,cycles,802115270,100.00,,
15.140446198,12596,,rD044,802102870,100.00,,
15.140446198,73495901,,rFF44,802107470,100.00,,
15.140446198,11391431308,,instructions,802105010,100.00,3.79,insn per cycle
15.140446198,3007843397,,cycles,802098180,100.00,,
15.240737140,11257,,rD044,802304470,100.00,,
15.240737140,75288763,,rFF44,802301770,100.00,,
15.240737140,11615727952,,instructions,802318404,100.00,3.86,insn per cycle
15.240737140,3008724033,,cycles,802330468,100.00,,
15.341018583,12271,,rD044,802209120,100.00,,
15.341018583,72197569,,rFF44,802209497,100.00,,
15.341018583,11225139122,,instructions,802203204,100.00,3.73,insn per cycle
15.341018583,3008234840,,cycles,802207510,100.00,,
15.441288175,11704,,rD044,802145763,100.00,,
15.441288175,75170596,,rFF44,802133241,100.00,,
15.441288175,11593387783,,instructions,802115910,100.00,3.85,insn per cycle
15.441288175,3007878501,,cycles,802104740,100.00,,
15.541548567,263030,,rD044,802055042,100.00,,
15.541548567,73453890,,rFF44,802058670,100.00,,
15.541548567,11214563008,,instructions,802067710,100.00,3.73,insn per cycle
15.541548567,3007704959,,cycles,802068360,100.00,,
15.641812460,997674,,rD044,802112603,100.00,,
15.641812460,78330130,,rFF44,802132450,100.00,,
15.641812460,11406404960,,instructions,802131560,100.00,3.79,insn per cycle
15.641812460,3008008614,,cycles,802138740,100.00,,
15.742080562,733003,,rD044,802112050,100.00,,
15.742080562,69756526,,rFF44,802096030,100.00,,
15.742080562,10506293386,,instructions,802098750,100.00,3.49,insn per cycle
15.742080562,3007830378,,cycles,802096920,100.00,,
15.842346124,9210,,rD044,802112000,100.00,,
15.842346124,75028316,,rFF44,802114250,100.00,,
15.842346124,11566428463,,instructions,802116130,100.00,3.85,insn per cycle
15.842346124,3007940393,,cycles,802121720,100.00,,
15.942612076,8602,,rD044,802114140,100.00,,
15.942612076,70495331,,rFF44,802109010,100.00,,
15.942612076,10993787147,,instructions,802115710,100.00,3.65,insn per cycle
15.942612076,3007884946,,cycles,802110450,100.00,,
16.042879109,9004,,rD044,802138410,100.00,,
16.042879109,75421633,,rFF44,802136290,100.00,,
16.042879109,11621335570,,instructions,802115910,100.00,3.86,insn per cycle
16.042879109,3007915794,,cycles,802114730,100.00,,
16.143151491,8301,,rD044,802162880,100.00,,
16.143151491,72555213,,rFF44,802177460,100.00,,
16.143151491,11258336339,,instructions,802192470,100.00,3.74,insn per cycle
16.143151491,3008220797,,cycles,802196220,100.00,,
16.243421343,9319,,rD044,802136810,100.00,,
16.243421343,75365873,,rFF44,802128170,100.00,,
16.243421343,11607109329,,instructions,802120090,100.00,3.86,insn per cycle
16.243421343,3007888996,,cycles,802115200,100.00,,
16.343687376,8300,,rD044,802115460,100.00,,
16.343687376,72649430,,rFF44,802118640,100.00,,
16.343687376,11274047563,,instructions,802118330,100.00,3.75,insn per cycle
16.343687376,3007924701,,cycles,802117060,100.00,,
16.443963508,9586,,rD044,802191970,100.00,,
16.443963508,75203375,,rFF44,802195430,100.00,,
16.443963508,11581279996,,instructions,802200440,100.00,3.85,insn per cycle
16.443963508,3008244337,,cycles,802202505,100.00,,
16.544227810,213103,,rD044,802088140,100.00,,
16.544227810,74187506,,rFF44,802088430,100.00,,
16.544227810,11360321574,,instructions,802083720,100.00,3.78,insn per cycle
16.544227810,3007727113,,cycles,802070013,100.00,,
16.644491653,989050,,rD044,802090310,100.00,,
16.644491653,77309364,,rFF44,802085280,100.00,,
16.644491653,11289035034,,instructions,802090995,100.00,3.75,insn per cycle
16.644491653,3007884232,,cycles,802106620,100.00,,
16.744756055,795980,,rD044,802118490,100.00,,
16.744756055,71078309,,rFF44,802123893,100.00,,
16.744756055,10633792314,,instructions,802119813,100.00,3.53,insn per cycle
16.744756055,3008320799,,cycles,802222460,100.00,,
16.845034027,6623,,rD044,802216592,100.00,,
16.845034027,72721323,,rFF44,802209965,100.00,,
16.845034027,11288165837,,instructions,802212140,100.00,3.75,insn per cycle
16.845034027,3007882071,,cycles,802106240,100.00,,
16.945297240,4709,,rD044,802098463,100.00,,
16.945297240,71481319,,rFF44,802098450,100.00,,
16.945297240,11121543921,,instructions,802097900,100.00,3.70,insn per cycle
16.945297240,3007835030,,cycles,802095830,100.00,,
17.045561896,6954,,rD044,802115183,100.00,,
17.045561896,72645458,,rFF44,802126280,100.00,,
17.045561896,11271980854,,instructions,802122230,100.00,3.75,insn per cycle
17.045561896,3007942666,,cycles,802121780,100.00,,
17.145855237,4562,,rD044,802323380,100.00,,
17.145855237,75917501,,rFF44,802315400,100.00,,
17.145855237,11702024465,,instructions,802324160,100.00,3.89,insn per cycle
17.145855237,3008688444,,cycles,802321260,100.00,,
17.246118477,6479,,rD044,802085800,100.00,,
17.246118477,74808081,,rFF44,802077720,100.00,,
17.246118477,11551743692,,instructions,802080680,100.00,3.84,insn per cycle
17.246118477,3007776555,,cycles,802085720,100.00,,
17.346382327,5395,,rD044,802095780,100.00,,
17.346382327,75657083,,rFF44,802092750,100.00,,
17.346382327,11670318072,,instructions,802080590,100.00,3.88,insn per cycle
17.346382327,3007816301,,cycles,802088150,100.00,,
17.446638507,6511,,rD044,802055290,100.00,,
17.446638507,73782922,,rFF44,802070500,100.00,,
17.446638507,11422185981,,instructions,802069590,100.00,3.80,insn per cycle
17.446638507,3007672028,,cycles,802057470,100.00,,
17.546904348,223752,,rD044,802034930,100.00,,
17.546904348,75881166,,rFF44,802029590,100.00,,
17.546904348,11556620270,,instructions,802035410,100.00,3.84,insn per cycle
17.546904348,3007582965,,cycles,802055140,100.00,,
17.647183438,641894,,rD044,802044340,100.00,,
17.647183438,69876487,,rFF44,802058400,100.00,,
17.647183438,10562696778,,instructions,802058620,100.00,3.51,insn per cycle
17.647183438,3007383696,,cycles,802041740,100.00,,
17.747455848,506638,,rD044,802148600,100.00,,
17.747455848,76834306,,rFF44,802143540,100.00,,
17.747455848,11516649769,,instructions,802140280,100.00,3.83,insn per cycle
17.747455848,3007996187,,cycles,802136266,100.00,,
17.847721149,4453,,rD044,802140360,100.00,,
17.847721149,68906013,,rFF44,802146720,100.00,,
17.847721149,10817661380,,instructions,802149035,100.00,3.60,insn per cycle
17.847721149,3008109830,,cycles,802168032,100.00,,
17.948026119,3377,,rD044,802420994,100.00,,
17.948026119,74729023,,rFF44,802412568,100.00,,
17.948026119,11522928125,,instructions,802413883,100.00,3.83,insn per cycle
17.948026119,3008970314,,cycles,802395840,100.00,,
18.048292420,4032,,rD044,802134154,100.00,,
18.048292420,72012180,,rFF44,802125560,100.00,,
18.048292420,11198163716,,instructions,802123230,100.00,3.72,insn per cycle
18.048292420,3007963661,,cycles,802127630,100.00,,
18.148560390,3192,,rD044,802132400,100.00,,
18.148560390,75363400,,rFF44,802138600,100.00,,
18.148560390,11616095586,,instructions,802145100,100.00,3.86,insn per cycle
18.148560390,3008045933,,cycles,802149060,100.00,,
18.248828330,3895,,rD044,802208030,100.00,,
18.248828330,74105848,,rFF44,802232710,100.00,,
18.248828330,11461133087,,instructions,802223360,100.00,3.81,insn per cycle
18.248828330,3008359029,,cycles,802233130,100.00,,
18.349110121,3139,,rD044,802132689,100.00,,
18.349110121,75287185,,rFF44,802109459,100.00,,
18.349110121,11595464039,,instructions,802118999,100.00,3.86,insn per cycle
18.349110121,3007869687,,cycles,802110329,100.00,,
18.449377691,3763,,rD044,802148810,100.00,,
18.449377691,73013323,,rFF44,802157400,100.00,,
18.449377691,11321607818,,instructions,802147240,100.00,3.76,insn per cycle
18.449377691,3008004214,,cycles,802141460,100.00,,
18.549649721,3356,,rD044,802149700,100.00,,
18.549649721,75200127,,rFF44,802136930,100.00,,
18.549649721,11578832020,,instructions,802139460,100.00,3.85,insn per cycle
18.549649721,3007979738,,cycles,802137200,100.00,,
18.649919582,3823,,rD044,802151180,100.00,,
18.649919582,72861658,,rFF44,802145130,100.00,,
18.649919582,11305431044,,instructions,802151920,100.00,3.76,insn per cycle
18.649919582,3008077034,,cycles,802157730,100.00,,
18.750187072,3356,,rD044,802124400,100.00,,
18.750187072,74808234,,rFF44,802128880,100.00,,
18.750187072,11530038991,,instructions,802121200,100.00,3.83,insn per cycle
18.750187072,3007903391,,cycles,802111745,100.00,,
18.850449782,3999,,rD044,802109170,100.00,,
18.850449782,74556243,,rFF44,802111350,100.00,,
18.850449782,11523962634,,instructions,802113813,100.00,3.83,insn per cycle
18.850449782,3007953233,,cycles,802125373,100.00,,
18.950715872,3888,,rD044,802121680,100.00,,
18.950715872,72784168,,rFF44,802133140,100.00,,
18.950715872,11290534542,,instructions,802142605,100.00,3.75,insn per cycle
18.950715872,3008008383,,cycles,802143230,100.00,,
19.051026833,3256,,rD044,802476438,100.00,,
19.051026833,75036359,,rFF44,802469598,100.00,,
19.051026833,11566553222,,instructions,802453790,100.00,3.84,insn per cycle
19.051026833,3009126718,,cycles,802438060,100.00,,
19.151286693,3799,,rD044,802089900,100.00,,
19.151286693,72984228,,rFF44,802089310,100.00,,
19.151286693,11316835577,,instructions,802096420,100.00,3.76,insn per cycle
19.151286693,3007897414,,cycles,802109900,100.00,,
19.251558794,3355,,rD044,802131450,100.00,,
19.251558794,75327264,,rFF44,802130990,100.00,,
19.251558794,11619162177,,instructions,802121010,100.00,3.86,insn per cycle
19.251558794,3007824474,,cycles,802104710,100.00,,
19.351820854,3863,,rD044,802137960,100.00,,
19.351820854,73644723,,rFF44,802156910,100.00,,
19.351820854,11413852795,,instructions,802160860,100.00,3.79,insn per cycle
19.351820854,3008139765,,cycles,802174450,100.00,,
19.452097214,3254,,rD044,802155430,100.00,,
19.452097214,75405271,,rFF44,802129860,100.00,,
19.452097214,11632657551,,instructions,802132720,100.00,3.87,insn per cycle
19.452097214,3007998116,,cycles,802139170,100.00,,
19.552365575,3820,,rD044,802110960,100.00,,
19.552365575,73085930,,rFF44,802108820,100.00,,
19.552365575,11343940722,,instructions,802116720,100.00,3.77,insn per cycle
19.552365575,3007894054,,cycles,802115100,100.00,,
19.652631415,3141,,rD044,802139380,100.00,,
19.652631415,75475976,,rFF44,802143170,100.00,,
19.652631415,11638324573,,instructions,802142810,100.00,3.87,insn per cycle
19.652631415,3007977783,,cycles,802130910,100.00,,
19.752898255,5891,,rD044,802118390,100.00,,
19.752898255,74061983,,rFF44,802125220,100.00,,
19.752898255,11457658980,,instructions,802112320,100.00,3.81,insn per cycle
19.752898255,3007908886,,cycles,802113190,100.00,,
19.853163875,3306,,rD044,802132000,100.00,,
19.853163875,75502193,,rFF44,802135610,100.00,,
19.853163875,11632685119,,instructions,802144570,100.00,3.87,insn per cycle
19.853163875,3008049560,,cycles,802149975,100.00,,
19.953432166,3810,,rD044,802140100,100.00,,
19.953432166,73613685,,rFF44,802142520,100.00,,
19.953432166,11392532840,,instructions,802143894,100.00,3.79,insn per cycle
19.953432166,3008010910,,cycles,802140263,100.00,,
20.053702186,3313,,rD044,802152300,100.00,,
20.053702186,75301299,,rFF44,802143932,100.00,,
20.053702186,11595106627,,instructions,802153224,100.00,3.85,insn per cycle
20.053702186,3008066423,,cycles,802155210,100.00,,
20.153983216,3810,,rD044,802240933,100.00,,
20.153983216,73157691,,rFF44,802247396,100.00,,
20.153983216,11337637345,,instructions,802238710,100.00,3.77,insn per cycle
20.153983216,3008389967,,cycles,802241240,100.00,,
20.254254167,3401,,rD044,802133124,100.00,,
20.254254167,75189484,,rFF44,802113550,100.00,,
20.254254167,11580399276,,instructions,802115740,100.00,3.85,insn per cycle
20.254254167,3007882286,,cycles,802113880,100.00,,
20.354522767,3916,,rD044,802030901,100.00,,
20.354522767,72425435,,rFF44,802045170,100.00,,
20.354522767,11252478029,,instructions,802040620,100.00,3.74,insn per cycle
20.354522767,3007471026,,cycles,802044230,100.00,,
20.454787317,3532,,rD044,802089849,100.00,,
20.454787317,72410330,,rFF44,802166069,100.00,,
20.454787317,11245047691,,instructions,802303899,100.00,3.74,insn per cycle
20.454787317,3008652848,,cycles,802316979,100.00,,
20.555084268,3587,,rD044,802356360,100.00,,
20.555084268,74778443,,rFF44,802272800,100.00,,
20.555084268,11541147860,,instructions,802146180,100.00,3.84,insn per cycle
20.555084268,3007974320,,cycles,802135350,100.00,,
20.655352138,3853,,rD044,802149390,100.00,,
20.655352138,73854641,,rFF44,802160950,100.00,,
20.655352138,11441055341,,instructions,802151780,100.00,3.80,insn per cycle
20.655352138,3008059138,,cycles,802153190,100.00,,
20.755623909,3402,,rD044,802157280,100.00,,
20.755623909,75216636,,rFF44,802146640,100.00,,
20.755623909,11598413288,,instructions,802142650,100.00,3.86,insn per cycle
20.755623909,3008038093,,cycles,802147500,100.00,,
20.855916259,3895,,rD044,802325640,100.00,,
20.855916259,74030282,,rFF44,802334200,100.00,,
20.855916259,11458788823,,instructions,802339776,100.00,3.81,insn per cycle
20.855916259,3008703158,,cycles,802330878,100.00,,
20.956182899,3276,,rD044,802129420,100.00,,
20.956182899,75136476,,rFF44,802115332,100.00,,
20.956182899,11591625795,,instructions,802112072,100.00,3.85,insn per cycle
20.956182899,3007887948,,cycles,802107180,100.00,,
21.056449210,3777,,rD044,802127530,100.00,,
21.056449210,74162942,,rFF44,802132046,100.00,,
21.056449210,11467525912,,instructions,802131240,100.00,3.81,insn per cycle
21.056449210,3007994472,,cycles,802135770,100.00,,
21.156714790,3092,,rD044,802117253,100.00,,
21.156714790,75440627,,rFF44,802123270,100.00,,
21.156714790,11635795733,,instructions,802123630,100.00,3.87,insn per cycle
21.156714790,3007889726,,cycles,802107900,100.00,,
21.257003001,4060,,rD044,802205855,100.00,,
21.257003001,73935769,,rFF44,802210000,100.00,,
21.257003001,11446953801,,instructions,802207860,100.00,3.81,insn per cycle
21.257003001,3008229565,,cycles,802229580,100.00,,
21.357273051,3293,,rD044,802155030,100.00,,
21.357273051,74985307,,rFF44,802147680,100.00,,
21.357273051,11557684262,,instructions,802146960,100.00,3.84,insn per cycle
21.357273051,3007966053,,cycles,802128040,100.00,,
21.457530191,4563,,rD044,802045030,100.00,,
21.457530191,73932936,,rFF44,802055590,100.00,,
21.457530191,11441587073,,instructions,802059050,100.00,3.80,insn per cycle
21.457530191,3007711400,,cycles,802071290,100.00,,
21.557802451,3712,,rD044,802079080,100.00,,
21.557802451,75407896,,rFF44,802134670,100.00,,
21.557802451,11612724539,,instructions,802134580,100.00,3.86,insn per cycle
21.557802451,3007886295,,cycles,802139930,100.00,,
21.658081542,4247,,rD044,802190649,100.00,,
21.658081542,74130507,,rFF44,802148889,100.00,,
21.658081542,11459238288,,instructions,802154509,100.00,3.81,insn per cycle
21.658081542,3007934388,,cycles,802142949,100.00,,
21.758357052,3753,,rD044,802171670,100.00,,
21.758357052,75041016,,rFF44,802145150,100.00,,
21.758357052,11555100116,,instructions,802144300,100.00,3.84,insn per cycle
21.758357052,3008060285,,cycles,802153200,100.00,,
21.858622452,4098,,rD044,802122680,100.00,,
21.858622452,72120030,,rFF44,802132120,100.00,,
21.858622452,11208738225,,instructions,802125770,100.00,3.73,insn per cycle
21.858622452,3007954996,,cycles,802125693,100.00,,
21.958888433,3405,,rD044,802128830,100.00,,
21.958888433,75395196,,rFF44,802125010,100.00,,
21.958888433,11621019298,,instructions,802126040,100.00,3.86,insn per cycle
21.958888433,3007910971,,cycles,802113065,100.00,,
22.059154443,3835,,rD044,802125420,100.00,,
22.059154443,73721433,,rFF44,802119030,100.00,,
22.059154443,11413688464,,instructions,802116716,100.00,3.79,insn per cycle
22.059154443,3007924968,,cycles,802117530,100.00,,
22.159418203,3821,,rD044,802125990,100.00,,
22.159418203,73464302,,rFF44,802139025,100.00,,
22.159418203,11378610886,,instructions,802142312,100.00,3.78,insn per cycle
22.159418203,3008037358,,cycles,802147250,100.00,,
22.259690224,3446,,rD044,802107551,100.00,,
22.259690224,75133793,,rFF44,802099393,100.00,,
22.259690224,11582629829,,instructions,802094390,100.00,3.85,insn per cycle
22.259690224,3007801514,,cycles,802099670,100.00,,
22.359977924,3819,,rD044,802283667,100.00,,
22.359977924,74208694,,rFF44,802296290,100.00,,
22.359977924,11475353855,,instructions,802303650,100.00,3.81,insn per cycle
22.359977924,3008581194,,cycles,802299490,100.00,,
22.460247444,3193,,rD044,802136190,100.00,,
22.460247444,75472055,,rFF44,802127170,100.00,,
22.460247444,11642618855,,instructions,802121920,100.00,3.87,insn per cycle
22.460247444,3007934091,,cycles,802119490,100.00,,
22.560512295,4035,,rD044,802094439,100.00,,
22.560512295,73753541,,rFF44,802081939,100.00,,
22.560512295,11427962570,,instructions,802078449,100.00,3.80,insn per cycle
22.560512295,3007782837,,cycles,802084979,100.00,,
22.660778655,3063,,rD044,802147590,100.00,,
22.660778655,74909871,,rFF44,802178250,100.00,,
22.660778655,11556272712,,instructions,802262650,100.00,3.84,insn per cycle
22.660778655,3008474735,,cycles,802263730,100.00,,
22.761084446,3966,,rD044,802402430,100.00,,
22.761084446,74217113,,rFF44,802371920,100.00,,
22.761084446,11477320250,,instructions,802289230,100.00,3.81,insn per cycle
22.761084446,3008529792,,cycles,802286200,100.00,,
22.861350656,3180,,rD044,802136060,100.00,,
22.861350656,75255211,,rFF44,802146400,100.00,,
22.861350656,11601934493,,instructions,802150800,100.00,3.86,insn per cycle
22.861350656,3008068693,,cycles,802155053,100.00,,
22.961618866,4264,,rD044,802146580,100.00,,
22.961618866,73758550,,rFF44,802149320,100.00,,
22.961618866,11415631756,,instructions,802147731,100.00,3.80,insn per cycle
22.961618866,3008023488,,cycles,802145535,100.00,,
23.061907537,3703,,rD044,802282710,100.00,,
23.061907537,75341332,,rFF44,802275127,100.00,,
23.061907537,11606971749,,instructions,802279227,100.00,3.86,insn per cycle
23.061907537,3008506936,,cycles,802272550,100.00,,
23.162172857,4195,,rD044,802140203,100.00,,
23.162172857,73295096,,rFF44,802147771,100.00,,
23.162172857,11370634741,,instructions,802145460,100.00,3.78,insn per cycle
23.162172857,3008078430,,cycles,802158200,100.00,,
23.262445627,3489,,rD044,802099135,100.00,,
23.262445627,75701773,,rFF44,802095560,100.00,,
23.262445627,11655375451,,instructions,802091490,100.00,3.88,insn per cycle
23.262445627,3007730436,,cycles,802081350,100.00,,
23.362715947,3742,,rD044,802125640,100.00,,
23.362715947,74093354,,rFF44,802125830,100.00,,
23.362715947,11455230008,,instructions,802127600,100.00,3.81,insn per cycle
23.362715947,3007921567,,cycles,802126960,100.00,,
23.462994438,3432,,rD044,802228870,100.00,,
23.462994438,75316125,,rFF44,802243210,100.00,,
23.462994438,11606262872,,instructions,802247530,100.00,3.86,insn per cycle
23.462994438,3008428371,,cycles,802251230,100.00,,
23.563263878,3882,,rD044,802135510,100.00,,
23.563263878,73569186,,rFF44,802122970,100.00,,
23.563263878,11396625575,,instructions,802118720,100.00,3.79,insn per cycle
23.563263878,3007893176,,cycles,802114510,100.00,,
23.663529708,3783,,rD044,802099449,100.00,,
23.663529708,71735988,,rFF44,802100429,100.00,,
23.663529708,11148132725,,instructions,802105589,100.00,3.71,insn per cycle
23.663529708,3007850581,,cycles,802105659,100.00,,
23.763799329,3269,,rD044,802141420,100.00,,
23.763799329,75597718,,rFF44,802184610,100.00,,
23.763799329,11652234797,,instructions,802180700,100.00,3.87,insn per cycle
23.763799329,3008178813,,cycles,802185110,100.00,,
23.864068809,3953,,rD044,802157770,100.00,,
23.864068809,73688731,,rFF44,802118040,100.00,,
23.864068809,11421951209,,instructions,802121080,100.00,3.80,insn per cycle
23.864068809,3007928506,,cycles,802122130,100.00,,
23.964338579,3029,,rD044,802133310,100.00,,
23.964338579,75410704,,rFF44,802115810,100.00,,
23.964338579,11632130031,,instructions,802111560,100.00,3.87,insn per cycle
23.964338579,3007885571,,cycles,802112034,100.00,,
24.064599830,3943,,rD044,802096710,100.00,,
24.064599830,73812994,,rFF44,802101430,100.00,,
24.064599830,11422725384,,instructions,802097660,100.00,3.80,insn per cycle
24.064599830,3007854917,,cycles,802098304,100.00,,
24.164867970,3178,,rD044,802114110,100.00,,
24.164867970,75332530,,rFF44,802112010,100.00,,
24.164867970,11622006024,,instructions,802112245,100.00,3.86,insn per cycle
24.164867970,3007877388,,cycles,802108680,100.00,,
24.265132030,3886,,rD044,802105890,100.00,,
24.265132030,72951306,,rFF44,802115454,100.00,,
24.265132030,11321126446,,instructions,802121533,100.00,3.76,insn per cycle
24.265132030,3007913493,,cycles,802122510,100.00,,
24.365400920,3628,,rD044,802094410,100.00,,
24.365400920,75322070,,rFF44,802077244,100.00,,
24.365400920,11615932264,,instructions,802082910,100.00,3.86,insn per cycle
24.365400920,3007724680,,cycles,802079200,100.00,,
24.465665811,4189,,rD044,802125654,100.00,,
24.465665811,74178536,,rFF44,802148200,100.00,,
24.465665811,11462572806,,instructions,802143820,100.00,3.81,insn per cycle
24.465665811,3007994842,,cycles,802135420,100.00,,
24.565935491,3435,,rD044,802144994,100.00,,
24.565935491,75423975,,rFF44,802151600,100.00,,
24.565935491,11621518292,,instructions,802155540,100.00,3.86,insn per cycle
24.565935491,3008088459,,cycles,802166660,100.00,,
24.666215431,3868,,rD044,802218190,100.00,,
24.666215431,73722137,,rFF44,802216370,100.00,,
24.666215431,11407258182,,instructions,802200480,100.00,3.79,insn per cycle
24.666215431,3008207817,,cycles,802200600,100.00,,
24.766487922,3259,,rD044,802175520,100.00,,
24.766487922,75166568,,rFF44,802171940,100.00,,
24.766487922,11576113036,,instructions,802185610,100.00,3.85,insn per cycle
24.766487922,3008173211,,cycles,802183740,100.00,,
24.866760592,3772,,rD044,802164190,100.00,,
24.866760592,73468440,,rFF44,802152610,100.00,,
24.866760592,11382240113,,instructions,802156640,100.00,3.78,insn per cycle
24.866760592,3008404739,,cycles,802244830,100.00,,
24.967040103,3238,,rD044,802240600,100.00,,
24.967040103,75602168,,rFF44,802248800,100.00,,
24.967040103,11642533983,,instructions,802239320,100.00,3.87,insn per cycle
24.967040103,3008056550,,cycles,802152380,100.00,,
25.067307663,3859,,rD044,802132870,100.00,,
25.067307663,73187873,,rFF44,802139450,100.00,,
25.067307663,11348505329,,instructions,802138460,100.00,3.77,insn per cycle
25.067307663,3007994175,,cycles,802135870,100.00,,
25.167574983,3777,,rD044,802144580,100.00,,
25.167574983,74667414,,rFF44,802143150,100.00,,
25.167574983,11533028564,,instructions,802143310,100.00,3.83,insn per cycle
25.167574983,3008038988,,cycles,802150667,100.00,,
25.267846834,3267,,rD044,802118170,100.00,,
25.267846834,75479544,,rFF44,802111510,100.00,,
25.267846834,11633074751,,instructions,802112136,100.00,3.87,insn per cycle
25.267846834,3007822175,,cycles,802105481,100.00,,
25.368114604,4306,,rD044,802116430,100.00,,
25.368114604,74022310,,rFF44,802135775,100.00,,
25.368114604,11461261110,,instructions,802133352,100.00,3.81,insn per cycle
25.368114604,3007959279,,cycles,802134300,100.00,,
25.468384154,3574,,rD044,802131341,100.00,,
25.468384154,75501580,,rFF44,802106703,100.00,,
25.468384154,11644961590,,instructions,802104870,100.00,3.87,insn per cycle
25.468384154,3007836123,,cycles,802101150,100.00,,
25.568645764,4516,,rD044,802020362,100.00,,
25.568645764,72117026,,rFF44,802032350,100.00,,
25.568645764,11211080017,,instructions,802032110,100.00,3.73,insn per cycle
25.568645764,3007521234,,cycles,802036900,100.00,,
25.668917785,3532,,rD044,802119775,100.00,,
25.668917785,75206627,,rFF44,802110570,100.00,,
25.668917785,11601926684,,instructions,802113290,100.00,3.86,insn per cycle
25.668917785,3007843690,,cycles,802119070,100.00,,
25.769185665,4552,,rD044,802127020,100.00,,
25.769185665,73692797,,rFF44,802139190,100.00,,
25.769185665,11407434087,,instructions,802145310,100.00,3.79,insn per cycle
25.769185665,3007985612,,cycles,802140870,100.00,,
25.869461265,3321,,rD044,802184440,100.00,,
25.869461265,74945950,,rFF44,802170410,100.00,,
25.869461265,11555383729,,instructions,802159730,100.00,3.84,insn per cycle
25.869461265,3008075398,,cycles,802157670,100.00,,
25.969728636,3928,,rD044,802133310,100.00,,
25.969728636,72167912,,rFF44,802137880,100.00,,
25.969728636,11219127979,,instructions,802139560,100.00,3.73,insn per cycle
25.969728636,3007995254,,cycles,802141630,100.00,,
26.070004156,3242,,rD044,802179540,100.00,,
26.070004156,75525481,,rFF44,802180760,100.00,,
26.070004156,11642681416,,instructions,802190170,100.00,3.87,insn per cycle
26.070004156,3008176071,,cycles,802183840,100.00,,
26.170274396,4046,,rD044,802182530,100.00,,
26.170274396,73000448,,rFF44,802181840,100.00,,
26.170274396,11323744346,,instructions,802177940,100.00,3.76,insn per cycle
26.170274396,3008227854,,cycles,802197960,100.00,,
26.270549207,3325,,rD044,802155220,100.00,,
26.270549207,75432525,,rFF44,802159370,100.00,,
26.270549207,11619806840,,instructions,802161770,100.00,3.86,insn per cycle
26.270549207,3007992398,,cycles,802150974,100.00,,
26.370829137,3926,,rD044,802241169,100.00,,
26.370829137,74617529,,rFF44,802217359,100.00,,
26.370829137,11527034904,,instructions,802204395,100.00,3.83,insn per cycle
26.370829137,3008224388,,cycles,802204853,100.00,,
26.471127688,3131,,rD044,802337374,100.00,,
26.471127688,75136876,,rFF44,802351988,100.00,,
26.471127688,11569053618,,instructions,802365232,100.00,3.85,insn per cycle
26.471127688,3008817167,,cycles,802355220,100.00,,
26.571389518,3509,,rD044,802061151,100.00,,
26.571389518,73347476,,rFF44,802058249,100.00,,
26.571389518,11366204621,,instructions,802055779,100.00,3.78,insn per cycle
26.571389518,3007704748,,cycles,802064269,100.00,,
26.671650108,3171,,rD044,802080322,100.00,,
26.671650108,75216425,,rFF44,802074060,100.00,,
26.671650108,11597893634,,instructions,802069320,100.00,3.86,insn per cycle
26.671650108,3007692968,,cycles,802066620,100.00,,
26.771915419,3404,,rD044,802107620,100.00,,
26.771915419,74351008,,rFF44,802113260,100.00,,
26.771915419,11491213148,,instructions,802116430,100.00,3.82,insn per cycle
26.771915419,3007928892,,cycles,802118190,100.00,,
26.872177919,3830,,rD044,802096750,100.00,,
26.872177919,74275163,,rFF44,802097280,100.00,,
26.872177919,11488778879,,instructions,802105360,100.00,3.82,insn per cycle
26.872177919,3007881001,,cycles,802105570,100.00,,
26.972445909,3115,,rD044,802131760,100.00,,
26.972445909,74949377,,rFF44,802123520,100.00,,
26.972445909,11557346759,,instructions,802113090,100.00,3.84,insn per cycle
26.972445909,3007891868,,cycles,802108360,100.00,,
27.072696009,4462,,rD044,802003790,100.00,,
27.072696009,72087992,,rFF44,802026500,100.00,,
27.072696009,11211090966,,instructions,802024650,100.00,3.73,insn per cycle
27.072696009,3007586152,,cycles,802026660,100.00,,
27.172971899,3665,,rD044,802197610,100.00,,
27.172971899,75125516,,rFF44,802172940,100.00,,
27.172971899,11586834260,,instructions,802176330,100.00,3.85,insn per cycle
27.172971899,3008153096,,cycles,802178340,100.00,,
27.273234630,3951,,rD044,802082060,100.00,,
27.273234630,71494080,,rFF44,802096530,100.00,,
27.273234630,11129718814,,instructions,802103390,100.00,3.70,insn per cycle
27.273234630,3007841790,,cycles,802105930,100.00,,
27.373504340,3524,,rD044,802114620,100.00,,
27.373504340,75213195,,rFF44,802112190,100.00,,
27.373504340,11603692561,,instructions,802108800,100.00,3.86,insn per cycle
27.373504340,3007782876,,cycles,802095460,100.00,,
27.473769350,3673,,rD044,802115470,100.00,,
27.473769350,73461578,,rFF44,802126460,100.00,,
27.473769350,11389146966,,instructions,802218930,100.00,3.79,insn per cycle
27.473769350,3008715153,,cycles,802328277,100.00,,
27.574061691,3221,,rD044,802305790,100.00,,
27.574061691,75520829,,rFF44,802293020,100.00,,
27.574061691,11645567112,,instructions,802192983,100.00,3.87,insn per cycle
27.574061691,3007826244,,cycles,802096371,100.00,,
27.674323011,3895,,rD044,802087520,100.00,,
27.674323011,73915844,,rFF44,802101190,100.00,,
27.674323011,11431680202,,instructions,802116145,100.00,3.80,insn per cycle
27.674323011,3007898193,,cycles,802117470,100.00,,
27.774595651,3060,,rD044,802163680,100.00,,
27.774595651,75357642,,rFF44,802158848,100.00,,
27.774595651,11613188913,,instructions,802146120,100.00,3.86,insn per cycle
27.774595651,3007987700,,cycles,802136980,100.00,,
27.874862022,3890,,rD044,802117523,100.00,,
27.874862022,73176912,,rFF44,802096380,100.00,,
27.874862022,11333037018,,instructions,802095610,100.00,3.77,insn per cycle
27.874862022,3007837334,,cycles,802093690,100.00,,
27.975124272,3108,,rD044,802092512,100.00,,
27.975124272,75323000,,rFF44,802095580,100.00,,
27.975124272,11601755727,,instructions,802097100,100.00,3.86,insn per cycle
27.975124272,3007881035,,cycles,802105620,100.00,,
28.075386732,4135,,rD044,802100013,100.00,,
28.075386732,72470223,,rFF44,802110570,100.00,,
28.075386732,11257729880,,instructions,802112790,100.00,3.74,insn per cycle
28.075386732,3007912495,,cycles,802115670,100.00,,
28.175657842,3224,,rD044,802173830,100.00,,
28.175657842,75613936,,rFF44,802171790,100.00,,
28.175657842,11644735918,,instructions,802169200,100.00,3.87,insn per cycle
28.175657842,3008133166,,cycles,802172050,100.00,,
28.275923743,3758,,rD044,802077280,100.00,,
28.275923743,73738611,,rFF44,802075600,100.00,,
28.275923743,11417135938,,instructions,802068700,100.00,3.80,insn per cycle
28.275923743,3007680232,,cycles,802068080,100.00,,
28.376217283,4691,,rD044,802329020,100.00,,
28.376217283,73340470,,rFF44,802350210,100.00,,
28.376217283,11363311383,,instructions,802367840,100.00,3.78,insn per cycle
28.376217283,3008845435,,cycles,802370370,100.00,,
28.476490784,3448,,rD044,802167760,100.00,,
28.476490784,75346358,,rFF44,802146240,100.00,,
28.476490784,11609785893,,instructions,802136930,100.00,3.86,insn per cycle
28.476490784,3007945745,,cycles,802123030,100.00,,
28.576749214,3707,,rD044,802052700,100.00,,
28.576749214,73347729,,rFF44,802059370,100.00,,
28.576749214,11364286392,,instructions,802052780,100.00,3.78,insn per cycle
28.576749214,3007816989,,cycles,802093540,100.00,,
28.677019044,3371,,rD044,802132640,100.00,,
28.677019044,75114942,,rFF44,802119850,100.00,,
28.677019044,11582819368,,instructions,802123290,100.00,3.85,insn per cycle
28.677019044,3007811803,,cycles,802086850,100.00,,
28.777279214,3573,,rD044,802072410,100.00,,
28.777279214,73626926,,rFF44,802085360,100.00,,
28.777279214,11402436162,,instructions,802096560,100.00,3.79,insn per cycle
28.777279214,3007808861,,cycles,802093515,100.00,,
28.877545995,3434,,rD044,802144840,100.00,,
28.877545995,75120357,,rFF44,802146810,100.00,,
28.877545995,11589316588,,instructions,802138294,100.00,3.85,insn per cycle
28.877545995,3008031589,,cycles,802145913,100.00,,
28.977815825,3850,,rD044,802215720,100.00,,
28.977815825,72544322,,rFF44,802251298,100.00,,
28.977815825,11252555598,,instructions,802250044,100.00,3.74,insn per cycle
28.977815825,3008400081,,cycles,802243540,100.00,,
29.078097205,3415,,rD044,802174273,100.00,,
29.078097205,75122279,,rFF44,802156750,100.00,,
29.078097205,11587076564,,instructions,802162120,100.00,3.85,insn per cycle
29.078097205,3008099100,,cycles,802164830,100.00,,
29.178365596,3813,,rD044,802143264,100.00,,
29.178365596,72885099,,rFF44,802119770,100.00,,
29.178365596,11313862836,,instructions,802111740,100.00,3.76,insn per cycle
29.178365596,3007908051,,cycles,802112830,100.00,,
29.278634166,3055,,rD044,802115641,100.00,,
29.278634166,75124998,,rFF44,802122430,100.00,,
29.278634166,11581813769,,instructions,802128860,100.00,3.85,insn per cycle
29.278634166,3007894358,,cycles,802124420,100.00,,
29.338510455,175663,,rD044,452951251,100.00,,
29.338510455,32011562,,rFF44,452722191,100.00,,
29.338510455,5074782902,,instructions,452563721,100.00,2.99,insn per cycle
29.338510455,1696455567,,cycles,452410611,100.00,,
