0.100136334,11463,,rD044,95813121,100.00,,
0.100136334,23046907,,rFF44,95819052,100.00,,
0.100136334,495150888,,instructions,95824552,100.00,1.39,insn per cycle
0.100136334,355548868,,cycles,95829232,100.00,,
0.200434040,1170,,rD044,100294416,100.00,,
0.200434040,27189478,,rFF44,100294375,100.00,,
0.200434040,572020942,,instructions,100293775,100.00,1.52,insn per cycle
0.200434040,376102506,,cycles,100294495,100.00,,
0.300645895,1238,,rD044,100212165,100.00,,
0.300645895,29500334,,rFF44,100213225,100.00,,
0.300645895,438944262,,instructions,100212905,100.00,1.17,insn per cycle
0.300645895,375793359,,cycles,100211915,100.00,,
0.400862181,737,,rD044,100201473,100.00,,
0.400862181,38376096,,rFF44,100200753,100.00,,
0.400862181,47382191,,instructions,100200743,100.00,0.13,insn per cycle
0.400862181,375728128,,cycles,100201003,100.00,,
0.501075056,10565,,rD044,680985963,100.00,,
0.501075056,81003847,,rFF44,681881214,100.00,,
0.501075056,8960400668,,instructions,682646209,100.00,3.50,insn per cycle
0.501075056,2561825192,,cycles,683436989,100.00,,
0.601473913,1668,,rD044,1606312536,100.00,,
0.601473913,147678885,,rFF44,1606294675,100.00,,
0.601473913,22835009060,,instructions,1606308128,100.00,3.79,insn per cycle
0.601473913,6023456388,,cycles,1606282416,100.00,,
0.701875291,1942,,rD044,1606176495,100.00,,
0.701875291,146247508,,rFF44,1606163525,100.00,,
0.701875291,22660260462,,instructions,1606117477,100.00,3.76,insn per cycle
0.701875291,6022549559,,cycles,1606081060,100.00,,
0.802265098,1142,,rD044,1606187721,100.00,,
0.802265098,147094761,,rFF44,1606208136,100.00,,
0.802265098,22763222161,,instructions,1606230356,100.00,3.78,insn per cycle
0.802265098,6023337390,,cycles,1606247555,100.00,,
0.902664835,1137,,rD044,1606272614,100.00,,
0.902664835,147160547,,rFF44,1606250119,100.00,,
0.902664835,22752937319,,instructions,1606234571,100.00,3.78,insn per cycle
0.902664835,6023212343,,cycles,1606222095,100.00,,
1.003069823,1427,,rD044,1606425586,100.00,,
1.003069823,146922490,,rFF44,1606416196,100.00,,
1.003069823,22751760140,,instructions,1606399234,100.00,3.78,insn per cycle
1.003069823,6023808257,,cycles,1606375178,100.00,,
1.103463170,1112,,rD044,1606059436,100.00,,
1.103463170,145971463,,rFF44,1606005155,100.00,,
1.103463170,22607378788,,instructions,1606026945,100.00,3.75,insn per cycle
1.103463170,6024567246,,cycles,1606580477,100.00,,
1.203885688,1060,,rD044,1606661628,100.00,,
1.203885688,147148294,,rFF44,1606686712,100.00,,
1.203885688,22759672635,,instructions,1606631265,100.00,3.78,insn per cycle
1.203885688,6022631252,,cycles,1606062455,100.00,,
1.304268515,1170,,rD044,1606061286,100.00,,
1.304268515,144673181,,rFF44,1606105303,100.00,,
1.304268515,22456857772,,instructions,1606179734,100.00,3.73,insn per cycle
1.304268515,6023139668,,cycles,1606200456,100.00,,
1.404663712,1094,,rD044,1606227146,100.00,,
1.404663712,144914317,,rFF44,1606209646,100.00,,
1.404663712,22463313745,,instructions,1606197902,100.00,3.73,insn per cycle
1.404663712,6023100056,,cycles,1606184450,100.00,,
1.505053709,1763,,rD044,1606175249,100.00,,
1.505053709,147759575,,rFF44,1606171891,100.00,,
1.505053709,22836849897,,instructions,1606165015,100.00,3.79,insn per cycle
1.505053709,6023094687,,cycles,1606181595,100.00,,
1.605445627,2256,,rD044,1606173656,100.00,,
1.605445627,145736477,,rFF44,1606164044,100.00,,
1.605445627,22572961876,,instructions,1606154075,100.00,3.75,insn per cycle
1.605445627,6023742487,,cycles,1606367936,100.00,,
1.705850614,929,,rD044,1606406206,100.00,,
1.705850614,146675983,,rFF44,1606398256,100.00,,
1.705850614,22704167189,,instructions,1606382281,100.00,3.77,insn per cycle
1.705850614,6023116860,,cycles,1606188072,100.00,,
1.806241231,1344,,rD044,1606180132,100.00,,
1.806241231,143748411,,rFF44,1606232216,100.00,,
1.806241231,22317135117,,instructions,1606251246,100.00,3.71,insn per cycle
1.806241231,6023078499,,cycles,1606177114,100.00,,
1.906632399,903,,rD044,1606182873,100.00,,
1.906632399,146578283,,rFF44,1606141579,100.00,,
1.906632399,22691347562,,instructions,1606119670,100.00,3.77,insn per cycle
1.906632399,6022934888,,cycles,1606147605,100.00,,
2.007037756,938,,rD044,1606387525,100.00,,
2.007037756,147200073,,rFF44,1606433595,100.00,,
2.007037756,22772669865,,instructions,1606498094,100.00,3.78,insn per cycle
2.007037756,6024320536,,cycles,1606509258,100.00,,
2.107433533,1019,,rD044,1606093426,100.00,,
2.107433533,145850661,,rFF44,1606037855,100.00,,
2.107433533,22580086682,,instructions,1606012085,100.00,3.75,insn per cycle
2.107433533,6022982404,,cycles,1606169286,100.00,,
2.207838271,1233,,rD044,1606440389,100.00,,
2.207838271,146520073,,rFF44,1606467098,100.00,,
2.207838271,22664918640,,instructions,1606433566,100.00,3.76,insn per cycle
2.207838271,6023434784,,cycles,1606268826,100.00,,
2.308231918,1010,,rD044,1606258666,100.00,,
2.308231918,147957216,,rFF44,1606250188,100.00,,
2.308231918,22864956439,,instructions,1606275330,100.00,3.80,insn per cycle
2.308231918,6023570041,,cycles,1606293136,100.00,,
2.408633036,977,,rD044,1606425976,100.00,,
2.408633036,147230481,,rFF44,1606425436,100.00,,
2.408633036,22750847808,,instructions,1606438666,100.00,3.78,insn per cycle
2.408633036,6024243780,,cycles,1606472890,100.00,,
2.509025703,1220,,rD044,1606267990,100.00,,
2.509025703,145228306,,rFF44,1606276303,100.00,,
2.509025703,22504384101,,instructions,1606282066,100.00,3.74,insn per cycle
2.509025703,6023478861,,cycles,1606269066,100.00,,
2.609422780,1288,,rD044,1606340616,100.00,,
2.609422780,145942179,,rFF44,1606310333,100.00,,
2.609422780,22607764070,,instructions,1606245326,100.00,3.75,insn per cycle
2.609422780,6023443671,,cycles,1606261986,100.00,,
2.709817608,1059,,rD044,1606302036,100.00,,
2.709817608,147866601,,rFF44,1606341306,100.00,,
2.709817608,22848615646,,instructions,1606377170,100.00,3.79,insn per cycle
2.709817608,6023596021,,cycles,1606300340,100.00,,
2.810209115,1031,,rD044,1606271561,100.00,,
2.810209115,146814546,,rFF44,1606268566,100.00,,
2.810209115,22720306328,,instructions,1606266706,100.00,3.77,insn per cycle
2.810209115,6023489629,,cycles,1606271646,100.00,,
2.910599062,906,,rD044,1606471465,100.00,,
2.910599062,145061294,,rFF44,1606735506,100.00,,
2.910599062,22493317070,,instructions,1606745706,100.00,3.73,insn per cycle
2.910599062,6025365081,,cycles,1606778076,100.00,,
3.011024460,1057,,rD044,1606511186,100.00,,
3.011024460,147233686,,rFF44,1606243750,100.00,,
3.011024460,22788464520,,instructions,1606241540,100.00,3.78,insn per cycle
3.011024460,6023385337,,cycles,1606249714,100.00,,
3.111416177,1076,,rD044,1606252481,100.00,,
3.111416177,145863003,,rFF44,1606213396,100.00,,
3.111416177,22594854061,,instructions,1606210216,100.00,3.75,insn per cycle
3.111416177,6023420767,,cycles,1606253662,100.00,,
3.211817954,1039,,rD044,1606448885,100.00,,
3.211817954,147000944,,rFF44,1606462211,100.00,,
3.211817954,22758339816,,instructions,1606429656,100.00,3.78,insn per cycle
3.211817954,6023847526,,cycles,1606366956,100.00,,
3.312208192,1069,,rD044,1606207676,100.00,,
3.312208192,146996714,,rFF44,1606229455,100.00,,
3.312208192,22737319673,,instructions,1606284293,100.00,3.77,insn per cycle
3.312208192,6023608375,,cycles,1606303606,100.00,,
3.412601579,1021,,rD044,1606426836,100.00,,
3.412601579,145876773,,rFF44,1606415856,100.00,,
3.412601579,22579279475,,instructions,1606389603,100.00,3.75,insn per cycle
3.412601579,6023792235,,cycles,1606352420,100.00,,
3.512998786,1353,,rD044,1606217370,100.00,,
3.512998786,147395321,,rFF44,1606221404,100.00,,
3.512998786,22798414728,,instructions,1606223586,100.00,3.78,insn per cycle
3.512998786,6023458506,,cycles,1606270416,100.00,,
3.613392564,1252,,rD044,1606284696,100.00,,
3.613392564,145920374,,rFF44,1606315272,100.00,,
3.613392564,22609997213,,instructions,1606338829,100.00,3.75,insn per cycle
3.613392564,6023633914,,cycles,1606310366,100.00,,
3.713802291,1188,,rD044,1606490326,100.00,,
3.713802291,146034820,,rFF44,1606451236,100.00,,
3.713802291,22617475882,,instructions,1606416097,100.00,3.75,insn per cycle
3.713802291,6023987858,,cycles,1606414795,100.00,,
3.814188698,1212,,rD044,1606203964,100.00,,
3.814188698,148731625,,rFF44,1606232576,100.00,,
3.814188698,22948730232,,instructions,1606207486,100.00,3.81,insn per cycle
3.814188698,6023145331,,cycles,1606180601,100.00,,
3.914602136,1260,,rD044,1606852742,100.00,,
3.914602136,141866369,,rFF44,1607044456,100.00,,
3.914602136,22098678873,,instructions,1607045086,100.00,3.67,insn per cycle
3.914602136,6026507328,,cycles,1607076926,100.00,,
4.015021904,1184,,rD044,1606416546,100.00,,
4.015021904,143724380,,rFF44,1606208330,100.00,,
4.015021904,22329991651,,instructions,1606267447,100.00,3.71,insn per cycle
4.015021904,6023452436,,cycles,1606261716,100.00,,
4.115412671,1087,,rD044,1606260216,100.00,,
4.115412671,148434174,,rFF44,1606269596,100.00,,
4.115412671,22919192593,,instructions,1606251839,100.00,3.80,insn per cycle
4.115412671,6023483335,,cycles,1606270132,100.00,,
4.215814338,1012,,rD044,1606416222,100.00,,
4.215814338,146471355,,rFF44,1606427066,100.00,,
4.215814338,22655561528,,instructions,1606440336,100.00,3.76,insn per cycle
4.215814338,6023952531,,cycles,1606397894,100.00,,
4.316203675,1044,,rD044,1606226034,100.00,,
4.316203675,145187041,,rFF44,1606219380,100.00,,
4.316203675,22498017575,,instructions,1606242823,100.00,3.73,insn per cycle
4.316203675,6023727872,,cycles,1606335526,100.00,,
4.416607353,1031,,rD044,1606577126,100.00,,
4.416607353,147658454,,rFF44,1606544136,100.00,,
4.416607353,22806178283,,instructions,1606489763,100.00,3.79,insn per cycle
4.416607353,6024006819,,cycles,1606409569,100.00,,
4.517003350,1316,,rD044,1606084168,100.00,,
4.517003350,147467590,,rFF44,1606087436,100.00,,
4.517003350,22799717028,,instructions,1606092376,100.00,3.79,insn per cycle
4.517003350,6022803107,,cycles,1606129377,100.00,,
4.617386827,1125,,rD044,1606113458,100.00,,
4.617386827,145905488,,rFF44,1606145440,100.00,,
4.617386827,22587950113,,instructions,1606159136,100.00,3.75,insn per cycle
4.617386827,6022874992,,cycles,1606107686,100.00,,
4.717786525,1275,,rD044,1606282026,100.00,,
4.717786525,147844639,,rFF44,1606279286,100.00,,
4.717786525,22842128405,,instructions,1606245660,100.00,3.79,insn per cycle
4.717786525,6023190885,,cycles,1606232709,100.00,,
4.818172542,1046,,rD044,1606170687,100.00,,
4.818172542,147930528,,rFF44,1606156936,100.00,,
4.818172542,22872337465,,instructions,1606172126,100.00,3.80,insn per cycle
4.818172542,6023254044,,cycles,1606209827,100.00,,
4.918561669,977,,rD044,1606283609,100.00,,
4.918561669,147262737,,rFF44,1606665101,100.00,,
4.918561669,22792451387,,instructions,1606658176,100.00,3.78,insn per cycle
4.918561669,6024936583,,cycles,1606657226,100.00,,
5.018980547,1069,,rD044,1606596926,100.00,,
5.018980547,148569738,,rFF44,1606195125,100.00,,
5.018980547,22959738818,,instructions,1606169771,100.00,3.81,insn per cycle
5.018980547,6023103360,,cycles,1606169236,100.00,,
5.119368734,974,,rD044,1606212004,100.00,,
5.119368734,144485604,,rFF44,1606233706,100.00,,
5.119368734,22444917960,,instructions,1606274525,100.00,3.73,insn per cycle
5.119368734,6023437836,,cycles,1606257330,100.00,,
5.219770181,1215,,rD044,1606404062,100.00,,
5.219770181,145265066,,rFF44,1606393254,100.00,,
5.219770181,22526983696,,instructions,1606378986,100.00,3.74,insn per cycle
5.219770181,6023998869,,cycles,1606411596,100.00,,
5.320162289,1211,,rD044,1606282596,100.00,,
5.320162289,143469020,,rFF44,1606301462,100.00,,
5.320162289,22303841519,,instructions,1606305387,100.00,3.70,insn per cycle
5.320162289,6023555360,,cycles,1606289276,100.00,,
5.420554246,1092,,rD044,1606281866,100.00,,
5.420554246,146957824,,rFF44,1606410336,100.00,,
5.420554246,22742097919,,instructions,1606410079,100.00,3.78,insn per cycle
5.420554246,6024005130,,cycles,1606409662,100.00,,
5.520956863,1551,,rD044,1606335902,100.00,,
5.520956863,146752868,,rFF44,1606205205,100.00,,
5.520956863,22704631564,,instructions,1606239725,100.00,3.77,insn per cycle
5.520956863,6023460129,,cycles,1606289273,100.00,,
5.621351841,1253,,rD044,1606261043,100.00,,
5.621351841,148221894,,rFF44,1606260980,100.00,,
5.621351841,22908236139,,instructions,1606261005,100.00,3.80,insn per cycle
5.621351841,6023247388,,cycles,1606212776,100.00,,
5.721755418,1066,,rD044,1606437226,100.00,,
5.721755418,148256318,,rFF44,1606395726,100.00,,
5.721755418,22909610599,,instructions,1606360371,100.00,3.80,insn per cycle
5.721755418,6023994696,,cycles,1606406559,100.00,,
5.822184636,900,,rD044,1606866056,100.00,,
5.822184636,147444078,,rFF44,1606893726,100.00,,
5.822184636,22769510779,,instructions,1606867096,100.00,3.78,insn per cycle
5.822184636,6025592360,,cycles,1606832327,100.00,,
5.922575383,993,,rD044,1606417025,100.00,,
5.922575383,147614409,,rFF44,1606775676,100.00,,
5.922575383,22813747270,,instructions,1606773306,100.00,3.79,insn per cycle
5.922575383,6025294860,,cycles,1606756316,100.00,,
6.022999431,1591,,rD044,1606593531,100.00,,
6.022999431,143709988,,rFF44,1606242104,100.00,,
6.022999431,22324073584,,instructions,1606299586,100.00,3.71,insn per cycle
6.022999431,6023803331,,cycles,1606356286,100.00,,
6.123423138,1258,,rD044,1606768786,100.00,,
6.123423138,148173805,,rFF44,1606761852,100.00,,
6.123423138,22880528031,,instructions,1606736387,100.00,3.80,insn per cycle
6.123423138,6025353196,,cycles,1606769546,100.00,,
6.223826246,1068,,rD044,1606448576,100.00,,
6.223826246,146604949,,rFF44,1606476916,100.00,,
6.223826246,22693057309,,instructions,1606482449,100.00,3.77,insn per cycle
6.223826246,6023882280,,cycles,1606376033,100.00,,
6.324218213,1065,,rD044,1606259503,100.00,,
6.324218213,147573547,,rFF44,1606244466,100.00,,
6.324218213,22815757339,,instructions,1606248166,100.00,3.79,insn per cycle
6.324218213,6023664403,,cycles,1606318553,100.00,,
6.424625371,993,,rD044,1606468683,100.00,,
6.424625371,147780839,,rFF44,1606454202,100.00,,
6.424625371,22829730398,,instructions,1606467346,100.00,3.79,insn per cycle
6.424625371,6024183279,,cycles,1606459836,100.00,,
6.525022158,1229,,rD044,1606371466,100.00,,
6.525022158,148088420,,rFF44,1606370644,100.00,,
6.525022158,22869973846,,instructions,1606341650,100.00,3.80,insn per cycle
6.525022158,6023693385,,cycles,1606325962,100.00,,
6.625415145,1290,,rD044,1606286751,100.00,,
6.625415145,144554546,,rFF44,1606325626,100.00,,
6.625415145,22421550037,,instructions,1606341386,100.00,3.72,insn per cycle
6.625415145,6023824715,,cycles,1606361074,100.00,,
6.725819693,1083,,rD044,1606423775,100.00,,
6.725819693,147662364,,rFF44,1606386821,100.00,,
6.725819693,22816454267,,instructions,1606379996,100.00,3.79,insn per cycle
6.725819693,6023830691,,cycles,1606369016,100.00,,
6.826212310,1046,,rD044,1606263396,100.00,,
6.826212310,146797138,,rFF44,1606253485,100.00,,
6.826212310,22697733241,,instructions,1606237242,100.00,3.77,insn per cycle
6.826212310,6023290122,,cycles,1606221326,100.00,,
6.926603607,1024,,rD044,1606777396,100.00,,
6.926603607,145498203,,rFF44,1606753526,100.00,,
6.926603607,22546954036,,instructions,1606752704,100.00,3.74,insn per cycle
6.926603607,6025221528,,cycles,1606733325,100.00,,
7.027022215,1022,,rD044,1606164385,100.00,,
7.027022215,147909815,,rFF44,1606214376,100.00,,
7.027022215,22861086194,,instructions,1606253846,100.00,3.80,insn per cycle
7.027022215,6023498803,,cycles,1606274071,100.00,,
7.127417282,969,,rD044,1606297051,100.00,,
7.127417282,147288433,,rFF44,1606269280,100.00,,
7.127417282,22785561670,,instructions,1606254975,100.00,3.78,insn per cycle
7.127417282,6023567397,,cycles,1606292836,100.00,,
7.227815109,1065,,rD044,1606371556,100.00,,
7.227815109,147923363,,rFF44,1606409616,100.00,,
7.227815109,22883389646,,instructions,1606423871,100.00,3.80,insn per cycle
7.227815109,6023920908,,cycles,1606388871,100.00,,
7.328210877,1002,,rD044,1606312199,100.00,,
7.328210877,147396279,,rFF44,1606317676,100.00,,
7.328210877,22790600338,,instructions,1606331356,100.00,3.78,insn per cycle
7.328210877,6023604655,,cycles,1606302705,100.00,,
7.428602874,1020,,rD044,1606466257,100.00,,
7.428602874,146768550,,rFF44,1606444780,100.00,,
7.428602874,22712915994,,instructions,1606421916,100.00,3.77,insn per cycle
7.428602874,6024137563,,cycles,1606444836,100.00,,
7.529008062,1281,,rD044,1606260396,100.00,,
7.529008062,146696049,,rFF44,1606261126,100.00,,
7.529008062,22708945447,,instructions,1606239221,100.00,3.77,insn per cycle
7.529008062,6023324143,,cycles,1606230256,100.00,,
7.629414769,1306,,rD044,1606470445,100.00,,
7.629414769,148315046,,rFF44,1606485635,100.00,,
7.629414769,22909480318,,instructions,1606537254,100.00,3.80,insn per cycle
7.629414769,6024613231,,cycles,1606585253,100.00,,
7.729819816,1116,,rD044,1606469304,100.00,,
7.729819816,148087428,,rFF44,1606466416,100.00,,
7.729819816,22883699292,,instructions,1606468886,100.00,3.80,insn per cycle
7.729819816,6024071090,,cycles,1606426392,100.00,,
7.830213184,1113,,rD044,1606287502,100.00,,
7.830213184,147477293,,rFF44,1606284950,100.00,,
7.830213184,22771729200,,instructions,1606243466,100.00,3.78,insn per cycle
7.830213184,6023245059,,cycles,1606210616,100.00,,
7.930603611,1378,,rD044,1606722246,100.00,,
7.930603611,144699173,,rFF44,1606703426,100.00,,
7.930603611,22465944562,,instructions,1606700951,100.00,3.73,insn per cycle
7.930603611,6025265681,,cycles,1606746266,100.00,,
8.031029089,1301,,rD044,1606310025,100.00,,
8.031029089,145675660,,rFF44,1606293856,100.00,,
8.031029089,22589159877,,instructions,1606283355,100.00,3.75,insn per cycle
8.031029089,6023547455,,cycles,1606286920,100.00,,
8.131417876,1069,,rD044,1606214381,100.00,,
8.131417876,147782221,,rFF44,1606257841,100.00,,
8.131417876,22841211029,,instructions,1606308666,100.00,3.79,insn per cycle
8.131417876,6023979866,,cycles,1606401906,100.00,,
8.231825403,1086,,rD044,1606500726,100.00,,
8.231825403,146739370,,rFF44,1606461725,100.00,,
8.231825403,22701862151,,instructions,1606402088,100.00,3.77,insn per cycle
8.231825403,6023617499,,cycles,1606305986,100.00,,
8.332217641,1017,,rD044,1606272446,100.00,,
8.332217641,147887198,,rFF44,1606300286,100.00,,
8.332217641,22856805608,,instructions,1606343988,100.00,3.79,insn per cycle
8.332217641,6023835199,,cycles,1606364152,100.00,,
8.432625738,1059,,rD044,1606508145,100.00,,
8.432625738,147679224,,rFF44,1606465806,100.00,,
8.432625738,22822374171,,instructions,1606447126,100.00,3.79,insn per cycle
8.432625738,6024065013,,cycles,1606425034,100.00,,
8.533015225,1361,,rD044,1606118821,100.00,,
8.533015225,147216191,,rFF44,1606168040,100.00,,
8.533015225,22764041662,,instructions,1606205896,100.00,3.78,insn per cycle
8.533015225,6023045366,,cycles,1606194866,100.00,,
8.633415893,1460,,rD044,1606230096,100.00,,
8.633415893,146733908,,rFF44,1606165156,100.00,,
8.633415893,22706332476,,instructions,1606080360,100.00,3.77,insn per cycle
8.633415893,6022522941,,cycles,1606070188,100.00,,
8.733811380,985,,rD044,1606278559,100.00,,
8.733811380,148144773,,rFF44,1606320456,100.00,,
8.733811380,22884744117,,instructions,1606369776,100.00,3.80,insn per cycle
8.733811380,6023911366,,cycles,1606395068,100.00,,
8.834202167,1097,,rD044,1606251677,100.00,,
8.834202167,145961531,,rFF44,1606262615,100.00,,
8.834202167,22600660618,,instructions,1606272976,100.00,3.75,insn per cycle
8.834202167,6023389302,,cycles,1606245196,100.00,,
8.934590855,1054,,rD044,1606453296,100.00,,
8.934590855,147583842,,rFF44,1606667791,100.00,,
8.934590855,22828495154,,instructions,1606654257,100.00,3.79,insn per cycle
8.934590855,6025003934,,cycles,1606675356,100.00,,
9.035010722,1083,,rD044,1606478826,100.00,,
9.035010722,147752609,,rFF44,1606286356,100.00,,
9.035010722,22845837707,,instructions,1606323489,100.00,3.79,insn per cycle
9.035010722,6023637024,,cycles,1606314460,100.00,,
9.135408430,1068,,rD044,1606334060,100.00,,
9.135408430,146539856,,rFF44,1606297776,100.00,,
9.135408430,22696106930,,instructions,1606276716,100.00,3.77,insn per cycle
9.135408430,6023470296,,cycles,1606266346,100.00,,
9.235806597,1131,,rD044,1606331696,100.00,,
9.235806597,146475880,,rFF44,1606291940,100.00,,
9.235806597,22682306683,,instructions,1606247860,100.00,3.77,insn per cycle
9.235806597,6023501573,,cycles,1606274946,100.00,,
9.336192914,1030,,rD044,1606206656,100.00,,
9.336192914,146676907,,rFF44,1606255126,100.00,,
9.336192914,22711908958,,instructions,1606299626,100.00,3.77,insn per cycle
9.336192914,6023515635,,cycles,1606277793,100.00,,
9.436584681,1055,,rD044,1606358995,100.00,,
9.436584681,146382525,,rFF44,1606397046,100.00,,
9.436584681,22666197946,,instructions,1606406436,100.00,3.76,insn per cycle
9.436584681,6024003328,,cycles,1606409613,100.00,,
9.537007409,1442,,rD044,1606599930,100.00,,
9.537007409,146609519,,rFF44,1606577887,100.00,,
9.537007409,22706998095,,instructions,1606553555,100.00,3.77,insn per cycle
9.537007409,6024510283,,cycles,1606560635,100.00,,
9.637404366,1411,,rD044,1606336226,100.00,,
9.637404366,148756056,,rFF44,1606337498,100.00,,
9.637404366,22976928526,,instructions,1606338372,100.00,3.81,insn per cycle
9.637404366,6023657730,,cycles,1606315876,100.00,,
9.737806944,1059,,rD044,1606380496,100.00,,
9.737806944,147801228,,rFF44,1606360596,100.00,,
9.737806944,22836524282,,instructions,1606369064,100.00,3.79,insn per cycle
9.737806944,6023874723,,cycles,1606381410,100.00,,
9.838196261,1140,,rD044,1606199270,100.00,,
9.838196261,148427987,,rFF44,1606216903,100.00,,
9.838196261,22904330115,,instructions,1606235556,100.00,3.80,insn per cycle
9.838196261,6023419530,,cycles,1606252916,100.00,,
9.938593238,1340,,rD044,1606553846,100.00,,
9.938593238,144806575,,rFF44,1606562703,100.00,,
9.938593238,22483784980,,instructions,1606533803,100.00,3.73,insn per cycle
9.938593238,6024417479,,cycles,1606519086,100.00,,
10.038997926,1064,,rD044,1606265286,100.00,,
10.038997926,146270343,,rFF44,1606250326,100.00,,
10.038997926,22654889804,,instructions,1606269623,100.00,3.76,insn per cycle
10.038997926,6023446444,,cycles,1606260504,100.00,,
10.139391513,988,,rD044,1606269434,100.00,,
10.139391513,146843764,,rFF44,1606271576,100.00,,
10.139391513,22743148173,,instructions,1606263686,100.00,3.78,insn per cycle
10.139391513,6023435365,,cycles,1606256942,100.00,,
10.239798941,1082,,rD044,1606536022,100.00,,
10.239798941,146499323,,rFF44,1606554755,100.00,,
10.239798941,22681745114,,instructions,1606560756,100.00,3.76,insn per cycle
10.239798941,6024631373,,cycles,1606575696,100.00,,
10.340195428,1014,,rD044,1606318126,100.00,,
10.340195428,147048419,,rFF44,1606303461,100.00,,
10.340195428,22732907384,,instructions,1606281990,100.00,3.77,insn per cycle
10.340195428,6023532751,,cycles,1606283894,100.00,,
10.440589645,987,,rD044,1606478073,100.00,,
10.440589645,148926515,,rFF44,1606502156,100.00,,
10.440589645,22985961359,,instructions,1606497666,100.00,3.82,insn per cycle
10.440589645,6024254391,,cycles,1606475382,100.00,,
10.540993103,1172,,rD044,1606279413,100.00,,
10.540993103,147729044,,rFF44,1606270243,100.00,,
10.540993103,22836847150,,instructions,1606300426,100.00,3.79,insn per cycle
10.540993103,6023659687,,cycles,1606317086,100.00,,
10.641388140,1184,,rD044,1606255615,100.00,,
10.641388140,148438105,,rFF44,1606223922,100.00,,
10.641388140,22943466728,,instructions,1606204625,100.00,3.81,insn per cycle
10.641388140,6023337653,,cycles,1606236995,100.00,,
10.741794497,1201,,rD044,1606507866,100.00,,
10.741794497,147013032,,rFF44,1606496356,100.00,,
10.741794497,22751836315,,instructions,1606487410,100.00,3.78,insn per cycle
10.741794497,6024273505,,cycles,1606480553,100.00,,
10.842191105,1046,,rD044,1606334304,100.00,,
10.842191105,146576868,,rFF44,1606347046,100.00,,
10.842191105,22686503055,,instructions,1606354096,100.00,3.77,insn per cycle
10.842191105,6023607642,,cycles,1606306073,100.00,,
10.942579622,1058,,rD044,1606384952,100.00,,
10.942579622,148096284,,rFF44,1606677278,100.00,,
10.942579622,22874848945,,instructions,1606694636,100.00,3.80,insn per cycle
10.942579622,6025353984,,cycles,1606778686,100.00,,
11.043010590,1021,,rD044,1606668886,100.00,,
11.043010590,145107866,,rFF44,1606391758,100.00,,
11.043010590,22520536704,,instructions,1606395774,100.00,3.74,insn per cycle
11.043010590,6023687152,,cycles,1606330976,100.00,,
11.143403897,1163,,rD044,1606290736,100.00,,
11.143403897,147816799,,rFF44,1606250386,100.00,,
11.143403897,22849183605,,instructions,1606178652,100.00,3.79,insn per cycle
11.143403897,6023107174,,cycles,1606173870,100.00,,
11.243811745,1326,,rD044,1606502622,100.00,,
11.243811745,146316867,,rFF44,1606526226,100.00,,
11.243811745,22676050641,,instructions,1606562476,100.00,3.76,insn per cycle
11.243811745,6024621759,,cycles,1606574356,100.00,,
11.344240792,1015,,rD044,1606871354,100.00,,
11.344240792,147619916,,rFF44,1606838648,100.00,,
11.344240792,22832589092,,instructions,1606837486,100.00,3.79,insn per cycle
11.344240792,6025728293,,cycles,1606868796,100.00,,
11.444634810,1055,,rD044,1606285266,100.00,,
11.444634810,146881246,,rFF44,1606321698,100.00,,
11.444634810,22719988660,,instructions,1606332361,100.00,3.77,insn per cycle
11.444634810,6023709010,,cycles,1606330026,100.00,,
11.545040037,1218,,rD044,1606475416,100.00,,
11.545040037,146446515,,rFF44,1606474166,100.00,,
11.545040037,22678782908,,instructions,1606498745,100.00,3.76,insn per cycle
11.545040037,6024221136,,cycles,1606466850,100.00,,
11.645432154,1149,,rD044,1606221129,100.00,,
11.645432154,146356327,,rFF44,1606197385,100.00,,
11.645432154,22675986858,,instructions,1606146765,100.00,3.76,insn per cycle
11.645432154,6023429578,,cycles,1606262525,100.00,,
11.745833652,1048,,rD044,1606404446,100.00,,
11.745833652,146681418,,rFF44,1606393450,100.00,,
11.745833652,22694341998,,instructions,1606402540,100.00,3.77,insn per cycle
11.745833652,6023517671,,cycles,1606281846,100.00,,
11.846219899,1252,,rD044,1606158106,100.00,,
11.846219899,145967309,,rFF44,1606176776,100.00,,
11.846219899,22608627651,,instructions,1606193186,100.00,3.75,insn per cycle
11.846219899,6023228163,,cycles,1606210771,100.00,,
11.946628196,1224,,rD044,1606505526,100.00,,
11.946628196,144619162,,rFF44,1606493346,100.00,,
11.946628196,22448739377,,instructions,1606469336,100.00,3.73,insn per cycle
11.946628196,6024115460,,cycles,1606444665,100.00,,
12.047014134,1017,,rD044,1606170440,100.00,,
12.047014134,147066512,,rFF44,1606226100,100.00,,
12.047014134,22759539444,,instructions,1606262646,100.00,3.78,insn per cycle
12.047014134,6023380959,,cycles,1606249266,100.00,,
12.147406561,1088,,rD044,1606263236,100.00,,
12.147406561,147962563,,rFF44,1606209096,100.00,,
12.147406561,22848527822,,instructions,1606152950,100.00,3.79,insn per cycle
12.147406561,6023144017,,cycles,1606179666,100.00,,
12.247805768,1161,,rD044,1606363728,100.00,,
12.247805768,146981112,,rFF44,1606403806,100.00,,
12.247805768,22744506720,,instructions,1606509366,100.00,3.78,insn per cycle
12.247805768,6024623572,,cycles,1606573980,100.00,,
12.348206256,1043,,rD044,1606397718,100.00,,
12.348206256,146154069,,rFF44,1606365866,100.00,,
12.348206256,22644302567,,instructions,1606323606,100.00,3.76,insn per cycle
12.348206256,6023405525,,cycles,1606249386,100.00,,
12.448598263,1065,,rD044,1606374976,100.00,,
12.448598263,146336590,,rFF44,1606417610,100.00,,
12.448598263,22645468625,,instructions,1606370472,100.00,3.76,insn per cycle
12.448598263,6023797734,,cycles,1606373776,100.00,,
12.548997480,1226,,rD044,1606162894,100.00,,
12.548997480,146416477,,rFF44,1606131736,100.00,,
12.548997480,22662668926,,instructions,1606137864,100.00,3.76,insn per cycle
12.548997480,6022844575,,cycles,1606125850,100.00,,
12.649387898,1238,,rD044,1606188492,100.00,,
12.649387898,147990856,,rFF44,1606212661,100.00,,
12.649387898,22856972758,,instructions,1606247106,100.00,3.79,insn per cycle
12.649387898,6023376208,,cycles,1606257656,100.00,,
12.749775855,1106,,rD044,1606140346,100.00,,
12.749775855,146386618,,rFF44,1606110775,100.00,,
12.749775855,22680348071,,instructions,1606102591,100.00,3.77,insn per cycle
12.749775855,6022842456,,cycles,1606114206,100.00,,
12.850165772,1169,,rD044,1606236164,100.00,,
12.850165772,146748372,,rFF44,1606218266,100.00,,
12.850165772,22732113188,,instructions,1606160995,100.00,3.77,insn per cycle
12.850165772,6022979963,,cycles,1606135790,100.00,,
12.950550339,1092,,rD044,1606175002,100.00,,
12.950550339,148267872,,rFF44,1606633086,100.00,,
12.950550339,22922116178,,instructions,1606710076,100.00,3.80,insn per cycle
12.950550339,6025343905,,cycles,1606765886,100.00,,
13.050976817,1019,,rD044,1606761646,100.00,,
13.050976817,147363068,,rFF44,1606340780,100.00,,
13.050976817,22796508225,,instructions,1606347493,100.00,3.78,insn per cycle
13.050976817,6023731247,,cycles,1606336636,100.00,,
13.151372304,1071,,rD044,1606337146,100.00,,
13.151372304,145169177,,rFF44,1606322666,100.00,,
13.151372304,22528077228,,instructions,1606285823,100.00,3.74,insn per cycle
13.151372304,6023374018,,cycles,1606240345,100.00,,
13.251785982,1097,,rD044,1606604191,100.00,,
13.251785982,146611878,,rFF44,1606627266,100.00,,
13.251785982,22694162547,,instructions,1606667146,100.00,3.77,insn per cycle
13.251785982,6025015569,,cycles,1606678461,100.00,,
13.352177089,1007,,rD044,1606247775,100.00,,
13.352177089,145781023,,rFF44,1606226107,100.00,,
13.352177089,22604764552,,instructions,1606196026,100.00,3.75,insn per cycle
13.352177089,6023207160,,cycles,1606196866,100.00,,
13.452565186,1069,,rD044,1606253506,100.00,,
13.452565186,145934931,,rFF44,1606327099,100.00,,
13.452565186,22599766102,,instructions,1606333330,100.00,3.75,insn per cycle
13.452565186,6023720276,,cycles,1606333466,100.00,,
13.552962974,1230,,rD044,1606287783,100.00,,
13.552962974,145131163,,rFF44,1606235316,100.00,,
13.552962974,22510223279,,instructions,1606243316,100.00,3.74,insn per cycle
13.552962974,6023509087,,cycles,1606276000,100.00,,
13.653359121,1474,,rD044,1606294493,100.00,,
13.653359121,147532731,,rFF44,1606266471,100.00,,
13.653359121,22807637293,,instructions,1606234606,100.00,3.79,insn per cycle
13.653359121,6023117182,,cycles,1606184116,100.00,,
13.753756828,1028,,rD044,1606335696,100.00,,
13.753756828,148327344,,rFF44,1606304335,100.00,,
13.753756828,22900063021,,instructions,1606305123,100.00,3.80,insn per cycle
13.753756828,6023703327,,cycles,1606328336,100.00,,
13.854141416,1162,,rD044,1606158105,100.00,,
13.854141416,148666616,,rFF44,1606192986,100.00,,
13.854141416,22938378851,,instructions,1606204693,100.00,3.81,insn per cycle
13.854141416,6023204088,,cycles,1606199120,100.00,,
13.954532133,1409,,rD044,1606257301,100.00,,
13.954532133,144437053,,rFF44,1606415713,100.00,,
13.954532133,22430059970,,instructions,1606460566,100.00,3.72,insn per cycle
13.954532133,6024200640,,cycles,1606461476,100.00,,
14.054937530,1022,,rD044,1606464476,100.00,,
14.054937530,146089947,,rFF44,1606330653,100.00,,
14.054937530,22610491758,,instructions,1606313100,100.00,3.75,insn per cycle
14.054937530,6023627212,,cycles,1606308126,100.00,,
14.155330888,1146,,rD044,1606287926,100.00,,
14.155330888,147404144,,rFF44,1606298206,100.00,,
14.155330888,22786199857,,instructions,1606300696,100.00,3.78,insn per cycle
14.155330888,6023641599,,cycles,1606314912,100.00,,
14.255725555,1182,,rD044,1606292772,100.00,,
14.255725555,147560712,,rFF44,1606234356,100.00,,
14.255725555,22796536165,,instructions,1606200766,100.00,3.78,insn per cycle
14.255725555,6023278007,,cycles,1606216484,100.00,,
14.356116002,1069,,rD044,1606256824,100.00,,
14.356116002,148677600,,rFF44,1606302130,100.00,,
14.356116002,22947871663,,instructions,1606310883,100.00,3.81,insn per cycle
14.356116002,6023629635,,cycles,1606308556,100.00,,
14.456514006,1106,,rD044,1606349756,100.00,,
14.456514006,147590513,,rFF44,1606444436,100.00,,
14.456514006,22816609652,,instructions,1606587513,100.00,3.79,insn per cycle
14.456514006,6024806846,,cycles,1606623073,100.00,,
14.556929081,1075,,rD044,1606624141,100.00,,
14.556929081,147789826,,rFF44,1606535296,100.00,,
14.556929081,22848602227,,instructions,1606389426,100.00,3.79,insn per cycle
14.556929081,6023617182,,cycles,1606305603,100.00,,
14.657318865,1277,,rD044,1606206754,100.00,,
14.657318865,147835158,,rFF44,1606181026,100.00,,
14.657318865,22852190466,,instructions,1606154185,100.00,3.79,insn per cycle
14.657318865,6023037076,,cycles,1606159645,100.00,,
14.757706879,1045,,rD044,1606162346,100.00,,
14.757706879,147247768,,rFF44,1606160519,100.00,,
14.757706879,22777923082,,instructions,1606209810,100.00,3.78,insn per cycle
14.757706879,6023435478,,cycles,1606265175,100.00,,
14.858100854,1138,,rD044,1606286832,100.00,,
14.858100854,147754351,,rFF44,1606293056,100.00,,
14.858100854,22851269797,,instructions,1606258266,100.00,3.79,insn per cycle
14.858100854,6023306616,,cycles,1606222361,100.00,,
14.958487678,1090,,rD044,1606201084,100.00,,
14.958487678,146287692,,rFF44,1606189636,100.00,,
14.958487678,22659422443,,instructions,1606413636,100.00,3.76,insn per cycle
14.958487678,6024922887,,cycles,1606653976,100.00,,
15.018901875,11277,,rD044,908085230,100.00,,
15.018901875,63123531,,rFF44,907240934,100.00,,
15.018901875,10268814209,,instructions,906293994,100.00,3.02,insn per cycle
15.018901875,3394959615,,cycles,905355464,100.00,,
