0.100126148,9471,,rD044,94031097,100.00,,
0.100126148,22875773,,rFF44,94036937,100.00,,
0.100126148,491597584,,instructions,94041677,100.00,1.41,insn per cycle
0.100126148,348732809,,cycles,94045927,100.00,,
0.200387698,1238,,rD044,100255555,100.00,,
0.200387698,28054641,,rFF44,100255865,100.00,,
0.200387698,590441129,,instructions,100255385,100.00,1.57,insn per cycle
0.200387698,375955335,,cycles,100255245,100.00,,
0.300612048,1129,,rD044,100224085,100.00,,
0.300612048,31100755,,rFF44,100223815,100.00,,
0.300612048,426441416,,instructions,100223855,100.00,1.13,insn per cycle
0.300612048,375839126,,cycles,100224245,100.00,,
0.400816557,497,,rD044,100203275,100.00,,
0.400816557,38721240,,rFF44,100203465,100.00,,
0.400816557,47727402,,instructions,100203375,100.00,0.13,insn per cycle
0.400816557,375760527,,cycles,100203305,100.00,,
0.501018457,18891,,rD044,1533245177,100.00,,
0.501018457,157226711,,rFF44,1537109408,100.00,,
0.501018457,21165462978,,instructions,1540303399,100.00,3.66,insn per cycle
0.501018457,5785400692,,cycles,1543365025,100.00,,
0.601650541,4802,,rD044,3220108906,100.00,,
0.601650541,201047520,,rFF44,3219859693,100.00,,
0.601650541,34127171953,,instructions,3219735161,100.00,2.83,insn per cycle
0.601650541,12073672102,,cycles,3219678978,100.00,,
0.702261445,4328,,rD044,3219107287,100.00,,
0.702261445,222363937,,rFF44,3218900914,100.00,,
0.702261445,36657194378,,instructions,3219612256,100.00,3.04,insn per cycle
0.702261445,12072665133,,cycles,3219406664,100.00,,
0.802866339,3372,,rD044,3219606617,100.00,,
0.802866339,227688502,,rFF44,3219657556,100.00,,
0.802866339,37385435158,,instructions,3218757633,100.00,3.10,insn per cycle
0.802866339,12070956275,,cycles,3218937109,100.00,,
0.903471603,3986,,rD044,3219320224,100.00,,
0.903471603,200809249,,rFF44,3219275923,100.00,,
0.903471603,34074641096,,instructions,3219543564,100.00,2.82,insn per cycle
0.903471603,12073949113,,cycles,3219734307,100.00,,
1.004085437,2378,,rD044,3219733982,100.00,,
1.004085437,250163440,,rFF44,3219706871,100.00,,
1.004085437,40107916294,,instructions,3219545820,100.00,3.32,insn per cycle
1.004085437,12073541249,,cycles,3219626764,100.00,,
1.104698831,4184,,rD044,3219368378,100.00,,
1.104698831,201196752,,rFF44,3219351884,100.00,,
1.104698831,34132563866,,instructions,3219165736,100.00,2.83,insn per cycle
1.104698831,12070502959,,cycles,3218850059,100.00,,
1.205289055,3090,,rD044,3218547620,100.00,,
1.205289055,241495066,,rFF44,3218597182,100.00,,
1.205289055,39015999605,,instructions,3218829584,100.00,3.23,insn per cycle
1.205289055,12069702194,,cycles,3218603217,100.00,,
1.305865269,3358,,rD044,3219091410,100.00,,
1.305865269,209635813,,rFF44,3219418164,100.00,,
1.305865269,35199568774,,instructions,3219393823,100.00,2.92,insn per cycle
1.305865269,12073649326,,cycles,3219655034,100.00,,
1.406483243,3249,,rD044,3219079476,100.00,,
1.406483243,212035130,,rFF44,3218510422,100.00,,
1.406483243,35399146123,,instructions,3218333113,100.00,2.93,insn per cycle
1.406483243,12067398847,,cycles,3217989129,100.00,,
1.507031756,8705,,rD044,3217669266,100.00,,
1.507031756,238184529,,rFF44,3218289564,100.00,,
1.507031756,38636239297,,instructions,3218538332,100.00,3.20,insn per cycle
1.507031756,12070454794,,cycles,3218944205,100.00,,
1.607689341,3014,,rD044,3220990413,100.00,,
1.607689341,201462950,,rFF44,3220749032,100.00,,
1.607689341,34165555369,,instructions,3220604420,100.00,2.83,insn per cycle
1.607689341,12076813806,,cycles,3220535424,100.00,,
1.708303185,2693,,rD044,3219291220,100.00,,
1.708303185,250388127,,rFF44,3220414732,100.00,,
1.708303185,40121939273,,instructions,3220447406,100.00,3.32,insn per cycle
1.708303185,12076821807,,cycles,3220607992,100.00,,
1.808936069,3056,,rD044,3220116604,100.00,,
1.808936069,201580224,,rFF44,3219019994,100.00,,
1.808936069,34183258323,,instructions,3218979562,100.00,2.83,insn per cycle
1.808936069,12070485440,,cycles,3218816462,100.00,,
1.909534363,2256,,rD044,3218787941,100.00,,
1.909534363,229972265,,rFF44,3218516009,100.00,,
1.909534363,37565626465,,instructions,3218476124,100.00,3.11,insn per cycle
1.909534363,12068329832,,cycles,3218238004,100.00,,
2.010125367,2194,,rD044,3219309493,100.00,,
2.010125367,220570165,,rFF44,3219387387,100.00,,
2.010125367,36515987678,,instructions,3219281359,100.00,3.02,insn per cycle
2.010125367,12074631937,,cycles,3219935284,100.00,,
2.110731051,2377,,rD044,3218920473,100.00,,
2.110731051,201123479,,rFF44,3218728834,100.00,,
2.110731051,34086931919,,instructions,3218946517,100.00,2.82,insn per cycle
2.110731051,12072670980,,cycles,3219396204,100.00,,
2.211347466,2169,,rD044,3220126444,100.00,,
2.211347466,249828792,,rFF44,3220591596,100.00,,
2.211347466,40103993211,,instructions,3220468814,100.00,3.32,insn per cycle
2.211347466,12073651152,,cycles,3219655308,100.00,,
2.311962520,2649,,rD044,3219786734,100.00,,
2.311962520,201659079,,rFF44,3219680816,100.00,,
2.311962520,34205891044,,instructions,3219751204,100.00,2.83,insn per cycle
2.311962520,12073441145,,cycles,3219603618,100.00,,
2.412579854,2195,,rD044,3219185989,100.00,,
2.412579854,247856197,,rFF44,3218758488,100.00,,
2.412579854,39785707095,,instructions,3218553370,100.00,3.30,insn per cycle
2.412579854,12069131636,,cycles,3218465174,100.00,,
2.513145527,2923,,rD044,3218153547,100.00,,
2.513145527,203313104,,rFF44,3218422194,100.00,,
2.513145527,34399894320,,instructions,3218790636,100.00,2.85,insn per cycle
2.513145527,12072852711,,cycles,3219513794,100.00,,
2.613760182,2422,,rD044,3219267214,100.00,,
2.613760182,218878441,,rFF44,3219053732,100.00,,
2.613760182,36231050452,,instructions,3218822373,100.00,3.00,insn per cycle
2.613760182,12067851350,,cycles,3218122142,100.00,,
2.714332905,2239,,rD044,3218710871,100.00,,
2.714332905,233152152,,rFF44,3219952244,100.00,,
2.714332905,38045177511,,instructions,3219981069,100.00,3.15,insn per cycle
2.714332905,12075784703,,cycles,3220242584,100.00,,
2.814975110,2634,,rD044,3220387237,100.00,,
2.814975110,201893135,,rFF44,3219305264,100.00,,
2.814975110,34210981892,,instructions,3219286888,100.00,2.83,insn per cycle
2.814975110,12072172712,,cycles,3219262169,100.00,,
2.915592294,1841,,rD044,3219647242,100.00,,
2.915592294,250048655,,rFF44,3219764420,100.00,,
2.915592294,40096804471,,instructions,3220090804,100.00,3.32,insn per cycle
2.915592294,12075096630,,cycles,3220040791,100.00,,
3.016200568,2504,,rD044,3219571761,100.00,,
3.016200568,201438197,,rFF44,3219725308,100.00,,
3.016200568,34166495929,,instructions,3219862144,100.00,2.83,insn per cycle
3.016200568,12074503112,,cycles,3219888230,100.00,,
3.116821892,2332,,rD044,3219616651,100.00,,
3.116821892,235006696,,rFF44,3219153272,100.00,,
3.116821892,38210728029,,instructions,3218506879,100.00,3.17,insn per cycle
3.116821892,12068334702,,cycles,3218242544,100.00,,
3.217384836,2358,,rD044,3218286848,100.00,,
3.217384836,216691094,,rFF44,3218645373,100.00,,
3.217384836,36070891186,,instructions,3218848857,100.00,2.99,insn per cycle
3.217384836,12071509671,,cycles,3219084996,100.00,,
3.317987000,2309,,rD044,3218873449,100.00,,
3.317987000,205013719,,rFF44,3218540293,100.00,,
3.317987000,34579790434,,instructions,3218272283,100.00,2.87,insn per cycle
3.317987000,12066996692,,cycles,3217881500,100.00,,
3.418539263,2205,,rD044,3217801567,100.00,,
3.418539263,245819453,,rFF44,3217966320,100.00,,
3.418539263,39605083751,,instructions,3218241993,100.00,3.28,insn per cycle
3.418539263,12069965832,,cycles,3218672482,100.00,,
3.519140947,2990,,rD044,3219407994,100.00,,
3.519140947,201695270,,rFF44,3219454783,100.00,,
3.519140947,34214173829,,instructions,3219491524,100.00,2.83,insn per cycle
3.519140947,12074459625,,cycles,3219877859,100.00,,
3.619754591,2329,,rD044,3219405734,100.00,,
3.619754591,250556597,,rFF44,3219324127,100.00,,
3.619754591,40148250244,,instructions,3219257181,100.00,3.33,insn per cycle
3.619754591,12070448384,,cycles,3218829659,100.00,,
3.720348105,2608,,rD044,3219217471,100.00,,
3.720348105,201339864,,rFF44,3220376574,100.00,,
3.720348105,34174194554,,instructions,3220505056,100.00,2.83,insn per cycle
3.720348105,12076869802,,cycles,3220528774,100.00,,
3.820985580,2477,,rD044,3219896275,100.00,,
3.820985580,222172553,,rFF44,3218579823,100.00,,
3.820985580,36669487534,,instructions,3218214963,100.00,3.04,insn per cycle
3.820985580,12066810744,,cycles,3217833017,100.00,,
3.921590204,2370,,rD044,3219458424,100.00,,
3.921590204,229027906,,rFF44,3219631856,100.00,,
3.921590204,37573256083,,instructions,3220030644,100.00,3.11,insn per cycle
3.921590204,12076774086,,cycles,3220506479,100.00,,
4.022191608,2661,,rD044,3219240188,100.00,,
4.022191608,201712376,,rFF44,3219469061,100.00,,
4.022191608,34208793018,,instructions,3219962826,100.00,2.83,insn per cycle
4.022191608,12075283713,,cycles,3220100674,100.00,,
4.122826382,1928,,rD044,3220386217,100.00,,
4.122826382,250819487,,rFF44,3220456944,100.00,,
4.122826382,40194915390,,instructions,3220153980,100.00,3.33,insn per cycle
4.122826382,12074598227,,cycles,3219921074,100.00,,
4.223463106,2690,,rD044,3220406787,100.00,,
4.223463106,201504838,,rFF44,3220320724,100.00,,
4.223463106,34186854003,,instructions,3220071844,100.00,2.83,insn per cycle
4.223463106,12074949678,,cycles,3220005371,100.00,,
4.324066510,2299,,rD044,3218918022,100.00,,
4.324066510,238530391,,rFF44,3218624859,100.00,,
4.324066510,38656750561,,instructions,3218440904,100.00,3.20,insn per cycle
4.324066510,12068490926,,cycles,3218280035,100.00,,
4.424646654,2090,,rD044,3218766028,100.00,,
4.424646654,213226822,,rFF44,3219053947,100.00,,
4.424646654,35643881946,,instructions,3219308148,100.00,2.95,insn per cycle
4.424646654,12073521126,,cycles,3219620574,100.00,,
4.525257608,2627,,rD044,3219219238,100.00,,
4.525257608,208523696,,rFF44,3218897621,100.00,,
4.525257608,34991559228,,instructions,3218957698,100.00,2.90,insn per cycle
4.525257608,12069432478,,cycles,3218540083,100.00,,
4.625828452,2322,,rD044,3218490053,100.00,,
4.625828452,242701291,,rFF44,3218685467,100.00,,
4.625828452,39224822803,,instructions,3218560154,100.00,3.25,insn per cycle
4.625828452,12070687578,,cycles,3218881163,100.00,,
4.726431646,2641,,rD044,3219916643,100.00,,
4.726431646,201482392,,rFF44,3220443512,100.00,,
4.726431646,34158055102,,instructions,3220417637,100.00,2.83,insn per cycle
4.726431646,12076197650,,cycles,3220335634,100.00,,
4.827066230,1947,,rD044,3219728941,100.00,,
4.827066230,250414382,,rFF44,3219425424,100.00,,
4.827066230,40138578739,,instructions,3219414443,100.00,3.32,insn per cycle
4.827066230,12073619730,,cycles,3219646924,100.00,,
4.927683924,2536,,rD044,3219674447,100.00,,
4.927683924,202151839,,rFF44,3219430406,100.00,,
4.927683924,34269388010,,instructions,3219403700,100.00,2.84,insn per cycle
4.927683924,12072742639,,cycles,3219417830,100.00,,
5.028281298,2341,,rD044,3218773042,100.00,,
5.028281298,224848095,,rFF44,3218610600,100.00,,
5.028281298,36962877937,,instructions,3218537039,100.00,3.06,insn per cycle
5.028281298,12067795791,,cycles,3218095516,100.00,,
5.128847592,2375,,rD044,3218452228,100.00,,
5.128847592,226893081,,rFF44,3218791024,100.00,,
5.128847592,37317742178,,instructions,3219070029,100.00,3.09,insn per cycle
5.128847592,12072565588,,cycles,3219366134,100.00,,
5.229461116,2627,,rD044,3219934050,100.00,,
5.229461116,201256768,,rFF44,3219781865,100.00,,
5.229461116,34142967386,,instructions,3219507162,100.00,2.83,insn per cycle
5.229461116,12072950338,,cycles,3219468387,100.00,,
5.330071320,1972,,rD044,3219306593,100.00,,
5.330071320,250377834,,rFF44,3219313522,100.00,,
5.330071320,40132313451,,instructions,3219284594,100.00,3.32,insn per cycle
5.330071320,12073171082,,cycles,3219528589,100.00,,
5.430689094,2470,,rD044,3219648371,100.00,,
5.430689094,201097948,,rFF44,3219837033,100.00,,
5.430689094,34140252586,,instructions,3220072361,100.00,2.83,insn per cycle
5.430689094,12075110137,,cycles,3220045034,100.00,,
5.531292448,2804,,rD044,3218732614,100.00,,
5.531292448,241968845,,rFF44,3218406859,100.00,,
5.531292448,39074806756,,instructions,3218165433,100.00,3.24,insn per cycle
5.531292448,12066149412,,cycles,3217737599,100.00,,
5.631859392,2137,,rD044,3218566282,100.00,,
5.631859392,209537549,,rFF44,3218851710,100.00,,
5.631859392,35200934839,,instructions,3219282424,100.00,2.92,insn per cycle
5.631859392,12073500221,,cycles,3219614806,100.00,,
5.732510086,2838,,rD044,3220137007,100.00,,
5.732510086,212243170,,rFF44,3219812068,100.00,,
5.732510086,35438651703,,instructions,3219341982,100.00,2.94,insn per cycle
5.732510086,12070613413,,cycles,3218936462,100.00,,
5.833070810,2425,,rD044,3218239790,100.00,,
5.833070810,239001002,,rFF44,3218563854,100.00,,
5.833070810,38787235171,,instructions,3218748233,100.00,3.21,insn per cycle
5.833070810,12071805970,,cycles,3219163066,100.00,,
5.933685804,2714,,rD044,3219558324,100.00,,
5.933685804,201988065,,rFF44,3219553576,100.00,,
5.933685804,34219070550,,instructions,3219457554,100.00,2.83,insn per cycle
5.933685804,12071912607,,cycles,3219196574,100.00,,
6.034288538,1925,,rD044,3219433196,100.00,,
6.034288538,250644066,,rFF44,3220118574,100.00,,
6.034288538,40182412111,,instructions,3220561654,100.00,3.33,insn per cycle
6.034288538,12077326802,,cycles,3220636550,100.00,,
6.134934123,2789,,rD044,3220494838,100.00,,
6.134934123,202040770,,rFF44,3219594420,100.00,,
6.134934123,34233921767,,instructions,3219130025,100.00,2.84,insn per cycle
6.134934123,12072478860,,cycles,3219348364,100.00,,
6.235532747,2228,,rD044,3218834446,100.00,,
6.235532747,228020084,,rFF44,3218576928,100.00,,
6.235532747,37357355311,,instructions,3218345401,100.00,3.10,insn per cycle
6.235532747,12067228595,,cycles,3217943473,100.00,,
6.336093030,2315,,rD044,3218283108,100.00,,
6.336093030,223008609,,rFF44,3218654258,100.00,,
6.336093030,36830493612,,instructions,3218913900,100.00,3.05,insn per cycle
6.336093030,12072601376,,cycles,3219374333,100.00,,
6.436709234,2447,,rD044,3219541371,100.00,,
6.436709234,201606917,,rFF44,3219595764,100.00,,
6.436709234,34179174235,,instructions,3219856898,100.00,2.83,insn per cycle
6.436709234,12073864565,,cycles,3219713944,100.00,,
6.537326428,2372,,rD044,3219791774,100.00,,
6.537326428,250060887,,rFF44,3220165864,100.00,,
6.537326428,40088443908,,instructions,3220160223,100.00,3.32,insn per cycle
6.537326428,12075303572,,cycles,3220100254,100.00,,
6.640098358,3288,,rD044,3288690412,100.00,,
6.640098358,208221828,,rFF44,3288323124,100.00,,
6.640098358,35192071668,,instructions,3288157861,100.00,2.85,insn per cycle
6.640098358,12332518798,,cycles,3288693354,100.00,,
6.740716482,2874,,rD044,3219430483,100.00,,
6.740716482,239009200,,rFF44,3219055546,100.00,,
6.740716482,38695397748,,instructions,3218809526,100.00,3.21,insn per cycle
6.740716482,12067253048,,cycles,3217963442,100.00,,
6.841275055,2493,,rD044,3218122996,100.00,,
6.841275055,212781282,,rFF44,3218758090,100.00,,
6.841275055,35591712892,,instructions,3219164033,100.00,2.95,insn per cycle
6.841275055,12073267534,,cycles,3219553274,100.00,,
6.941886359,2250,,rD044,3219190686,100.00,,
6.941886359,209012303,,rFF44,3218511624,100.00,,
6.941886359,35026584541,,instructions,3218094823,100.00,2.90,insn per cycle
6.941886359,12066361971,,cycles,3217711898,100.00,,
7.042438703,2392,,rD044,3218714078,100.00,,
7.042438703,242578702,,rFF44,3219020606,100.00,,
7.042438703,39219112325,,instructions,3219208854,100.00,3.25,insn per cycle
7.042438703,12073138300,,cycles,3219518924,100.00,,
7.143064637,2848,,rD044,3219372166,100.00,,
7.143064637,201340784,,rFF44,3219517070,100.00,,
7.143064637,34147397537,,instructions,3219722360,100.00,2.83,insn per cycle
7.143064637,12075047643,,cycles,3220030468,100.00,,
7.243693121,2093,,rD044,3220065825,100.00,,
7.243693121,249744262,,rFF44,3219947264,100.00,,
7.243693121,40029492113,,instructions,3219730127,100.00,3.32,insn per cycle
7.243693121,12072448769,,cycles,3219336154,100.00,,
7.344294555,2943,,rD044,3219302769,100.00,,
7.344294555,201634066,,rFF44,3219680713,100.00,,
7.344294555,34181101819,,instructions,3219879573,100.00,2.83,insn per cycle
7.344294555,12074976413,,cycles,3220012632,100.00,,
7.444911360,2209,,rD044,3219322384,100.00,,
7.444911360,226362860,,rFF44,3218735129,100.00,,
7.444911360,37141177662,,instructions,3218423174,100.00,3.08,insn per cycle
7.444911360,12067725540,,cycles,3218075814,100.00,,
7.545477563,2544,,rD044,3218305075,100.00,,
7.545477563,225784923,,rFF44,3218441238,100.00,,
7.545477563,37156143699,,instructions,3218649560,100.00,3.08,insn per cycle
7.545477563,12071521023,,cycles,3219091994,100.00,,
7.646121518,3318,,rD044,3220678208,100.00,,
7.646121518,201338440,,rFF44,3220875683,100.00,,
7.646121518,34142247990,,instructions,3220911651,100.00,2.83,insn per cycle
7.646121518,12079304796,,cycles,3221185793,100.00,,
7.746750452,1845,,rD044,3219937336,100.00,,
7.746750452,250927222,,rFF44,3219811891,100.00,,
7.746750452,40183575843,,instructions,3219661448,100.00,3.33,insn per cycle
7.746750452,12071421324,,cycles,3219074611,100.00,,
7.847342996,2871,,rD044,3219130134,100.00,,
7.847342996,202430317,,rFF44,3219511174,100.00,,
7.847342996,34288835705,,instructions,3219532504,100.00,2.84,insn per cycle
7.847342996,12074195418,,cycles,3219807269,100.00,,
7.947961030,2209,,rD044,3219344840,100.00,,
7.947961030,241284902,,rFF44,3218632105,100.00,,
7.947961030,38962544356,,instructions,3218401461,100.00,3.23,insn per cycle
7.947961030,12067461141,,cycles,3218010450,100.00,,
8.048520404,2322,,rD044,3218139516,100.00,,
8.048520404,210482650,,rFF44,3218398603,100.00,,
8.048520404,35281983095,,instructions,3218729355,100.00,2.92,insn per cycle
8.048520404,12071295492,,cycles,3219026666,100.00,,
8.149117568,2554,,rD044,3218803619,100.00,,
8.149117568,211304647,,rFF44,3218609933,100.00,,
8.149117568,35304832882,,instructions,3218428605,100.00,2.93,insn per cycle
8.149117568,12068939533,,cycles,3218400360,100.00,,
8.249693681,2320,,rD044,3218633141,100.00,,
8.249693681,241039468,,rFF44,3218856874,100.00,,
8.249693681,39030041205,,instructions,3219035071,100.00,3.23,insn per cycle
8.249693681,12070937635,,cycles,3218931161,100.00,,
8.350293875,2926,,rD044,3219477710,100.00,,
8.350293875,201826602,,rFF44,3220389661,100.00,,
8.350293875,34185712733,,instructions,3220209974,100.00,2.83,insn per cycle
8.350293875,12075784743,,cycles,3220227793,100.00,,
8.450921099,1781,,rD044,3219743384,100.00,,
8.450921099,250167465,,rFF44,3218837277,100.00,,
8.450921099,40094188743,,instructions,3219116184,100.00,3.32,insn per cycle
8.450921099,12071706459,,cycles,3219140856,100.00,,
8.551517803,3025,,rD044,3219371888,100.00,,
8.551517803,201781599,,rFF44,3219566162,100.00,,
8.551517803,34196818594,,instructions,3219391286,100.00,2.83,insn per cycle
8.551517803,12072919660,,cycles,3219460074,100.00,,
8.652127137,2400,,rD044,3218907768,100.00,,
8.652127137,226962035,,rFF44,3218506197,100.00,,
8.652127137,37227002184,,instructions,3218421490,100.00,3.08,insn per cycle
8.652127137,12070368882,,cycles,3218792033,100.00,,
8.752726481,2366,,rD044,3219332204,100.00,,
8.752726481,225076816,,rFF44,3219591376,100.00,,
8.752726481,37076963850,,instructions,3219924134,100.00,3.07,insn per cycle
8.752726481,12073785139,,cycles,3219691066,100.00,,
8.853338876,2899,,rD044,3219745864,100.00,,
8.853338876,202049628,,rFF44,3219977137,100.00,,
8.853338876,34227485175,,instructions,3219741266,100.00,2.83,insn per cycle
8.853338876,12073369862,,cycles,3219581381,100.00,,
8.953947700,2143,,rD044,3219298277,100.00,,
8.953947700,250747421,,rFF44,3218910274,100.00,,
8.953947700,40175343314,,instructions,3218968020,100.00,3.33,insn per cycle
8.953947700,12071620252,,cycles,3219114934,100.00,,
9.054548094,2800,,rD044,3219243479,100.00,,
9.054548094,201804521,,rFF44,3219313429,100.00,,
9.054548094,34204684276,,instructions,3219157094,100.00,2.83,insn per cycle
9.054548094,12071725149,,cycles,3219142062,100.00,,
9.155146378,2432,,rD044,3218662405,100.00,,
9.155146378,242054211,,rFF44,3218392826,100.00,,
9.155146378,39086733291,,instructions,3218323958,100.00,3.24,insn per cycle
9.155146378,12068410858,,cycles,3218314013,100.00,,
9.255716851,2301,,rD044,3218511790,100.00,,
9.255716851,209960589,,rFF44,3218699954,100.00,,
9.255716851,35235207004,,instructions,3218858027,100.00,2.92,insn per cycle
9.255716851,12070620536,,cycles,3218847527,100.00,,
9.356306135,2331,,rD044,3218595354,100.00,,
9.356306135,211866455,,rFF44,3218792296,100.00,,
9.356306135,35402175388,,instructions,3218619234,100.00,2.93,insn per cycle
9.356306135,12068098385,,cycles,3218176509,100.00,,
9.456903179,2198,,rD044,3219329208,100.00,,
9.456903179,240558730,,rFF44,3219364830,100.00,,
9.456903179,38958191072,,instructions,3219461256,100.00,3.23,insn per cycle
9.456903179,12073988478,,cycles,3219744444,100.00,,
9.557501803,3354,,rD044,3218886197,100.00,,
9.557501803,201859869,,rFF44,3218787272,100.00,,
9.557501803,34212651813,,instructions,3218892129,100.00,2.83,insn per cycle
9.557501803,12070462972,,cycles,3218904604,100.00,,
9.658099097,2315,,rD044,3219092604,100.00,,
9.658099097,250317663,,rFF44,3219126841,100.00,,
9.658099097,40106826775,,instructions,3219170834,100.00,3.32,insn per cycle
9.658099097,12072989850,,cycles,3219509597,100.00,,
9.758715071,2959,,rD044,3219470725,100.00,,
9.758715071,202563659,,rFF44,3219490626,100.00,,
9.758715071,34313979500,,instructions,3219483225,100.00,2.84,insn per cycle
9.758715071,12071608490,,cycles,3219173148,100.00,,
9.859311285,2246,,rD044,3218792792,100.00,,
9.859311285,226446184,,rFF44,3218678954,100.00,,
9.859311285,37154854471,,instructions,3218396191,100.00,3.08,insn per cycle
9.859311285,12068068161,,cycles,3218173354,100.00,,
9.959879459,2339,,rD044,3218413153,100.00,,
9.959879459,225376283,,rFF44,3218590658,100.00,,
9.959879459,37120808225,,instructions,3218963214,100.00,3.07,insn per cycle
9.959879459,12072157183,,cycles,3219257472,100.00,,
10.060491113,2724,,rD044,3219519461,100.00,,
10.060491113,202064888,,rFF44,3219468518,100.00,,
10.060491113,34232107813,,instructions,3219479111,100.00,2.84,insn per cycle
10.060491113,12072834768,,cycles,3219437604,100.00,,
10.139657576,14234,,rD044,2414906890,100.00,,
10.139657576,136224580,,rFF44,2411421397,100.00,,
10.139657576,23574569813,,instructions,2408330728,100.00,2.61,insn per cycle
10.139657576,9019840058,,cycles,2405337485,100.00,,
