0.100131268,12084,,rD044,95925192,100.00,,
0.100131268,24601125,,rFF44,95931702,100.00,,
0.100131268,528107571,,instructions,95936853,100.00,1.48,insn per cycle
0.100131268,355961553,,cycles,95942063,100.00,,
0.200437418,1255,,rD044,100271236,100.00,,
0.200437418,28238249,,rFF44,100270316,100.00,,
0.200437418,593666907,,instructions,100270165,100.00,1.58,insn per cycle
0.200437418,375986856,,cycles,100269135,100.00,,
0.300651377,1346,,rD044,100213015,100.00,,
0.300651377,31553764,,rFF44,100214155,100.00,,
0.300651377,389940668,,instructions,100213445,100.00,1.04,insn per cycle
0.300651377,375798536,,cycles,100213305,100.00,,
0.400864396,898,,rD044,100212144,100.00,,
0.400864396,37920969,,rFF44,100211984,100.00,,
0.400864396,46818814,,instructions,100212184,100.00,0.12,insn per cycle
0.400864396,375794665,,cycles,100212404,100.00,,
0.501983785,17992945,,rD044,6621023908,100.00,,
0.501983785,238953605,,rFF44,7930284761,100.00,,
0.501983785,41262240306,,instructions,8638635908,100.00,1.22,insn per cycle
0.501983785,33814220064,,cycles,9019083571,100.00,,
0.629449542,45437318,,rD044,16257514169,100.00,,
0.629449542,447211173,,rFF44,15744874149,100.00,,
0.629449542,75556725548,,instructions,15403337544,100.00,1.31,insn per cycle
0.629449542,57766349336,,cycles,15406632756,100.00,,
0.749995498,45763133,,rD044,15255716313,100.00,,
0.749995498,426508242,,rFF44,14912535373,100.00,,
0.749995498,74422683309,,instructions,14916499335,100.00,1.33,insn per cycle
0.749995498,55810389494,,cycles,14882946634,100.00,,
0.866267224,45177838,,rD044,14810935323,100.00,,
0.866267224,422578821,,rFF44,14757676076,100.00,,
0.866267224,73443153149,,instructions,14739859819,100.00,1.33,insn per cycle
0.866267224,55315433180,,cycles,14750977572,100.00,,
0.981206755,45159777,,rD044,14730357829,100.00,,
0.981206755,422346962,,rFF44,14748453489,100.00,,
0.981206755,73421646161,,instructions,14739501495,100.00,1.33,insn per cycle
0.981206755,55197246881,,cycles,14719511612,100.00,,
1.096103955,44803939,,rD044,14723158890,100.00,,
1.096103955,422546760,,rFF44,14732869006,100.00,,
1.096103955,73496787357,,instructions,14741680640,100.00,1.33,insn per cycle
1.096103955,55320645835,,cycles,14752347318,100.00,,
1.211402890,45215423,,rD044,14745685446,100.00,,
1.211402890,422084197,,rFF44,14722300251,100.00,,
1.211402890,73476501242,,instructions,14735170837,100.00,1.33,insn per cycle
1.211402890,55221588532,,cycles,14726051900,100.00,,
1.326966688,44630049,,rD044,14756366222,100.00,,
1.326966688,422953936,,rFF44,14759398026,100.00,,
1.326966688,73447842593,,instructions,14738256610,100.00,1.33,insn per cycle
1.326966688,55299572090,,cycles,14746815784,100.00,,
1.442193372,44678760,,rD044,14736153827,100.00,,
1.442193372,421906605,,rFF44,14713810950,100.00,,
1.442193372,73352300729,,instructions,14709581399,100.00,1.33,insn per cycle
1.442193372,55154553808,,cycles,14708128144,100.00,,
1.556315183,45742043,,rD044,14661786441,100.00,,
1.556315183,422317858,,rFF44,14689939740,100.00,,
1.556315183,73325196076,,instructions,14713356604,100.00,1.33,insn per cycle
1.556315183,55194140888,,cycles,14720161972,100.00,,
1.672048763,45242496,,rD044,14767384562,100.00,,
1.672048763,422937375,,rFF44,14754396398,100.00,,
1.672048763,73621600655,,instructions,14763019357,100.00,1.33,insn per cycle
1.672048763,55341982920,,cycles,14758092296,100.00,,
1.787296447,44758288,,rD044,14752872482,100.00,,
1.787296447,422892477,,rFF44,14756037025,100.00,,
1.787296447,73786487909,,instructions,14796336166,100.00,1.33,insn per cycle
1.787296447,55610398801,,cycles,14830020417,100.00,,
1.903319211,45546615,,rD044,14771204022,100.00,,
1.903319211,422190120,,rFF44,14739113679,100.00,,
1.903319211,73075842008,,instructions,14673696597,100.00,1.33,insn per cycle
1.903319211,54877227725,,cycles,14634016447,100.00,,
2.017075498,43909518,,rD044,14699039482,100.00,,
2.017075498,423355581,,rFF44,14767791414,100.00,,
2.017075498,73738966224,,instructions,14794010175,100.00,1.33,insn per cycle
2.017075498,55476451640,,cycles,14795246352,100.00,,
2.132894429,44273183,,rD044,14782766431,100.00,,
2.132894429,420832311,,rFF44,14738307855,100.00,,
2.132894429,73459291934,,instructions,14753909220,100.00,1.32,insn per cycle
2.132894429,55443103771,,cycles,14787932662,100.00,,
2.248829631,44689540,,rD044,14809319756,100.00,,
2.248829631,422525540,,rFF44,14820447562,100.00,,
2.248829631,73519081593,,instructions,14786194020,100.00,1.33,insn per cycle
2.248829631,55313408459,,cycles,14753259446,100.00,,
2.364180776,44485496,,rD044,14764633840,100.00,,
2.364180776,422341180,,rFF44,14776416895,100.00,,
2.364180776,73754107255,,instructions,14808180452,100.00,1.33,insn per cycle
2.364180776,55618810409,,cycles,14832002435,100.00,,
2.479490641,45210539,,rD044,14742881503,100.00,,
2.479490641,422591677,,rFF44,14717543920,100.00,,
2.479490641,73289423058,,instructions,14695059193,100.00,1.33,insn per cycle
2.479490641,55069711286,,cycles,14685332186,100.00,,
2.594152929,45189781,,rD044,14715038053,100.00,,
2.594152929,422133917,,rFF44,14730451594,100.00,,
2.594152929,73419683787,,instructions,14730482504,100.00,1.33,insn per cycle
2.594152929,55304927982,,cycles,14749231315,100.00,,
2.709888069,45021967,,rD044,14753758822,100.00,,
2.709888069,422847133,,rFF44,14742302420,100.00,,
2.709888069,73709163247,,instructions,14766197337,100.00,1.33,insn per cycle
2.709888069,55390320602,,cycles,14770831421,100.00,,
2.825627989,45063737,,rD044,14752096808,100.00,,
2.825627989,422082573,,rFF44,14725830133,100.00,,
2.825627989,73157220080,,instructions,14687828699,100.00,1.33,insn per cycle
2.825627989,54906597693,,cycles,14642335383,100.00,,
2.939481807,45127007,,rD044,14686028266,100.00,,
2.939481807,421718951,,rFF44,14721942022,100.00,,
2.939481807,73392318451,,instructions,14720545146,100.00,1.33,insn per cycle
2.939481807,55265152543,,cycles,14738575032,100.00,,
3.054725421,44624728,,rD044,14736570092,100.00,,
3.054725421,421586550,,rFF44,14755906961,100.00,,
3.054725421,73519398997,,instructions,14764914822,100.00,1.33,insn per cycle
3.054725421,55342462587,,cycles,14760427935,100.00,,
3.170223288,45739899,,rD044,14762960045,100.00,,
3.170223288,422434368,,rFF44,14739683674,100.00,,
3.170223288,73434057698,,instructions,14736664808,100.00,1.33,insn per cycle
3.170223288,55284288371,,cycles,14742616041,100.00,,
3.285256040,44821828,,rD044,14729466403,100.00,,
3.285256040,422192529,,rFF44,14713713245,100.00,,
3.285256040,73307434111,,instructions,14697013515,100.00,1.33,insn per cycle
3.285256040,55098022797,,cycles,14695195264,100.00,,
3.400242441,44738064,,rD044,14712481265,100.00,,
3.400242441,422301448,,rFF44,14721874462,100.00,,
3.400242441,73434576452,,instructions,14726105032,100.00,1.33,insn per cycle
3.400242441,55177824694,,cycles,14714192033,100.00,,
3.515279913,45181663,,rD044,14711109629,100.00,,
3.515279913,422701258,,rFF44,14743872831,100.00,,
3.515279913,73760416356,,instructions,14793219478,100.00,1.33,insn per cycle
3.515279913,55600489300,,cycles,14826901362,100.00,,
3.631017863,44831368,,rD044,14798224353,100.00,,
3.631017863,421725513,,rFF44,14761634551,100.00,,
3.631017863,73355059762,,instructions,14738721395,100.00,1.33,insn per cycle
3.631017863,55199119911,,cycles,14720545316,100.00,,
3.746059175,44908286,,rD044,14732184401,100.00,,
3.746059175,421930010,,rFF44,14733384879,100.00,,
3.746059175,73346164956,,instructions,14720817056,100.00,1.33,insn per cycle
3.746059175,55187969006,,cycles,14717013036,100.00,,
3.861256859,44854419,,rD044,14713646953,100.00,,
3.861256859,421836772,,rFF44,14711783912,100.00,,
3.861256859,73338603403,,instructions,14713199490,100.00,1.33,insn per cycle
3.861256859,55166844423,,cycles,14712343639,100.00,,
3.976278900,45145647,,rD044,14755955286,100.00,,
3.976278900,423242144,,rFF44,14762193389,100.00,,
3.976278900,73594913674,,instructions,14757125176,100.00,1.33,insn per cycle
3.976278900,55363487552,,cycles,14763884473,100.00,,
4.091141050,44439177,,rD044,14720700489,100.00,,
4.091141050,421837451,,rFF44,14724265154,100.00,,
4.091141050,73343116558,,instructions,14719561026,100.00,1.33,insn per cycle
4.091141050,55150869445,,cycles,14706994000,100.00,,
4.206130151,44374071,,rD044,14716368008,100.00,,
4.206130151,420172555,,rFF44,14690559509,100.00,,
4.206130151,73271124494,,instructions,14710956821,100.00,1.33,insn per cycle
4.206130151,55256703113,,cycles,14736288073,100.00,,
4.322242526,44340766,,rD044,14829225152,100.00,,
4.322242526,424602901,,rFF44,14858602841,100.00,,
4.322242526,73912772528,,instructions,14840002472,100.00,1.33,insn per cycle
4.322242526,55553259172,,cycles,14815660103,100.00,,
4.437270537,44992883,,rD044,14742541467,100.00,,
4.437270537,421977387,,rFF44,14720287055,100.00,,
4.437270537,73342181144,,instructions,14717812263,100.00,1.33,insn per cycle
4.437270537,55157113308,,cycles,14708769729,100.00,,
4.552238798,44824497,,rD044,14702764673,100.00,,
4.552238798,422278879,,rFF44,14729189550,100.00,,
4.552238798,73543986739,,instructions,14758031085,100.00,1.33,insn per cycle
4.552238798,55433526011,,cycles,14782504426,100.00,,
4.667460402,45052863,,rD044,14748171406,100.00,,
4.667460402,422914250,,rFF44,14749046822,100.00,,
4.667460402,73650988388,,instructions,14772054987,100.00,1.33,insn per cycle
4.667460402,55308549178,,cycles,14749114305,100.00,,
4.782809168,44990437,,rD044,14744256877,100.00,,
4.782809168,421790042,,rFF44,14727642715,100.00,,
4.782809168,73104676517,,instructions,14669980239,100.00,1.33,insn per cycle
4.782809168,55000097614,,cycles,14667276477,100.00,,
4.897224432,44545142,,rD044,14699678263,100.00,,
4.897224432,421545598,,rFF44,14702686061,100.00,,
4.897224432,73346154071,,instructions,14711414089,100.00,1.33,insn per cycle
4.897224432,55236109567,,cycles,14730499563,100.00,,
5.012598058,45021621,,rD044,14743258877,100.00,,
5.012598058,422828776,,rFF44,14751558617,100.00,,
5.012598058,73631658192,,instructions,14762105699,100.00,1.33,insn per cycle
5.012598058,55350017534,,cycles,14760437144,100.00,,
5.127748161,44318760,,rD044,14728413396,100.00,,
5.127748161,422435845,,rFF44,14741292745,100.00,,
5.127748161,73599993115,,instructions,14766959843,100.00,1.33,insn per cycle
5.127748161,55365329554,,cycles,14764411301,100.00,,
5.243074617,45003876,,rD044,14751208062,100.00,,
5.243074617,422675465,,rFF44,14747455202,100.00,,
5.243074617,73510347430,,instructions,14738436573,100.00,1.33,insn per cycle
5.243074617,55319224842,,cycles,14753056338,100.00,,
5.358331951,44755203,,rD044,14735675654,100.00,,
5.358331951,421643056,,rFF44,14704876220,100.00,,
5.358331951,73238789037,,instructions,14684678671,100.00,1.33,insn per cycle
5.358331951,55004418056,,cycles,14667963722,100.00,,
5.473120010,44895106,,rD044,14721212622,100.00,,
5.473120010,422358347,,rFF44,14742378574,100.00,,
5.473120010,73722313513,,instructions,14785492155,100.00,1.33,insn per cycle
5.473120010,55549882134,,cycles,14813753938,100.00,,
5.589019402,44745935,,rD044,14764276307,100.00,,
5.589019402,422029230,,rFF44,14729327495,100.00,,
5.589019402,73055960178,,instructions,14678107895,100.00,1.33,insn per cycle
5.589019402,54916205871,,cycles,14644541159,100.00,,
5.703222294,44317097,,rD044,14697503783,100.00,,
5.703222294,422389442,,rFF44,14738005593,100.00,,
5.703222294,73479945966,,instructions,14746397424,100.00,1.33,insn per cycle
5.703222294,55325021154,,cycles,14753429883,100.00,,
5.818124234,44723658,,rD044,14710476019,100.00,,
5.818124234,421434193,,rFF44,14696283266,100.00,,
5.818124234,73464765350,,instructions,14732235030,100.00,1.33,insn per cycle
5.818124234,55218658310,,cycles,14725754171,100.00,,
5.933439869,45200184,,rD044,14740260520,100.00,,
5.933439869,422352413,,rFF44,14732732944,100.00,,
5.933439869,73174478950,,instructions,14685191638,100.00,1.33,insn per cycle
5.933439869,55026768185,,cycles,14674569884,100.00,,
6.047996325,44098505,,rD044,14668995521,100.00,,
6.047996325,421322720,,rFF44,14701770157,100.00,,
6.047996325,73252157181,,instructions,14697621085,100.00,1.33,insn per cycle
6.047996325,55142468096,,cycles,14707553771,100.00,,
6.163133328,44221604,,rD044,14784666861,100.00,,
6.163133328,423761950,,rFF44,14797470147,100.00,,
6.163133328,73972091923,,instructions,14828298136,100.00,1.33,insn per cycle
6.163133328,55604844224,,cycles,14829975725,100.00,,
6.279461335,44427299,,rD044,14805086969,100.00,,
6.279461335,422115816,,rFF44,14767661395,100.00,,
6.279461335,73551138970,,instructions,14765596117,100.00,1.33,insn per cycle
6.279461335,55439808154,,cycles,14786876688,100.00,,
6.316957293,8256088,,rD044,3640692771,100.00,,
6.316957293,34936440,,rFF44,3243885245,100.00,,
6.316957293,10802338656,,instructions,2873690382,100.00,1.15,insn per cycle
6.316957293,9379210703,,cycles,2501657045,100.00,,
