0.100128579,4595853,,rD044,92001618,100.00,,
0.100128579,20308426,,rFF44,92007668,100.00,,
0.100128579,440607424,,instructions,92012298,100.00,1.29,insn per cycle
0.100128579,341068780,,cycles,92017078,100.00,,
0.200431721,5490567,,rD044,100297525,100.00,,
0.200431721,23998823,,rFF44,100297985,100.00,,
0.200431721,505939656,,instructions,100298605,100.00,1.35,insn per cycle
0.200431721,376116967,,cycles,100298345,100.00,,
0.300662241,5490374,,rD044,100229955,100.00,,
0.300662241,23937370,,rFF44,100229645,100.00,,
0.300662241,504448735,,instructions,100228675,100.00,1.34,insn per cycle
0.300662241,375856115,,cycles,100228785,100.00,,
0.400874602,6768043,,rD044,100211445,100.00,,
0.400874602,29307847,,rFF44,100211085,100.00,,
0.400874602,81428666,,instructions,100211875,100.00,0.22,insn per cycle
0.400874602,375793027,,cycles,100211955,100.00,,
0.501090592,6905852,,rD044,100215675,100.00,,
0.501090592,30234066,,rFF44,100216655,100.00,,
0.501090592,37761367,,instructions,100216555,100.00,0.10,insn per cycle
0.501090592,375810483,,cycles,100216615,100.00,,
0.601300512,2991905,,rD044,939825687,100.00,,
0.601300512,95825886,,rFF44,940875257,100.00,,
0.601300512,12836408014,,instructions,941563287,100.00,3.63,insn per cycle
0.601300512,3531983437,,cycles,942220470,100.00,,
0.701714435,60987,,rD044,1606573263,100.00,,
0.701714435,142652687,,rFF44,1606539436,100.00,,
0.701714435,22225236437,,instructions,1606531536,100.00,3.69,insn per cycle
0.701714435,6024455861,,cycles,1606546083,100.00,,
0.802098577,63296,,rD044,1605932542,100.00,,
0.802098577,147356853,,rFF44,1605869458,100.00,,
0.802098577,22800852859,,instructions,1605844885,100.00,3.79,insn per cycle
0.802098577,6021666852,,cycles,1605811035,100.00,,
0.902479549,60345,,rD044,1606037195,100.00,,
0.902479549,143182620,,rFF44,1606100806,100.00,,
0.902479549,22231810756,,instructions,1606151619,100.00,3.69,insn per cycle
0.902479549,6022894044,,cycles,1606166304,100.00,,
1.002859292,58981,,rD044,1605885815,100.00,,
1.002859292,141907434,,rFF44,1605720366,100.00,,
1.002859292,22102760818,,instructions,1605650076,100.00,3.67,insn per cycle
1.002859292,6021055393,,cycles,1605629591,100.00,,
1.103215904,56079,,rD044,1605701031,100.00,,
1.103215904,141818558,,rFF44,1605692980,100.00,,
1.103215904,22050509756,,instructions,1605675360,100.00,3.66,insn per cycle
1.103215904,6021137909,,cycles,1605648655,100.00,,
1.203567325,57660,,rD044,1605557774,100.00,,
1.203567325,141401091,,rFF44,1605562996,100.00,,
1.203567325,21983527202,,instructions,1605567836,100.00,3.65,insn per cycle
1.203567325,6020917018,,cycles,1605590051,100.00,,
1.303919167,54768,,rD044,1605567822,100.00,,
1.303919167,139983351,,rFF44,1605567340,100.00,,
1.303919167,21848094308,,instructions,1605582340,100.00,3.63,insn per cycle
1.303919167,6020825814,,cycles,1605566621,100.00,,
1.404268519,56689,,rD044,1605528840,100.00,,
1.404268519,143516291,,rFF44,1605504275,100.00,,
1.404268519,22274474080,,instructions,1605491045,100.00,3.70,insn per cycle
1.404268519,6020526185,,cycles,1605494974,100.00,,
1.504609011,55398,,rD044,1605393465,100.00,,
1.504609011,141887996,,rFF44,1605441570,100.00,,
1.504609011,22097363084,,instructions,1605505920,100.00,3.67,insn per cycle
1.504609011,6020708460,,cycles,1605546277,100.00,,
1.604970733,56880,,rD044,1605676059,100.00,,
1.604970733,144337533,,rFF44,1605683364,100.00,,
1.604970733,22409060834,,instructions,1605654895,100.00,3.72,insn per cycle
1.604970733,6021038397,,cycles,1605623808,100.00,,
1.705329655,56194,,rD044,1605780536,100.00,,
1.705329655,144404702,,rFF44,1605791661,100.00,,
1.705329655,22409471984,,instructions,1605776930,100.00,3.72,insn per cycle
1.705329655,6021699069,,cycles,1605794880,100.00,,
1.805702797,55638,,rD044,1605793753,100.00,,
1.805702797,141198576,,rFF44,1605734536,100.00,,
1.805702797,22008651352,,instructions,1605749256,100.00,3.66,insn per cycle
1.805702797,6021353984,,cycles,1605712956,100.00,,
1.906050129,55288,,rD044,1605619773,100.00,,
1.906050129,142941227,,rFF44,1605668470,100.00,,
1.906050129,22197691551,,instructions,1605678380,100.00,3.69,insn per cycle
1.906050129,6021331623,,cycles,1605701553,100.00,,
2.006445931,55093,,rD044,1606257702,100.00,,
2.006445931,141551039,,rFF44,1606373045,100.00,,
2.006445931,22053067901,,instructions,1606402285,100.00,3.66,insn per cycle
2.006445931,6023974359,,cycles,1606415662,100.00,,
2.106815733,57145,,rD044,1605880733,100.00,,
2.106815733,142717773,,rFF44,1605724580,100.00,,
2.106815733,22200542650,,instructions,1605674986,100.00,3.69,insn per cycle
2.106815733,6021166336,,cycles,1605651826,100.00,,
2.207170735,56787,,rD044,1605648255,100.00,,
2.207170735,144854276,,rFF44,1605681585,100.00,,
2.207170735,22445300169,,instructions,1605681589,100.00,3.73,insn per cycle
2.207170735,6021338159,,cycles,1605703319,100.00,,
2.307533868,55266,,rD044,1605782810,100.00,,
2.307533868,140790391,,rFF44,1605790085,100.00,,
2.307533868,21929870750,,instructions,1605779526,100.00,3.64,insn per cycle
2.307533868,6021681935,,cycles,1605789506,100.00,,
2.407888939,55217,,rD044,1605643096,100.00,,
2.407888939,140225827,,rFF44,1605635191,100.00,,
2.407888939,21868310036,,instructions,1605628770,100.00,3.63,insn per cycle
2.407888939,6020920320,,cycles,1605593390,100.00,,
2.508237791,58134,,rD044,1605448109,100.00,,
2.508237791,142946515,,rFF44,1605420819,100.00,,
2.508237791,22153483404,,instructions,1605443095,100.00,3.68,insn per cycle
2.508237791,6020405681,,cycles,1605470425,100.00,,
2.608592663,55125,,rD044,1605651066,100.00,,
2.608592663,141838972,,rFF44,1605685296,100.00,,
2.608592663,22090352501,,instructions,1605691540,100.00,3.67,insn per cycle
2.608592663,6021383079,,cycles,1605710480,100.00,,
2.708958285,57043,,rD044,1605793890,100.00,,
2.708958285,140832196,,rFF44,1605831127,100.00,,
2.708958285,21983006803,,instructions,1605828946,100.00,3.65,insn per cycle
2.708958285,6021617106,,cycles,1605783196,100.00,,
2.809315817,56420,,rD044,1605614086,100.00,,
2.809315817,141434309,,rFF44,1605489979,100.00,,
2.809315817,22022869265,,instructions,1605455500,100.00,3.66,insn per cycle
2.809315817,6020360518,,cycles,1605436800,100.00,,
2.909679279,54678,,rD044,1605742980,100.00,,
2.909679279,139865513,,rFF44,1605716034,100.00,,
2.909679279,21830631364,,instructions,1605688696,100.00,3.63,insn per cycle
2.909679279,6021245545,,cycles,1605679156,100.00,,
3.010012081,55102,,rD044,1605340545,100.00,,
3.010012081,139878887,,rFF44,1605428332,100.00,,
3.010012081,21837686125,,instructions,1605455930,100.00,3.63,insn per cycle
3.010012081,6020467605,,cycles,1605465300,100.00,,
3.110357523,59579,,rD044,1605525130,100.00,,
3.110357523,143191495,,rFF44,1605571969,100.00,,
3.110357523,22268383141,,instructions,1605622143,100.00,3.70,insn per cycle
3.110357523,6021559518,,cycles,1605767695,100.00,,
3.210722325,56174,,rD044,1605777275,100.00,,
3.210722325,145735517,,rFF44,1605687186,100.00,,
3.210722325,22561922667,,instructions,1605662822,100.00,3.75,insn per cycle
3.210722325,6020768364,,cycles,1605545920,100.00,,
3.311067957,54647,,rD044,1605484401,100.00,,
3.311067957,139051549,,rFF44,1605525470,100.00,,
3.311067957,21678959731,,instructions,1605525241,100.00,3.60,insn per cycle
3.311067957,6020714079,,cycles,1605536216,100.00,,
3.411420709,57241,,rD044,1605565491,100.00,,
3.411420709,143885593,,rFF44,1605524756,100.00,,
3.411420709,22328189058,,instructions,1605669275,100.00,3.71,insn per cycle
3.411420709,6021153547,,cycles,1605657120,100.00,,
3.511772511,57326,,rD044,1605561445,100.00,,
3.511772511,141886169,,rFF44,1605632280,100.00,,
3.511772511,22076203146,,instructions,1605516100,100.00,3.67,insn per cycle
3.511772511,6020686970,,cycles,1605541706,100.00,,
3.612129223,56560,,rD044,1605688131,100.00,,
3.612129223,144725926,,rFF44,1605639446,100.00,,
3.612129223,22465617097,,instructions,1605585606,100.00,3.73,insn per cycle
3.612129223,6020774112,,cycles,1605554840,100.00,,
3.712478394,54883,,rD044,1605561604,100.00,,
3.712478394,139396103,,rFF44,1605715029,100.00,,
3.712478394,21781789677,,instructions,1605794941,100.00,3.62,insn per cycle
3.712478394,6021819078,,cycles,1605836525,100.00,,
3.812850246,56073,,rD044,1605827013,100.00,,
3.812850246,143127259,,rFF44,1605655026,100.00,,
3.812850246,22230502433,,instructions,1605606904,100.00,3.69,insn per cycle
3.812850246,6020838370,,cycles,1605570060,100.00,,
3.913231129,55308,,rD044,1606043452,100.00,,
3.913231129,143359972,,rFF44,1606078515,100.00,,
3.913231129,22279067184,,instructions,1606069195,100.00,3.70,insn per cycle
3.913231129,6022714013,,cycles,1606070255,100.00,,
4.013578191,55262,,rD044,1605560356,100.00,,
4.013578191,140189997,,rFF44,1605569920,100.00,,
4.013578191,21874106053,,instructions,1605601040,100.00,3.63,insn per cycle
4.013578191,6021004034,,cycles,1605612620,100.00,,
4.113926432,56454,,rD044,1605453380,100.00,,
4.113926432,144864887,,rFF44,1605389790,100.00,,
4.113926432,22458494463,,instructions,1605384014,100.00,3.73,insn per cycle
4.113926432,6020106066,,cycles,1605375286,100.00,,
4.214274204,54682,,rD044,1605606494,100.00,,
4.214274204,140246939,,rFF44,1605672316,100.00,,
4.214274204,21860260411,,instructions,1605677992,100.00,3.63,insn per cycle
4.214274204,6021260114,,cycles,1605679590,100.00,,
4.314641616,58258,,rD044,1605814382,100.00,,
4.314641616,145297634,,rFF44,1605835333,100.00,,
4.314641616,22523082601,,instructions,1605814066,100.00,3.74,insn per cycle
4.314641616,6021694668,,cycles,1605799186,100.00,,
4.414997468,57170,,rD044,1605638906,100.00,,
4.414997468,144871219,,rFF44,1605589543,100.00,,
4.414997468,22479240696,,instructions,1605578450,100.00,3.73,insn per cycle
4.414997468,6021003285,,cycles,1605618790,100.00,,
4.515343000,55827,,rD044,1605397630,100.00,,
4.515343000,142395246,,rFF44,1605361070,100.00,,
4.515343000,22158567738,,instructions,1605361102,100.00,3.68,insn per cycle
4.515343000,6019907202,,cycles,1605337986,100.00,,
4.615711042,58565,,rD044,1605742526,100.00,,
4.615711042,146094870,,rFF44,1605790276,100.00,,
4.615711042,22634181278,,instructions,1605821104,100.00,3.76,insn per cycle
4.615711042,6021658890,,cycles,1605834470,100.00,,
4.716072894,57168,,rD044,1605689518,100.00,,
4.716072894,145813824,,rFF44,1605645280,100.00,,
4.716072894,22616825876,,instructions,1605592614,100.00,3.76,insn per cycle
4.716072894,6020765735,,cycles,1605562374,100.00,,
4.816421216,57131,,rD044,1605604556,100.00,,
4.816421216,146454446,,rFF44,1605679044,100.00,,
4.816421216,22691100725,,instructions,1605749940,100.00,3.77,insn per cycle
4.816421216,6021399141,,cycles,1605750760,100.00,,
4.916781348,56818,,rD044,1605579480,100.00,,
4.916781348,144431105,,rFF44,1605594325,100.00,,
4.916781348,22397276299,,instructions,1605523666,100.00,3.72,insn per cycle
4.916781348,6020596566,,cycles,1605527996,100.00,,
5.017131640,55236,,rD044,1605591466,100.00,,
5.017131640,139853297,,rFF44,1605525811,100.00,,
5.017131640,21833382612,,instructions,1605543090,100.00,3.63,insn per cycle
5.017131640,6020754806,,cycles,1605542250,100.00,,
5.117475762,55253,,rD044,1605421240,100.00,,
5.117475762,140778496,,rFF44,1605435400,100.00,,
5.117475762,21956425066,,instructions,1605423712,100.00,3.65,insn per cycle
5.117475762,6020328147,,cycles,1605434666,100.00,,
5.217821494,57022,,rD044,1605520311,100.00,,
5.217821494,144375394,,rFF44,1605498586,100.00,,
5.217821494,22419835893,,instructions,1605500814,100.00,3.72,insn per cycle
5.217821494,6020534630,,cycles,1605484100,100.00,,
5.318169346,56208,,rD044,1605617795,100.00,,
5.318169346,141321283,,rFF44,1605683100,100.00,,
5.318169346,22022962851,,instructions,1605668707,100.00,3.66,insn per cycle
5.318169346,6021248845,,cycles,1605673736,100.00,,
5.418536388,56937,,rD044,1605720272,100.00,,
5.418536388,145491930,,rFF44,1605617266,100.00,,
5.418536388,22547434944,,instructions,1605657169,100.00,3.74,insn per cycle
5.418536388,6021238626,,cycles,1605684830,100.00,,
5.518875409,54430,,rD044,1605393873,100.00,,
5.518875409,139217623,,rFF44,1605431829,100.00,,
5.518875409,21757872971,,instructions,1605413111,100.00,3.61,insn per cycle
5.518875409,6020131028,,cycles,1605395045,100.00,,
5.619218881,56572,,rD044,1605382182,100.00,,
5.619218881,145294745,,rFF44,1605360205,100.00,,
5.619218881,22531666200,,instructions,1605371783,100.00,3.74,insn per cycle
5.619218881,6020008046,,cycles,1605349089,100.00,,
5.719592283,57070,,rD044,1605976793,100.00,,
5.719592283,144699187,,rFF44,1605997140,100.00,,
5.719592283,22444270308,,instructions,1605996565,100.00,3.73,insn per cycle
5.719592283,6022597655,,cycles,1606039386,100.00,,
5.819943965,57393,,rD044,1605574778,100.00,,
5.819943965,144066426,,rFF44,1605600866,100.00,,
5.819943965,22346599863,,instructions,1605608951,100.00,3.71,insn per cycle
5.819943965,6020853517,,cycles,1605577190,100.00,,
5.920295847,56308,,rD044,1605615048,100.00,,
5.920295847,144952166,,rFF44,1605570050,100.00,,
5.920295847,22456294573,,instructions,1605525160,100.00,3.73,insn per cycle
5.920295847,6020613620,,cycles,1605504846,100.00,,
6.020664829,56072,,rD044,1605832161,100.00,,
6.020664829,142402308,,rFF44,1605855056,100.00,,
6.020664829,22161117121,,instructions,1605927006,100.00,3.68,insn per cycle
6.020664829,6022320289,,cycles,1605968770,100.00,,
6.121022831,56079,,rD044,1605614015,100.00,,
6.121022831,144479429,,rFF44,1605588920,100.00,,
6.121022831,22429218758,,instructions,1605558817,100.00,3.73,insn per cycle
6.121022831,6020726395,,cycles,1605540646,100.00,,
6.221362513,56063,,rD044,1605428266,100.00,,
6.221362513,143627717,,rFF44,1605493215,100.00,,
6.221362513,22309858454,,instructions,1605481638,100.00,3.71,insn per cycle
6.221362513,6021170174,,cycles,1605658309,100.00,,
6.321735275,56896,,rD044,1605933779,100.00,,
6.321735275,143682210,,rFF44,1605887020,100.00,,
6.321735275,22292418784,,instructions,1605877028,100.00,3.70,insn per cycle
6.321735275,6021300517,,cycles,1605687876,100.00,,
6.422080397,55459,,rD044,1605447158,100.00,,
6.422080397,141032670,,rFF44,1605474885,100.00,,
6.422080397,21965423321,,instructions,1605509477,100.00,3.65,insn per cycle
6.422080397,6020624437,,cycles,1605520189,100.00,,
6.522433359,56139,,rD044,1605532227,100.00,,
6.522433359,140847286,,rFF44,1605494280,100.00,,
6.522433359,21933870177,,instructions,1605571804,100.00,3.64,insn per cycle
6.522433359,6020893542,,cycles,1605594726,100.00,,
6.622784081,56662,,rD044,1605591416,100.00,,
6.622784081,140122904,,rFF44,1605624166,100.00,,
6.622784081,21863259117,,instructions,1605537052,100.00,3.63,insn per cycle
6.622784081,6020640536,,cycles,1605518050,100.00,,
6.723133173,54999,,rD044,1605608500,100.00,,
6.723133173,139818215,,rFF44,1605646970,100.00,,
6.723133173,21837850956,,instructions,1605631020,100.00,3.63,insn per cycle
6.723133173,6021115146,,cycles,1605638106,100.00,,
6.823500455,57778,,rD044,1605876201,100.00,,
6.823500455,144125819,,rFF44,1605870246,100.00,,
6.823500455,22377429250,,instructions,1605904596,100.00,3.72,insn per cycle
6.823500455,6022186344,,cycles,1605935290,100.00,,
6.923863857,57590,,rD044,1605665205,100.00,,
6.923863857,146623891,,rFF44,1605634220,100.00,,
6.923863857,22693206800,,instructions,1605596007,100.00,3.77,insn per cycle
6.923863857,6020741747,,cycles,1605539136,100.00,,
7.024209399,56676,,rD044,1605446366,100.00,,
7.024209399,143702547,,rFF44,1605385905,100.00,,
7.024209399,22325348726,,instructions,1605374848,100.00,3.71,insn per cycle
7.024209399,6020060418,,cycles,1605365519,100.00,,
7.124546080,55344,,rD044,1605389449,100.00,,
7.124546080,140773230,,rFF44,1605407480,100.00,,
7.124546080,21963615090,,instructions,1605442830,100.00,3.65,insn per cycle
7.124546080,6020521248,,cycles,1605480400,100.00,,
7.224890322,55263,,rD044,1605463399,100.00,,
7.224890322,142288542,,rFF44,1605493314,100.00,,
7.224890322,22168488761,,instructions,1605494975,100.00,3.68,insn per cycle
7.224890322,6020539829,,cycles,1605490415,100.00,,
7.325242694,59473,,rD044,1605589866,100.00,,
7.325242694,144405262,,rFF44,1605563551,100.00,,
7.325242694,22369428554,,instructions,1605526470,100.00,3.72,insn per cycle
7.325242694,6020593602,,cycles,1605499641,100.00,,
7.425586536,55725,,rD044,1605376800,100.00,,
7.425586536,140370245,,rFF44,1605371008,100.00,,
7.425586536,21908372221,,instructions,1605352996,100.00,3.64,insn per cycle
7.425586536,6019961822,,cycles,1605343745,100.00,,
7.525920268,56959,,rD044,1605295486,100.00,,
7.525920268,139964889,,rFF44,1605260188,100.00,,
7.525920268,21848563135,,instructions,1605275970,100.00,3.63,insn per cycle
7.525920268,6019806128,,cycles,1605296300,100.00,,
7.626279180,54770,,rD044,1605692520,100.00,,
7.626279180,140026854,,rFF44,1605690390,100.00,,
7.626279180,21876057665,,instructions,1605692425,100.00,3.63,insn per cycle
7.626279180,6021323669,,cycles,1605699336,100.00,,
7.726612781,54589,,rD044,1605303892,100.00,,
7.726612781,139953994,,rFF44,1605319416,100.00,,
7.726612781,21842366167,,instructions,1605325221,100.00,3.63,insn per cycle
7.726612781,6019873690,,cycles,1605313330,100.00,,
7.826952923,59261,,rD044,1605433413,100.00,,
7.826952923,142935687,,rFF44,1605499649,100.00,,
7.826952923,22243805699,,instructions,1605513562,100.00,3.69,insn per cycle
7.826952923,6020644968,,cycles,1605522455,100.00,,
7.927297025,55210,,rD044,1605494665,100.00,,
7.927297025,140825041,,rFF44,1605507686,100.00,,
7.927297025,21937009640,,instructions,1605515473,100.00,3.64,insn per cycle
7.927297025,6020739000,,cycles,1605541590,100.00,,
8.027658627,56041,,rD044,1605731811,100.00,,
8.027658627,141699303,,rFF44,1605725420,100.00,,
8.027658627,22054015613,,instructions,1605705731,100.00,3.66,insn per cycle
8.027658627,6021365199,,cycles,1605710846,100.00,,
8.128003899,56280,,rD044,1605438702,100.00,,
8.128003899,144619805,,rFF44,1605378126,100.00,,
8.128003899,22444156568,,instructions,1605403885,100.00,3.73,insn per cycle
8.128003899,6020246591,,cycles,1605407210,100.00,,
8.228348820,56873,,rD044,1605606874,100.00,,
8.228348820,140882892,,rFF44,1605693470,100.00,,
8.228348820,21950428331,,instructions,1605696710,100.00,3.65,insn per cycle
8.228348820,6021828295,,cycles,1605827992,100.00,,
8.328717523,57586,,rD044,1605839286,100.00,,
8.328717523,145757280,,rFF44,1605876506,100.00,,
8.328717523,22573405907,,instructions,1605879866,100.00,3.75,insn per cycle
8.328717523,6021594946,,cycles,1605772264,100.00,,
8.429082195,56166,,rD044,1605770530,100.00,,
8.429082195,141724869,,rFF44,1605702790,100.00,,
8.429082195,22101751906,,instructions,1605670352,100.00,3.67,insn per cycle
8.429082195,6021010504,,cycles,1605617796,100.00,,
8.529429116,55962,,rD044,1605409623,100.00,,
8.529429116,141535883,,rFF44,1605406195,100.00,,
8.529429116,22062513518,,instructions,1605732863,100.00,3.66,insn per cycle
8.529429116,6021608148,,cycles,1605783929,100.00,,
8.629790898,58759,,rD044,1605697021,100.00,,
8.629790898,143882469,,rFF44,1605688469,100.00,,
8.629790898,22330116661,,instructions,1605357609,100.00,3.71,insn per cycle
8.629790898,6019694259,,cycles,1605302655,100.00,,
8.730139820,56365,,rD044,1605495634,100.00,,
8.730139820,140552490,,rFF44,1605558005,100.00,,
8.730139820,21919379752,,instructions,1605616965,100.00,3.64,insn per cycle
8.730139820,6021150283,,cycles,1605675759,100.00,,
8.830517803,57803,,rD044,1606154051,100.00,,
8.830517803,144641248,,rFF44,1606057340,100.00,,
8.830517803,22437861247,,instructions,1606008241,100.00,3.73,insn per cycle
8.830517803,6022259575,,cycles,1605966266,100.00,,
8.930880585,57259,,rD044,1605463222,100.00,,
8.930880585,147067427,,rFF44,1605482106,100.00,,
8.930880585,22759218931,,instructions,1605516865,100.00,3.78,insn per cycle
8.930880585,6020571447,,cycles,1605522950,100.00,,
9.031227386,56826,,rD044,1605566664,100.00,,
9.031227386,146327807,,rFF44,1605550280,100.00,,
9.031227386,22667756560,,instructions,1605504385,100.00,3.77,insn per cycle
9.031227386,6020506631,,cycles,1605476736,100.00,,
9.131572268,56106,,rD044,1605422577,100.00,,
9.131572268,144871170,,rFF44,1605432506,100.00,,
9.131572268,22457983030,,instructions,1605467931,100.00,3.73,insn per cycle
9.131572268,6020557410,,cycles,1605495590,100.00,,
9.231922050,56858,,rD044,1605608139,100.00,,
9.231922050,144638421,,rFF44,1605667480,100.00,,
9.231922050,22435548659,,instructions,1605636970,100.00,3.73,insn per cycle
9.231922050,6020990836,,cycles,1605605226,100.00,,
9.332273792,55727,,rD044,1605551733,100.00,,
9.332273792,141641314,,rFF44,1605529425,100.00,,
9.332273792,22067681061,,instructions,1605555875,100.00,3.67,insn per cycle
9.332273792,6020879948,,cycles,1605580919,100.00,,
9.432671164,55766,,rD044,1606279742,100.00,,
9.432671164,140584166,,rFF44,1606197220,100.00,,
9.432671164,21937301958,,instructions,1606163442,100.00,3.64,insn per cycle
9.432671164,6023069293,,cycles,1606171586,100.00,,
9.533016366,55353,,rD044,1605438282,100.00,,
9.533016366,141081616,,rFF44,1605516596,100.00,,
9.533016366,21966104167,,instructions,1605570824,100.00,3.65,insn per cycle
9.533016366,6020787116,,cycles,1605567440,100.00,,
9.633364818,57036,,rD044,1605576624,100.00,,
9.633364818,143309794,,rFF44,1605527740,100.00,,
9.633364818,22267044733,,instructions,1605486177,100.00,3.70,insn per cycle
9.633364818,6020881165,,cycles,1605576586,100.00,,
9.733716830,56896,,rD044,1605609870,100.00,,
9.733716830,139727015,,rFF44,1605657546,100.00,,
9.733716830,21840322505,,instructions,1605671609,100.00,3.63,insn per cycle
9.733716830,6020787738,,cycles,1605564940,100.00,,
9.834074322,57122,,rD044,1605688406,100.00,,
9.834074322,144149125,,rFF44,1605698630,100.00,,
9.834074322,22397038377,,instructions,1605698009,100.00,3.72,insn per cycle
9.834074322,6021415971,,cycles,1605722216,100.00,,
9.934431064,55677,,rD044,1605613081,100.00,,
9.934431064,142776744,,rFF44,1605645466,100.00,,
9.934431064,22202886509,,instructions,1605771487,100.00,3.69,insn per cycle
9.934431064,6021517733,,cycles,1605750980,100.00,,
10.034794446,57495,,rD044,1605777925,100.00,,
10.034794446,144582541,,rFF44,1605702650,100.00,,
10.034794446,22431074247,,instructions,1605585460,100.00,3.73,insn per cycle
10.034794446,6020833243,,cycles,1605563756,100.00,,
10.135137408,56510,,rD044,1605425808,100.00,,
10.135137408,145482009,,rFF44,1605405805,100.00,,
10.135137408,22524361931,,instructions,1605395085,100.00,3.74,insn per cycle
10.135137408,6020258132,,cycles,1605419439,100.00,,
10.235476180,56015,,rD044,1605474247,100.00,,
10.235476180,140530971,,rFF44,1605606550,100.00,,
10.235476180,21894785650,,instructions,1605623892,100.00,3.64,insn per cycle
10.235476180,6021112284,,cycles,1605637326,100.00,,
10.335841492,56497,,rD044,1605819608,100.00,,
10.335841492,142840478,,rFF44,1605834236,100.00,,
10.335841492,22252217118,,instructions,1605838294,100.00,3.70,insn per cycle
10.335841492,6021735282,,cycles,1605809360,100.00,,
10.436204964,56238,,rD044,1605718498,100.00,,
10.436204964,143512061,,rFF44,1605620690,100.00,,
10.436204964,22280381882,,instructions,1605600747,100.00,3.70,insn per cycle
10.436204964,6020887428,,cycles,1605586256,100.00,,
10.536554625,57250,,rD044,1605434327,100.00,,
10.536554625,143715222,,rFF44,1605405506,100.00,,
10.536554625,22324140971,,instructions,1605423279,100.00,3.71,insn per cycle
10.536554625,6020368434,,cycles,1605453080,100.00,,
10.636898537,57861,,rD044,1605519729,100.00,,
10.636898537,146784143,,rFF44,1605531360,100.00,,
10.636898537,22714256399,,instructions,1605529690,100.00,3.77,insn per cycle
10.636898537,6020727778,,cycles,1605535045,100.00,,
10.737248459,58386,,rD044,1605571373,100.00,,
10.737248459,146997111,,rFF44,1605642156,100.00,,
10.737248459,22743647143,,instructions,1605604466,100.00,3.78,insn per cycle
10.737248459,6020879269,,cycles,1605587961,100.00,,
10.837601711,58869,,rD044,1605592103,100.00,,
10.837601711,145975992,,rFF44,1605522600,100.00,,
10.837601711,22604628184,,instructions,1605586330,100.00,3.75,insn per cycle
10.837601711,6021046358,,cycles,1605619962,100.00,,
10.937951433,56657,,rD044,1605570271,100.00,,
10.937951433,145878416,,rFF44,1605581836,100.00,,
10.937951433,22579520354,,instructions,1605505196,100.00,3.75,insn per cycle
10.937951433,6020413472,,cycles,1605457404,100.00,,
11.038299155,56313,,rD044,1605526865,100.00,,
11.038299155,142234601,,rFF44,1605501710,100.00,,
11.038299155,22112602616,,instructions,1605505400,100.00,3.67,insn per cycle
11.038299155,6020653001,,cycles,1605515284,100.00,,
11.138662507,56156,,rD044,1605835791,100.00,,
11.138662507,141649519,,rFF44,1605888286,100.00,,
11.138662507,22057206277,,instructions,1605913036,100.00,3.66,insn per cycle
11.138662507,6022171224,,cycles,1605920062,100.00,,
11.239012149,56836,,rD044,1605462644,100.00,,
11.239012149,143771951,,rFF44,1605405469,100.00,,
11.239012149,22320401174,,instructions,1605398419,100.00,3.71,insn per cycle
11.239012149,6020231631,,cycles,1605408614,100.00,,
11.339390471,56582,,rD044,1606141177,100.00,,
11.339390471,145456994,,rFF44,1606245266,100.00,,
11.339390471,22529349024,,instructions,1606313786,100.00,3.74,insn per cycle
11.339390471,6023812694,,cycles,1606369211,100.00,,
11.439759413,57631,,rD044,1605743229,100.00,,
11.439759413,144593022,,rFF44,1605653510,100.00,,
11.439759413,22425861159,,instructions,1605560703,100.00,3.72,insn per cycle
11.439759413,6020418915,,cycles,1605458486,100.00,,
11.540097655,58589,,rD044,1605369554,100.00,,
11.540097655,144515868,,rFF44,1605398506,100.00,,
11.540097655,22420222613,,instructions,1605393713,100.00,3.72,insn per cycle
11.540097655,6020190976,,cycles,1605399690,100.00,,
11.640435787,55146,,rD044,1605352422,100.00,,
11.640435787,140399999,,rFF44,1605372180,100.00,,
11.640435787,21935944968,,instructions,1605436700,100.00,3.64,insn per cycle
11.640435787,6020387249,,cycles,1605449928,100.00,,
11.740785558,56519,,rD044,1605539270,100.00,,
11.740785558,139906165,,rFF44,1605460172,100.00,,
11.740785558,21843850710,,instructions,1605444666,100.00,3.63,insn per cycle
11.740785558,6020479978,,cycles,1605478758,100.00,,
11.841127780,59858,,rD044,1605450485,100.00,,
11.841127780,142660088,,rFF44,1605528543,100.00,,
11.841127780,22179753617,,instructions,1605508579,100.00,3.68,insn per cycle
11.841127780,6020616617,,cycles,1605511759,100.00,,
11.941480242,57100,,rD044,1605716620,100.00,,
11.941480242,144627556,,rFF44,1605828193,100.00,,
11.941480242,22430200093,,instructions,1605872216,100.00,3.72,insn per cycle
11.941480242,6021970973,,cycles,1605870096,100.00,,
12.041844644,57469,,rD044,1605599405,100.00,,
12.041844644,147325215,,rFF44,1605412022,100.00,,
12.041844644,22778145560,,instructions,1605390989,100.00,3.78,insn per cycle
12.041844644,6020180205,,cycles,1605394159,100.00,,
12.142182896,56198,,rD044,1605471560,100.00,,
12.142182896,140989092,,rFF44,1605528504,100.00,,
12.142182896,21972846430,,instructions,1605497516,100.00,3.65,insn per cycle
12.142182896,6020445851,,cycles,1605459386,100.00,,
12.242531558,55101,,rD044,1605476426,100.00,,
12.242531558,139707602,,rFF44,1605429752,100.00,,
12.242531558,21783580026,,instructions,1605433940,100.00,3.62,insn per cycle
12.242531558,6020423040,,cycles,1605465060,100.00,,
12.342872670,56989,,rD044,1605448770,100.00,,
12.342872670,144537902,,rFF44,1605469980,100.00,,
12.342872670,22411288563,,instructions,1605476171,100.00,3.72,insn per cycle
12.342872670,6020362781,,cycles,1605438156,100.00,,
12.443217921,56134,,rD044,1605463631,100.00,,
12.443217921,144223519,,rFF44,1605536736,100.00,,
12.443217921,22386270107,,instructions,1605563895,100.00,3.72,insn per cycle
12.443217921,6020913466,,cycles,1605608250,100.00,,
12.543574453,57609,,rD044,1605588575,100.00,,
12.543574453,141605741,,rFF44,1605500950,100.00,,
12.543574453,22026405860,,instructions,1605474725,100.00,3.66,insn per cycle
12.543574453,6020426159,,cycles,1605454976,100.00,,
12.643906925,59376,,rD044,1605203441,100.00,,
12.643906925,145455928,,rFF44,1605208193,100.00,,
12.643906925,22542143724,,instructions,1605205838,100.00,3.74,insn per cycle
12.643906925,6019312127,,cycles,1605204557,100.00,,
12.744250097,56531,,rD044,1605464972,100.00,,
12.744250097,142354536,,rFF44,1605535780,100.00,,
12.744250097,22138591923,,instructions,1605559800,100.00,3.68,insn per cycle
12.744250097,6020863138,,cycles,1605593082,100.00,,
12.844610529,57702,,rD044,1605574420,100.00,,
12.844610529,143830911,,rFF44,1605493705,100.00,,
12.844610529,22325085472,,instructions,1605469795,100.00,3.71,insn per cycle
12.844610529,6020302568,,cycles,1605461023,100.00,,
12.944958371,55883,,rD044,1605589114,100.00,,
12.944958371,142309053,,rFF44,1605654799,100.00,,
12.944958371,22140614471,,instructions,1605677689,100.00,3.68,insn per cycle
12.944958371,6021232302,,cycles,1605685700,100.00,,
13.045317263,56550,,rD044,1605654321,100.00,,
13.045317263,144011904,,rFF44,1605634716,100.00,,
13.045317263,22344260034,,instructions,1605625386,100.00,3.71,insn per cycle
13.045317263,6021015582,,cycles,1605618285,100.00,,
13.145703965,56660,,rD044,1606152855,100.00,,
13.145703965,142381027,,rFF44,1606139710,100.00,,
13.145703965,22151194521,,instructions,1606129246,100.00,3.68,insn per cycle
13.145703965,6022988794,,cycles,1606141106,100.00,,
13.246050177,55435,,rD044,1605494677,100.00,,
13.246050177,141405627,,rFF44,1605541556,100.00,,
13.246050177,22000920487,,instructions,1605552230,100.00,3.65,insn per cycle
13.246050177,6020687675,,cycles,1605529550,100.00,,
13.346401779,57142,,rD044,1605649869,100.00,,
13.346401779,140981574,,rFF44,1605646690,100.00,,
13.346401779,21960169155,,instructions,1605722806,100.00,3.65,insn per cycle
13.346401779,6021563203,,cycles,1605758086,100.00,,
13.446767571,58283,,rD044,1605699417,100.00,,
13.446767571,146985118,,rFF44,1605661105,100.00,,
13.446767571,22747841233,,instructions,1605576709,100.00,3.78,insn per cycle
13.446767571,6020648662,,cycles,1605527219,100.00,,
13.547118373,57648,,rD044,1605546438,100.00,,
13.547118373,146515775,,rFF44,1605464730,100.00,,
13.547118373,22685449084,,instructions,1605458800,100.00,3.77,insn per cycle
13.547118373,6020420203,,cycles,1605461155,100.00,,
13.647459834,57106,,rD044,1605394782,100.00,,
13.647459834,144835713,,rFF44,1605527076,100.00,,
13.647459834,22468581855,,instructions,1605518186,100.00,3.73,insn per cycle
13.647459834,6020673157,,cycles,1605526541,100.00,,
13.747807136,56302,,rD044,1605553464,100.00,,
13.747807136,145487306,,rFF44,1605512240,100.00,,
13.747807136,22543551642,,instructions,1605539910,100.00,3.74,insn per cycle
13.747807136,6020700972,,cycles,1605533470,100.00,,
13.848151788,56330,,rD044,1605529490,100.00,,
13.848151788,141036557,,rFF44,1605562655,100.00,,
13.848151788,21985926258,,instructions,1605569706,100.00,3.65,insn per cycle
13.848151788,6020930934,,cycles,1605591176,100.00,,
13.948510190,56725,,rD044,1605757296,100.00,,
13.948510190,145217912,,rFF44,1605735141,100.00,,
13.948510190,22506026732,,instructions,1605712920,100.00,3.74,insn per cycle
13.948510190,6021241563,,cycles,1605678480,100.00,,
14.048872882,56439,,rD044,1605651120,100.00,,
14.048872882,141228372,,rFF44,1605608966,100.00,,
14.048872882,22015875235,,instructions,1605603806,100.00,3.66,insn per cycle
14.048872882,6020989209,,cycles,1605606456,100.00,,
14.149215004,56219,,rD044,1605445626,100.00,,
14.149215004,142680936,,rFF44,1605449840,100.00,,
14.149215004,22188234272,,instructions,1605419430,100.00,3.69,insn per cycle
14.149215004,6020253496,,cycles,1605415261,100.00,,
14.249559436,56749,,rD044,1605446080,100.00,,
14.249559436,143634834,,rFF44,1605444858,100.00,,
14.249559436,22323223286,,instructions,1605497656,100.00,3.71,insn per cycle
14.249559436,6020655655,,cycles,1605518605,100.00,,
14.349908358,57662,,rD044,1605520805,100.00,,
14.349908358,143550507,,rFF44,1605573517,100.00,,
14.349908358,22304667559,,instructions,1605554259,100.00,3.70,insn per cycle
14.349908358,6020689096,,cycles,1605538919,100.00,,
14.450260910,56654,,rD044,1605652510,100.00,,
14.450260910,145374712,,rFF44,1605639466,100.00,,
14.450260910,22540571458,,instructions,1605647096,100.00,3.74,insn per cycle
14.450260910,6021280683,,cycles,1605682116,100.00,,
14.550616892,58085,,rD044,1605571386,100.00,,
14.550616892,145502970,,rFF44,1605554240,100.00,,
14.550616892,22530475589,,instructions,1605570100,100.00,3.74,insn per cycle
14.550616892,6020728118,,cycles,1605549210,100.00,,
14.650968083,56204,,rD044,1605571680,100.00,,
14.650968083,143766536,,rFF44,1605500030,100.00,,
14.650968083,22304351155,,instructions,1605472986,100.00,3.70,insn per cycle
14.650968083,6020486070,,cycles,1605470986,100.00,,
14.751311435,54435,,rD044,1605458905,100.00,,
14.751311435,139597583,,rFF44,1605527556,100.00,,
14.751311435,21773317881,,instructions,1605555120,100.00,3.62,insn per cycle
14.751311435,6020751647,,cycles,1605553290,100.00,,
14.851690107,59177,,rD044,1606043811,100.00,,
14.851690107,144185374,,rFF44,1606059638,100.00,,
14.851690107,22403614279,,instructions,1606056926,100.00,3.72,insn per cycle
14.851690107,6022692494,,cycles,1606064396,100.00,,
14.952086880,57672,,rD044,1606305416,100.00,,
14.952086880,147489195,,rFF44,1606329948,100.00,,
14.952086880,22777413934,,instructions,1606329190,100.00,3.78,insn per cycle
14.952086880,6023618133,,cycles,1606312186,100.00,,
15.052439982,56697,,rD044,1605610194,100.00,,
15.052439982,143597192,,rFF44,1605674446,100.00,,
15.052439982,22286188427,,instructions,1605726626,100.00,3.70,insn per cycle
15.052439982,6021427999,,cycles,1605721590,100.00,,
15.152800734,56717,,rD044,1605698372,100.00,,
15.152800734,143351216,,rFF44,1605582560,100.00,,
15.152800734,22274558955,,instructions,1605487640,100.00,3.70,insn per cycle
15.152800734,6020515349,,cycles,1605484614,100.00,,
15.253147326,54849,,rD044,1605530952,100.00,,
15.253147326,139932101,,rFF44,1605574986,100.00,,
15.253147326,21845690174,,instructions,1605644756,100.00,3.63,insn per cycle
15.253147326,6021274318,,cycles,1605680752,100.00,,
15.353501108,56569,,rD044,1605624334,100.00,,
15.353501108,140607726,,rFF44,1605607290,100.00,,
15.353501108,21901130931,,instructions,1605559980,100.00,3.64,insn per cycle
15.353501108,6020813823,,cycles,1605566533,100.00,,
15.453859600,57380,,rD044,1605683354,100.00,,
15.453859600,143326134,,rFF44,1605700786,100.00,,
15.453859600,22262421856,,instructions,1605711576,100.00,3.70,insn per cycle
15.453859600,6021276498,,cycles,1605696453,100.00,,
15.480926619,199968,,rD044,372747893,100.00,,
15.480926619,9973704,,rFF44,371875211,100.00,,
15.480926619,2140143832,,instructions,371216351,100.00,1.54,insn per cycle
15.480926619,1389409117,,cycles,370576331,100.00,,
