0.100125494,3713591,,rD044,92390673,100.00,,
0.100125494,17348075,,rFF44,92396383,100.00,,
0.100125494,378321651,,instructions,92400803,100.00,1.10,insn per cycle
0.100125494,342652350,,cycles,92405443,100.00,,
0.200417089,5493077,,rD044,100288206,100.00,,
0.200417089,23996672,,rFF44,100288756,100.00,,
0.200417089,505773532,,instructions,100289036,100.00,1.34,insn per cycle
0.200417089,376081309,,cycles,100288836,100.00,,
0.300625714,5490647,,rD044,100194824,100.00,,
0.300625714,23972626,,rFF44,100194334,100.00,,
0.300625714,504969210,,instructions,100193984,100.00,1.34,insn per cycle
0.300625714,375709140,,cycles,100195154,100.00,,
0.400818488,6612215,,rD044,100191435,100.00,,
0.400818488,28035872,,rFF44,100192285,100.00,,
0.400818488,138096416,,instructions,100192895,100.00,0.37,insn per cycle
0.400818488,375717605,,cycles,100191995,100.00,,
0.501029372,6948792,,rD044,100210945,100.00,,
0.501029372,30018571,,rFF44,100210205,100.00,,
0.501029372,37399674,,instructions,100209665,100.00,0.10,insn per cycle
0.501029372,375784504,,cycles,100209735,100.00,,
0.601267757,5962785,,rD044,721634591,100.00,,
0.601267757,75359498,,rFF44,722796731,100.00,,
0.601267757,8964242930,,instructions,723934935,100.00,3.30,insn per cycle
0.601267757,2717490838,,cycles,724970437,100.00,,
0.701746395,5025344,,rD044,1607641296,100.00,,
0.701746395,137633399,,rFF44,1607708789,100.00,,
0.701746395,21361242089,,instructions,1607490448,100.00,3.54,insn per cycle
0.701746395,6027451396,,cycles,1607329526,100.00,,
0.802221972,4713061,,rD044,1607540006,100.00,,
0.802221972,137579480,,rFF44,1607613421,100.00,,
0.802221972,21353650664,,instructions,1607695196,100.00,3.54,insn per cycle
0.802221972,6029353648,,cycles,1607834926,100.00,,
0.902702870,5145857,,rD044,1607829236,100.00,,
0.902702870,138396864,,rFF44,1607777853,100.00,,
0.902702870,21445000161,,instructions,1607797346,100.00,3.56,insn per cycle
0.902702870,6030436536,,cycles,1608126179,100.00,,
1.003234998,4745627,,rD044,1608347527,100.00,,
1.003234998,138242584,,rFF44,1608245987,100.00,,
1.003234998,21429626140,,instructions,1608299846,100.00,3.55,insn per cycle
1.003234998,6029579241,,cycles,1607897033,100.00,,
1.103696975,4403411,,rD044,1608027540,100.00,,
1.103696975,137513392,,rFF44,1608487026,100.00,,
1.103696975,21347988191,,instructions,1608542699,100.00,3.54,insn per cycle
1.103696975,6033193274,,cycles,1608855362,100.00,,
1.204307695,5112320,,rD044,1609107920,100.00,,
1.204307695,136452383,,rFF44,1608904382,100.00,,
1.204307695,21210631235,,instructions,1608657089,100.00,3.52,insn per cycle
1.204307695,6031584004,,cycles,1608473458,100.00,,
1.304799612,4733820,,rD044,1607692979,100.00,,
1.304799612,139391580,,rFF44,1607302014,100.00,,
1.304799612,21569662217,,instructions,1607255174,100.00,3.58,insn per cycle
1.304799612,6025923467,,cycles,1606959832,100.00,,
1.405245630,5027114,,rD044,1606970391,100.00,,
1.405245630,137765801,,rFF44,1606894676,100.00,,
1.405245630,21375294101,,instructions,1606873256,100.00,3.55,insn per cycle
1.405245630,6025701382,,cycles,1606889426,100.00,,
1.505669297,5124592,,rD044,1606958104,100.00,,
1.505669297,137545943,,rFF44,1607521746,100.00,,
1.505669297,21353254064,,instructions,1607833566,100.00,3.54,insn per cycle
1.505669297,6030574067,,cycles,1608172861,100.00,,
1.606184945,4641129,,rD044,1608023924,100.00,,
1.606184945,137851590,,rFF44,1607374056,100.00,,
1.606184945,21389910100,,instructions,1606966416,100.00,3.55,insn per cycle
1.606184945,6024444314,,cycles,1606540041,100.00,,
1.706590471,5472867,,rD044,1606588867,100.00,,
1.706590471,137465018,,rFF44,1606923416,100.00,,
1.706590471,21342698410,,instructions,1607261456,100.00,3.54,insn per cycle
1.706590471,6028157808,,cycles,1607516426,100.00,,
1.807084609,5478844,,rD044,1608175827,100.00,,
1.807084609,137274338,,rFF44,1608295716,100.00,,
1.807084609,21313682898,,instructions,1608133046,100.00,3.53,insn per cycle
1.807084609,6029529034,,cycles,1607893229,100.00,,
1.907560417,4818932,,rD044,1607160042,100.00,,
1.907560417,135975319,,rFF44,1606782886,100.00,,
1.907560417,21138160108,,instructions,1606633336,100.00,3.51,insn per cycle
1.907560417,6024807335,,cycles,1606623303,100.00,,
2.008003594,4989402,,rD044,1607385397,100.00,,
2.008003594,138489772,,rFF44,1608319146,100.00,,
2.008003594,21477590491,,instructions,1609449898,100.00,3.56,insn per cycle
2.008003594,6037790713,,cycles,1610083522,100.00,,
2.108606373,4809551,,rD044,1609628384,100.00,,
2.108606373,136749284,,rFF44,1608902308,100.00,,
2.108606373,21249488538,,instructions,1607859770,100.00,3.53,insn per cycle
2.108606373,6027432252,,cycles,1607324326,100.00,,
2.209058230,5418181,,rD044,1606911906,100.00,,
2.209058230,136851932,,rFF44,1606654864,100.00,,
2.209058230,21260029042,,instructions,1606573553,100.00,3.53,insn per cycle
2.209058230,6024450537,,cycles,1606528266,100.00,,
2.309468187,5483231,,rD044,1606863636,100.00,,
2.309468187,139254556,,rFF44,1607287156,100.00,,
2.309468187,21561593299,,instructions,1607391358,100.00,3.58,insn per cycle
2.309468187,6027658727,,cycles,1607405956,100.00,,
2.409938135,5139539,,rD044,1607349576,100.00,,
2.409938135,137011491,,rFF44,1607552170,100.00,,
2.409938135,21285471213,,instructions,1607712777,100.00,3.53,insn per cycle
2.409938135,6029426879,,cycles,1607854226,100.00,,
2.510430652,4634974,,rD044,1607843616,100.00,,
2.510430652,137270734,,rFF44,1607319783,100.00,,
2.510430652,21310043233,,instructions,1607517006,100.00,3.54,insn per cycle
2.510430652,6027875238,,cycles,1607446696,100.00,,
2.610894280,5158259,,rD044,1607564706,100.00,,
2.610894280,136230630,,rFF44,1607657334,100.00,,
2.610894280,21184415764,,instructions,1607381586,100.00,3.51,insn per cycle
2.610894280,6027571481,,cycles,1607367106,100.00,,
2.711355207,5261228,,rD044,1606949596,100.00,,
2.711355207,138344463,,rFF44,1607030720,100.00,,
2.711355207,21448227343,,instructions,1607153436,100.00,3.56,insn per cycle
2.711355207,6026997076,,cycles,1607223576,100.00,,
2.811802554,4703901,,rD044,1607301806,100.00,,
2.811802554,137307488,,rFF44,1607097783,100.00,,
2.811802554,21311727779,,instructions,1606767403,100.00,3.54,insn per cycle
2.811802554,6024516859,,cycles,1606550436,100.00,,
2.912231711,5616457,,rD044,1607008456,100.00,,
2.912231711,137499915,,rFF44,1607604040,100.00,,
2.912231711,21345764709,,instructions,1607884589,100.00,3.54,insn per cycle
2.912231711,6030971322,,cycles,1608264416,100.00,,
3.012751019,5235476,,rD044,1608351996,100.00,,
3.012751019,137346802,,rFF44,1607895966,100.00,,
3.012751019,21308460126,,instructions,1607766126,100.00,3.53,insn per cycle
3.012751019,6027910379,,cycles,1607453736,100.00,,
3.113253987,5001158,,rD044,1608117284,100.00,,
3.113253987,136860168,,rFF44,1608063088,100.00,,
3.113253987,21267140425,,instructions,1607941606,100.00,3.53,insn per cycle
3.113253987,6029649025,,cycles,1607913186,100.00,,
3.213692805,5526709,,rD044,1606437588,100.00,,
3.213692805,139350253,,rFF44,1606218486,100.00,,
3.213692805,21549837066,,instructions,1606200026,100.00,3.58,insn per cycle
3.213692805,6023128812,,cycles,1606176326,100.00,,
3.314079591,4931447,,rD044,1606017265,100.00,,
3.314079591,138000518,,rFF44,1606034749,100.00,,
3.314079591,21400464810,,instructions,1606034749,100.00,3.55,insn per cycle
3.314079591,6022480758,,cycles,1606022503,100.00,,
3.414466288,5302833,,rD044,1606529393,100.00,,
3.414466288,138773449,,rFF44,1606827976,100.00,,
3.414466288,21501090798,,instructions,1607177336,100.00,3.57,insn per cycle
3.414466288,6028028662,,cycles,1607481387,100.00,,
3.514938535,5832614,,rD044,1607668088,100.00,,
3.514938535,135691895,,rFF44,1608104776,100.00,,
3.514938535,21130003743,,instructions,1608157787,100.00,3.50,insn per cycle
3.514938535,6030014312,,cycles,1608036197,100.00,,
3.615441553,5339144,,rD044,1607832477,100.00,,
3.615441553,138315745,,rFF44,1607250586,100.00,,
3.615441553,21439949494,,instructions,1606912169,100.00,3.56,insn per cycle
3.615441553,6025523885,,cycles,1606815306,100.00,,
3.715869030,4724195,,rD044,1606780106,100.00,,
3.715869030,136808839,,rFF44,1606840686,100.00,,
3.715869030,21261050780,,instructions,1606819362,100.00,3.53,insn per cycle
3.715869030,6026356449,,cycles,1607034913,100.00,,
3.816324147,4728297,,rD044,1607854686,100.00,,
3.816324147,136609382,,rFF44,1608049496,100.00,,
3.816324147,21240355340,,instructions,1608155327,100.00,3.52,insn per cycle
3.816324147,6030209279,,cycles,1608079159,100.00,,
3.916814535,4343438,,rD044,1607066766,100.00,,
3.916814535,137067952,,rFF44,1606725396,100.00,,
3.916814535,21275585780,,instructions,1606553275,100.00,3.53,insn per cycle
3.916814535,6023902316,,cycles,1606383590,100.00,,
4.017233422,4828896,,rD044,1606712935,100.00,,
4.017233422,137141486,,rFF44,1606717806,100.00,,
4.017233422,21299102597,,instructions,1607038056,100.00,3.53,insn per cycle
4.017233422,6027147499,,cycles,1607246034,100.00,,
4.117672229,4997424,,rD044,1607806465,100.00,,
4.117672229,136630815,,rFF44,1608655476,100.00,,
4.117672229,21227979389,,instructions,1608959752,100.00,3.52,insn per cycle
4.117672229,6035817294,,cycles,1609557214,100.00,,
4.218326469,5069557,,rD044,1609709575,100.00,,
4.218326469,138101641,,rFF44,1608867752,100.00,,
4.218326469,21412276007,,instructions,1608224686,100.00,3.55,insn per cycle
4.218326469,6027983464,,cycles,1607471656,100.00,,
4.318744806,5043920,,rD044,1606783009,100.00,,
4.318744806,135860302,,rFF44,1607221786,100.00,,
4.318744806,21142168164,,instructions,1607643626,100.00,3.51,insn per cycle
4.318744806,6028992128,,cycles,1607745606,100.00,,
4.419231393,4799736,,rD044,1607669371,100.00,,
4.419231393,136065936,,rFF44,1607509846,100.00,,
4.419231393,21150795802,,instructions,1607586336,100.00,3.51,insn per cycle
4.419231393,6028408300,,cycles,1607583759,100.00,,
4.519699691,4958722,,rD044,1607683299,100.00,,
4.519699691,138494864,,rFF44,1607647916,100.00,,
4.519699691,21463391360,,instructions,1607408146,100.00,3.56,insn per cycle
4.519699691,6027310532,,cycles,1607315145,100.00,,
4.620156588,5093385,,rD044,1607377946,100.00,,
4.620156588,136302218,,rFF44,1607726116,100.00,,
4.620156588,21197683407,,instructions,1607777518,100.00,3.51,insn per cycle
4.620156588,6030779566,,cycles,1608220800,100.00,,
4.720675906,5470533,,rD044,1608165624,100.00,,
4.720675906,137638356,,rFF44,1607762806,100.00,,
4.720675906,21357314426,,instructions,1607661355,100.00,3.54,insn per cycle
4.720675906,6026725751,,cycles,1607134936,100.00,,
4.821116123,4852516,,rD044,1606810376,100.00,,
4.821116123,137281306,,rFF44,1606542866,100.00,,
4.821116123,21309471191,,instructions,1606430955,100.00,3.54,insn per cycle
4.821116123,6024016759,,cycles,1606412870,100.00,,
4.921512960,4876754,,rD044,1606580876,100.00,,
4.921512960,135970562,,rFF44,1607188666,100.00,,
4.921512960,21163321629,,instructions,1607467376,100.00,3.51,insn per cycle
4.921512960,6029206277,,cycles,1607796334,100.00,,
5.022014328,5161712,,rD044,1608381885,100.00,,
5.022014328,138134649,,rFF44,1608323016,100.00,,
5.022014328,21410871173,,instructions,1608149908,100.00,3.55,insn per cycle
5.022014328,6029476906,,cycles,1607872534,100.00,,
5.122493786,5325609,,rD044,1607043757,100.00,,
5.122493786,137767221,,rFF44,1606599286,100.00,,
5.122493786,21370525322,,instructions,1606417724,100.00,3.55,insn per cycle
5.122493786,6024427829,,cycles,1606560835,100.00,,
5.222932113,4804425,,rD044,1606915669,100.00,,
5.222932113,136357468,,rFF44,1606939864,100.00,,
5.222932113,21199871498,,instructions,1607186884,100.00,3.52,insn per cycle
5.222932113,6026330213,,cycles,1607051059,100.00,,
5.323362580,4669244,,rD044,1606660417,100.00,,
5.323362580,136020062,,rFF44,1606717605,100.00,,
5.323362580,21150889430,,instructions,1606561215,100.00,3.51,insn per cycle
5.323362580,6024940091,,cycles,1606692895,100.00,,
5.423792537,5340630,,rD044,1607356218,100.00,,
5.423792537,136104044,,rFF44,1608264025,100.00,,
5.423792537,21178814025,,instructions,1608670020,100.00,3.51,insn per cycle
5.423792537,6033211439,,cycles,1608917821,100.00,,
5.524362715,5082157,,rD044,1608525806,100.00,,
5.524362715,136826817,,rFF44,1607579826,100.00,,
5.524362715,21247960153,,instructions,1607101921,100.00,3.53,insn per cycle
5.524362715,6025191723,,cycles,1606725803,100.00,,
5.624776942,4924107,,rD044,1606654804,100.00,,
5.624776942,137964690,,rFF44,1606704316,100.00,,
5.624776942,21386524766,,instructions,1606806366,100.00,3.55,insn per cycle
5.624776942,6025567053,,cycles,1606836616,100.00,,
5.725262220,5102696,,rD044,1607870968,100.00,,
5.725262220,139377110,,rFF44,1608130826,100.00,,
5.725262220,21580891495,,instructions,1608276842,100.00,3.58,insn per cycle
5.725262220,6031970052,,cycles,1608534019,100.00,,
5.825749008,4571751,,rD044,1608125076,100.00,,
5.825749008,136385852,,rFF44,1608208561,100.00,,
5.825749008,21196711504,,instructions,1608293356,100.00,3.51,insn per cycle
5.825749008,6032459528,,cycles,1608662006,100.00,,
5.926296996,4628176,,rD044,1608306076,100.00,,
5.926296996,137168373,,rFF44,1608014927,100.00,,
5.926296996,21271745032,,instructions,1607716566,100.00,3.53,insn per cycle
5.926296996,6026741210,,cycles,1607139516,100.00,,
6.026738113,5141395,,rD044,1606967926,100.00,,
6.026738113,137347253,,rFF44,1607151851,100.00,,
6.026738113,21328098301,,instructions,1607589976,100.00,3.54,insn per cycle
6.026738113,6028244902,,cycles,1607568676,100.00,,
6.127266381,5508139,,rD044,1608891319,100.00,,
6.127266381,137616097,,rFF44,1608839901,100.00,,
6.127266381,21346771531,,instructions,1608755828,100.00,3.54,insn per cycle
6.127266381,6034541056,,cycles,1609230832,100.00,,
6.227787679,5429481,,rD044,1607902489,100.00,,
6.227787679,137551927,,rFF44,1607842996,100.00,,
6.227787679,21341459120,,instructions,1607584391,100.00,3.54,insn per cycle
6.227787679,6026852391,,cycles,1607171326,100.00,,
6.328247127,5208256,,rD044,1607969636,100.00,,
6.328247127,137652244,,rFF44,1609039370,100.00,,
6.328247127,21378632719,,instructions,1610138035,100.00,3.54,insn per cycle
6.328247127,6040492823,,cycles,1610809262,100.00,,
6.428920737,4947808,,rD044,1610042472,100.00,,
6.428920737,137397699,,rFF44,1608655038,100.00,,
6.428920737,21307751224,,instructions,1607445716,100.00,3.54,insn per cycle
6.428920737,6025196958,,cycles,1606729666,100.00,,
6.529324333,5198088,,rD044,1606427983,100.00,,
6.529324333,137380615,,rFF44,1606689646,100.00,,
6.529324333,21310773090,,instructions,1606757866,100.00,3.54,insn per cycle
6.529324333,6025109840,,cycles,1606703082,100.00,,
6.629749550,4490341,,rD044,1607020331,100.00,,
6.629749550,136812286,,rFF44,1606906756,100.00,,
6.629749550,21249202107,,instructions,1606976486,100.00,3.53,insn per cycle
6.629749550,6026553175,,cycles,1607088484,100.00,,
6.730204818,4891472,,rD044,1607004780,100.00,,
6.730204818,138367449,,rFF44,1606850536,100.00,,
6.730204818,21429590777,,instructions,1606682866,100.00,3.56,insn per cycle
6.730204818,6024521047,,cycles,1606547646,100.00,,
6.830602064,4806229,,rD044,1606755784,100.00,,
6.830602064,136483282,,rFF44,1607263195,100.00,,
6.830602064,21213199824,,instructions,1607633736,100.00,3.52,insn per cycle
6.830602064,6029490970,,cycles,1607870396,100.00,,
6.931094412,4965848,,rD044,1607685187,100.00,,
6.931094412,136289372,,rFF44,1607779927,100.00,,
6.931094412,21187523407,,instructions,1607676856,100.00,3.51,insn per cycle
6.931094412,6027757183,,cycles,1607419396,100.00,,
7.031564800,4714228,,rD044,1607546889,100.00,,
7.031564800,136596503,,rFF44,1607064746,100.00,,
7.031564800,21221286143,,instructions,1606814496,100.00,3.52,insn per cycle
7.031564800,6025321655,,cycles,1606761106,100.00,,
7.131980197,5190466,,rD044,1607057176,100.00,,
7.131980197,138307482,,rFF44,1608276736,100.00,,
7.131980197,21447930260,,instructions,1608561556,100.00,3.55,insn per cycle
7.131980197,6033566968,,cycles,1608956660,100.00,,
7.232542365,5468515,,rD044,1608320476,100.00,,
7.232542365,137467122,,rFF44,1607041866,100.00,,
7.232542365,21342677705,,instructions,1606747386,100.00,3.54,insn per cycle
7.232542365,6024000317,,cycles,1606410252,100.00,,
7.332944912,4600049,,rD044,1607245901,100.00,,
7.332944912,138029405,,rFF44,1608177826,100.00,,
7.332944912,21406203849,,instructions,1608645525,100.00,3.55,insn per cycle
7.332944912,6034998165,,cycles,1609348932,100.00,,
7.433552241,5159304,,rD044,1609001203,100.00,,
7.433552241,137595813,,rFF44,1608164457,100.00,,
7.433552241,21364449512,,instructions,1607737473,100.00,3.55,insn per cycle
7.433552241,6026404451,,cycles,1607052566,100.00,,
7.533997958,4525984,,rD044,1607629986,100.00,,
7.533997958,138336053,,rFF44,1607815547,100.00,,
7.533997958,21444155201,,instructions,1607942716,100.00,3.56,insn per cycle
7.533997958,6030113340,,cycles,1608050366,100.00,,
7.634479886,4756306,,rD044,1607156516,100.00,,
7.634479886,137307664,,rFF44,1607128081,100.00,,
7.634479886,21305579762,,instructions,1607193656,100.00,3.54,insn per cycle
7.634479886,6026707221,,cycles,1607129126,100.00,,
7.734927353,4363890,,rD044,1607378367,100.00,,
7.734927353,137050021,,rFF44,1608361085,100.00,,
7.734927353,21282853915,,instructions,1608724056,100.00,3.53,insn per cycle
7.734927353,6034485939,,cycles,1609203629,100.00,,
7.835510142,4690738,,rD044,1609212801,100.00,,
7.835510142,137133075,,rFF44,1608026806,100.00,,
7.835510142,21285092267,,instructions,1607508136,100.00,3.53,insn per cycle
7.835510142,6026127428,,cycles,1606975510,100.00,,
7.935934999,5050213,,rD044,1606726868,100.00,,
7.935934999,137882854,,rFF44,1607196936,100.00,,
7.935934999,21384961642,,instructions,1608068583,100.00,3.55,insn per cycle
7.935934999,6031116860,,cycles,1608305055,100.00,,
8.036461867,5068502,,rD044,1608720894,100.00,,
8.036461867,137035778,,rFF44,1608538436,100.00,,
8.036461867,21277720770,,instructions,1607784894,100.00,3.53,insn per cycle
8.036461867,6029508172,,cycles,1607874766,100.00,,
8.136951265,5719786,,rD044,1607467086,100.00,,
8.136951265,138060364,,rFF44,1607396586,100.00,,
8.136951265,21404536232,,instructions,1607383457,100.00,3.55,insn per cycle
8.136951265,6027306335,,cycles,1607291036,100.00,,
8.237416362,5048054,,rD044,1607450006,100.00,,
8.237416362,137241425,,rFF44,1607639762,100.00,,
8.237416362,21318208789,,instructions,1607851286,100.00,3.54,insn per cycle
8.237416362,6028795806,,cycles,1607687896,100.00,,
8.337886830,4947886,,rD044,1607379856,100.00,,
8.337886830,137658259,,rFF44,1607064930,100.00,,
8.337886830,21349974647,,instructions,1606730616,100.00,3.54,insn per cycle
8.337886830,6025678938,,cycles,1606883896,100.00,,
8.438323677,5614452,,rD044,1607057066,100.00,,
8.438323677,137618670,,rFF44,1607073916,100.00,,
8.438323677,21360516555,,instructions,1607113822,100.00,3.54,insn per cycle
8.438323677,6025795113,,cycles,1606888486,100.00,,
8.538749474,5225905,,rD044,1606813136,100.00,,
8.538749474,136782814,,rFF44,1606649996,100.00,,
8.538749474,21253227299,,instructions,1606573854,100.00,3.53,insn per cycle
8.538749474,6024406118,,cycles,1606515761,100.00,,
8.639160481,4627495,,rD044,1606413718,100.00,,
8.639160481,137371494,,rFF44,1606511996,100.00,,
8.639160481,21331545249,,instructions,1606580896,100.00,3.54,insn per cycle
8.639160481,6025616762,,cycles,1606837569,100.00,,
8.739608608,5444906,,rD044,1607078964,100.00,,
8.739608608,138427946,,rFF44,1606898186,100.00,,
8.739608608,21450803851,,instructions,1606780776,100.00,3.56,insn per cycle
8.739608608,6024431346,,cycles,1606524152,100.00,,
8.839992374,5408019,,rD044,1606123290,100.00,,
8.839992374,139638636,,rFF44,1606189700,100.00,,
8.839992374,21596141096,,instructions,1606282466,100.00,3.59,insn per cycle
8.839992374,6023653135,,cycles,1606315696,100.00,,
8.940370051,5235689,,rD044,1606141156,100.00,,
8.940370051,138500229,,rFF44,1606333556,100.00,,
8.940370051,21464983798,,instructions,1606533621,100.00,3.56,insn per cycle
8.940370051,6025052755,,cycles,1606688536,100.00,,
9.040809318,4722694,,rD044,1607321316,100.00,,
9.040809318,136116652,,rFF44,1607347716,100.00,,
9.040809318,21187177588,,instructions,1607432818,100.00,3.51,insn per cycle
9.040809318,6029836466,,cycles,1607960746,100.00,,
9.141328466,5488611,,rD044,1607947216,100.00,,
9.141328466,137618023,,rFF44,1607884566,100.00,,
9.141328466,21356333742,,instructions,1607518310,100.00,3.54,insn per cycle
9.141328466,6025389867,,cycles,1606815066,100.00,,
9.241742023,5134614,,rD044,1606758166,100.00,,
9.241742023,137226453,,rFF44,1606860026,100.00,,
9.241742023,21301052882,,instructions,1606938359,100.00,3.53,insn per cycle
9.241742023,6025926202,,cycles,1606937565,100.00,,
9.342177210,4832966,,rD044,1606547202,100.00,,
9.342177210,137821072,,rFF44,1606292196,100.00,,
9.342177210,21363822653,,instructions,1606214136,100.00,3.55,insn per cycle
9.342177210,6023255990,,cycles,1606230061,100.00,,
9.442585097,5034334,,rD044,1606745439,100.00,,
9.442585097,138170282,,rFF44,1606896596,100.00,,
9.442585097,21422938182,,instructions,1607118386,100.00,3.55,insn per cycle
9.442585097,6028030190,,cycles,1607500656,100.00,,
9.543048614,5175635,,rD044,1607485507,100.00,,
9.543048614,137160979,,rFF44,1607387216,100.00,,
9.543048614,21301415844,,instructions,1607285616,100.00,3.53,insn per cycle
9.543048614,6026077506,,cycles,1606961326,100.00,,
9.643486531,4919761,,rD044,1606885303,100.00,,
9.643486531,136866549,,rFF44,1607620916,100.00,,
9.643486531,21273431911,,instructions,1608372386,100.00,3.53,insn per cycle
9.643486531,6033617834,,cycles,1608971992,100.00,,
9.744051780,4885276,,rD044,1609016139,100.00,,
9.744051780,137912622,,rFF44,1608657586,100.00,,
9.744051780,21390577729,,instructions,1608155648,100.00,3.55,insn per cycle
9.744051780,6028565238,,cycles,1607630266,100.00,,
9.844521257,5309503,,rD044,1607951456,100.00,,
9.844521257,137737978,,rFF44,1607747276,100.00,,
9.844521257,21353136869,,instructions,1607375178,100.00,3.54,insn per cycle
9.844521257,6027163652,,cycles,1607252046,100.00,,
9.944977425,5116086,,rD044,1606943136,100.00,,
9.944977425,136987974,,rFF44,1607116036,100.00,,
9.944977425,21279184517,,instructions,1607172721,100.00,3.53,insn per cycle
9.944977425,6027792072,,cycles,1607417646,100.00,,
10.045448592,4906127,,rD044,1607805456,100.00,,
10.045448592,138188445,,rFF44,1608065445,100.00,,
10.045448592,21434766120,,instructions,1608291863,100.00,3.55,insn per cycle
10.045448592,6031840264,,cycles,1608498706,100.00,,
10.145996961,4861243,,rD044,1608617633,100.00,,
10.145996961,137275608,,rFF44,1608612543,100.00,,
10.145996961,21314893337,,instructions,1608608956,100.00,3.53,insn per cycle
10.145996961,6031246466,,cycles,1608354683,100.00,,
10.246495738,5347294,,rD044,1607755559,100.00,,
10.246495738,137536864,,rFF44,1607452796,100.00,,
10.246495738,21326450277,,instructions,1607308126,100.00,3.54,insn per cycle
10.246495738,6027477556,,cycles,1607335367,100.00,,
10.346956206,4977247,,rD044,1607547428,100.00,,
10.346956206,138703973,,rFF44,1607718555,100.00,,
10.346956206,21488687615,,instructions,1607659635,100.00,3.56,insn per cycle
10.346956206,6028325650,,cycles,1607576519,100.00,,
10.447437584,5108708,,rD044,1607463077,100.00,,
10.447437584,138161279,,rFF44,1607458506,100.00,,
10.447437584,21422885736,,instructions,1607562367,100.00,3.55,insn per cycle
10.447437584,6028443277,,cycles,1607592490,100.00,,
10.547907691,5121339,,rD044,1607705838,100.00,,
10.547907691,135398731,,rFF44,1607399206,100.00,,
10.547907691,21062803084,,instructions,1607371655,100.00,3.49,insn per cycle
10.547907691,6026957748,,cycles,1607202806,100.00,,
10.648358428,5261921,,rD044,1606811794,100.00,,
10.648358428,138081633,,rFF44,1606735896,100.00,,
10.648358428,21407288263,,instructions,1606572136,100.00,3.55,insn per cycle
10.648358428,6024451401,,cycles,1606527840,100.00,,
10.748764965,5388728,,rD044,1606664737,100.00,,
10.748764965,136826011,,rFF44,1606668946,100.00,,
10.748764965,21263399768,,instructions,1606804386,100.00,3.53,insn per cycle
10.748764965,6026590936,,cycles,1607102836,100.00,,
10.849233752,4869720,,rD044,1607384808,100.00,,
10.849233752,137558863,,rFF44,1607316086,100.00,,
10.849233752,21330441333,,instructions,1607197526,100.00,3.54,insn per cycle
10.849233752,6025932313,,cycles,1606923396,100.00,,
10.949641699,5212205,,rD044,1606623651,100.00,,
10.949641699,137086768,,rFF44,1607280726,100.00,,
10.949641699,21282484553,,instructions,1607647176,100.00,3.53,insn per cycle
10.949641699,6029928812,,cycles,1607993467,100.00,,
11.050152277,4833198,,rD044,1608007309,100.00,,
11.050152277,136524781,,rFF44,1607925516,100.00,,
11.050152277,21214228179,,instructions,1608361818,100.00,3.52,insn per cycle
11.050152277,6031272732,,cycles,1608346241,100.00,,
11.150674905,4832409,,rD044,1608494577,100.00,,
11.150674905,137731952,,rFF44,1608098076,100.00,,
11.150674905,21348755143,,instructions,1607414584,100.00,3.54,insn per cycle
11.150674905,6027392265,,cycles,1607312586,100.00,,
11.251160873,5136772,,rD044,1607523096,100.00,,
11.251160873,137931688,,rFF44,1607222006,100.00,,
11.251160873,21377612179,,instructions,1607110726,100.00,3.55,insn per cycle
11.251160873,6025955353,,cycles,1606929582,100.00,,
11.351564570,4518651,,rD044,1607030215,100.00,,
11.351564570,136498779,,rFF44,1607643616,100.00,,
11.351564570,21220520861,,instructions,1608152239,100.00,3.52,insn per cycle
11.351564570,6031452508,,cycles,1608403150,100.00,,
11.452087528,4669819,,rD044,1608131407,100.00,,
11.452087528,137488347,,rFF44,1607956008,100.00,,
11.452087528,21329297186,,instructions,1607709369,100.00,3.54,insn per cycle
11.452087528,6028110423,,cycles,1607504236,100.00,,
11.552560375,4454187,,rD044,1607403746,100.00,,
11.552560375,137431165,,rFF44,1607164954,100.00,,
11.552560375,21323310743,,instructions,1607271905,100.00,3.54,insn per cycle
11.552560375,6029302395,,cycles,1607817726,100.00,,
11.653053493,5059868,,rD044,1607991966,100.00,,
11.653053493,137750725,,rFF44,1608177749,100.00,,
11.653053493,21373106363,,instructions,1608090697,100.00,3.54,insn per cycle
11.653053493,6029490902,,cycles,1607874946,100.00,,
11.753556801,4914999,,rD044,1608012861,100.00,,
11.753556801,137481584,,rFF44,1608328569,100.00,,
11.753556801,21328669869,,instructions,1608567416,100.00,3.54,insn per cycle
11.753556801,6033142530,,cycles,1608849101,100.00,,
11.854103250,4771257,,rD044,1608403747,100.00,,
11.854103250,137927881,,rFF44,1607770946,100.00,,
11.854103250,21378402849,,instructions,1607311656,100.00,3.55,insn per cycle
11.854103250,6024890136,,cycles,1606647379,100.00,,
11.954510076,4999622,,rD044,1606725860,100.00,,
11.954510076,136711755,,rFF44,1606925016,100.00,,
11.954510076,21234196746,,instructions,1607170576,100.00,3.52,insn per cycle
11.954510076,6028070216,,cycles,1607492967,100.00,,
12.054993444,4815586,,rD044,1607816642,100.00,,
12.054993444,137799468,,rFF44,1607914026,100.00,,
12.054993444,21361719101,,instructions,1607692426,100.00,3.54,insn per cycle
12.054993444,6027572678,,cycles,1607378830,100.00,,
12.155466541,4955111,,rD044,1607172906,100.00,,
12.155466541,135996109,,rFF44,1606854946,100.00,,
12.155466541,21151796209,,instructions,1606795696,100.00,3.51,insn per cycle
12.155466541,6025373400,,cycles,1606774023,100.00,,
12.255865148,4608038,,rD044,1607014158,100.00,,
12.255865148,137504491,,rFF44,1608027056,100.00,,
12.255865148,21333672946,,instructions,1608371694,100.00,3.54,insn per cycle
12.255865148,6031852638,,cycles,1608501852,100.00,,
12.356399496,4830763,,rD044,1608282884,100.00,,
12.356399496,136172849,,rFF44,1607742086,100.00,,
12.356399496,21173260988,,instructions,1607650051,100.00,3.51,insn per cycle
12.356399496,6029149701,,cycles,1607787726,100.00,,
12.456886074,5002760,,rD044,1607778126,100.00,,
12.456886074,136192575,,rFF44,1607607446,100.00,,
12.456886074,21176940373,,instructions,1607741619,100.00,3.51,insn per cycle
12.456886074,6030805546,,cycles,1608219056,100.00,,
12.557410782,5564645,,rD044,1608398778,100.00,,
12.557410782,137173019,,rFF44,1608412612,100.00,,
12.557410782,21306609558,,instructions,1608278246,100.00,3.53,insn per cycle
12.557410782,6028636357,,cycles,1607647856,100.00,,
12.657879430,5094491,,rD044,1607345876,100.00,,
12.657879430,138344624,,rFF44,1607430196,100.00,,
12.657879430,21432816200,,instructions,1607390996,100.00,3.56,insn per cycle
12.657879430,6028498361,,cycles,1607606726,100.00,,
12.758361037,5170104,,rD044,1607476915,100.00,,
12.758361037,136650283,,rFF44,1607119626,100.00,,
12.758361037,21234406909,,instructions,1606933996,100.00,3.52,insn per cycle
12.758361037,6024727896,,cycles,1606607736,100.00,,
12.858768534,4298395,,rD044,1606484715,100.00,,
12.858768534,137335127,,rFF44,1606556463,100.00,,
12.858768534,21318899288,,instructions,1606513066,100.00,3.54,insn per cycle
12.858768534,6024192381,,cycles,1606458856,100.00,,
12.959174421,5435590,,rD044,1606715706,100.00,,
12.959174421,137048042,,rFF44,1606828083,100.00,,
12.959174421,21274011240,,instructions,1607153033,100.00,3.53,insn per cycle
12.959174421,6028684031,,cycles,1607654136,100.00,,
13.059672809,4922705,,rD044,1608194556,100.00,,
13.059672809,137491360,,rFF44,1608153905,100.00,,
13.059672809,21332172951,,instructions,1607810189,100.00,3.54,insn per cycle
13.059672809,6027453106,,cycles,1607332286,100.00,,
13.160113586,5305268,,rD044,1606807316,100.00,,
13.160113586,136992226,,rFF44,1606990353,100.00,,
13.160113586,21281995914,,instructions,1607251476,100.00,3.53,insn per cycle
13.160113586,6027654044,,cycles,1607411616,100.00,,
13.260574113,4851056,,rD044,1607463615,100.00,,
13.260574113,136626315,,rFF44,1607498588,100.00,,
13.260574113,21232957365,,instructions,1607426625,100.00,3.52,insn per cycle
13.260574113,6028913995,,cycles,1607743365,100.00,,
13.361118552,4957704,,rD044,1608017866,100.00,,
13.361118552,137016400,,rFF44,1607752361,100.00,,
13.361118552,21284352101,,instructions,1607643964,100.00,3.53,insn per cycle
13.361118552,6026603260,,cycles,1607158754,100.00,,
13.461533518,4673558,,rD044,1606743214,100.00,,
13.461533518,138218258,,rFF44,1606766080,100.00,,
13.461533518,21419031167,,instructions,1606860916,100.00,3.55,insn per cycle
13.461533518,6026954784,,cycles,1607193256,100.00,,
13.561984726,4851666,,rD044,1607423586,100.00,,
13.561984726,137358014,,rFF44,1607541461,100.00,,
13.561984726,21326678499,,instructions,1607447526,100.00,3.54,insn per cycle
13.561984726,6026865511,,cycles,1607174466,100.00,,
13.662432553,5058868,,rD044,1607238586,100.00,,
13.662432553,137972363,,rFF44,1607671107,100.00,,
13.662432553,21403389467,,instructions,1608172716,100.00,3.55,insn per cycle
13.662432553,6032072974,,cycles,1608558681,100.00,,
13.762973471,5300852,,rD044,1608910909,100.00,,
13.762973471,137180582,,rFF44,1608510186,100.00,,
13.762973471,21307864955,,instructions,1607988906,100.00,3.53,insn per cycle
13.762973471,6028389446,,cycles,1607580340,100.00,,
13.863437949,4648856,,rD044,1606996481,100.00,,
13.863437949,137169513,,rFF44,1607709866,100.00,,
13.863437949,21304625670,,instructions,1608481047,100.00,3.53,insn per cycle
13.863437949,6035684655,,cycles,1609523033,100.00,,
13.964061728,4949862,,rD044,1609896544,100.00,,
13.964061728,138240915,,rFF44,1608872032,100.00,,
13.964061728,21412609466,,instructions,1608068281,100.00,3.55,insn per cycle
13.964061728,6026257469,,cycles,1607009556,100.00,,
14.064472845,4410236,,rD044,1606620816,100.00,,
14.064472845,137305589,,rFF44,1607340645,100.00,,
14.064472845,21301070910,,instructions,1607595926,100.00,3.53,insn per cycle
14.064472845,6029352206,,cycles,1607835856,100.00,,
14.164974583,4300340,,rD044,1607990458,100.00,,
14.164974583,137232033,,rFF44,1607833607,100.00,,
14.164974583,21304391953,,instructions,1607759536,100.00,3.53,insn per cycle
14.164974583,6029536427,,cycles,1607882547,100.00,,
14.265462461,4809727,,rD044,1607742491,100.00,,
14.265462461,138261477,,rFF44,1607639926,100.00,,
14.265462461,21432789791,,instructions,1607749446,100.00,3.56,insn per cycle
14.265462461,6028233625,,cycles,1607557120,100.00,,
14.365932568,4891062,,rD044,1607857361,100.00,,
14.365932568,137209604,,rFF44,1607835485,100.00,,
14.365932568,21306895019,,instructions,1607949227,100.00,3.53,insn per cycle
14.365932568,6030564525,,cycles,1608189956,100.00,,
14.466448986,4624643,,rD044,1607608439,100.00,,
14.466448986,137141643,,rFF44,1607107446,100.00,,
14.466448986,21268979715,,instructions,1606689434,100.00,3.53,insn per cycle
14.466448986,6023406159,,cycles,1606251091,100.00,,
14.566836793,4658033,,rD044,1606196251,100.00,,
14.566836793,139198456,,rFF44,1606211076,100.00,,
14.566836793,21534795752,,instructions,1606225686,100.00,3.58,insn per cycle
14.566836793,6023311028,,cycles,1606224335,100.00,,
14.667234899,4564766,,rD044,1606589825,100.00,,
14.667234899,138750776,,rFF44,1606909258,100.00,,
14.667234899,21482542782,,instructions,1606887786,100.00,3.57,insn per cycle
14.667234899,6025824232,,cycles,1606894136,100.00,,
14.767660116,4487020,,rD044,1607542626,100.00,,
14.767660116,137518354,,rFF44,1607875943,100.00,,
14.767660116,21359972176,,instructions,1608436096,100.00,3.54,insn per cycle
14.767660116,6033342415,,cycles,1608897858,100.00,,
14.868264505,4668115,,rD044,1608793342,100.00,,
14.868264505,137555119,,rFF44,1608261697,100.00,,
14.868264505,21342023962,,instructions,1607799786,100.00,3.54,insn per cycle
14.868264505,6028871298,,cycles,1607706173,100.00,,
14.968699982,4595168,,rD044,1607162582,100.00,,
14.968699982,136506570,,rFF44,1607446546,100.00,,
14.968699982,21216554572,,instructions,1607870779,100.00,3.52,insn per cycle
14.968699982,6029751920,,cycles,1607942993,100.00,,
15.069235861,4607792,,rD044,1608482090,100.00,,
15.069235861,137674362,,rFF44,1608693220,100.00,,
15.069235861,21359386508,,instructions,1608459099,100.00,3.54,insn per cycle
15.069235861,6030711599,,cycles,1608197726,100.00,,
15.169710688,4634302,,rD044,1607394006,100.00,,
15.169710688,136395723,,rFF44,1606957222,100.00,,
15.169710688,21180848404,,instructions,1606665438,100.00,3.52,insn per cycle
15.169710688,6024444500,,cycles,1606526936,100.00,,
15.270118995,4317731,,rD044,1606998146,100.00,,
15.270118995,138191551,,rFF44,1607627256,100.00,,
15.270118995,21419244974,,instructions,1608054964,100.00,3.55,insn per cycle
15.270118995,6031546798,,cycles,1608417736,100.00,,
15.370647123,5044796,,rD044,1608286096,100.00,,
15.370647123,137693365,,rFF44,1608383191,100.00,,
15.370647123,21351343852,,instructions,1608212636,100.00,3.54,insn per cycle
15.370647123,6029907553,,cycles,1607991486,100.00,,
15.471163471,4828002,,rD044,1608013799,100.00,,
15.471163471,137366969,,rFF44,1607292697,100.00,,
15.471163471,21309324759,,instructions,1607088346,100.00,3.54,insn per cycle
15.471163471,6025944168,,cycles,1606926966,100.00,,
15.571577808,4696456,,rD044,1606802834,100.00,,
15.571577808,137441309,,rFF44,1607748716,100.00,,
15.571577808,21335376745,,instructions,1608440836,100.00,3.54,insn per cycle
15.571577808,6034594100,,cycles,1609231912,100.00,,
15.672170817,5451431,,rD044,1609228761,100.00,,
15.672170817,137268728,,rFF44,1608368176,100.00,,
15.672170817,21317237254,,instructions,1607939740,100.00,3.54,insn per cycle
15.672170817,6027600898,,cycles,1607367896,100.00,,
15.772624504,5313761,,rD044,1607660826,100.00,,
15.772624504,137267919,,rFF44,1607703016,100.00,,
15.772624504,21310662573,,instructions,1607420357,100.00,3.54,insn per cycle
15.772624504,6027257996,,cycles,1607277496,100.00,,
15.873088412,4935653,,rD044,1607051146,100.00,,
15.873088412,138227701,,rFF44,1607341696,100.00,,
15.873088412,21435012473,,instructions,1607742043,100.00,3.56,insn per cycle
15.873088412,6029270178,,cycles,1607818936,100.00,,
15.973561769,5450980,,rD044,1607627296,100.00,,
15.973561769,137572135,,rFF44,1607550446,100.00,,
15.973561769,21347985428,,instructions,1607246366,100.00,3.54,insn per cycle
15.973561769,6026812035,,cycles,1607157136,100.00,,
16.074015567,4969551,,rD044,1607272946,100.00,,
16.074015567,136981817,,rFF44,1607101466,100.00,,
16.074015567,21266963895,,instructions,1607066981,100.00,3.53,insn per cycle
16.074015567,6026195718,,cycles,1606993866,100.00,,
16.120505251,1243569,,rD044,693122096,100.00,,
16.120505251,37656421,,rFF44,691936406,100.00,,
16.120505251,6400994848,,instructions,691105419,100.00,2.47,insn per cycle
16.120505251,2588873613,,cycles,690384780,100.00,,
