0.100127118,4307186,,rD044,91878931,100.00,,
0.100127118,19344035,,rFF44,91884781,100.00,,
0.100127118,420787192,,instructions,91889491,100.00,1.23,insn per cycle
0.100127118,340732635,,cycles,91894521,100.00,,
0.200425008,5492636,,rD044,100293295,100.00,,
0.200425008,24002425,,rFF44,100293805,100.00,,
0.200425008,505374628,,instructions,100294185,100.00,1.34,insn per cycle
0.200425008,376099594,,cycles,100293735,100.00,,
0.300632377,5489773,,rD044,100205615,100.00,,
0.300632377,23949709,,rFF44,100205385,100.00,,
0.300632377,504855852,,instructions,100205085,100.00,1.34,insn per cycle
0.300632377,375766284,,cycles,100204825,100.00,,
0.400837926,6665421,,rD044,100205015,100.00,,
0.400837926,28719544,,rFF44,100204605,100.00,,
0.400837926,99496953,,instructions,100204845,100.00,0.26,insn per cycle
0.400837926,375769739,,cycles,100205695,100.00,,
0.501035605,6910197,,rD044,100196555,100.00,,
0.501035605,29765817,,rFF44,100197365,100.00,,
0.501035605,37156241,,instructions,100197045,100.00,0.10,insn per cycle
0.501035605,375735356,,cycles,100196575,100.00,,
0.601334715,22173305,,rD044,5618752153,100.00,,
0.601334715,328595650,,rFF44,5750157159,100.00,,
0.601334715,50011027619,,instructions,5866236409,100.00,2.23,insn per cycle
0.601334715,22408069118,,cycles,5977988720,100.00,,
0.705600608,38771922,,rD044,13332509202,100.00,,
0.705600608,773295805,,rFF44,13320733601,100.00,,
0.705600608,120463675231,,instructions,13310023763,100.00,2.42,insn per cycle
0.705600608,49880194358,,cycles,13301814902,100.00,,
0.809568078,36748496,,rD044,13309994921,100.00,,
0.809568078,787661605,,rFF44,13304765428,100.00,,
0.809568078,122451185423,,instructions,13307088298,100.00,2.45,insn per cycle
0.809568078,49934864814,,cycles,13316067596,100.00,,
0.913669970,36322011,,rD044,13291267728,100.00,,
0.913669970,786039432,,rFF44,13279268911,100.00,,
0.913669970,122040699276,,instructions,13275287949,100.00,2.45,insn per cycle
0.913669970,49728790991,,cycles,13261226214,100.00,,
1.017177195,37606632,,rD044,13278048338,100.00,,
1.017177195,788732659,,rFF44,13291595665,100.00,,
1.017177195,122278321287,,instructions,13290141930,100.00,2.45,insn per cycle
1.017177195,49866491845,,cycles,13298083189,100.00,,
1.121085664,36939935,,rD044,13300875696,100.00,,
1.121085664,788527953,,rFF44,13297865310,100.00,,
1.121085664,122297368288,,instructions,13297030306,100.00,2.45,insn per cycle
1.121085664,49854578275,,cycles,13294616626,100.00,,
1.225078855,38011162,,rD044,13312123342,100.00,,
1.225078855,789584118,,rFF44,13304689335,100.00,,
1.225078855,121994489334,,instructions,13273076086,100.00,2.45,insn per cycle
1.225078855,49770813035,,cycles,13272310612,100.00,,
1.328642220,38170319,,rD044,13251348791,100.00,,
1.328642220,786420558,,rFF44,13255865270,100.00,,
1.328642220,122449880165,,instructions,13297811760,100.00,2.46,insn per cycle
1.328642220,49877653075,,cycles,13300794263,100.00,,
1.432514160,38680178,,rD044,13297840327,100.00,,
1.432514160,789216012,,rFF44,13299021798,100.00,,
1.432514160,122299552524,,instructions,13288993609,100.00,2.45,insn per cycle
1.432514160,49820810333,,cycles,13285738002,100.00,,
1.536318018,38126075,,rD044,13284857049,100.00,,
1.536318018,789392326,,rFF44,13285568803,100.00,,
1.536318018,122309000295,,instructions,13281960758,100.00,2.46,insn per cycle
1.536318018,49701219759,,cycles,13253833948,100.00,,
1.639461369,38261219,,rD044,13200267042,100.00,,
1.639461369,781864027,,rFF44,13195512660,100.00,,
1.639461369,121305281603,,instructions,13196997823,100.00,2.45,insn per cycle
1.639461369,49577179987,,cycles,13220649344,100.00,,
1.743137276,38677925,,rD044,13278560515,100.00,,
1.743137276,785881519,,rFF44,13294218839,100.00,,
1.743137276,122004559946,,instructions,13295050464,100.00,2.45,insn per cycle
1.743137276,49856871853,,cycles,13295300333,100.00,,
1.847048965,38251928,,rD044,13292543604,100.00,,
1.847048965,787509156,,rFF44,13282339992,100.00,,
1.847048965,122127898299,,instructions,13285554626,100.00,2.45,insn per cycle
1.847048965,49823690505,,cycles,13286583825,100.00,,
1.950900394,38261191,,rD044,13294129600,100.00,,
1.950900394,788577203,,rFF44,13292008432,100.00,,
1.950900394,122226629098,,instructions,13288041993,100.00,2.45,insn per cycle
1.950900394,49821684126,,cycles,13285911319,100.00,,
2.054837054,38254906,,rD044,13302822231,100.00,,
2.054837054,789256296,,rFF44,13303785292,100.00,,
2.054837054,122426778435,,instructions,13307823120,100.00,2.45,insn per cycle
2.054837054,49933933115,,cycles,13315790373,100.00,,
2.158743253,38582184,,rD044,13301297858,100.00,,
2.158743253,790746578,,rFF44,13303371057,100.00,,
2.158743253,122512626511,,instructions,13301329269,100.00,2.46,insn per cycle
2.158743253,49857509160,,cycles,13295420992,100.00,,
2.262542132,39032378,,rD044,13285455401,100.00,,
2.262542132,787857401,,rFF44,13288439438,100.00,,
2.262542132,122234936163,,instructions,13292126177,100.00,2.45,insn per cycle
2.262542132,49878381876,,cycles,13301044649,100.00,,
2.366526412,39013262,,rD044,13282992566,100.00,,
2.366526412,785581051,,rFF44,13243636015,100.00,,
2.366526412,121827285631,,instructions,13239986312,100.00,2.46,insn per cycle
2.366526412,49611121414,,cycles,13229757006,100.00,,
2.469786664,38452146,,rD044,13240813848,100.00,,
2.469786664,788549275,,rFF44,13272788161,100.00,,
2.469786664,122169068346,,instructions,13273697226,100.00,2.45,insn per cycle
2.469786664,49774842362,,cycles,13273466208,100.00,,
2.573515172,39166550,,rD044,13281073129,100.00,,
2.573515172,787337787,,rFF44,13279716499,100.00,,
2.573515172,122091879408,,instructions,13277223880,100.00,2.45,insn per cycle
2.573515172,49792845242,,cycles,13278276134,100.00,,
2.677237889,38148539,,rD044,13276320436,100.00,,
2.677237889,788648868,,rFF44,13292634046,100.00,,
2.677237889,122237486038,,instructions,13285213168,100.00,2.46,insn per cycle
2.677237889,49737950431,,cycles,13263597682,100.00,,
2.780926656,39437883,,rD044,13274868759,100.00,,
2.780926656,786687527,,rFF44,13265713759,100.00,,
2.780926656,122058522280,,instructions,13272842184,100.00,2.45,insn per cycle
2.780926656,49875450717,,cycles,13300242845,100.00,,
2.885006128,39210294,,rD044,13322325234,100.00,,
2.885006128,789941969,,rFF44,13316489437,100.00,,
2.885006128,122507797574,,instructions,13317664982,100.00,2.45,insn per cycle
2.885006128,49918302921,,cycles,13311647798,100.00,,
2.988763055,38819540,,rD044,13275963898,100.00,,
2.988763055,790132074,,rFF44,13280272466,100.00,,
2.988763055,122505823984,,instructions,13291046948,100.00,2.46,insn per cycle
2.988763055,49843494215,,cycles,13291688208,100.00,,
3.092312971,38243700,,rD044,13251926625,100.00,,
3.092312971,787401592,,rFF44,13251598157,100.00,,
3.092312971,121978485408,,instructions,13242438615,100.00,2.46,insn per cycle
3.092312971,49658755167,,cycles,13242387459,100.00,,
3.196034238,38989632,,rD044,13277105234,100.00,,
3.196034238,786660072,,rFF44,13275428752,100.00,,
3.196034238,122031486387,,instructions,13278383768,100.00,2.45,insn per cycle
3.196034238,49822038500,,cycles,13285984735,100.00,,
3.299905457,38052476,,rD044,13297477036,100.00,,
3.299905457,789810950,,rFF44,13301442925,100.00,,
3.299905457,122446489406,,instructions,13304293463,100.00,2.46,insn per cycle
3.299905457,49874982380,,cycles,13300110852,100.00,,
3.381455462,21764358,,rD044,9587351719,100.00,,
3.381455462,445420914,,rFF44,9471978545,100.00,,
3.381455462,73667644800,,instructions,9363536156,100.00,2.12,insn per cycle
3.381455462,34724964130,,cycles,9260562508,100.00,,
