0.100128647,4481077,,rD044,90640838,100.00,,
0.100128647,19778175,,rFF44,90646668,100.00,,
0.100128647,430547405,,instructions,90651678,100.00,1.28,insn per cycle
0.100128647,335352558,,cycles,90656278,100.00,,
0.200411306,5493925,,rD044,100278895,100.00,,
0.200411306,24045356,,rFF44,100279025,100.00,,
0.200411306,506617295,,instructions,100279365,100.00,1.35,insn per cycle
0.200411306,376045460,,cycles,100279285,100.00,,
0.300626884,5511194,,rD044,100214555,100.00,,
0.300626884,24035285,,rFF44,100214385,100.00,,
0.300626884,506615331,,instructions,100214375,100.00,1.35,insn per cycle
0.300626884,375802112,,cycles,100214385,100.00,,
0.400839832,6752532,,rD044,100212505,100.00,,
0.400839832,28925145,,rFF44,100212515,100.00,,
0.400839832,90270302,,instructions,100211645,100.00,0.24,insn per cycle
0.400839832,375789382,,cycles,100211785,100.00,,
0.501066790,6926148,,rD044,100225695,100.00,,
0.501066790,30177394,,rFF44,100225865,100.00,,
0.501066790,37730889,,instructions,100226145,100.00,0.10,insn per cycle
0.501066790,375842159,,cycles,100225925,100.00,,
0.601265277,3225037,,rD044,472149616,100.00,,
0.601265277,53502456,,rFF44,472424899,100.00,,
0.601265277,6150090461,,instructions,472597609,100.00,3.47,insn per cycle
0.601265277,1772264846,,cycles,472772609,100.00,,
0.701564896,28813,,rD044,802369943,100.00,,
0.701564896,74875843,,rFF44,802357940,100.00,,
0.701564896,11543078168,,instructions,802356910,100.00,3.84,insn per cycle
0.701564896,3008791911,,cycles,802349250,100.00,,
0.801861215,31014,,rD044,802337740,100.00,,
0.801861215,67816874,,rFF44,802390970,100.00,,
0.801861215,10653073943,,instructions,802451460,100.00,3.54,insn per cycle
0.801861215,3009113824,,cycles,802449010,100.00,,
0.902170614,29093,,rD044,802458010,100.00,,
0.902170614,74573203,,rFF44,802377320,100.00,,
0.902170614,11494933693,,instructions,802305263,100.00,3.82,insn per cycle
0.902170614,3008585053,,cycles,802299738,100.00,,
1.002459233,31023,,rD044,802308490,100.00,,
1.002459233,70793931,,rFF44,802315118,100.00,,
1.002459233,11013999392,,instructions,802320445,100.00,3.66,insn per cycle
1.002459233,3008709422,,cycles,802330260,100.00,,
1.102747531,27077,,rD044,802270268,100.00,,
1.102747531,74782002,,rFF44,802273370,100.00,,
1.102747531,11526072101,,instructions,802278010,100.00,3.83,insn per cycle
1.102747531,3008462205,,cycles,802271370,100.00,,
1.203047190,31591,,rD044,802394890,100.00,,
1.203047190,71388356,,rFF44,802391290,100.00,,
1.203047190,11097088048,,instructions,802388050,100.00,3.69,insn per cycle
1.203047190,3008956308,,cycles,802392240,100.00,,
1.303335769,26836,,rD044,802300080,100.00,,
1.303335769,73430177,,rFF44,802309510,100.00,,
1.303335769,11314289726,,instructions,802315700,100.00,3.76,insn per cycle
1.303335769,3008640148,,cycles,802307760,100.00,,
1.403624708,31227,,rD044,802304870,100.00,,
1.403624708,68837546,,rFF44,802293930,100.00,,
1.403624708,10788408751,,instructions,802280070,100.00,3.59,insn per cycle
1.403624708,3008546393,,cycles,802284205,100.00,,
1.503940897,28170,,rD044,802529963,100.00,,
1.503940897,74861494,,rFF44,802526808,100.00,,
1.503940897,11531138834,,instructions,802534198,100.00,3.83,insn per cycle
1.503940897,3009485477,,cycles,802533273,100.00,,
1.604232395,30765,,rD044,802324635,100.00,,
1.604232395,68024113,,rFF44,802325210,100.00,,
1.604232395,10694045420,,instructions,802322920,100.00,3.55,insn per cycle
1.604232395,3008748484,,cycles,802336620,100.00,,
1.704528734,27587,,rD044,802340160,100.00,,
1.704528734,74049338,,rFF44,802350830,100.00,,
1.704528734,11404986419,,instructions,802348430,100.00,3.79,insn per cycle
1.704528734,3008663526,,cycles,802331300,100.00,,
1.804823343,31582,,rD044,802307780,100.00,,
1.804823343,70424275,,rFF44,802313760,100.00,,
1.804823343,10994603612,,instructions,802329310,100.00,3.65,insn per cycle
1.804823343,3009122858,,cycles,802459246,100.00,,
1.905158712,28215,,rD044,802623403,100.00,,
1.905158712,74665021,,rFF44,802612898,100.00,,
1.905158712,11499175132,,instructions,802601518,100.00,3.82,insn per cycle
1.905158712,3009213330,,cycles,802480262,100.00,,
2.005445251,32686,,rD044,802263155,100.00,,
2.005445251,73040438,,rFF44,802275310,100.00,,
2.005445251,11303874616,,instructions,802268660,100.00,3.76,insn per cycle
2.005445251,3008434942,,cycles,802269380,100.00,,
2.105758480,32302,,rD044,802471620,100.00,,
2.105758480,73301485,,rFF44,802460210,100.00,,
2.105758480,11332528718,,instructions,802465840,100.00,3.77,insn per cycle
2.105758480,3009198825,,cycles,802464150,100.00,,
2.206074639,29171,,rD044,802525490,100.00,,
2.206074639,74734075,,rFF44,802528630,100.00,,
2.206074639,11514314066,,instructions,802536176,100.00,3.83,insn per cycle
2.206074639,3009503073,,cycles,802537618,100.00,,
2.306372188,31334,,rD044,802377023,100.00,,
2.306372188,69987590,,rFF44,802376248,100.00,,
2.306372188,10927066271,,instructions,802368402,100.00,3.63,insn per cycle
2.306372188,3008847451,,cycles,802363650,100.00,,
2.406668087,27965,,rD044,802366365,100.00,,
2.406668087,74103280,,rFF44,802368080,100.00,,
2.406668087,11422694337,,instructions,802374450,100.00,3.80,insn per cycle
2.406668087,3008929811,,cycles,802385190,100.00,,
2.506967725,32035,,rD044,802389540,100.00,,
2.506967725,67134893,,rFF44,802388160,100.00,,
2.506967725,10544118471,,instructions,802380250,100.00,3.50,insn per cycle
2.506967725,3008886159,,cycles,802373320,100.00,,
2.607263404,28921,,rD044,802362450,100.00,,
2.607263404,74573566,,rFF44,802356510,100.00,,
2.607263404,11493609607,,instructions,802352740,100.00,3.82,insn per cycle
2.607263404,3008807263,,cycles,802352172,100.00,,
2.707555243,31037,,rD044,802322370,100.00,,
2.707555243,69386546,,rFF44,802317640,100.00,,
2.707555243,10851723298,,instructions,802313998,100.00,3.61,insn per cycle
2.707555243,3008635499,,cycles,802307186,100.00,,
2.807846142,28225,,rD044,802331524,100.00,,
2.807846142,74047895,,rFF44,802349938,100.00,,
2.807846142,11416110425,,instructions,802474680,100.00,3.79,insn per cycle
2.807846142,3009425578,,cycles,802517210,100.00,,
2.908162481,31504,,rD044,802505714,100.00,,
2.908162481,72098393,,rFF44,802500070,100.00,,
2.908162481,11182885111,,instructions,802387860,100.00,3.72,insn per cycle
2.908162481,3008812056,,cycles,802359180,100.00,,
3.008460800,29149,,rD044,802359239,100.00,,
3.008460800,74631448,,rFF44,802359619,100.00,,
3.008460800,11510393417,,instructions,802354429,100.00,3.83,insn per cycle
3.008460800,3008788655,,cycles,802352549,100.00,,
3.108758298,31398,,rD044,802348310,100.00,,
3.108758298,72626799,,rFF44,802345320,100.00,,
3.108758298,11251499292,,instructions,802348715,100.00,3.74,insn per cycle
3.108758298,3008751439,,cycles,802346448,100.00,,
3.209071977,28643,,rD044,802501116,100.00,,
3.209071977,74454957,,rFF44,802497748,100.00,,
3.209071977,11484850551,,instructions,802495553,100.00,3.82,insn per cycle
3.209071977,3009328145,,cycles,802491490,100.00,,
3.309364346,31232,,rD044,802337112,100.00,,
3.309364346,67861337,,rFF44,802342040,100.00,,
3.309364346,10657244935,,instructions,802338940,100.00,3.54,insn per cycle
3.309364346,3008746136,,cycles,802336190,100.00,,
3.409658185,27831,,rD044,802350250,100.00,,
3.409658185,74653368,,rFF44,802347100,100.00,,
3.409658185,11515260070,,instructions,802350910,100.00,3.83,insn per cycle
3.409658185,3008804773,,cycles,802351860,100.00,,
3.509953654,31790,,rD044,802355440,100.00,,
3.509953654,71826552,,rFF44,802348110,100.00,,
3.509953654,11155957060,,instructions,802342670,100.00,3.71,insn per cycle
3.509953654,3008799424,,cycles,802350655,100.00,,
3.610245142,27971,,rD044,802331410,100.00,,
3.610245142,74034301,,rFF44,802331674,100.00,,
3.610245142,11414541019,,instructions,802335008,100.00,3.79,insn per cycle
3.610245142,3008726947,,cycles,802330883,100.00,,
3.710539741,31065,,rD044,802348506,100.00,,
3.710539741,69426135,,rFF44,802349604,100.00,,
3.710539741,10840859086,,instructions,802354000,100.00,3.60,insn per cycle
3.710539741,3008803586,,cycles,802354580,100.00,,
3.810838420,27616,,rD044,802391672,100.00,,
3.810838420,73696473,,rFF44,802395030,100.00,,
3.810838420,11363527112,,instructions,802443480,100.00,3.78,insn per cycle
3.810838420,3010163689,,cycles,802713560,100.00,,
3.911214930,30637,,rD044,802996380,100.00,,
3.911214930,69345894,,rFF44,802998787,100.00,,
3.911214930,10831404408,,instructions,802936268,100.00,3.60,insn per cycle
3.911214930,3009965283,,cycles,802667348,100.00,,
4.011510749,27858,,rD044,802339648,100.00,,
4.011510749,74187271,,rFF44,802334371,100.00,,
4.011510749,11433690545,,instructions,802341620,100.00,3.80,insn per cycle
4.011510749,3008723841,,cycles,802337850,100.00,,
4.111805427,31401,,rD044,802337680,100.00,,
4.111805427,70271218,,rFF44,802339580,100.00,,
4.111805427,10969832999,,instructions,802344000,100.00,3.65,insn per cycle
4.111805427,3008789992,,cycles,802347960,100.00,,
4.212118356,27795,,rD044,802508930,100.00,,
4.212118356,73121323,,rFF44,802513160,100.00,,
4.212118356,11267673858,,instructions,802512470,100.00,3.74,insn per cycle
4.212118356,3009350046,,cycles,802497470,100.00,,
4.312413565,30672,,rD044,802357810,100.00,,
4.312413565,68789117,,rFF44,802365160,100.00,,
4.312413565,10761164142,,instructions,802360118,100.00,3.58,insn per cycle
4.312413565,3008824908,,cycles,802356998,100.00,,
4.412707674,27651,,rD044,802361754,100.00,,
4.412707674,73913080,,rFF44,802366218,100.00,,
4.412707674,11388943096,,instructions,802371680,100.00,3.79,insn per cycle
4.412707674,3008890800,,cycles,802374880,100.00,,
4.513005523,30911,,rD044,802361534,100.00,,
4.513005523,68373865,,rFF44,802352060,100.00,,
4.513005523,10732689799,,instructions,802350600,100.00,3.57,insn per cycle
4.513005523,3008818967,,cycles,802355690,100.00,,
4.613301331,28742,,rD044,802360900,100.00,,
4.613301331,73555437,,rFF44,802362450,100.00,,
4.613301331,11332625087,,instructions,802366100,100.00,3.77,insn per cycle
4.613301331,3008857945,,cycles,802366150,100.00,,
4.713596060,30755,,rD044,802361620,100.00,,
4.713596060,68478616,,rFF44,802356750,100.00,,
4.713596060,10741288694,,instructions,802351530,100.00,3.57,insn per cycle
4.713596060,3008817414,,cycles,802359314,100.00,,
4.813889469,28241,,rD044,802362590,100.00,,
4.813889469,74640618,,rFF44,802466228,100.00,,
4.813889469,11496915901,,instructions,802475388,100.00,3.82,insn per cycle
4.813889469,3009272774,,cycles,802477204,100.00,,
4.914202618,31462,,rD044,802455468,100.00,,
4.914202618,70505066,,rFF44,802350930,100.00,,
4.914202618,10993074409,,instructions,802347150,100.00,3.65,insn per cycle
4.914202618,3008732887,,cycles,802338350,100.00,,
5.014496167,28537,,rD044,802352250,100.00,,
5.014496167,74100963,,rFF44,802353370,100.00,,
5.014496167,11409501042,,instructions,802346450,100.00,3.79,insn per cycle
5.014496167,3008765204,,cycles,802340830,100.00,,
5.114797486,32396,,rD044,802375410,100.00,,
5.114797486,69811622,,rFF44,802374150,100.00,,
5.114797486,10908543888,,instructions,802378770,100.00,3.63,insn per cycle
5.114797486,3008912895,,cycles,802388240,100.00,,
5.215109995,27622,,rD044,802490600,100.00,,
5.215109995,73366666,,rFF44,802476313,100.00,,
5.215109995,11337858876,,instructions,802479568,100.00,3.77,insn per cycle
5.215109995,3009304180,,cycles,802485148,100.00,,
5.315402493,32551,,rD044,802337176,100.00,,
5.315402493,72193476,,rFF44,802343425,100.00,,
5.315402493,11189903332,,instructions,802343350,100.00,3.72,insn per cycle
5.315402493,3008748320,,cycles,802336920,100.00,,
5.415694342,31014,,rD044,802340402,100.00,,
5.415694342,69535629,,rFF44,802347940,100.00,,
5.415694342,10869418412,,instructions,802341740,100.00,3.61,insn per cycle
5.415694342,3008761143,,cycles,802339980,100.00,,
5.515989561,28602,,rD044,802339690,100.00,,
5.515989561,74241150,,rFF44,802322050,100.00,,
5.515989561,11436799236,,instructions,802316400,100.00,3.80,insn per cycle
5.515989561,3008638393,,cycles,802307600,100.00,,
5.616275500,31634,,rD044,802293560,100.00,,
5.616275500,70133002,,rFF44,802313110,100.00,,
5.616275500,10963035047,,instructions,802321550,100.00,3.64,insn per cycle
5.616275500,3008720297,,cycles,802328800,100.00,,
5.716569108,28144,,rD044,802317169,100.00,,
5.716569108,74464852,,rFF44,802316660,100.00,,
5.716569108,11472596863,,instructions,802316527,100.00,3.81,insn per cycle
5.716569108,3008658322,,cycles,802325787,100.00,,
5.816879187,32476,,rD044,802443158,100.00,,
5.816879187,72131358,,rFF44,802634037,100.00,,
5.816879187,11180748800,,instructions,802633830,100.00,3.71,insn per cycle
5.816879187,3009805527,,cycles,802634720,100.00,,
5.917200476,30574,,rD044,802482269,100.00,,
5.917200476,74877424,,rFF44,802320399,100.00,,
5.917200476,11541650956,,instructions,802342459,100.00,3.84,insn per cycle
5.917200476,3008719997,,cycles,802356579,100.00,,
6.017513625,33849,,rD044,802409760,100.00,,
6.017513625,72664523,,rFF44,802390740,100.00,,
6.017513625,11277180357,,instructions,802375093,100.00,3.75,insn per cycle
6.017513625,3008710959,,cycles,802357798,100.00,,
6.117809474,29247,,rD044,802299471,100.00,,
6.117809474,74101463,,rFF44,802295148,100.00,,
6.117809474,11426030263,,instructions,802293885,100.00,3.80,insn per cycle
6.117809474,3008506370,,cycles,802285400,100.00,,
6.218121523,32254,,rD044,802444037,100.00,,
6.218121523,72366402,,rFF44,802442710,100.00,,
6.218121523,11227094378,,instructions,802441010,100.00,3.73,insn per cycle
6.218121523,3009095948,,cycles,802444450,100.00,,
6.318417552,28866,,rD044,802165839,100.00,,
6.318417552,74178143,,rFF44,802169959,100.00,,
6.318417552,11442092364,,instructions,802173939,100.00,3.80,insn per cycle
6.318417552,3008076917,,cycles,802179499,100.00,,
6.418718491,32571,,rD044,802359550,100.00,,
6.418718491,70404182,,rFF44,802351730,100.00,,
6.418718491,10956009997,,instructions,802335540,100.00,3.64,insn per cycle
6.418718491,3008683019,,cycles,802334276,100.00,,
6.519016610,29546,,rD044,802321680,100.00,,
6.519016610,74024817,,rFF44,802328057,100.00,,
6.519016610,11417945700,,instructions,802342038,100.00,3.79,insn per cycle
6.519016610,3008716962,,cycles,802343822,100.00,,
6.619320008,32242,,rD044,802374408,100.00,,
6.619320008,69136621,,rFF44,802373471,100.00,,
6.619320008,10818805616,,instructions,802365760,100.00,3.60,insn per cycle
6.619320008,3008792072,,cycles,802361750,100.00,,
6.719615927,28643,,rD044,802311870,100.00,,
6.719615927,74096899,,rFF44,802312940,100.00,,
6.719615927,11427675737,,instructions,802317970,100.00,3.80,insn per cycle
6.719615927,3008611203,,cycles,802312510,100.00,,
6.819912036,29985,,rD044,802459270,100.00,,
6.819912036,65094845,,rFF44,802458920,100.00,,
6.819912036,10300921496,,instructions,802467940,100.00,3.42,insn per cycle
6.819912036,3009240246,,cycles,802481276,100.00,,
6.920231715,28246,,rD044,802345440,100.00,,
6.920231715,74407655,,rFF44,802340507,100.00,,
6.920231715,11475466626,,instructions,802328138,100.00,3.81,insn per cycle
6.920231715,3008614197,,cycles,802319692,100.00,,
7.020526314,30952,,rD044,802297818,100.00,,
7.020526314,67773361,,rFF44,802295771,100.00,,
7.020526314,10651137138,,instructions,802292160,100.00,3.54,insn per cycle
7.020526314,3008524606,,cycles,802290720,100.00,,
7.120822443,28702,,rD044,802307360,100.00,,
7.120822443,74529195,,rFF44,802297410,100.00,,
7.120822443,11492915010,,instructions,802303190,100.00,3.82,insn per cycle
7.120822443,3008822932,,cycles,802369660,100.00,,
7.221136822,31898,,rD044,802463740,100.00,,
7.221136822,72286135,,rFF44,802476660,100.00,,
7.221136822,11229517976,,instructions,802487270,100.00,3.73,insn per cycle
7.221136822,3009038209,,cycles,802426521,100.00,,
7.321435751,28505,,rD044,802187299,100.00,,
7.321435751,73999293,,rFF44,802188871,100.00,,
7.321435751,11405927642,,instructions,802183327,100.00,3.79,insn per cycle
7.321435751,3008087805,,cycles,802181956,100.00,,
7.421730439,31226,,rD044,802301725,100.00,,
7.421730439,68248774,,rFF44,802286306,100.00,,
7.421730439,10679275540,,instructions,802278010,100.00,3.55,insn per cycle
7.421730439,3008464101,,cycles,802274200,100.00,,
7.522025328,28764,,rD044,802309742,100.00,,
7.522025328,74375432,,rFF44,802319929,100.00,,
7.522025328,11462466165,,instructions,802321819,100.00,3.81,insn per cycle
7.522025328,3008652245,,cycles,802323849,100.00,,
7.622318387,33400,,rD044,801109834,100.00,,
7.622318387,69434097,,rFF44,801115824,100.00,,
7.622318387,10840417595,,instructions,801114764,100.00,3.61,insn per cycle
7.622318387,3004120209,,cycles,801115194,100.00,,
7.722651376,30115,,rD044,802615900,100.00,,
7.722651376,74299799,,rFF44,802616283,100.00,,
7.722651376,11450168603,,instructions,802626408,100.00,3.80,insn per cycle
7.722651376,3009825277,,cycles,802636308,100.00,,
7.822952305,32293,,rD044,802342956,100.00,,
7.822952305,71108523,,rFF44,802333314,100.00,,
7.822952305,11071970472,,instructions,802323689,100.00,3.68,insn per cycle
7.822952305,3008635082,,cycles,802318579,100.00,,
7.923245904,29460,,rD044,802288231,100.00,,
7.923245904,75235934,,rFF44,802296370,100.00,,
7.923245904,11588774202,,instructions,802292450,100.00,3.85,insn per cycle
7.923245904,3008494074,,cycles,802286410,100.00,,
8.023542053,31688,,rD044,802311940,100.00,,
8.023542053,70645843,,rFF44,802299010,100.00,,
8.023542053,11002868077,,instructions,802296600,100.00,3.66,insn per cycle
8.023542053,3008529442,,cycles,802292940,100.00,,
8.123836451,28289,,rD044,802300340,100.00,,
8.123836451,74285332,,rFF44,802312650,100.00,,
8.123836451,11442322511,,instructions,802360922,100.00,3.80,insn per cycle
8.123836451,3009656557,,cycles,802590948,100.00,,
8.224163160,32422,,rD044,802552416,100.00,,
8.224163160,69252232,,rFF44,802550088,100.00,,
8.224163160,10837703038,,instructions,802511756,100.00,3.60,insn per cycle
8.224163160,3008517771,,cycles,802287970,100.00,,
8.324458879,29017,,rD044,802158452,100.00,,
8.324458879,73653033,,rFF44,802161680,100.00,,
8.324458879,11365801995,,instructions,802154670,100.00,3.78,insn per cycle
8.324458879,3007958288,,cycles,802151060,100.00,,
8.424752398,30857,,rD044,802291140,100.00,,
8.424752398,69362724,,rFF44,802288860,100.00,,
8.424752398,10844683295,,instructions,802301070,100.00,3.60,insn per cycle
8.424752398,3008584714,,cycles,802306100,100.00,,
8.525066987,29900,,rD044,802460110,100.00,,
8.525066987,71860590,,rFF44,802458870,100.00,,
8.525066987,11172904531,,instructions,802458515,100.00,3.71,insn per cycle
8.525066987,3009146397,,cycles,802456348,100.00,,
8.625363486,31347,,rD044,802312442,100.00,,
8.625363486,73815602,,rFF44,802314848,100.00,,
8.625363486,11411993213,,instructions,802307813,100.00,3.79,insn per cycle
8.625363486,3008558779,,cycles,802299450,100.00,,
8.725658125,33176,,rD044,802306976,100.00,,
8.725658125,72925085,,rFF44,802302930,100.00,,
8.725658125,11293866345,,instructions,802303560,100.00,3.75,insn per cycle
8.725658125,3008600936,,cycles,802310230,100.00,,
8.825954873,28862,,rD044,802308348,100.00,,
8.825954873,74268399,,rFF44,802302698,100.00,,
8.825954873,11443016366,,instructions,802307968,100.00,3.80,insn per cycle
8.825954873,3008564183,,cycles,802300438,100.00,,
8.926248922,30813,,rD044,802309850,100.00,,
8.926248922,69924836,,rFF44,802308430,100.00,,
8.926248922,10935769517,,instructions,802302560,100.00,3.63,insn per cycle
8.926248922,3008602647,,cycles,802310050,100.00,,
9.026544501,28849,,rD044,802316410,100.00,,
9.026544501,74535514,,rFF44,802337701,100.00,,
9.026544501,11487079238,,instructions,802349478,100.00,3.82,insn per cycle
9.026544501,3008735689,,cycles,802350898,100.00,,
9.126844770,31912,,rD044,802325773,100.00,,
9.126844770,70395238,,rFF44,802304955,100.00,,
9.126844770,10971367497,,instructions,802371028,100.00,3.65,insn per cycle
9.126844770,3009134865,,cycles,802452958,100.00,,
9.227157169,29282,,rD044,802439752,100.00,,
9.227157169,74506499,,rFF44,802439199,100.00,,
9.227157169,11485901964,,instructions,802363479,100.00,3.82,insn per cycle
9.227157169,3008493094,,cycles,802285449,100.00,,
9.327450908,33901,,rD044,802154579,100.00,,
9.327450908,71619122,,rFF44,802156239,100.00,,
9.327450908,11128598289,,instructions,802159839,100.00,3.70,insn per cycle
9.327450908,3007971305,,cycles,802152529,100.00,,
9.427745756,29103,,rD044,802309170,100.00,,
9.427745756,74766959,,rFF44,802308320,100.00,,
9.427745756,11532070633,,instructions,802312012,100.00,3.83,insn per cycle
9.427745756,3008606908,,cycles,802311808,100.00,,
9.528057455,32832,,rD044,802430153,100.00,,
9.528057455,72423178,,rFF44,802421047,100.00,,
9.528057455,11235779900,,instructions,802401225,100.00,3.73,insn per cycle
9.528057455,3008945915,,cycles,802404189,100.00,,
9.628375864,29736,,rD044,802497604,100.00,,
9.628375864,74762418,,rFF44,802515930,100.00,,
9.628375864,11533483049,,instructions,802536930,100.00,3.83,insn per cycle
9.628375864,3009421277,,cycles,802532650,100.00,,
9.728674573,32343,,rD044,802292539,100.00,,
9.728674573,72353671,,rFF44,802286409,100.00,,
9.728674573,11229627466,,instructions,802275019,100.00,3.73,insn per cycle
9.728674573,3008423656,,cycles,802277299,100.00,,
9.828952942,30204,,rD044,802126829,100.00,,
9.828952942,75045448,,rFF44,802126229,100.00,,
9.828952942,11572305513,,instructions,802118569,100.00,3.85,insn per cycle
9.828952942,3007830713,,cycles,802121145,100.00,,
9.929242811,33065,,rD044,802269030,100.00,,
9.929242811,72098976,,rFF44,802278716,100.00,,
9.929242811,11183519833,,instructions,802281468,100.00,3.72,insn per cycle
9.929242811,3008442929,,cycles,802277832,100.00,,
10.029542839,29917,,rD044,802297868,100.00,,
10.029542839,74247043,,rFF44,802290462,100.00,,
10.029542839,11443916390,,instructions,802302440,100.00,3.80,insn per cycle
10.029542839,3008492432,,cycles,802303450,100.00,,
10.129835978,31975,,rD044,802286659,100.00,,
10.129835978,70672208,,rFF44,802288809,100.00,,
10.129835978,11017408725,,instructions,802274489,100.00,3.66,insn per cycle
10.129835978,3009042353,,cycles,802429079,100.00,,
10.230146327,28981,,rD044,802434870,100.00,,
10.230146327,75040669,,rFF44,802437650,100.00,,
10.230146327,11562353503,,instructions,802445500,100.00,3.84,insn per cycle
10.230146327,3008564283,,cycles,802299990,100.00,,
10.330443866,32415,,rD044,802172329,100.00,,
10.330443866,72259621,,rFF44,802164999,100.00,,
10.330443866,11196016448,,instructions,802158166,100.00,3.72,insn per cycle
10.330443866,3007982876,,cycles,802153527,100.00,,
10.430736275,27643,,rD044,802288803,100.00,,
10.430736275,74213374,,rFF44,802292057,100.00,,
10.430736275,11432462525,,instructions,802296770,100.00,3.80,insn per cycle
10.430736275,3008507401,,cycles,802285619,100.00,,
10.531033243,31203,,rD044,802305384,100.00,,
10.531033243,68590497,,rFF44,802297400,100.00,,
10.531033243,10772904526,,instructions,802305160,100.00,3.58,insn per cycle
10.531033243,3008600959,,cycles,802311640,100.00,,
10.631325472,29845,,rD044,802295460,100.00,,
10.631325472,74995274,,rFF44,802308610,100.00,,
10.631325472,11549346126,,instructions,802300930,100.00,3.84,insn per cycle
10.631325472,3008585830,,cycles,802307200,100.00,,
10.731624661,33296,,rD044,802322480,100.00,,
10.731624661,73133757,,rFF44,802313430,100.00,,
10.731624661,11320541551,,instructions,802304740,100.00,3.76,insn per cycle
10.731624661,3008542159,,cycles,802294300,100.00,,
10.831916570,29788,,rD044,802415810,100.00,,
10.831916570,71464404,,rFF44,802419827,100.00,,
10.831916570,11104201413,,instructions,802446788,100.00,3.69,insn per cycle
10.831916570,3009148697,,cycles,802457108,100.00,,
10.932228979,30253,,rD044,802320748,100.00,,
10.932228979,71868198,,rFF44,802321011,100.00,,
10.932228979,11174483194,,instructions,802310740,100.00,3.71,insn per cycle
10.932228979,3008623323,,cycles,802315960,100.00,,
11.032527568,31356,,rD044,802330900,100.00,,
11.032527568,72156835,,rFF44,802334130,100.00,,
11.032527568,11200562886,,instructions,802318110,100.00,3.72,insn per cycle
11.032527568,3008566333,,cycles,802306020,100.00,,
11.132823196,27655,,rD044,802302170,100.00,,
11.132823196,74259743,,rFF44,802305360,100.00,,
11.132823196,11437548346,,instructions,802324810,100.00,3.80,insn per cycle
11.132823196,3009030985,,cycles,802424714,100.00,,
11.233136165,32932,,rD044,802445710,100.00,,
11.233136165,70840194,,rFF44,802438503,100.00,,
11.233136165,11029137935,,instructions,802430398,100.00,3.67,insn per cycle
11.233136165,3008693430,,cycles,802335354,100.00,,
11.333430264,28735,,rD044,802144945,100.00,,
11.333430264,74380336,,rFF44,802135605,100.00,,
11.333430264,11462490898,,instructions,802122860,100.00,3.81,insn per cycle
11.333430264,3007864629,,cycles,802120470,100.00,,
11.433722173,33108,,rD044,802286773,100.00,,
11.433722173,70745629,,rFF44,802283370,100.00,,
11.433722173,11012662299,,instructions,802299090,100.00,3.66,insn per cycle
11.433722173,3008560571,,cycles,802298590,100.00,,
11.534032972,29238,,rD044,802432340,100.00,,
11.534032972,74909883,,rFF44,802443900,100.00,,
11.534032972,11547547019,,instructions,802452870,100.00,3.84,insn per cycle
11.534032972,3009134289,,cycles,802452670,100.00,,
11.634330981,31878,,rD044,802335630,100.00,,
11.634330981,71037407,,rFF44,802335950,100.00,,
11.634330981,11063521384,,instructions,802320553,100.00,3.68,insn per cycle
11.634330981,3008638824,,cycles,802321518,100.00,,
11.734632059,29082,,rD044,802350603,100.00,,
11.734632059,74523894,,rFF44,802352408,100.00,,
11.734632059,11492138169,,instructions,802349265,100.00,3.82,insn per cycle
11.734632059,3008727534,,cycles,802345460,100.00,,
11.834959539,32904,,rD044,802561535,100.00,,
11.834959539,72108343,,rFF44,802549510,100.00,,
11.834959539,11197394389,,instructions,802552380,100.00,3.72,insn per cycle
11.834959539,3009484158,,cycles,802545740,100.00,,
11.935249427,28897,,rD044,802267119,100.00,,
11.935249427,74590568,,rFF44,802280589,100.00,,
11.935249427,11506365253,,instructions,802280759,100.00,3.82,insn per cycle
11.935249427,3008492867,,cycles,802284079,100.00,,
12.035541626,31394,,rD044,802272010,100.00,,
12.035541626,67622471,,rFF44,802264910,100.00,,
12.035541626,10630685784,,instructions,802257930,100.00,3.53,insn per cycle
12.035541626,3008437508,,cycles,802271118,100.00,,
12.135836165,28534,,rD044,802297500,100.00,,
12.135836165,74240847,,rFF44,802306528,100.00,,
12.135836165,11452227270,,instructions,802339748,100.00,3.81,insn per cycle
12.135836165,3009155859,,cycles,802459270,100.00,,
12.236149674,31778,,rD044,802454818,100.00,,
12.236149674,70590440,,rFF44,802446770,100.00,,
12.236149674,11026556488,,instructions,802419220,100.00,3.67,insn per cycle
12.236149674,3008547268,,cycles,802296990,100.00,,
12.336447863,29526,,rD044,802176380,100.00,,
12.336447863,74749704,,rFF44,802170040,100.00,,
12.336447863,11529266820,,instructions,802170520,100.00,3.83,insn per cycle
12.336447863,3008041309,,cycles,802167220,100.00,,
12.436743032,31678,,rD044,802306900,100.00,,
12.436743032,70480616,,rFF44,802313710,100.00,,
12.436743032,10997189590,,instructions,802327910,100.00,3.66,insn per cycle
12.436743032,3008730283,,cycles,802344485,100.00,,
12.537058911,29520,,rD044,802473782,100.00,,
12.537058911,74172008,,rFF44,802485808,100.00,,
12.537058911,11425476939,,instructions,802475568,100.00,3.80,insn per cycle
12.537058911,3009169101,,cycles,802460453,100.00,,
12.637354769,33027,,rD044,802314596,100.00,,
12.637354769,71726290,,rFF44,802296660,100.00,,
12.637354769,11141509639,,instructions,802288900,100.00,3.70,insn per cycle
12.637354769,3008523697,,cycles,802291490,100.00,,
12.737647058,28978,,rD044,802271080,100.00,,
12.737647058,74970984,,rFF44,802278730,100.00,,
12.737647058,11555547898,,instructions,802285930,100.00,3.84,insn per cycle
12.737647058,3008473513,,cycles,802278010,100.00,,
12.837939367,32151,,rD044,802280050,100.00,,
12.837939367,70853950,,rFF44,802270100,100.00,,
12.837939367,11042624835,,instructions,802266240,100.00,3.67,insn per cycle
12.837939367,3008470084,,cycles,802274260,100.00,,
12.938233786,28270,,rD044,802305540,100.00,,
12.938233786,74084808,,rFF44,802310660,100.00,,
12.938233786,11416083183,,instructions,802312474,100.00,3.79,insn per cycle
12.938233786,3008548443,,cycles,802300608,100.00,,
13.038526514,32445,,rD044,802274491,100.00,,
13.038526514,70953261,,rFF44,802275338,100.00,,
13.038526514,11062183793,,instructions,802280944,100.00,3.68,insn per cycle
13.038526514,3008502359,,cycles,802286820,100.00,,
13.138825753,29097,,rD044,802345937,100.00,,
13.138825753,75214233,,rFF44,802359210,100.00,,
13.138825753,11584867031,,instructions,802356620,100.00,3.85,insn per cycle
13.138825753,3009338898,,cycles,802508750,100.00,,
13.239142842,32809,,rD044,802346197,100.00,,
13.239142842,72655150,,rFF44,802325627,100.00,,
13.239142842,11259429824,,instructions,802317597,100.00,3.74,insn per cycle
13.239142842,3008074580,,cycles,802173987,100.00,,
13.339433161,28435,,rD044,799865828,100.00,,
13.339433161,73529464,,rFF44,799880688,100.00,,
13.339433161,11341384200,,instructions,799887088,100.00,3.78,insn per cycle
13.339433161,2999459814,,cycles,799875404,100.00,,
13.439741590,31817,,rD044,802395841,100.00,,
13.439741590,72098333,,rFF44,802389788,100.00,,
13.439741590,11180141632,,instructions,802394968,100.00,3.72,insn per cycle
13.439741590,3008952135,,cycles,802404712,100.00,,
13.540039819,29475,,rD044,802330957,100.00,,
13.540039819,69257068,,rFF44,802321290,100.00,,
13.540039819,10835619572,,instructions,802311710,100.00,3.60,insn per cycle
13.540039819,3008581620,,cycles,802305050,100.00,,
13.640336038,31359,,rD044,802317930,100.00,,
13.640336038,73875903,,rFF44,802328650,100.00,,
13.640336038,11396654452,,instructions,802339510,100.00,3.79,insn per cycle
13.640336038,3008721217,,cycles,802342590,100.00,,
13.740634856,31997,,rD044,802297189,100.00,,
13.740634856,68193947,,rFF44,802305029,100.00,,
13.740634856,10701480943,,instructions,802294979,100.00,3.56,insn per cycle
13.740634856,3008457719,,cycles,802288739,100.00,,
13.840914365,28191,,rD044,802335149,100.00,,
13.840914365,74695839,,rFF44,802341833,100.00,,
13.840914365,11506074246,,instructions,802342097,100.00,3.82,insn per cycle
13.840914365,3008659417,,cycles,802340247,100.00,,
13.941230364,33241,,rD044,802258226,100.00,,
13.941230364,73466605,,rFF44,802242954,100.00,,
13.941230364,11367438056,,instructions,802255130,100.00,3.78,insn per cycle
13.941230364,3008418248,,cycles,802274910,100.00,,
14.041520853,30079,,rD044,802257162,100.00,,
14.041520853,74516797,,rFF44,802261600,100.00,,
14.041520853,11484574934,,instructions,802248000,100.00,3.82,insn per cycle
14.041520853,3008299254,,cycles,802237780,100.00,,
14.141816062,33374,,rD044,802298480,100.00,,
14.141816062,73063308,,rFF44,802300920,100.00,,
14.141816062,11307471619,,instructions,802309840,100.00,3.76,insn per cycle
14.141816062,3008614324,,cycles,802318620,100.00,,
14.242122350,29143,,rD044,802386490,100.00,,
14.242122350,75165145,,rFF44,802386680,100.00,,
14.242122350,11590884999,,instructions,802383220,100.00,3.85,insn per cycle
14.242122350,3008826851,,cycles,802370138,100.00,,
14.342420509,33384,,rD044,802192510,100.00,,
14.342420509,73459805,,rFF44,802188268,100.00,,
14.342420509,11366870532,,instructions,802196108,100.00,3.78,insn per cycle
14.342420509,3008137923,,cycles,802195160,100.00,,
14.442720008,30522,,rD044,802324588,100.00,,
14.442720008,74409719,,rFF44,802313940,100.00,,
14.442720008,11478169817,,instructions,802308610,100.00,3.82,insn per cycle
14.442720008,3008618186,,cycles,802317790,100.00,,
14.543013477,31817,,rD044,802288800,100.00,,
14.543013477,67631520,,rFF44,802291920,100.00,,
14.543013477,10628373517,,instructions,802286350,100.00,3.53,insn per cycle
14.543013477,3008484749,,cycles,802278390,100.00,,
14.643309596,28642,,rD044,802326749,100.00,,
14.643309596,74468528,,rFF44,802336629,100.00,,
14.643309596,11487463023,,instructions,802344509,100.00,3.82,insn per cycle
14.643309596,3008711654,,cycles,802340169,100.00,,
14.743607745,30573,,rD044,802328500,100.00,,
14.743607745,66199803,,rFF44,802321790,100.00,,
14.743607745,10448850302,,instructions,802308496,100.00,3.47,insn per cycle
14.743607745,3008605820,,cycles,802311468,100.00,,
14.843901973,29207,,rD044,802372265,100.00,,
14.843901973,74438898,,rFF44,802422708,100.00,,
14.843901973,11482835751,,instructions,802444332,100.00,3.82,insn per cycle
14.843901973,3009159520,,cycles,802459120,100.00,,
14.944215642,30836,,rD044,802376722,100.00,,
14.944215642,70716813,,rFF44,802323219,100.00,,
14.944215642,11034248500,,instructions,802312929,100.00,3.67,insn per cycle
14.944215642,3008565432,,cycles,802299799,100.00,,
15.044509541,29320,,rD044,802302100,100.00,,
15.044509541,74814516,,rFF44,802316760,100.00,,
15.044509541,11538475346,,instructions,802312200,100.00,3.84,insn per cycle
15.044509541,3008618957,,cycles,802315420,100.00,,
15.144809960,33123,,rD044,802336180,100.00,,
15.144809960,73491783,,rFF44,802330580,100.00,,
15.144809960,11376246949,,instructions,802323901,100.00,3.78,insn per cycle
15.144809960,3008613814,,cycles,802319658,100.00,,
15.245131579,28484,,rD044,802514985,100.00,,
15.245131579,74633869,,rFF44,802523827,100.00,,
15.245131579,11504300014,,instructions,802532716,100.00,3.82,insn per cycle
15.245131579,3009422514,,cycles,802530009,100.00,,
15.345424218,31939,,rD044,802153272,100.00,,
15.345424218,70751414,,rFF44,802150410,100.00,,
15.345424218,11018888190,,instructions,802152450,100.00,3.66,insn per cycle
15.345424218,3007986399,,cycles,802151400,100.00,,
15.445720437,28099,,rD044,802310080,100.00,,
15.445720437,74669881,,rFF44,802312020,100.00,,
15.445720437,11505271323,,instructions,802308900,100.00,3.82,insn per cycle
15.445720437,3008627866,,cycles,802317040,100.00,,
15.546015445,31137,,rD044,802304449,100.00,,
15.546015445,68857108,,rFF44,802291579,100.00,,
15.546015445,10788828155,,instructions,802290269,100.00,3.59,insn per cycle
15.546015445,3008516904,,cycles,802287094,100.00,,
15.646308624,29270,,rD044,802309950,100.00,,
15.646308624,74158742,,rFF44,802334017,100.00,,
15.646308624,11427104788,,instructions,802331488,100.00,3.80,insn per cycle
15.646308624,3008709625,,cycles,802341393,100.00,,
15.746609453,31900,,rD044,802333348,100.00,,
15.746609453,70046485,,rFF44,802312901,100.00,,
15.746609453,10926303906,,instructions,802316030,100.00,3.63,insn per cycle
15.746609453,3008569648,,cycles,802303380,100.00,,
15.846902762,28682,,rD044,802389230,100.00,,
15.846902762,75179704,,rFF44,802557390,100.00,,
15.846902762,11579265298,,instructions,802567380,100.00,3.85,insn per cycle
15.846902762,3009624184,,cycles,802583170,100.00,,
15.947232721,32321,,rD044,802487120,100.00,,
15.947232721,71322439,,rFF44,802320890,100.00,,
15.947232721,11091044711,,instructions,802316450,100.00,3.69,insn per cycle
15.947232721,3008583259,,cycles,802305076,100.00,,
16.047527340,29207,,rD044,802303220,100.00,,
16.047527340,74270426,,rFF44,802298836,100.00,,
16.047527340,11443253425,,instructions,802299468,100.00,3.80,insn per cycle
16.047527340,3008578128,,cycles,802303592,100.00,,
16.147820438,32208,,rD044,802279078,100.00,,
16.147820438,69947340,,rFF44,802269752,100.00,,
16.147820438,10930270172,,instructions,802263010,100.00,3.63,insn per cycle
16.147820438,3008646117,,cycles,802327190,100.00,,
16.248131347,30425,,rD044,802314219,100.00,,
16.248131347,71774539,,rFF44,802324059,100.00,,
16.248131347,11148581323,,instructions,802332119,100.00,3.71,insn per cycle
16.248131347,3008418065,,cycles,802265369,100.00,,
16.348425906,31693,,rD044,802267850,100.00,,
16.348425906,74448709,,rFF44,802255570,100.00,,
16.348425906,11476022117,,instructions,802234320,100.00,3.81,insn per cycle
16.348425906,3008270144,,cycles,802225500,100.00,,
16.448713565,32346,,rD044,802257040,100.00,,
16.448713565,72000342,,rFF44,802260500,100.00,,
16.448713565,11187794426,,instructions,802269072,100.00,3.72,insn per cycle
16.448713565,3008509159,,cycles,802285028,100.00,,
16.549008374,29011,,rD044,802296671,100.00,,
16.549008374,74628743,,rFF44,802296878,100.00,,
16.549008374,11499741890,,instructions,802308976,100.00,3.82,insn per cycle
16.549008374,3008567235,,cycles,802305400,100.00,,
16.649302363,32293,,rD044,802312457,100.00,,
16.649302363,72998796,,rFF44,802322270,100.00,,
16.649302363,11316334098,,instructions,802312080,100.00,3.76,insn per cycle
16.649302363,3008541083,,cycles,802295900,100.00,,
16.749589451,28858,,rD044,802221079,100.00,,
16.749589451,75262822,,rFF44,802202469,100.00,,
16.749589451,11603325956,,instructions,802206659,100.00,3.86,insn per cycle
16.749589451,3008216672,,cycles,802209719,100.00,,
16.849889280,33354,,rD044,802387959,100.00,,
16.849889280,73845370,,rFF44,802494669,100.00,,
16.849889280,11421710146,,instructions,802489679,100.00,3.80,insn per cycle
16.849889280,3009291951,,cycles,802495279,100.00,,
16.950196969,28371,,rD044,802368320,100.00,,
16.950196969,74341191,,rFF44,802265580,100.00,,
16.950196969,11465516966,,instructions,802266608,100.00,3.81,insn per cycle
16.950196969,3008422122,,cycles,802262728,100.00,,
17.050487608,31877,,rD044,802275954,100.00,,
17.050487608,70288823,,rFF44,802290608,100.00,,
17.050487608,10974763802,,instructions,802296660,100.00,3.65,insn per cycle
17.050487608,3008551080,,cycles,802296700,100.00,,
17.150795857,28371,,rD044,802411643,100.00,,
17.150795857,74619402,,rFF44,802409799,100.00,,
17.150795857,11511393719,,instructions,802413269,100.00,3.83,insn per cycle
17.150795857,3008980345,,cycles,802414709,100.00,,
17.251111156,32242,,rD044,802465980,100.00,,
17.251111156,70386596,,rFF44,802474010,100.00,,
17.251111156,10987250908,,instructions,802472620,100.00,3.65,insn per cycle
17.251111156,3009237127,,cycles,802482130,100.00,,
17.351411424,28855,,rD044,802194209,100.00,,
17.351411424,75137415,,rFF44,802184829,100.00,,
17.351411424,11589715231,,instructions,802174997,100.00,3.85,insn per cycle
17.351411424,3008022922,,cycles,802161977,100.00,,
17.451702473,32006,,rD044,802269223,100.00,,
17.451702473,72022918,,rFF44,802271458,100.00,,
17.451702473,11182369224,,instructions,802271880,100.00,3.72,insn per cycle
17.451702473,3008471906,,cycles,802275190,100.00,,
17.551996952,28943,,rD044,802305544,100.00,,
17.551996952,74756658,,rFF44,802305359,100.00,,
17.551996952,11526416752,,instructions,802310699,100.00,3.83,insn per cycle
17.551996952,3008584901,,cycles,802309869,100.00,,
17.652291551,31793,,rD044,802297380,100.00,,
17.652291551,68614149,,rFF44,802297470,100.00,,
17.652291551,10761628721,,instructions,802301320,100.00,3.58,insn per cycle
17.652291551,3008553778,,cycles,802301330,100.00,,
17.752586880,28444,,rD044,802283850,100.00,,
17.752586880,74381411,,rFF44,802303200,100.00,,
17.752586880,11464768937,,instructions,802301770,100.00,3.81,insn per cycle
17.752586880,3008545280,,cycles,802310413,100.00,,
17.852883678,32801,,rD044,801105584,100.00,,
17.852883678,69514092,,rFF44,801318042,100.00,,
17.852883678,10880693213,,instructions,801319512,100.00,3.62,insn per cycle
17.852883678,3004807674,,cycles,801321529,100.00,,
17.953211188,28626,,rD044,802515938,100.00,,
17.953211188,74948483,,rFF44,802285800,100.00,,
17.953211188,11550102568,,instructions,802280840,100.00,3.84,insn per cycle
17.953211188,3008433891,,cycles,802279550,100.00,,
18.053507226,32071,,rD044,802305560,100.00,,
18.053507226,72372352,,rFF44,802304450,100.00,,
18.053507226,11227597859,,instructions,802302510,100.00,3.73,insn per cycle
18.053507226,3008533199,,cycles,802299640,100.00,,
18.153802375,30024,,rD044,802317730,100.00,,
18.153802375,74331523,,rFF44,802322480,100.00,,
18.153802375,11449577013,,instructions,802317550,100.00,3.81,insn per cycle
18.153802375,3008626899,,cycles,802316841,100.00,,
18.254117224,32448,,rD044,802428350,100.00,,
18.254117224,70836932,,rFF44,802421018,100.00,,
18.254117224,11044622296,,instructions,802439498,100.00,3.67,insn per cycle
18.254117224,3009032473,,cycles,802433457,100.00,,
18.354413573,28785,,rD044,802176287,100.00,,
18.354413573,74649663,,rFF44,802187999,100.00,,
18.354413573,11495354048,,instructions,802178279,100.00,3.82,insn per cycle
18.354413573,3008111917,,cycles,802186459,100.00,,
18.454710082,33245,,rD044,802311980,100.00,,
18.454710082,72663090,,rFF44,802303410,100.00,,
18.454710082,11255257279,,instructions,802305800,100.00,3.74,insn per cycle
18.454710082,3008567101,,cycles,802301030,100.00,,
18.555004531,30405,,rD044,802297700,100.00,,
18.555004531,71485505,,rFF44,802300000,100.00,,
18.555004531,11127919937,,instructions,802294000,100.00,3.70,insn per cycle
18.555004531,3008516775,,cycles,802288340,100.00,,
18.655300139,30292,,rD044,802317720,100.00,,
18.655300139,74439643,,rFF44,802316880,100.00,,
18.655300139,11466902358,,instructions,802313774,100.00,3.81,insn per cycle
18.655300139,3008664480,,cycles,802327508,100.00,,
18.755597318,31824,,rD044,802327923,100.00,,
18.755597318,69409837,,rFF44,802335138,100.00,,
18.755597318,10851054408,,instructions,802333404,100.00,3.61,insn per cycle
18.755597318,3008639237,,cycles,802321480,100.00,,
18.855890897,28010,,rD044,802332425,100.00,,
18.855890897,74356601,,rFF44,802400730,100.00,,
18.855890897,11455632359,,instructions,802411580,100.00,3.81,insn per cycle
18.855890897,3009012797,,cycles,802420510,100.00,,
18.956206996,32344,,rD044,802429530,100.00,,
18.956206996,70127374,,rFF44,802355640,100.00,,
18.956206996,10952335095,,instructions,802350580,100.00,3.64,insn per cycle
18.956206996,3008715322,,cycles,802340520,100.00,,
19.056513655,28707,,rD044,802397059,100.00,,
19.056513655,74408929,,rFF44,802395959,100.00,,
19.056513655,11467777459,,instructions,802395722,100.00,3.81,insn per cycle
19.056513655,3008899986,,cycles,802389957,100.00,,
19.156805604,32618,,rD044,802275190,100.00,,
19.156805604,70352619,,rFF44,802263558,100.00,,
19.156805604,10983874962,,instructions,802264655,100.00,3.65,insn per cycle
19.156805604,3008467935,,cycles,802274240,100.00,,
19.257115812,28925,,rD044,802307747,100.00,,
19.257115812,75043213,,rFF44,802323879,100.00,,
19.257115812,11568294216,,instructions,802316569,100.00,3.85,insn per cycle
19.257115812,3008579233,,cycles,802314339,100.00,,
19.357411541,32555,,rD044,802279389,100.00,,
19.357411541,71345874,,rFF44,802263609,100.00,,
19.357411541,11106677178,,instructions,802279339,100.00,3.69,insn per cycle
19.357411541,3008492056,,cycles,802287399,100.00,,
19.457706510,29385,,rD044,802306290,100.00,,
19.457706510,74350758,,rFF44,802318520,100.00,,
19.457706510,11465171435,,instructions,802312540,100.00,3.81,insn per cycle
19.457706510,3008620392,,cycles,802315253,100.00,,
19.558003199,31340,,rD044,802310680,100.00,,
19.558003199,70675711,,rFF44,802305573,100.00,,
19.558003199,10999989333,,instructions,802310958,100.00,3.66,insn per cycle
19.558003199,3008593946,,cycles,802308505,100.00,,
19.658301518,28468,,rD044,802352806,100.00,,
19.658301518,74416349,,rFF44,802372724,100.00,,
19.658301518,11478754747,,instructions,802372539,100.00,3.82,insn per cycle
19.658301518,3008814035,,cycles,802366669,100.00,,
19.758601797,31987,,rD044,802344401,100.00,,
19.758601797,71336229,,rFF44,802329860,100.00,,
19.758601797,11085765837,,instructions,802336390,100.00,3.68,insn per cycle
19.758601797,3008737364,,cycles,802348140,100.00,,
19.858903065,27892,,rD044,802442620,100.00,,
19.858903065,73882712,,rFF44,802609480,100.00,,
19.858903065,11394852666,,instructions,802609190,100.00,3.79,insn per cycle
19.858903065,3009693338,,cycles,802602868,100.00,,
19.959232945,31508,,rD044,802485760,100.00,,
19.959232945,68315286,,rFF44,802313558,100.00,,
19.959232945,10721212993,,instructions,802296128,100.00,3.56,insn per cycle
19.959232945,3008564619,,cycles,802300370,100.00,,
20.059530213,28828,,rD044,802329478,100.00,,
20.059530213,74665051,,rFF44,802339410,100.00,,
20.059530213,11516026851,,instructions,802354330,100.00,3.83,insn per cycle
20.059530213,3008758656,,cycles,802351870,100.00,,
20.159830112,32136,,rD044,802349620,100.00,,
20.159830112,70953687,,rFF44,802345130,100.00,,
20.159830112,11054476484,,instructions,802336820,100.00,3.67,insn per cycle
20.159830112,3009169283,,cycles,802461780,100.00,,
20.260145301,28838,,rD044,802453880,100.00,,
20.260145301,74738611,,rFF44,802450050,100.00,,
20.260145301,11523478267,,instructions,802447180,100.00,3.83,insn per cycle
20.260145301,3008578561,,cycles,802314905,100.00,,
20.360440390,31113,,rD044,802159368,100.00,,
20.360440390,65367278,,rFF44,802165464,100.00,,
20.360440390,10364980128,,instructions,802170926,100.00,3.45,insn per cycle
20.360440390,3008045189,,cycles,802171401,100.00,,
20.460738349,28360,,rD044,802324838,100.00,,
20.460738349,73745044,,rFF44,802321772,100.00,,
20.460738349,11370105759,,instructions,802328820,100.00,3.78,insn per cycle
20.460738349,3008682455,,cycles,802331850,100.00,,
20.561038668,31508,,rD044,802344780,100.00,,
20.561038668,69802571,,rFF44,802341290,100.00,,
20.561038668,10920525251,,instructions,802335790,100.00,3.63,insn per cycle
20.561038668,3008688561,,cycles,802332910,100.00,,
20.661334326,29033,,rD044,802325460,100.00,,
20.661334326,74413615,,rFF44,802334520,100.00,,
20.661334326,11470409046,,instructions,802325950,100.00,3.81,insn per cycle
20.661334326,3008683162,,cycles,802331510,100.00,,
20.761633095,32247,,rD044,802320030,100.00,,
20.761633095,72308089,,rFF44,802318570,100.00,,
20.761633095,11223611231,,instructions,802324945,100.00,3.73,insn per cycle
20.761633095,3008623286,,cycles,802318658,100.00,,
20.861963345,29728,,rD044,802592017,100.00,,
20.861963345,75099066,,rFF44,802589847,100.00,,
20.861963345,11571312611,,instructions,802585782,100.00,3.84,insn per cycle
20.861963345,3009619299,,cycles,802583739,100.00,,
20.962259103,31842,,rD044,802307560,100.00,,
20.962259103,71237381,,rFF44,802306910,100.00,,
20.962259103,11079401232,,instructions,802306510,100.00,3.68,insn per cycle
20.962259103,3008573146,,cycles,802306020,100.00,,
21.062553472,28371,,rD044,802306700,100.00,,
21.062553472,74920746,,rFF44,802314370,100.00,,
21.062553472,11540379841,,instructions,802316420,100.00,3.84,insn per cycle
21.062553472,3008666825,,cycles,802327280,100.00,,
21.162850641,31518,,rD044,802312369,100.00,,
21.162850641,71281903,,rFF44,802302179,100.00,,
21.162850641,11114356888,,instructions,802406016,100.00,3.69,insn per cycle
21.162850641,3009004347,,cycles,802417217,100.00,,
21.263157960,29404,,rD044,802280283,100.00,,
21.263157960,74640092,,rFF44,802290436,100.00,,
21.263157960,11492922052,,instructions,802196879,100.00,3.82,insn per cycle
21.263157960,3008091666,,cycles,802182718,100.00,,
21.363456989,31973,,rD044,802311163,100.00,,
21.363456989,69427286,,rFF44,802296300,100.00,,
21.363456989,10846924034,,instructions,802280880,100.00,3.61,insn per cycle
21.363456989,3008435978,,cycles,802271010,100.00,,
21.463749507,30603,,rD044,802273050,100.00,,
21.463749507,71981545,,rFF44,802271390,100.00,,
21.463749507,11157165988,,instructions,802281870,100.00,3.71,insn per cycle
21.463749507,3008552367,,cycles,802297120,100.00,,
21.564065386,29642,,rD044,802482160,100.00,,
21.564065386,69900498,,rFF44,802488490,100.00,,
21.564065386,10928698940,,instructions,802483806,100.00,3.63,insn per cycle
21.564065386,3009202292,,cycles,802470028,100.00,,
21.664361625,31834,,rD044,802303523,100.00,,
21.664361625,72101674,,rFF44,802302678,100.00,,
21.664361625,11192648037,,instructions,802292112,100.00,3.72,insn per cycle
21.664361625,3008542456,,cycles,802297070,100.00,,
21.764654194,29193,,rD044,802263165,100.00,,
21.764654194,75012593,,rFF44,802261140,100.00,,
21.764654194,11554724676,,instructions,802263520,100.00,3.84,insn per cycle
21.764654194,3008391114,,cycles,802266180,100.00,,
21.864950813,32517,,rD044,802284590,100.00,,
21.864950813,70471507,,rFF44,802288780,100.00,,
21.864950813,10973895423,,instructions,802285640,100.00,3.65,insn per cycle
21.864950813,3008454723,,cycles,802287010,100.00,,
21.968250484,30808,,rD044,826297700,100.00,,
21.968250484,77312959,,rFF44,826284890,100.00,,
21.968250484,11912961742,,instructions,826287150,100.00,3.84,insn per cycle
21.968250484,3098413048,,cycles,826283590,100.00,,
22.068551853,31829,,rD044,802356070,100.00,,
22.068551853,69897297,,rFF44,802380340,100.00,,
22.068551853,10919133978,,instructions,802395220,100.00,3.63,insn per cycle
22.068551853,3008921095,,cycles,802395140,100.00,,
22.168851982,28228,,rD044,802346790,100.00,,
22.168851982,74741697,,rFF44,802332770,100.00,,
22.168851982,11522504656,,instructions,802442800,100.00,3.83,insn per cycle
22.168851982,3009170318,,cycles,802461537,100.00,,
22.269162141,33377,,rD044,802305989,100.00,,
22.269162141,73109335,,rFF44,802313645,100.00,,
22.269162141,11332306528,,instructions,802198097,100.00,3.77,insn per cycle
22.269162141,3008115665,,cycles,802183160,100.00,,
22.369460720,28666,,rD044,802309538,100.00,,
22.369460720,74540741,,rFF44,802304682,100.00,,
22.369460720,11496770316,,instructions,802304360,100.00,3.82,insn per cycle
22.369460720,3008528973,,cycles,802296740,100.00,,
22.469758458,32025,,rD044,802321540,100.00,,
22.469758458,70913978,,rFF44,802325380,100.00,,
22.469758458,11002747216,,instructions,802324090,100.00,3.66,insn per cycle
22.469758458,3008703604,,cycles,802339100,100.00,,
22.570074358,29389,,rD044,802467260,100.00,,
22.570074358,74516607,,rFF44,802459880,100.00,,
22.570074358,11493069430,,instructions,802451530,100.00,3.82,insn per cycle
22.570074358,3009114519,,cycles,802447382,100.00,,
22.670371276,32835,,rD044,802323319,100.00,,
22.670371276,70537448,,rFF44,802323743,100.00,,
22.670371276,10991405686,,instructions,802338497,100.00,3.65,insn per cycle
22.670371276,3008679014,,cycles,802333195,100.00,,
22.770684285,28608,,rD044,802456137,100.00,,
22.770684285,74369297,,rFF44,802460223,100.00,,
22.770684285,11470174554,,instructions,802457689,100.00,3.81,insn per cycle
22.770684285,3009127875,,cycles,802450279,100.00,,
22.870979784,31513,,rD044,802300110,100.00,,
22.870979784,69049841,,rFF44,802296920,100.00,,
22.870979784,10807790949,,instructions,802285580,100.00,3.59,insn per cycle
22.870979784,3008506375,,cycles,802285960,100.00,,
22.971272823,27600,,rD044,802296290,100.00,,
22.971272823,74304110,,rFF44,802303550,100.00,,
22.971272823,11457376215,,instructions,802310900,100.00,3.81,insn per cycle
22.971272823,3008596703,,cycles,802310210,100.00,,
23.071567752,31406,,rD044,802306700,100.00,,
23.071567752,69677991,,rFF44,802307590,100.00,,
23.071567752,10893107217,,instructions,802307645,100.00,3.62,insn per cycle
23.071567752,3008608042,,cycles,802311838,100.00,,
23.171864380,28585,,rD044,802307972,100.00,,
23.171864380,74750106,,rFF44,802370298,100.00,,
23.171864380,11525805894,,instructions,802445663,100.00,3.83,insn per cycle
23.171864380,3009110789,,cycles,802446050,100.00,,
23.272177399,32940,,rD044,802451556,100.00,,
23.272177399,71665905,,rFF44,802371690,100.00,,
23.272177399,11135370797,,instructions,802297370,100.00,3.70,insn per cycle
23.272177399,3008569151,,cycles,802301840,100.00,,
23.372475518,29455,,rD044,802183249,100.00,,
23.372475518,73776955,,rFF44,802195709,100.00,,
23.372475518,11368882785,,instructions,802202979,100.00,3.78,insn per cycle
23.372475518,3008157237,,cycles,802201749,100.00,,
23.472772807,32417,,rD044,802327659,100.00,,
23.472772807,70303602,,rFF44,802330869,100.00,,
23.472772807,10961618620,,instructions,802318769,100.00,3.64,insn per cycle
23.472772807,3008614823,,cycles,802315307,100.00,,
23.573088896,28980,,rD044,802472684,100.00,,
23.573088896,75051565,,rFF44,802484088,100.00,,
23.573088896,11563574159,,instructions,802491088,100.00,3.84,insn per cycle
23.573088896,3009291512,,cycles,802494050,100.00,,
23.673388445,31890,,rD044,802339034,100.00,,
23.673388445,69421622,,rFF44,802321710,100.00,,
23.673388445,10848609878,,instructions,802308280,100.00,3.61,insn per cycle
23.673388445,3008588241,,cycles,802306800,100.00,,
23.773682614,29742,,rD044,802305539,100.00,,
23.773682614,74026205,,rFF44,802312029,100.00,,
23.773682614,11404542593,,instructions,802330939,100.00,3.79,insn per cycle
23.773682614,3008705619,,cycles,802337709,100.00,,
23.873980422,31210,,rD044,802315470,100.00,,
23.873980422,67808755,,rFF44,802305920,100.00,,
23.873980422,10667740440,,instructions,802305530,100.00,3.55,insn per cycle
23.873980422,3008566320,,cycles,802300915,100.00,,
23.974275891,27919,,rD044,802316000,100.00,,
23.974275891,74314068,,rFF44,802336736,100.00,,
23.974275891,11446325303,,instructions,802336928,100.00,3.80,insn per cycle
23.974275891,3008716725,,cycles,802344003,100.00,,
24.074576090,33475,,rD044,802346637,100.00,,
24.074576090,69378675,,rFF44,802336571,100.00,,
24.074576090,10863981543,,instructions,802323499,100.00,3.61,insn per cycle
24.074576090,3008595607,,cycles,802307899,100.00,,
24.174868649,28541,,rD044,802281910,100.00,,
24.174868649,74852640,,rFF44,802414630,100.00,,
24.174868649,11528289841,,instructions,802578290,100.00,3.83,insn per cycle
24.174868649,3009647239,,cycles,802589410,100.00,,
24.275199808,33064,,rD044,802469350,100.00,,
24.275199808,73484988,,rFF44,802332780,100.00,,
24.275199808,11371955950,,instructions,802179630,100.00,3.78,insn per cycle
24.275199808,3008094253,,cycles,802177527,100.00,,
24.375497787,32242,,rD044,802294359,100.00,,
24.375497787,72909260,,rFF44,802293097,100.00,,
24.375497787,11302130891,,instructions,802275947,100.00,3.76,insn per cycle
24.375497787,3008427398,,cycles,802274910,100.00,,
24.475794366,28811,,rD044,802309338,100.00,,
24.475794366,75025116,,rFF44,802297100,100.00,,
24.475794366,11556679101,,instructions,802299560,100.00,3.84,insn per cycle
24.475794366,3008515326,,cycles,802288580,100.00,,
24.576131155,33239,,rD044,802641890,100.00,,
24.576131155,72607679,,rFF44,802648630,100.00,,
24.576131155,11272279771,,instructions,802652230,100.00,3.75,insn per cycle
24.576131155,3009919017,,cycles,802661880,100.00,,
24.676424444,28974,,rD044,802291810,100.00,,
24.676424444,73982057,,rFF44,802299570,100.00,,
24.676424444,11402616410,,instructions,802309262,100.00,3.79,insn per cycle
24.676424444,3008599954,,cycles,802309768,100.00,,
24.776720533,31786,,rD044,802320921,100.00,,
24.776720533,70063519,,rFF44,802320368,100.00,,
24.776720533,10934262814,,instructions,802323426,100.00,3.63,insn per cycle
24.776720533,3008641777,,cycles,802320240,100.00,,
24.877019791,29600,,rD044,802346937,100.00,,
24.877019791,74495676,,rFF44,802346850,100.00,,
24.877019791,11483202874,,instructions,802347500,100.00,3.82,insn per cycle
24.877019791,3008749927,,cycles,802353970,100.00,,
24.977318990,33867,,rD044,802340760,100.00,,
24.977318990,72621481,,rFF44,802342660,100.00,,
24.977318990,11270106152,,instructions,802335430,100.00,3.75,insn per cycle
24.977318990,3008672898,,cycles,802329760,100.00,,
25.077614459,28380,,rD044,802309840,100.00,,
25.077614459,74507993,,rFF44,802306140,100.00,,
25.077614459,11491464945,,instructions,802306510,100.00,3.82,insn per cycle
25.077614459,3008629103,,cycles,802317040,100.00,,
25.177911638,31555,,rD044,802443140,100.00,,
25.177911638,69442781,,rFF44,802460928,100.00,,
25.177911638,10857060486,,instructions,802456768,100.00,3.61,insn per cycle
25.177911638,3009124060,,cycles,802448868,100.00,,
25.278226087,27978,,rD044,802212596,100.00,,
25.278226087,75000659,,rFF44,802184728,100.00,,
25.278226087,11570791752,,instructions,802194778,100.00,3.85,insn per cycle
25.278226087,3008147262,,cycles,802192088,100.00,,
25.378521296,32700,,rD044,802282539,100.00,,
25.378521296,72201588,,rFF44,802293199,100.00,,
25.378521296,11203324074,,instructions,802282719,100.00,3.72,insn per cycle
25.378521296,3008470700,,cycles,802282409,100.00,,
25.478817614,29057,,rD044,802320980,100.00,,
25.478817614,74634421,,rFF44,802325770,100.00,,
25.478817614,11511985581,,instructions,802331860,100.00,3.83,insn per cycle
25.478817614,3008893294,,cycles,802388522,100.00,,
25.579130023,32215,,rD044,802441760,100.00,,
25.579130023,72736026,,rFF44,802445383,100.00,,
25.579130023,11269028722,,instructions,802450198,100.00,3.75,insn per cycle
25.579130023,3008947468,,cycles,802403026,100.00,,
25.679431072,29193,,rD044,802334737,100.00,,
25.679431072,74817168,,rFF44,802324745,100.00,,
25.679431072,11533714488,,instructions,802319000,100.00,3.83,insn per cycle
25.679431072,3008569485,,cycles,802304490,100.00,,
25.779726461,32809,,rD044,802271671,100.00,,
25.779726461,70013893,,rFF44,802259160,100.00,,
25.779726461,10950913962,,instructions,802257040,100.00,3.64,insn per cycle
25.779726461,3008342297,,cycles,802264050,100.00,,
25.880014300,30488,,rD044,802233079,100.00,,
25.880014300,74983887,,rFF44,802243389,100.00,,
25.880014300,11555872151,,instructions,802242729,100.00,3.84,insn per cycle
25.880014300,3008328429,,cycles,802248009,100.00,,
25.980308638,33364,,rD044,802255230,100.00,,
25.980308638,71794433,,rFF44,802263260,100.00,,
25.980308638,11158163089,,instructions,802263560,100.00,3.71,insn per cycle
25.980308638,3008318914,,cycles,802258965,100.00,,
26.080605497,29255,,rD044,802318720,100.00,,
26.080605497,74560417,,rFF44,802321846,100.00,,
26.080605497,11486206200,,instructions,802322658,100.00,3.82,insn per cycle
26.080605497,3008618538,,cycles,802318293,100.00,,
26.180901746,32108,,rD044,802396078,100.00,,
26.180901746,71128812,,rFF44,802542412,100.00,,
26.180901746,11078477473,,instructions,802537900,100.00,3.68,insn per cycle
26.180901746,3009457953,,cycles,802538160,100.00,,
26.281224895,29744,,rD044,802326729,100.00,,
26.281224895,75392152,,rFF44,802188309,100.00,,
26.281224895,11611306915,,instructions,802196139,100.00,3.86,insn per cycle
26.281224895,3008188629,,cycles,802203149,100.00,,
26.381525654,32914,,rD044,802306419,100.00,,
26.381525654,73455022,,rFF44,802290149,100.00,,
26.381525654,11366977172,,instructions,802291959,100.00,3.78,insn per cycle
26.381525654,3008507353,,cycles,802291074,100.00,,
26.481851273,29712,,rD044,802549324,100.00,,
26.481851273,71610600,,rFF44,802551708,100.00,,
26.481851273,11110666781,,instructions,802667448,100.00,3.69,insn per cycle
26.481851273,3010076151,,cycles,802709903,100.00,,
26.582166752,31057,,rD044,802456824,100.00,,
26.582166752,72748454,,rFF44,802447200,100.00,,
26.582166752,11269015924,,instructions,802324340,100.00,3.75,insn per cycle
26.582166752,3008477072,,cycles,802278470,100.00,,
26.682459651,32672,,rD044,802297979,100.00,,
26.682459651,70325507,,rFF44,802300889,100.00,,
26.682459651,10963520758,,instructions,802306839,100.00,3.64,insn per cycle
26.682459651,3008622305,,cycles,802315719,100.00,,
26.782759330,29155,,rD044,802334370,100.00,,
26.782759330,74777368,,rFF44,802342720,100.00,,
26.782759330,11519866123,,instructions,802341444,100.00,3.83,insn per cycle
26.782759330,3008701452,,cycles,802336698,100.00,,
26.883077099,32076,,rD044,802482356,100.00,,
26.883077099,70623742,,rFF44,802472158,100.00,,
26.883077099,11024346544,,instructions,802477034,100.00,3.66,insn per cycle
26.883077099,3009250304,,cycles,802483080,100.00,,
26.983372757,28495,,rD044,802321162,100.00,,
26.983372757,75188228,,rFF44,802309270,100.00,,
26.983372757,11587276022,,instructions,802295760,100.00,3.85,insn per cycle
26.983372757,3008527141,,cycles,802292700,100.00,,
27.083666396,33015,,rD044,802289989,100.00,,
27.083666396,71573787,,rFF44,802305009,100.00,,
27.083666396,11125818750,,instructions,802310659,100.00,3.70,insn per cycle
27.083666396,3008596343,,cycles,802311559,100.00,,
27.183988215,28809,,rD044,802506390,100.00,,
27.183988215,75031102,,rFF44,802495110,100.00,,
27.183988215,11566989989,,instructions,802495827,100.00,3.84,insn per cycle
27.183988215,3009252547,,cycles,802483938,100.00,,
27.284278274,32387,,rD044,802166403,100.00,,
27.284278274,72236787,,rFF44,802170618,100.00,,
27.284278274,11213795724,,instructions,802175541,100.00,3.73,insn per cycle
27.284278274,3008154935,,cycles,802193920,100.00,,
27.384574913,28171,,rD044,802281555,100.00,,
27.384574913,74324079,,rFF44,802286180,100.00,,
27.384574913,11462805591,,instructions,802293040,100.00,3.81,insn per cycle
27.384574913,3008501571,,cycles,802288730,100.00,,
27.484875392,31969,,rD044,802351080,100.00,,
27.484875392,67584436,,rFF44,802496390,100.00,,
27.484875392,10621453906,,instructions,802491130,100.00,3.53,insn per cycle
27.484875392,3009252179,,cycles,802486040,100.00,,
27.585191061,29016,,rD044,802470510,100.00,,
27.585191061,75130979,,rFF44,802326730,100.00,,
27.585191061,11589942835,,instructions,802323674,100.00,3.85,insn per cycle
27.585191061,3008650795,,cycles,802325458,100.00,,
27.685488650,32529,,rD044,802324622,100.00,,
27.685488650,72116669,,rFF44,802322408,100.00,,
27.685488650,11192185984,,instructions,802330074,100.00,3.72,insn per cycle
27.685488650,3008657276,,cycles,802324730,100.00,,
27.785785058,28629,,rD044,802313616,100.00,,
27.785785058,74701808,,rFF44,802306800,100.00,,
27.785785058,11523225438,,instructions,802301300,100.00,3.83,insn per cycle
27.785785058,3008560697,,cycles,802299400,100.00,,
27.886108788,31852,,rD044,802537700,100.00,,
27.886108788,70546791,,rFF44,802545920,100.00,,
27.886108788,10976511733,,instructions,802546130,100.00,3.65,insn per cycle
27.886108788,3009522970,,cycles,802555190,100.00,,
27.986405686,29459,,rD044,802328250,100.00,,
27.986405686,74429839,,rFF44,802338360,100.00,,
27.986405686,11476058317,,instructions,802335933,100.00,3.81,insn per cycle
27.986405686,3008667419,,cycles,802329318,100.00,,
28.086700045,30594,,rD044,801118685,100.00,,
28.086700045,67041564,,rFF44,801114022,100.00,,
28.086700045,10552616706,,instructions,801114469,100.00,3.51,insn per cycle
28.086700045,3004082676,,cycles,801111574,100.00,,
28.186995304,28183,,rD044,802318356,100.00,,
28.186995304,75069281,,rFF44,802317529,100.00,,
28.186995304,11574388834,,instructions,802312909,100.00,3.85,insn per cycle
28.186995304,3008627810,,cycles,802317179,100.00,,
28.287293763,32402,,rD044,802209090,100.00,,
28.287293763,73011483,,rFF44,802206240,100.00,,
28.287293763,11316646949,,instructions,802206820,100.00,3.76,insn per cycle
28.287293763,3008201564,,cycles,802205960,100.00,,
28.387602192,28282,,rD044,802385329,100.00,,
28.387602192,74950279,,rFF44,802385949,100.00,,
28.387602192,11551539089,,instructions,802390079,100.00,3.84,insn per cycle
28.387602192,3008898898,,cycles,802391603,100.00,,
28.487898421,32621,,rD044,802384110,100.00,,
28.487898421,71522198,,rFF44,802461517,100.00,,
28.487898421,11133204153,,instructions,802453157,100.00,3.70,insn per cycle
28.487898421,3009120464,,cycles,802456393,100.00,,
28.588218210,28420,,rD044,802429247,100.00,,
28.588218210,74543598,,rFF44,802352220,100.00,,
28.588218210,11483730273,,instructions,802354190,100.00,3.82,insn per cycle
28.588218210,3008747262,,cycles,802349940,100.00,,
28.688514638,32129,,rD044,802315340,100.00,,
28.688514638,69364320,,rFF44,802316290,100.00,,
28.688514638,10867462685,,instructions,802325260,100.00,3.61,insn per cycle
28.688514638,3008643041,,cycles,802321420,100.00,,
28.788807097,28724,,rD044,802290410,100.00,,
28.788807097,75143298,,rFF44,802293470,100.00,,
28.788807097,11573290472,,instructions,802287060,100.00,3.85,insn per cycle
28.788807097,3008491934,,cycles,802280800,100.00,,
28.889117616,32581,,rD044,802427270,100.00,,
28.889117616,72774816,,rFF44,802427686,100.00,,
28.889117616,11277942366,,instructions,802430668,100.00,3.75,insn per cycle
28.889117616,3009089496,,cycles,802440238,100.00,,
28.989416835,30140,,rD044,802337378,100.00,,
28.989416835,73049507,,rFF44,802325142,100.00,,
28.989416835,11286425233,,instructions,802312800,100.00,3.75,insn per cycle
28.989416835,3008584416,,cycles,802305490,100.00,,
29.089712034,29011,,rD044,802300060,100.00,,
29.089712034,67655396,,rFF44,802291920,100.00,,
29.089712034,10654755029,,instructions,802292000,100.00,3.54,insn per cycle
29.089712034,3008535003,,cycles,802292300,100.00,,
29.189999162,30181,,rD044,802248190,100.00,,
29.189999162,72747690,,rFF44,802264550,100.00,,
29.189999162,11263809403,,instructions,802281060,100.00,3.74,insn per cycle
29.189999162,3008528393,,cycles,802292140,100.00,,
29.290297891,30169,,rD044,802214990,100.00,,
29.290297891,70252617,,rFF44,802207750,100.00,,
29.290297891,10940971295,,instructions,802197330,100.00,3.64,insn per cycle
29.290297891,3008159291,,cycles,802197388,100.00,,
29.390592490,28550,,rD044,802274270,100.00,,
29.390592490,69310838,,rFF44,802283437,100.00,,
29.390592490,10816644513,,instructions,802301848,100.00,3.60,insn per cycle
29.390592490,3008531342,,cycles,802293690,100.00,,
29.490889769,29733,,rD044,802339978,100.00,,
29.490889769,70295177,,rFF44,802400421,100.00,,
29.490889769,10966612427,,instructions,802382190,100.00,3.64,insn per cycle
29.490889769,3008859728,,cycles,802388270,100.00,,
29.591196808,29778,,rD044,802370740,100.00,,
29.591196808,70142435,,rFF44,802303540,100.00,,
29.591196808,10919687330,,instructions,802308040,100.00,3.63,insn per cycle
29.591196808,3008599954,,cycles,802311800,100.00,,
29.691495107,31812,,rD044,802300680,100.00,,
29.691495107,72697077,,rFF44,802303700,100.00,,
29.691495107,11250960384,,instructions,802299060,100.00,3.74,insn per cycle
29.691495107,3008491089,,cycles,802290330,100.00,,
29.791791305,29794,,rD044,802275398,100.00,,
29.791791305,67778324,,rFF44,802277540,100.00,,
29.791791305,10655159808,,instructions,802275006,100.00,3.54,insn per cycle
29.791791305,3008361036,,cycles,802266986,100.00,,
29.892091914,30578,,rD044,802323526,100.00,,
29.892091914,74573901,,rFF44,802320166,100.00,,
29.892091914,11486028264,,instructions,802325340,100.00,3.82,insn per cycle
29.892091914,3008687851,,cycles,802339360,100.00,,
29.992373663,125901,,rD044,797771728,100.00,,
29.992373663,65942947,,rFF44,797752546,100.00,,
29.992373663,10344423110,,instructions,797760366,100.00,3.46,insn per cycle
29.992373663,2991403370,,cycles,797761846,100.00,,
29.998908624,65564,,rD044,31396347,100.00,,
29.998908624,659115,,rFF44,31169637,100.00,,
29.998908624,98366348,,instructions,30990937,100.00,0.85,insn per cycle
29.998908624,115545923,,cycles,30816777,100.00,,
