0.100128260,4625871,,rD044,92217034,100.00,,
0.100128260,20352487,,rFF44,92223504,100.00,,
0.100128260,442017326,,instructions,92228244,100.00,1.29,insn per cycle
0.100128260,342040391,,cycles,92233084,100.00,,
0.200396812,5491497,,rD044,100263095,100.00,,
0.200396812,23950793,,rFF44,100282665,100.00,,
0.200396812,504615185,,instructions,100282625,100.00,1.34,insn per cycle
0.200396812,376058376,,cycles,100282735,100.00,,
0.300631143,5489171,,rD044,100233965,100.00,,
0.300631143,23954278,,rFF44,100214085,100.00,,
0.300631143,504405958,,instructions,100214025,100.00,1.34,insn per cycle
0.300631143,375799693,,cycles,100213725,100.00,,
0.400841974,6749923,,rD044,100210705,100.00,,
0.400841974,29280026,,rFF44,100210685,100.00,,
0.400841974,81433360,,instructions,100210285,100.00,0.22,insn per cycle
0.400841974,375786368,,cycles,100210185,100.00,,
0.501055425,6933195,,rD044,100211865,100.00,,
0.501055425,30110074,,rFF44,100211945,100.00,,
0.501055425,37600393,,instructions,100212055,100.00,0.10,insn per cycle
0.501055425,375792548,,cycles,100211835,100.00,,
0.601264876,6016393,,rD044,1765122436,100.00,,
0.601264876,155777960,,rFF44,1772118066,100.00,,
0.601264876,22290423288,,instructions,1777443077,100.00,3.33,insn per cycle
0.601264876,6685431415,,cycles,1783348845,100.00,,
0.702283126,5651498,,rD044,3230839221,100.00,,
0.702283126,275352831,,rFF44,3228721749,100.00,,
0.702283126,42594282509,,instructions,3226979126,100.00,3.52,insn per cycle
0.702283126,12091706503,,cycles,3224479244,100.00,,
0.803000612,5847276,,rD044,3222876902,100.00,,
0.803000612,272326396,,rFF44,3223473182,100.00,,
0.803000612,42244189847,,instructions,3224529342,100.00,3.49,insn per cycle
0.803000612,12095650763,,cycles,3225530760,100.00,,
0.903814579,6415561,,rD044,3225562354,100.00,,
0.903814579,271371824,,rFF44,3224781254,100.00,,
0.903814579,42107549069,,instructions,3225174567,100.00,3.48,insn per cycle
0.903814579,12101285026,,cycles,3227026956,100.00,,
1.004673677,6306104,,rD044,3228091445,100.00,,
1.004673677,272532389,,rFF44,3228784650,100.00,,
1.004673677,42249107657,,instructions,3227941055,100.00,3.49,insn per cycle
1.004673677,12099170590,,cycles,3226484515,100.00,,
1.105552156,6408820,,rD044,3227202232,100.00,,
1.105552156,271648131,,rFF44,3226525990,100.00,,
1.105552156,42150051526,,instructions,3226480181,100.00,3.48,insn per cycle
1.105552156,12095694816,,cycles,3225561299,100.00,,
1.206283572,6083451,,rD044,3224041699,100.00,,
1.206283572,273195848,,rFF44,3225551850,100.00,,
1.206283572,42343070727,,instructions,3225781341,100.00,3.50,insn per cycle
1.206283572,12099109840,,cycles,3226450450,100.00,,
1.307138240,6286474,,rD044,3226828841,100.00,,
1.307138240,272829271,,rFF44,3225323197,100.00,,
1.307138240,42289752053,,instructions,3225150143,100.00,3.50,insn per cycle
1.307138240,12094364882,,cycles,3225199136,100.00,,
1.407921697,6210640,,rD044,3225238481,100.00,,
1.407921697,272248049,,rFF44,3225414388,100.00,,
1.407921697,42230948982,,instructions,3225492326,100.00,3.49,insn per cycle
1.407921697,12094612177,,cycles,3225259159,100.00,,
1.508696374,6254474,,rD044,3224862526,100.00,,
1.508696374,272889098,,rFF44,3225218576,100.00,,
1.508696374,42308408098,,instructions,3225097625,100.00,3.50,insn per cycle
1.508696374,12096855767,,cycles,3225892950,100.00,,
1.609511152,6366039,,rD044,3225763783,100.00,,
1.609511152,273548798,,rFF44,3225871522,100.00,,
1.609511152,42395709373,,instructions,3226223275,100.00,3.51,insn per cycle
1.609511152,12095534035,,cycles,3225495597,100.00,,
1.710315329,6232505,,rD044,3225772623,100.00,,
1.710315329,273178230,,rFF44,3225367688,100.00,,
1.710315329,42339681512,,instructions,3225141153,100.00,3.50,insn per cycle
1.710315329,12092955309,,cycles,3224800683,100.00,,
1.811088536,6096086,,rD044,3224388312,100.00,,
1.811088536,272885643,,rFF44,3224146872,100.00,,
1.811088536,42316586332,,instructions,3224765317,100.00,3.50,insn per cycle
1.811088536,12095419320,,cycles,3225471246,100.00,,
1.911890244,6234726,,rD044,3225733283,100.00,,
1.911890244,273172914,,rFF44,3225370076,100.00,,
1.911890244,42332546956,,instructions,3224236763,100.00,3.50,insn per cycle
1.911890244,12089591456,,cycles,3223985840,100.00,,
2.012672151,5966228,,rD044,3225397835,100.00,,
2.012672151,272916226,,rFF44,3226438823,100.00,,
2.012672151,42323151278,,instructions,3226808567,100.00,3.50,insn per cycle
2.012672151,12099493969,,cycles,3226560958,100.00,,
2.113496269,6306941,,rD044,3225484217,100.00,,
2.113496269,270018288,,rFF44,3225677843,100.00,,
2.113496269,41963876902,,instructions,3226932942,100.00,3.47,insn per cycle
2.113496269,12101943716,,cycles,3227348044,100.00,,
2.214332296,6444394,,rD044,3226876280,100.00,,
2.214332296,273767792,,rFF44,3226868718,100.00,,
2.214332296,42404675830,,instructions,3225635796,100.00,3.51,insn per cycle
2.214332296,12093736223,,cycles,3225012426,100.00,,
2.315116654,6427841,,rD044,3224449348,100.00,,
2.315116654,272487791,,rFF44,3223232029,100.00,,
2.315116654,42259190211,,instructions,3223587651,100.00,3.49,insn per cycle
2.315116654,12091828717,,cycles,3224509474,100.00,,
2.415887451,6577333,,rD044,3224969842,100.00,,
2.415887451,273257503,,rFF44,3225240274,100.00,,
2.415887451,42344419714,,instructions,3224548219,100.00,3.50,insn per cycle
2.415887451,12087601453,,cycles,3223401335,100.00,,
2.516629357,6049593,,rD044,3224022628,100.00,,
2.516629357,272525005,,rFF44,3224194598,100.00,,
2.516629357,42254752078,,instructions,3224602241,100.00,3.49,insn per cycle
2.516629357,12094670344,,cycles,3225260135,100.00,,
2.617428385,5623873,,rD044,3225064652,100.00,,
2.617428385,272142619,,rFF44,3224984283,100.00,,
2.617428385,42217822799,,instructions,3225206659,100.00,3.49,insn per cycle
2.617428385,12092634738,,cycles,3224718783,100.00,,
2.718173791,5720927,,rD044,3224679768,100.00,,
2.718173791,272107551,,rFF44,3225239541,100.00,,
2.718173791,42212519437,,instructions,3224549485,100.00,3.49,insn per cycle
2.718173791,12091996238,,cycles,3224547127,100.00,,
2.818952849,6266296,,rD044,3225400777,100.00,,
2.818952849,274859363,,rFF44,3225794873,100.00,,
2.818952849,42541127975,,instructions,3226149495,100.00,3.52,insn per cycle
2.818952849,12097807264,,cycles,3226100754,100.00,,
2.919758346,6007391,,rD044,3224616097,100.00,,
2.919758346,271389857,,rFF44,3223642438,100.00,,
2.919758346,42120576194,,instructions,3223518240,100.00,3.48,insn per cycle
2.919758346,12087785632,,cycles,3223438786,100.00,,
3.020474942,6142059,,rD044,3222616511,100.00,,
3.020474942,272676057,,rFF44,3222698314,100.00,,
3.020474942,42276447614,,instructions,3223096946,100.00,3.50,insn per cycle
3.020474942,12091058089,,cycles,3224305412,100.00,,
3.121265490,6153109,,rD044,3225561034,100.00,,
3.121265490,270880092,,rFF44,3225619265,100.00,,
3.121265490,42059592178,,instructions,3225065816,100.00,3.48,insn per cycle
3.121265490,12092076877,,cycles,3224600818,100.00,,
3.222067627,6099464,,rD044,3225603678,100.00,,
3.222067627,273303426,,rFF44,3225570386,100.00,,
3.222067627,42356461541,,instructions,3225668447,100.00,3.50,insn per cycle
3.222067627,12095843490,,cycles,3225586003,100.00,,
3.322824944,6331095,,rD044,3223899462,100.00,,
3.322824944,272626886,,rFF44,3223702374,100.00,,
3.322824944,42274455586,,instructions,3224129410,100.00,3.50,insn per cycle
3.322824944,12090011197,,cycles,3224016826,100.00,,
3.423597061,5926478,,rD044,3224952216,100.00,,
3.423597061,272188681,,rFF44,3225726831,100.00,,
3.423597061,42225860350,,instructions,3225738280,100.00,3.49,insn per cycle
3.423597061,12094497375,,cycles,3225224163,100.00,,
3.524377488,5961673,,rD044,3224857027,100.00,,
3.524377488,271751644,,rFF44,3224063769,100.00,,
3.524377488,42168495721,,instructions,3224174853,100.00,3.49,insn per cycle
3.524377488,12095508741,,cycles,3225488019,100.00,,
3.625206336,5891418,,rD044,3226805873,100.00,,
3.625206336,272493437,,rFF44,3227435955,100.00,,
3.625206336,42270800309,,instructions,3227496882,100.00,3.49,insn per cycle
3.625206336,12102769039,,cycles,3227422901,100.00,,
3.726035383,5949443,,rD044,3226194441,100.00,,
3.726035383,272118935,,rFF44,3226417317,100.00,,
3.726035383,42218746861,,instructions,3227075773,100.00,3.49,insn per cycle
3.726035383,12100517879,,cycles,3226821369,100.00,,
3.826892882,6296993,,rD044,3227491304,100.00,,
3.826892882,272650409,,rFF44,3227102639,100.00,,
3.826892882,42272517263,,instructions,3226157644,100.00,3.49,insn per cycle
3.826892882,12096712722,,cycles,3225808342,100.00,,
3.927698219,6297347,,rD044,3226316717,100.00,,
3.927698219,273053895,,rFF44,3227304763,100.00,,
3.927698219,42333045404,,instructions,3227362846,100.00,3.50,insn per cycle
3.927698219,12100263521,,cycles,3226759091,100.00,,
4.028486946,6098669,,rD044,3224485910,100.00,,
4.028486946,273015983,,rFF44,3223350069,100.00,,
4.028486946,42313605597,,instructions,3223198782,100.00,3.50,insn per cycle
4.028486946,12089737960,,cycles,3223951184,100.00,,
4.129297894,5947966,,rD044,3226089046,100.00,,
4.129297894,271316307,,rFF44,3225955110,100.00,,
4.129297894,42114117398,,instructions,3225938117,100.00,3.48,insn per cycle
4.129297894,12095154034,,cycles,3225426248,100.00,,
4.230059991,6252495,,rD044,3224293496,100.00,,
4.230059991,272333721,,rFF44,3224120874,100.00,,
4.230059991,42238373660,,instructions,3225010449,100.00,3.49,insn per cycle
4.230059991,12094582327,,cycles,3225237085,100.00,,
4.330846278,5998417,,rD044,3225238268,100.00,,
4.330846278,271820566,,rFF44,3225416699,100.00,,
4.330846278,42171714146,,instructions,3224696881,100.00,3.49,insn per cycle
4.330846278,12093757356,,cycles,3225018091,100.00,,
4.431639045,6098169,,rD044,3224869576,100.00,,
4.431639045,272762967,,rFF44,3224741731,100.00,,
4.431639045,42287003693,,instructions,3224591497,100.00,3.50,insn per cycle
4.431639045,12093315806,,cycles,3224901667,100.00,,
4.532447652,5903492,,rD044,3226288289,100.00,,
4.532447652,272338486,,rFF44,3226367154,100.00,,
4.532447652,42243860369,,instructions,3226647046,100.00,3.49,insn per cycle
4.532447652,12097635835,,cycles,3226051833,100.00,,
4.633225810,5866762,,rD044,3224647802,100.00,,
4.633225810,273153061,,rFF44,3225090893,100.00,,
4.633225810,42344491513,,instructions,3224878353,100.00,3.50,insn per cycle
4.633225810,12096571840,,cycles,3225774435,100.00,,
4.734038857,6314776,,rD044,3226884303,100.00,,
4.734038857,272101851,,rFF44,3226909081,100.00,,
4.734038857,42226137849,,instructions,3227462526,100.00,3.49,insn per cycle
4.734038857,12100300211,,cycles,3226766319,100.00,,
4.834866195,5935784,,rD044,3224692571,100.00,,
4.834866195,274493829,,rFF44,3222685991,100.00,,
4.834866195,42451064409,,instructions,3220738414,100.00,3.52,insn per cycle
4.834866195,12070976630,,cycles,3218945000,100.00,,
4.935440970,5866219,,rD044,3219352384,100.00,,
4.935440970,272392498,,rFF44,3220440238,100.00,,
4.935440970,42268080371,,instructions,3221472014,100.00,3.50,insn per cycle
4.935440970,12089130808,,cycles,3223776186,100.00,,
5.036237737,6268734,,rD044,3225144049,100.00,,
5.036237737,272909755,,rFF44,3225617103,100.00,,
5.036237737,42310159583,,instructions,3225533651,100.00,3.50,insn per cycle
5.036237737,12091376886,,cycles,3224397854,100.00,,
5.136967104,6326656,,rD044,3223597258,100.00,,
5.136967104,273093621,,rFF44,3223610208,100.00,,
5.136967104,42338512093,,instructions,3224112219,100.00,3.50,insn per cycle
5.136967104,12092950264,,cycles,3224810419,100.00,,
5.237732991,5886662,,rD044,3225228822,100.00,,
5.237732991,272061916,,rFF44,3226088862,100.00,,
5.237732991,42216753985,,instructions,3226995369,100.00,3.49,insn per cycle
5.237732991,12101667638,,cycles,3227127359,100.00,,
5.338611659,6298775,,rD044,3227284631,100.00,,
5.338611659,272485260,,rFF44,3226426645,100.00,,
5.338611659,42236447322,,instructions,3225315243,100.00,3.49,insn per cycle
5.338611659,12091634574,,cycles,3224453188,100.00,,
5.439358815,6305495,,rD044,3223892250,100.00,,
5.439358815,272230785,,rFF44,3223677235,100.00,,
5.439358815,42238191676,,instructions,3224245493,100.00,3.49,insn per cycle
5.439358815,12093638018,,cycles,3224984314,100.00,,
5.540142353,5777236,,rD044,3225168100,100.00,,
5.540142353,272837823,,rFF44,3225515125,100.00,,
5.540142353,42302908366,,instructions,3225044197,100.00,3.50,insn per cycle
5.540142353,12090241273,,cycles,3224089226,100.00,,
5.640885299,5822272,,rD044,3224023760,100.00,,
5.640885299,273818708,,rFF44,3224798835,100.00,,
5.640885299,42441961892,,instructions,3225726145,100.00,3.51,insn per cycle
5.640885299,12101193839,,cycles,3226999956,100.00,,
5.741776148,6135982,,rD044,3228212486,100.00,,
5.741776148,272033727,,rFF44,3227197427,100.00,,
5.741776148,42193891359,,instructions,3226362075,100.00,3.49,insn per cycle
5.741776148,12094617911,,cycles,3225255029,100.00,,
5.842531195,6161003,,rD044,3223783020,100.00,,
5.842531195,272035754,,rFF44,3223555501,100.00,,
5.842531195,42191611084,,instructions,3223535726,100.00,3.49,insn per cycle
5.842531195,12088518487,,cycles,3223628271,100.00,,
5.943255941,6633309,,rD044,3223415130,100.00,,
5.943255941,272488977,,rFF44,3224652187,100.00,,
5.943255941,42262432145,,instructions,3225157423,100.00,3.49,insn per cycle
5.943255941,12095903986,,cycles,3225689859,100.00,,
6.044061819,6140021,,rD044,3225469857,100.00,,
6.044061819,271898863,,rFF44,3224433245,100.00,,
6.044061819,42171048976,,instructions,3223609124,100.00,3.49,insn per cycle
6.044061819,12086164724,,cycles,3223040548,100.00,,
6.144786725,6050330,,rD044,3222806845,100.00,,
6.144786725,271528490,,rFF44,3222812322,100.00,,
6.144786725,42140052706,,instructions,3222982136,100.00,3.49,insn per cycle
6.144786725,12086503462,,cycles,3223160853,100.00,,
6.245547932,5865949,,rD044,3224665156,100.00,,
6.245547932,272853441,,rFF44,3224959418,100.00,,
6.245547932,42302693672,,instructions,3225208861,100.00,3.50,insn per cycle
6.245547932,12094478839,,cycles,3225209712,100.00,,
6.346318129,6140955,,rD044,3224504005,100.00,,
6.346318129,272069142,,rFF44,3224231252,100.00,,
6.346318129,42201528212,,instructions,3223821439,100.00,3.49,insn per cycle
6.346318129,12091512266,,cycles,3224418800,100.00,,
6.447101366,6300947,,rD044,3224922066,100.00,,
6.447101366,272211483,,rFF44,3225159539,100.00,,
6.447101366,42221887022,,instructions,3225529021,100.00,3.49,insn per cycle
6.447101366,12093353721,,cycles,3224910590,100.00,,
6.547868593,6102502,,rD044,3224954938,100.00,,
6.547868593,272435694,,rFF44,3224187211,100.00,,
6.547868593,42245626887,,instructions,3223431256,100.00,3.49,insn per cycle
6.547868593,12090220757,,cycles,3224078460,100.00,,
6.648629250,5399580,,rD044,3223933880,100.00,,
6.648629250,258896346,,rFF44,3224288921,100.00,,
6.648629250,40574459692,,instructions,3224723314,100.00,3.36,insn per cycle
6.648629250,12089431710,,cycles,3223866593,100.00,,
6.749358007,6473444,,rD044,3223355933,100.00,,
6.749358007,275203318,,rFF44,3223610842,100.00,,
6.749358007,42589128325,,instructions,3223988504,100.00,3.52,insn per cycle
6.749358007,12090541107,,cycles,3224164365,100.00,,
6.850129124,5982131,,rD044,3224703700,100.00,,
6.850129124,271912014,,rFF44,3224689595,100.00,,
6.850129124,42181314303,,instructions,3224755066,100.00,3.49,insn per cycle
6.850129124,12091914708,,cycles,3224525750,100.00,,
6.950884561,6161632,,rD044,3223968030,100.00,,
6.950884561,272519147,,rFF44,3223605720,100.00,,
6.950884561,42248829994,,instructions,3223129206,100.00,3.49,insn per cycle
6.950884561,12089715704,,cycles,3223939850,100.00,,
7.051629707,6267336,,rD044,3225557324,100.00,,
7.051629707,273340586,,rFF44,3226571566,100.00,,
7.051629707,42370444498,,instructions,3227050144,100.00,3.50,insn per cycle
7.051629707,12098207645,,cycles,3226206277,100.00,,
7.152458765,5855716,,rD044,3224794446,100.00,,
7.152458765,271040398,,rFF44,3224382896,100.00,,
7.152458765,42089149699,,instructions,3225124194,100.00,3.48,insn per cycle
7.152458765,12100912160,,cycles,3226940628,100.00,,
7.253321723,6133238,,rD044,3228349920,100.00,,
7.253321723,273628960,,rFF44,3228996046,100.00,,
7.253321723,42396360205,,instructions,3228041330,100.00,3.50,insn per cycle
7.253321723,12099958422,,cycles,3226668520,100.00,,
7.354140221,6078014,,rD044,3225426938,100.00,,
7.354140221,273349358,,rFF44,3224330357,100.00,,
7.354140221,42366864690,,instructions,3224523412,100.00,3.50,insn per cycle
7.354140221,12090782394,,cycles,3224227696,100.00,,
7.454888718,6149379,,rD044,3223940261,100.00,,
7.454888718,273738361,,rFF44,3223570943,100.00,,
7.454888718,42403294711,,instructions,3222905163,100.00,3.51,insn per cycle
7.454888718,12087762927,,cycles,3223415775,100.00,,
7.555656395,6038845,,rD044,3224476345,100.00,,
7.555656395,273177127,,rFF44,3225136825,100.00,,
7.555656395,42349725193,,instructions,3225545237,100.00,3.50,insn per cycle
7.555656395,12095103282,,cycles,3225377440,100.00,,
7.656427661,5747889,,rD044,3224568995,100.00,,
7.656427661,273175777,,rFF44,3224928635,100.00,,
7.656427661,42353129298,,instructions,3225736472,100.00,3.50,insn per cycle
7.656427661,12099053523,,cycles,3226473758,100.00,,
7.757271889,6255492,,rD044,3227553907,100.00,,
7.757271889,273375884,,rFF44,3227516816,100.00,,
7.757271889,42366708948,,instructions,3226912738,100.00,3.50,insn per cycle
7.757271889,12103699986,,cycles,3227663823,100.00,,
7.858136667,6246980,,rD044,3227294752,100.00,,
7.858136667,273277249,,rFF44,3226880125,100.00,,
7.858136667,42350260234,,instructions,3226491433,100.00,3.50,insn per cycle
7.858136667,12094344492,,cycles,3225181751,100.00,,
7.958908215,6336917,,rD044,3224698464,100.00,,
7.958908215,273749589,,rFF44,3224727569,100.00,,
7.958908215,42411668235,,instructions,3224669709,100.00,3.51,insn per cycle
7.958908215,12091295043,,cycles,3224382580,100.00,,
8.059655311,6263239,,rD044,3223661686,100.00,,
8.059655311,273781135,,rFF44,3224173177,100.00,,
8.059655311,42424153885,,instructions,3224488704,100.00,3.51,insn per cycle
8.059655311,12090523262,,cycles,3224164900,100.00,,
8.160448229,5998302,,rD044,3225026310,100.00,,
8.160448229,273394719,,rFF44,3223904979,100.00,,
8.160448229,42359837878,,instructions,3223407000,100.00,3.50,insn per cycle
8.160448229,12090648986,,cycles,3224186210,100.00,,
8.261198735,6255675,,rD044,3224949541,100.00,,
8.261198735,274148163,,rFF44,3226472896,100.00,,
8.261198735,42482518801,,instructions,3227509432,100.00,3.51,insn per cycle
8.261198735,12100932702,,cycles,3226949255,100.00,,
8.362032883,6086743,,rD044,3226185652,100.00,,
8.362032883,273783457,,rFF44,3225096829,100.00,,
8.362032883,42418118244,,instructions,3224733924,100.00,3.51,insn per cycle
8.362032883,12093301048,,cycles,3224896630,100.00,,
8.418151090,2269397,,rD044,1674787986,100.00,,
8.418151090,103283870,,rFF44,1670216928,100.00,,
8.418151090,16989230711,,instructions,1665801441,100.00,2.73,insn per cycle
8.418151090,6230224396,,cycles,1661465300,100.00,,
