0.100119119,4092232,,rD044,89739977,100.00,,
0.100119119,18549024,,rFF44,89745537,100.00,,
0.100119119,403334886,,instructions,89749997,100.00,1.21,insn per cycle
0.100119119,332571134,,cycles,89754247,100.00,,
0.200384899,5479143,,rD044,100262876,100.00,,
0.200384899,23990714,,rFF44,100263696,100.00,,
0.200384899,505166836,,instructions,100263306,100.00,1.34,insn per cycle
0.200384899,375987509,,cycles,100263686,100.00,,
0.300576108,5484327,,rD044,100168515,100.00,,
0.300576108,23955932,,rFF44,100168475,100.00,,
0.300576108,505154587,,instructions,100168705,100.00,1.34,insn per cycle
0.300576108,375605122,,cycles,100168955,100.00,,
0.400763888,6677400,,rD044,100187876,100.00,,
0.400763888,28630753,,rFF44,100187936,100.00,,
0.400763888,116171706,,instructions,100187756,100.00,0.31,insn per cycle
0.400763888,375701132,,cycles,100187326,100.00,,
0.500957727,6958142,,rD044,100192395,100.00,,
0.500957727,29577041,,rFF44,100191985,100.00,,
0.500957727,36872665,,instructions,100192405,100.00,0.10,insn per cycle
0.500957727,375720931,,cycles,100192615,100.00,,
0.601150167,4621077,,rD044,412653223,100.00,,
0.601150167,48068060,,rFF44,413029333,100.00,,
0.601150167,4947162195,,instructions,413233773,100.00,3.19,insn per cycle
0.601150167,1549671098,,cycles,413427163,100.00,,
0.701482458,2015062,,rD044,802398098,100.00,,
0.701482458,72459777,,rFF44,802253038,100.00,,
0.701482458,11171872387,,instructions,802250158,100.00,3.71,insn per cycle
0.701482458,3008449424,,cycles,802256288,100.00,,
0.801762839,1756639,,rD044,802316378,100.00,,
0.801762839,69369134,,rFF44,802389728,100.00,,
0.801762839,10782163053,,instructions,802377518,100.00,3.58,insn per cycle
0.801762839,3008871529,,cycles,802368408,100.00,,
0.902058910,1532301,,rD044,802309128,100.00,,
0.902058910,72555234,,rFF44,802231688,100.00,,
0.902058910,11187791229,,instructions,802236818,100.00,3.72,insn per cycle
0.902058910,3008362850,,cycles,802233268,100.00,,
1.002370950,1413872,,rD044,802502178,100.00,,
1.002370950,70343550,,rFF44,802533738,100.00,,
1.002370950,10907456893,,instructions,802549658,100.00,3.62,insn per cycle
1.002370950,3009586586,,cycles,802559808,100.00,,
1.102663091,1773323,,rD044,802444298,100.00,,
1.102663091,72868142,,rFF44,802448608,100.00,,
1.102663091,11235805313,,instructions,802431718,100.00,3.73,insn per cycle
1.102663091,3009185843,,cycles,802451808,100.00,,
1.202964492,1402429,,rD044,802295442,100.00,,
1.202964492,70162283,,rFF44,802282608,100.00,,
1.202964492,10889934037,,instructions,802285408,100.00,3.62,insn per cycle
1.202964492,3008438657,,cycles,802253698,100.00,,
1.303252223,1953567,,rD044,802234106,100.00,,
1.303252223,72626937,,rFF44,802252703,100.00,,
1.303252223,11198146996,,instructions,802334098,100.00,3.72,insn per cycle
1.303252223,3008648887,,cycles,802349258,100.00,,
1.403552793,1998489,,rD044,802384778,100.00,,
1.403552793,69789716,,rFF44,802360285,100.00,,
1.403552793,10839425863,,instructions,802267263,100.00,3.60,insn per cycle
1.403552793,3008492444,,cycles,802267038,100.00,,
1.503835184,1654988,,rD044,802251878,100.00,,
1.503835184,72856570,,rFF44,802258988,100.00,,
1.503835184,11231611285,,instructions,802272795,100.00,3.73,insn per cycle
1.503835184,3008481853,,cycles,802265050,100.00,,
1.604121515,1407500,,rD044,802240188,100.00,,
1.604121515,70358390,,rFF44,802226288,100.00,,
1.604121515,10911830251,,instructions,802228508,100.00,3.63,insn per cycle
1.604121515,3008414411,,cycles,802254958,100.00,,
1.704409615,2201777,,rD044,802472778,100.00,,
1.704409615,72868200,,rFF44,802493798,100.00,,
1.704409615,11233076503,,instructions,802484178,100.00,3.73,insn per cycle
1.704409615,3009222359,,cycles,802462568,100.00,,
1.804723626,1326779,,rD044,802227858,100.00,,
1.804723626,68572258,,rFF44,802200888,100.00,,
1.804723626,10689732197,,instructions,802203918,100.00,3.55,insn per cycle
1.804723626,3008046258,,cycles,802197408,100.00,,
1.905003207,1856211,,rD044,802250918,100.00,,
1.905003207,72534663,,rFF44,802259518,100.00,,
1.905003207,11179497788,,instructions,802267568,100.00,3.72,insn per cycle
1.905003207,3008513127,,cycles,802273128,100.00,,
2.005289907,1519168,,rD044,802265348,100.00,,
2.005289907,69614930,,rFF44,802249328,100.00,,
2.005289907,10825309629,,instructions,802230518,100.00,3.60,insn per cycle
2.005289907,3008310030,,cycles,802218728,100.00,,
2.105566398,1917217,,rD044,802237317,100.00,,
2.105566398,72588587,,rFF44,802262588,100.00,,
2.105566398,11187742845,,instructions,802263698,100.00,3.72,insn per cycle
2.105566398,3008490617,,cycles,802267278,100.00,,
2.205852508,1553070,,rD044,802311942,100.00,,
2.205852508,70549092,,rFF44,802325997,100.00,,
2.205852508,10942757674,,instructions,802327437,100.00,3.64,insn per cycle
2.205852508,3008675381,,cycles,802325157,100.00,,
2.306144949,1528320,,rD044,802252186,100.00,,
2.306144949,72582622,,rFF44,802208530,100.00,,
2.306144949,11183927193,,instructions,802214786,100.00,3.72,insn per cycle
2.306144949,3009170283,,cycles,802449178,100.00,,
2.406466840,1947699,,rD044,802565608,100.00,,
2.406466840,70343542,,rFF44,802558168,100.00,,
2.406466840,10914975348,,instructions,802550469,100.00,3.63,insn per cycle
2.406466840,3008694144,,cycles,802321298,100.00,,
2.506746881,1824539,,rD044,802259928,100.00,,
2.506746881,72986117,,rFF44,802281828,100.00,,
2.506746881,11245237150,,instructions,802294661,100.00,3.74,insn per cycle
2.506746881,3008587549,,cycles,802293005,100.00,,
2.607026261,1443845,,rD044,802180208,100.00,,
2.607026261,69365816,,rFF44,802166268,100.00,,
2.607026261,10789520560,,instructions,802158718,100.00,3.59,insn per cycle
2.607026261,3008057624,,cycles,802159923,100.00,,
2.707304782,1851993,,rD044,802325308,100.00,,
2.707304782,72667016,,rFF44,802354998,100.00,,
2.707304782,11195908985,,instructions,802358308,100.00,3.72,insn per cycle
2.707304782,3008827196,,cycles,802357278,100.00,,
2.807600172,1966879,,rD044,802268738,100.00,,
2.807600172,69989885,,rFF44,802300558,100.00,,
2.807600172,10869900652,,instructions,802326078,100.00,3.61,insn per cycle
2.807600172,3008812945,,cycles,802352388,100.00,,
2.907892683,1757871,,rD044,802532758,100.00,,
2.907892683,72438706,,rFF44,802557238,100.00,,
2.907892683,11157892903,,instructions,802540478,100.00,3.71,insn per cycle
2.907892683,3009445630,,cycles,802522208,100.00,,
3.008208224,1254078,,rD044,802365598,100.00,,
3.008208224,69352740,,rFF44,802335548,100.00,,
3.008208224,10791333255,,instructions,802322708,100.00,3.59,insn per cycle
3.008208224,3008637524,,cycles,802306218,100.00,,
3.108499225,1596113,,rD044,802256598,100.00,,
3.108499225,72331343,,rFF44,802195218,100.00,,
3.108499225,11141194576,,instructions,802186558,100.00,3.70,insn per cycle
3.108499225,3008219466,,cycles,802195008,100.00,,
3.208770665,1761629,,rD044,802172534,100.00,,
3.208770665,68834851,,rFF44,802196488,100.00,,
3.208770665,10724811055,,instructions,802209718,100.00,3.57,insn per cycle
3.208770665,3008251675,,cycles,802203048,100.00,,
3.309052046,1756316,,rD044,802258254,100.00,,
3.309052046,72274291,,rFF44,802254285,100.00,,
3.309052046,11131318791,,instructions,802253718,100.00,3.70,insn per cycle
3.309052046,3008399899,,cycles,802255788,100.00,,
3.409352056,1443161,,rD044,802357708,100.00,,
3.409352056,70310062,,rFF44,802386443,100.00,,
3.409352056,10901647298,,instructions,802381117,100.00,3.62,insn per cycle
3.409352056,3008932260,,cycles,802384888,100.00,,
3.509637337,1737421,,rD044,802231668,100.00,,
3.509637337,71796595,,rFF44,802191078,100.00,,
3.509637337,11071795103,,instructions,802201041,100.00,3.68,insn per cycle
3.509637337,3008272251,,cycles,802208400,100.00,,
3.609913638,1931383,,rD044,802205667,100.00,,
3.609913638,71421874,,rFF44,802208447,100.00,,
3.609913638,11058125386,,instructions,802198487,100.00,3.68,insn per cycle
3.609913638,3008197883,,cycles,802197587,100.00,,
3.710193088,1528089,,rD044,802251268,100.00,,
3.710193088,70340354,,rFF44,802362778,100.00,,
3.710193088,10923747045,,instructions,802368388,100.00,3.63,insn per cycle
3.710193088,3008926089,,cycles,802383198,100.00,,
3.810493619,1437115,,rD044,802355848,100.00,,
3.810493619,72227183,,rFF44,802245738,100.00,,
3.810493619,11122511035,,instructions,802239688,100.00,3.70,insn per cycle
3.810493619,3008260142,,cycles,802205308,100.00,,
3.910768199,1401691,,rD044,802203848,100.00,,
3.910768199,70068615,,rFF44,802220638,100.00,,
3.910768199,10873705055,,instructions,802238318,100.00,3.61,insn per cycle
3.910768199,3008439520,,cycles,802253388,100.00,,
4.011049770,1731942,,rD044,802229028,100.00,,
4.011049770,72823559,,rFF44,802205928,100.00,,
4.011049770,11214766883,,instructions,802192538,100.00,3.73,insn per cycle
4.011049770,3008168342,,cycles,802181088,100.00,,
4.111324020,1696274,,rD044,802192500,100.00,,
4.111324020,70677266,,rFF44,802192075,100.00,,
4.111324020,10956456966,,instructions,802194548,100.00,3.64,insn per cycle
4.111324020,3008297004,,cycles,802214928,100.00,,
4.211604271,1974016,,rD044,802250518,100.00,,
4.211604271,72902167,,rFF44,802258903,100.00,,
4.211604271,11229290554,,instructions,802252771,100.00,3.73,insn per cycle
4.211604271,3008409635,,cycles,802245938,100.00,,
4.311882941,1688837,,rD044,802200558,100.00,,
4.311882941,70277697,,rFF44,802221168,100.00,,
4.311882941,10919518813,,instructions,802228077,100.00,3.63,insn per cycle
4.311882941,3008265146,,cycles,802220130,100.00,,
4.412167092,1648648,,rD044,802236988,100.00,,
4.412167092,72411892,,rFF44,802246888,100.00,,
4.412167092,11157869412,,instructions,802539648,100.00,3.71,insn per cycle
4.412167092,3009606991,,cycles,802564658,100.00,,
4.512489433,1648724,,rD044,802587628,100.00,,
4.512489433,70594405,,rFF44,802611468,100.00,,
4.512489433,10939430671,,instructions,802335608,100.00,3.64,insn per cycle
4.512489433,3008683029,,cycles,802318158,100.00,,
4.612781614,2386532,,rD044,802275658,100.00,,
4.612781614,72149761,,rFF44,802219358,100.00,,
4.612781614,11117197087,,instructions,802204368,100.00,3.70,insn per cycle
4.612781614,3008182197,,cycles,802193378,100.00,,
4.713059754,1655804,,rD044,802215438,100.00,,
4.713059754,70196189,,rFF44,802212878,100.00,,
4.713059754,10892013849,,instructions,802207938,100.00,3.62,insn per cycle
4.713059754,3008310969,,cycles,802219008,100.00,,
4.813349145,1946319,,rD044,802303568,100.00,,
4.813349145,72203453,,rFF44,802296058,100.00,,
4.813349145,11125499436,,instructions,802298958,100.00,3.70,insn per cycle
4.813349145,3008627493,,cycles,802303658,100.00,,
4.913627185,1517817,,rD044,802255348,100.00,,
4.913627185,69656374,,rFF44,802280818,100.00,,
4.913627185,10820220421,,instructions,802289628,100.00,3.60,insn per cycle
4.913627185,3008545365,,cycles,802281978,100.00,,
5.013912246,1926013,,rD044,802247280,100.00,,
5.013912246,72676685,,rFF44,802248788,100.00,,
5.013912246,11199570483,,instructions,802243258,100.00,3.72,insn per cycle
5.013912246,3008412425,,cycles,802245428,100.00,,
5.114194237,1488085,,rD044,802374958,100.00,,
5.114194237,70237719,,rFF44,802413844,100.00,,
5.114194237,10889312052,,instructions,802444468,100.00,3.62,insn per cycle
5.114194237,3009377634,,cycles,802503048,100.00,,
5.214507248,1824243,,rD044,802367278,100.00,,
5.214507248,72901167,,rFF44,802361654,100.00,,
5.214507248,11236043371,,instructions,802326786,100.00,3.73,insn per cycle
5.214507248,3008469769,,cycles,802272628,100.00,,
5.314797228,1504618,,rD044,802284428,100.00,,
5.314797228,70318878,,rFF44,802221378,100.00,,
5.314797228,10917254444,,instructions,802217012,100.00,3.63,insn per cycle
5.314797228,3008275895,,cycles,802209940,100.00,,
5.415078059,2027644,,rD044,802284258,100.00,,
5.415078059,72410716,,rFF44,802342768,100.00,,
5.415078059,11163572174,,instructions,802343048,100.00,3.71,insn per cycle
5.415078059,3008739268,,cycles,802334638,100.00,,
5.515378680,1494574,,rD044,802428358,100.00,,
5.515378680,69365432,,rFF44,802465178,100.00,,
5.515378680,10781965743,,instructions,802489628,100.00,3.58,insn per cycle
5.515378680,3009427303,,cycles,802516738,100.00,,
5.615681390,1934226,,rD044,802358818,100.00,,
5.615681390,72390847,,rFF44,802288468,100.00,,
5.615681390,11159246126,,instructions,802270308,100.00,3.71,insn per cycle
5.615681390,3008423395,,cycles,802257458,100.00,,
5.715966621,1722491,,rD044,802228588,100.00,,
5.715966621,69871319,,rFF44,802206928,100.00,,
5.715966621,10845048617,,instructions,802193828,100.00,3.61,insn per cycle
5.715966621,3008187503,,cycles,802186188,100.00,,
5.816246311,1857570,,rD044,802227408,100.00,,
5.816246311,72676758,,rFF44,802247088,100.00,,
5.816246311,11203959951,,instructions,802249458,100.00,3.72,insn per cycle
5.816246311,3008207820,,cycles,802236478,100.00,,
5.916533232,1517550,,rD044,802287438,100.00,,
5.916533232,71000296,,rFF44,802320918,100.00,,
5.916533232,10983873072,,instructions,802337088,100.00,3.65,insn per cycle
5.916533232,3008811859,,cycles,802352498,100.00,,
6.016827953,1585607,,rD044,802271864,100.00,,
6.016827953,72488160,,rFF44,802225748,100.00,,
6.016827953,11176178972,,instructions,802208868,100.00,3.72,insn per cycle
6.016827953,3008278077,,cycles,802210038,100.00,,
6.117109893,1907558,,rD044,802266144,100.00,,
6.117109893,71044301,,rFF44,802274723,100.00,,
6.117109893,10997859567,,instructions,802276938,100.00,3.66,insn per cycle
6.117109893,3008504541,,cycles,802271048,100.00,,
6.217413124,1456643,,rD044,802397368,100.00,,
6.217413124,72338099,,rFF44,802392805,100.00,,
6.217413124,11152436413,,instructions,802392955,100.00,3.71,insn per cycle
6.217413124,3008971179,,cycles,802395148,100.00,,
6.317688025,1411229,,rD044,802182228,100.00,,
6.317688025,71077699,,rFF44,802175688,100.00,,
6.317688025,11004001060,,instructions,802168033,100.00,3.66,insn per cycle
6.317688025,3008087467,,cycles,802166400,100.00,,
6.417966975,1649042,,rD044,802276068,100.00,,
6.417966975,72644698,,rFF44,802276228,100.00,,
6.417966975,11200245737,,instructions,802281908,100.00,3.72,insn per cycle
6.417966975,3008571054,,cycles,802288928,100.00,,
6.518253346,1331366,,rD044,802235538,100.00,,
6.518253346,70143204,,rFF44,802247638,100.00,,
6.518253346,10887939252,,instructions,802248248,100.00,3.62,insn per cycle
6.518253346,3008426587,,cycles,802250018,100.00,,
6.618537626,1595346,,rD044,802398228,100.00,,
6.618537626,72607448,,rFF44,802500418,100.00,,
6.618537626,11193562091,,instructions,802585128,100.00,3.72,insn per cycle
6.618537626,3009874959,,cycles,802644438,100.00,,
6.718871448,1647677,,rD044,802570738,100.00,,
6.718871448,70960123,,rFF44,802512378,100.00,,
6.718871448,10993636300,,instructions,802437638,100.00,3.65,insn per cycle
6.718871448,3008879526,,cycles,802370648,100.00,,
6.819165118,1787785,,rD044,802259358,100.00,,
6.819165118,72471474,,rFF44,802254398,100.00,,
6.819165118,11172298004,,instructions,802347478,100.00,3.71,insn per cycle
6.819165118,3008808500,,cycles,802352058,100.00,,
6.919462479,1730332,,rD044,802400498,100.00,,
6.919462479,70286013,,rFF44,802380458,100.00,,
6.919462479,10902441190,,instructions,802276508,100.00,3.62,insn per cycle
6.919462479,3008475070,,cycles,802262848,100.00,,
7.019746950,1483555,,rD044,802325278,100.00,,
7.019746950,72949718,,rFF44,802345338,100.00,,
7.019746950,11242334202,,instructions,802369758,100.00,3.74,insn per cycle
7.019746950,3009121379,,cycles,802434728,100.00,,
7.120052390,1443057,,rD044,802374537,100.00,,
7.120052390,70987967,,rFF44,802364068,100.00,,
7.120052390,10991413249,,instructions,802352228,100.00,3.65,insn per cycle
7.120052390,3008614623,,cycles,802300788,100.00,,
7.220350271,1391562,,rD044,802333393,100.00,,
7.220350271,72269413,,rFF44,802298588,100.00,,
7.220350271,11133472573,,instructions,802293238,100.00,3.70,insn per cycle
7.220350271,3008569028,,cycles,802295128,100.00,,
7.320626812,1511197,,rD044,802189386,100.00,,
7.320626812,69343275,,rFF44,802173880,100.00,,
7.320626812,10794916019,,instructions,802170954,100.00,3.59,insn per cycle
7.320626812,3008127797,,cycles,802169998,100.00,,
7.420901912,1685369,,rD044,802403898,100.00,,
7.420901912,72706353,,rFF44,802470038,100.00,,
7.420901912,11202290471,,instructions,802477425,100.00,3.72,insn per cycle
7.420901912,3009310120,,cycles,802486648,100.00,,
7.521216453,1631136,,rD044,802376408,100.00,,
7.521216453,69188920,,rFF44,802344048,100.00,,
7.521216453,10767524837,,instructions,802364487,100.00,3.58,insn per cycle
7.521216453,3008861737,,cycles,802365913,100.00,,
7.621511214,1639345,,rD044,802269758,100.00,,
7.621511214,72656555,,rFF44,802262108,100.00,,
7.621511214,11193539752,,instructions,802228088,100.00,3.72,insn per cycle
7.621511214,3008239885,,cycles,802208565,100.00,,
7.721787204,1383780,,rD044,802187038,100.00,,
7.721787204,70352706,,rFF44,802165588,100.00,,
7.721787204,10907790973,,instructions,802164278,100.00,3.63,insn per cycle
7.721787204,3008148885,,cycles,802175828,100.00,,
7.822065485,1822057,,rD044,802288088,100.00,,
7.822065485,72455903,,rFF44,802309238,100.00,,
7.822065485,11160893209,,instructions,802314008,100.00,3.71,insn per cycle
7.822065485,3008643493,,cycles,802307828,100.00,,
7.922380036,1550878,,rD044,802494318,100.00,,
7.922380036,70477660,,rFF44,802605048,100.00,,
7.922380036,10929743228,,instructions,802660308,100.00,3.63,insn per cycle
7.922380036,3009994275,,cycles,802667588,100.00,,
8.022688767,1517145,,rD044,802413058,100.00,,
8.022688767,72895294,,rFF44,802287218,100.00,,
8.022688767,11229659132,,instructions,802238118,100.00,3.73,insn per cycle
8.022688767,3008383315,,cycles,802238668,100.00,,
8.122971807,1572919,,rD044,802270178,100.00,,
8.122971807,70366890,,rFF44,802282918,100.00,,
8.122971807,10902146974,,instructions,802275588,100.00,3.62,insn per cycle
8.122971807,3008488789,,cycles,802266898,100.00,,
8.223252468,1546904,,rD044,802185392,100.00,,
8.223252468,72078235,,rFF44,802159348,100.00,,
8.223252468,11111877669,,instructions,802173108,100.00,3.69,insn per cycle
8.223252468,3008135040,,cycles,802182338,100.00,,
8.323526378,1627080,,rD044,802388556,100.00,,
8.323526378,68702560,,rFF44,802468538,100.00,,
8.323526378,10708182558,,instructions,802459718,100.00,3.56,insn per cycle
8.323526378,3009163464,,cycles,802446388,100.00,,
8.423832079,1804209,,rD044,802247418,100.00,,
8.423832079,72045300,,rFF44,802175530,100.00,,
8.423832079,11123063791,,instructions,802175560,100.00,3.70,insn per cycle
8.423832079,3008169474,,cycles,802180738,100.00,,
8.524104520,1415042,,rD044,802176128,100.00,,
8.524104520,70477650,,rFF44,802177758,100.00,,
8.524104520,10932584766,,instructions,802174068,100.00,3.63,insn per cycle
8.524104520,3008125025,,cycles,802169690,100.00,,
8.624387950,1261038,,rD044,802261558,100.00,,
8.624387950,71112036,,rFF44,802317478,100.00,,
8.624387950,11002203617,,instructions,802329348,100.00,3.66,insn per cycle
8.624387950,3008720241,,cycles,802336838,100.00,,
8.724674921,1699203,,rD044,802291368,100.00,,
8.724674921,72713198,,rFF44,802235028,100.00,,
8.724674921,11198065757,,instructions,802219388,100.00,3.72,insn per cycle
8.724674921,3008296778,,cycles,802215648,100.00,,
8.824954941,1822222,,rD044,802232398,100.00,,
8.824954941,70137024,,rFF44,802254658,100.00,,
8.824954941,10888940573,,instructions,802261128,100.00,3.62,insn per cycle
8.824954941,3008486047,,cycles,802265628,100.00,,
8.925241942,1510461,,rD044,802278308,100.00,,
8.925241942,72714349,,rFF44,802272798,100.00,,
8.925241942,11198221907,,instructions,802292998,100.00,3.72,insn per cycle
8.925241942,3008599661,,cycles,802295908,100.00,,
9.025525793,1442437,,rD044,802253556,100.00,,
9.025525793,70976350,,rFF44,802227518,100.00,,
9.025525793,10986709818,,instructions,802194388,100.00,3.65,insn per cycle
9.025525793,3008170871,,cycles,802182068,100.00,,
9.125800793,2456833,,rD044,802191702,100.00,,
9.125800793,72508064,,rFF44,802210841,100.00,,
9.125800793,11170814117,,instructions,802220428,100.00,3.71,insn per cycle
9.125800793,3008337417,,cycles,802226188,100.00,,
9.226077004,1683995,,rD044,802205358,100.00,,
9.226077004,69297961,,rFF44,802204367,100.00,,
9.226077004,10787603218,,instructions,802200650,100.00,3.59,insn per cycle
9.226077004,3008217063,,cycles,802194063,100.00,,
9.326384144,2009680,,rD044,802418868,100.00,,
9.326384144,72965140,,rFF44,802418708,100.00,,
9.326384144,11239276926,,instructions,802420098,100.00,3.74,insn per cycle
9.326384144,3009114819,,cycles,802445406,100.00,,
9.426674785,1718803,,rD044,802240507,100.00,,
9.426674785,69380870,,rFF44,802231137,100.00,,
9.426674785,10785644430,,instructions,802229757,100.00,3.59,insn per cycle
9.426674785,3008176637,,cycles,802217176,100.00,,
9.526951686,1753335,,rD044,802203158,100.00,,
9.526951686,72578806,,rFF44,802214148,100.00,,
9.526951686,11181481787,,instructions,802223898,100.00,3.72,insn per cycle
9.526951686,3008306336,,cycles,802218188,100.00,,
9.627240246,1435665,,rD044,802311367,100.00,,
9.627240246,70627724,,rFF44,802312447,100.00,,
9.627240246,10953141114,,instructions,802317347,100.00,3.64,insn per cycle
9.627240246,3008711747,,cycles,802334367,100.00,,
9.727525177,2169290,,rD044,802302088,100.00,,
9.727525177,72679451,,rFF44,802328228,100.00,,
9.727525177,11201412494,,instructions,802323888,100.00,3.72,insn per cycle
9.727525177,3008640241,,cycles,802307158,100.00,,
9.827821488,1643886,,rD044,802274438,100.00,,
9.827821488,69816823,,rFF44,802278618,100.00,,
9.827821488,10848860172,,instructions,802295948,100.00,3.61,insn per cycle
9.827821488,3008411067,,cycles,802293018,100.00,,
9.928116728,1394980,,rD044,802397828,100.00,,
9.928116728,72437241,,rFF44,802403938,100.00,,
9.928116728,11162600963,,instructions,802441188,100.00,3.71,insn per cycle
9.928116728,3009469880,,cycles,802527828,100.00,,
10.028429819,1339401,,rD044,802396267,100.00,,
10.028429819,69706424,,rFF44,802370698,100.00,,
10.028429819,10826827778,,instructions,802309818,100.00,3.60,insn per cycle
10.028429819,3008342380,,cycles,802227388,100.00,,
10.128714060,1900675,,rD044,802292731,100.00,,
10.128714060,72660215,,rFF44,802283458,100.00,,
10.128714060,11198636836,,instructions,802288568,100.00,3.72,insn per cycle
10.128714060,3008557642,,cycles,802285118,100.00,,
10.228999680,1994070,,rD044,802258578,100.00,,
10.228999680,70002979,,rFF44,802273310,100.00,,
10.228999680,10862210580,,instructions,802265668,100.00,3.61,insn per cycle
10.228999680,3008440469,,cycles,802265758,100.00,,
10.329290571,1861772,,rD044,802352468,100.00,,
10.329290571,72228044,,rFF44,802492829,100.00,,
10.329290571,11133118198,,instructions,802630888,100.00,3.70,insn per cycle
10.329290571,3010090025,,cycles,802693058,100.00,,
10.429629802,1502923,,rD044,802714208,100.00,,
10.429629802,70431869,,rFF44,802736743,100.00,,
10.429629802,10929193391,,instructions,802647678,100.00,3.63,insn per cycle
10.429629802,3009726775,,cycles,802597478,100.00,,
10.529948893,1457415,,rD044,802445598,100.00,,
10.529948893,72391261,,rFF44,802262212,100.00,,
10.529948893,11157788241,,instructions,802220783,100.00,3.71,insn per cycle
10.529948893,3008274849,,cycles,802209668,100.00,,
10.630234954,1245631,,rD044,802245208,100.00,,
10.630234954,69309758,,rFF44,802242318,100.00,,
10.630234954,10783908927,,instructions,802232925,100.00,3.58,insn per cycle
10.630234954,3008332743,,cycles,802233630,100.00,,
10.730509254,1830398,,rD044,802186378,100.00,,
10.730509254,72819567,,rFF44,802185538,100.00,,
10.730509254,11226396820,,instructions,802187488,100.00,3.73,insn per cycle
10.730509254,3008171174,,cycles,802182068,100.00,,
10.830784775,1573991,,rD044,802197988,100.00,,
10.830784775,68602812,,rFF44,802197738,100.00,,
10.830784775,10680921970,,instructions,802205658,100.00,3.55,insn per cycle
10.830784775,3008259686,,cycles,802205358,100.00,,
10.931059945,1951841,,rD044,802197018,100.00,,
10.931059945,71973334,,rFF44,802196138,100.00,,
10.931059945,11095639179,,instructions,802188258,100.00,3.69,insn per cycle
10.931059945,3008215612,,cycles,802193358,100.00,,
11.031363666,1416378,,rD044,802429478,100.00,,
11.031363666,69748469,,rFF44,802428738,100.00,,
11.031363666,10835352891,,instructions,802443608,100.00,3.60,insn per cycle
11.031363666,3009230939,,cycles,802464568,100.00,,
11.131644957,1668961,,rD044,802243287,100.00,,
11.131644957,72330236,,rFF44,802260348,100.00,,
11.131644957,11150698016,,instructions,802256428,100.00,3.71,insn per cycle
11.131644957,3008377115,,cycles,802236978,100.00,,
11.231926197,1284264,,rD044,802214191,100.00,,
11.231926197,70179194,,rFF44,802203786,100.00,,
11.231926197,10888519557,,instructions,802199418,100.00,3.62,insn per cycle
11.231926197,3008195979,,cycles,802197338,100.00,,
11.332207288,1588161,,rD044,802350208,100.00,,
11.332207288,72746063,,rFF44,802476916,100.00,,
11.332207288,11219351369,,instructions,802673028,100.00,3.73,insn per cycle
11.332207288,3010099479,,cycles,802695868,100.00,,
11.432541579,1333823,,rD044,802668858,100.00,,
11.432541579,70329047,,rFF44,802619901,100.00,,
11.432541579,10910257317,,instructions,802417708,100.00,3.63,insn per cycle
11.432541579,3008988571,,cycles,802399448,100.00,,
11.532841880,1600399,,rD044,802358708,100.00,,
11.532841880,72498742,,rFF44,802306431,100.00,,
11.532841880,11178669093,,instructions,802335546,100.00,3.72,insn per cycle
11.532841880,3008734748,,cycles,802332018,100.00,,
11.633133390,1327990,,rD044,802234738,100.00,,
11.633133390,68844675,,rFF44,802214498,100.00,,
11.633133390,10724721856,,instructions,802180722,100.00,3.57,insn per cycle
11.633133390,3008305371,,cycles,802226223,100.00,,
11.733417631,1666000,,rD044,802319588,100.00,,
11.733417631,73037005,,rFF44,802375428,100.00,,
11.733417631,11262111522,,instructions,802384578,100.00,3.74,insn per cycle
11.733417631,3008792627,,cycles,802347945,100.00,,
11.833713102,1566678,,rD044,802566868,100.00,,
11.833713102,70519940,,rFF44,802632558,100.00,,
11.833713102,10931934420,,instructions,802882939,100.00,3.63,insn per cycle
11.833713102,3011062425,,cycles,802952276,100.00,,
11.934083563,2014375,,rD044,802682778,100.00,,
11.934083563,72511141,,rFF44,802544858,100.00,,
11.934083563,11176442683,,instructions,802295347,100.00,3.72,insn per cycle
11.934083563,3008285032,,cycles,802212520,100.00,,
12.034391674,1992202,,rD044,802482358,100.00,,
12.034391674,69947452,,rFF44,802494708,100.00,,
12.034391674,10865916504,,instructions,802495278,100.00,3.61,insn per cycle
12.034391674,3009351543,,cycles,802496598,100.00,,
12.134671595,1886823,,rD044,802308758,100.00,,
12.134671595,72481138,,rFF44,802347508,100.00,,
12.134671595,11172158568,,instructions,802346278,100.00,3.71,insn per cycle
12.134671595,3008790046,,cycles,802347188,100.00,,
12.234967725,1387033,,rD044,802259088,100.00,,
12.234967725,70040374,,rFF44,802208358,100.00,,
12.234967725,10879176325,,instructions,802205548,100.00,3.62,insn per cycle
12.234967725,3008247714,,cycles,802201708,100.00,,
12.335241626,1763446,,rD044,802144637,100.00,,
12.335241626,71939071,,rFF44,802153447,100.00,,
12.335241626,11088403561,,instructions,802156987,100.00,3.69,insn per cycle
12.335241626,3008081862,,cycles,802166297,100.00,,
12.435517197,1663114,,rD044,802352268,100.00,,
12.435517197,69699343,,rFF44,802409248,100.00,,
12.435517197,10840298732,,instructions,802413628,100.00,3.60,insn per cycle
12.435517197,3009020893,,cycles,802408578,100.00,,
12.535819357,1804053,,rD044,802305918,100.00,,
12.535819357,72937800,,rFF44,802265978,100.00,,
12.535819357,11240074452,,instructions,802259588,100.00,3.74,insn per cycle
12.535819357,3008515262,,cycles,802274498,100.00,,
12.636105978,1495367,,rD044,802218311,100.00,,
12.636105978,70564281,,rFF44,802199578,100.00,,
12.636105978,10953879548,,instructions,802208828,100.00,3.64,insn per cycle
12.636105978,3008232475,,cycles,802206768,100.00,,
12.736392589,1580458,,rD044,802387667,100.00,,
12.736392589,72967917,,rFF44,802410134,100.00,,
12.736392589,11243484327,,instructions,802411208,100.00,3.74,insn per cycle
12.736392589,3009040097,,cycles,802413608,100.00,,
12.836690099,1333729,,rD044,802442058,100.00,,
12.836690099,70770309,,rFF44,802483906,100.00,,
12.836690099,10971752774,,instructions,802499558,100.00,3.65,insn per cycle
12.836690099,3009433371,,cycles,802518428,100.00,,
12.937003700,1323832,,rD044,802607988,100.00,,
12.937003700,72541750,,rFF44,802660573,100.00,,
12.937003700,11175013392,,instructions,802645888,100.00,3.71,insn per cycle
12.937003700,3009851195,,cycles,802629578,100.00,,
13.037345801,1412286,,rD044,802552618,100.00,,
13.037345801,68591590,,rFF44,802527688,100.00,,
13.037345801,10687767012,,instructions,802531958,100.00,3.55,insn per cycle
13.037345801,3009428745,,cycles,802517108,100.00,,
13.137650162,1640039,,rD044,802330548,100.00,,
13.137650162,72463368,,rFF44,802234111,100.00,,
13.137650162,11163949498,,instructions,802216002,100.00,3.71,insn per cycle
13.137650162,3008283822,,cycles,802211878,100.00,,
13.237928413,1776314,,rD044,802312498,100.00,,
13.237928413,70846793,,rFF44,802375098,100.00,,
13.237928413,10978447738,,instructions,802392336,100.00,3.65,insn per cycle
13.237928413,3008954867,,cycles,802399465,100.00,,
13.338238114,1681754,,rD044,802413458,100.00,,
13.338238114,72252726,,rFF44,802365688,100.00,,
13.338238114,11130335069,,instructions,802348188,100.00,3.70,insn per cycle
13.338238114,3008760169,,cycles,802338503,100.00,,
13.438526174,1522723,,rD044,802324308,100.00,,
13.438526174,70719593,,rFF44,802338638,100.00,,
13.438526174,10949683392,,instructions,802340178,100.00,3.64,insn per cycle
13.438526174,3008802762,,cycles,802350288,100.00,,
13.538818415,1468335,,rD044,802288258,100.00,,
13.538818415,72365074,,rFF44,802274698,100.00,,
13.538818415,11144447955,,instructions,802275948,100.00,3.70,insn per cycle
13.538818415,3008514468,,cycles,802273218,100.00,,
13.639100586,1542826,,rD044,802208948,100.00,,
13.639100586,70441497,,rFF44,802213938,100.00,,
13.639100586,10934324407,,instructions,802217118,100.00,3.63,insn per cycle
13.639100586,3008283087,,cycles,802219918,100.00,,
13.739398956,1463476,,rD044,802345198,100.00,,
13.739398956,71778394,,rFF44,802321478,100.00,,
13.739398956,11065889958,,instructions,802320448,100.00,3.68,insn per cycle
13.739398956,3008654185,,cycles,802310578,100.00,,
13.839675927,1500909,,rD044,802152218,100.00,,
13.839675927,71476811,,rFF44,802177878,100.00,,
13.839675927,11055538336,,instructions,802185438,100.00,3.68,insn per cycle
13.839675927,3008023291,,cycles,802196298,100.00,,
13.939961247,1677557,,rD044,802316604,100.00,,
13.939961247,70173224,,rFF44,802309228,100.00,,
13.939961247,10895787165,,instructions,802309108,100.00,3.62,insn per cycle
13.939961247,3008671260,,cycles,802315428,100.00,,
14.040252838,1274224,,rD044,802245214,100.00,,
14.040252838,72893489,,rFF44,802226261,100.00,,
14.040252838,11225580755,,instructions,802215468,100.00,3.73,insn per cycle
14.040252838,3008267539,,cycles,802207218,100.00,,
14.140528959,1399385,,rD044,802233818,100.00,,
14.140528959,69711739,,rFF44,802280627,100.00,,
14.140528959,10816482133,,instructions,802282000,100.00,3.60,insn per cycle
14.140528959,3008541508,,cycles,802280826,100.00,,
14.240812729,1640193,,rD044,802321148,100.00,,
14.240812729,72921567,,rFF44,802329138,100.00,,
14.240812729,11230422562,,instructions,802352788,100.00,3.73,insn per cycle
14.240812729,3008782355,,cycles,802352412,100.00,,
14.341112370,1758479,,rD044,802346878,100.00,,
14.341112370,70391247,,rFF44,802323928,100.00,,
14.341112370,10920543060,,instructions,802312828,100.00,3.63,insn per cycle
14.341112370,3008828403,,cycles,802357118,100.00,,
14.441431111,1680140,,rD044,802489268,100.00,,
14.441431111,72776091,,rFF44,802460588,100.00,,
14.441431111,11209582677,,instructions,802447528,100.00,3.73,insn per cycle
14.441431111,3008983742,,cycles,802398158,100.00,,
14.541705231,1639200,,rD044,802154868,100.00,,
14.541705231,70191666,,rFF44,802163768,100.00,,
14.541705231,10872539424,,instructions,802167628,100.00,3.61,insn per cycle
14.541705231,3008118893,,cycles,802177018,100.00,,
14.641985672,1857543,,rD044,802242898,100.00,,
14.641985672,72854882,,rFF44,802251378,100.00,,
14.641985672,11221996629,,instructions,802250568,100.00,3.73,insn per cycle
14.641985672,3008551000,,cycles,802282478,100.00,,
14.742270422,1515045,,rD044,802280598,100.00,,
14.742270422,70046714,,rFF44,802289498,100.00,,
14.742270422,10869968294,,instructions,802290558,100.00,3.61,insn per cycle
14.742270422,3008728168,,cycles,802330128,100.00,,
14.842566653,1779395,,rD044,802464768,100.00,,
14.842566653,73032589,,rFF44,802638018,100.00,,
14.842566653,11252784865,,instructions,802762578,100.00,3.74,insn per cycle
14.842566653,3010216840,,cycles,802727888,100.00,,
14.942904544,1478920,,rD044,802611138,100.00,,
14.942904544,69649341,,rFF44,802437178,100.00,,
14.942904544,10813616458,,instructions,802310418,100.00,3.59,insn per cycle
14.942904544,3008452962,,cycles,802257548,100.00,,
15.043184965,1626504,,rD044,802211154,100.00,,
15.043184965,72839936,,rFF44,802257658,100.00,,
15.043184965,11222873605,,instructions,802273998,100.00,3.73,insn per cycle
15.043184965,3008546472,,cycles,802281528,100.00,,
15.143469926,1629503,,rD044,802275794,100.00,,
15.143469926,67957280,,rFF44,802213852,100.00,,
15.143469926,10614990421,,instructions,802190588,100.00,3.53,insn per cycle
15.143469926,3008206704,,cycles,802191508,100.00,,
15.243745596,1573769,,rD044,802150948,100.00,,
15.243745596,72848580,,rFF44,802158956,100.00,,
15.243745596,11225557870,,instructions,802179770,100.00,3.73,insn per cycle
15.243745596,3008137922,,cycles,802182616,100.00,,
15.344025767,1501087,,rD044,802462698,100.00,,
15.344025767,69345293,,rFF44,802520358,100.00,,
15.344025767,10790666950,,instructions,802508258,100.00,3.59,insn per cycle
15.344025767,3009414255,,cycles,802513417,100.00,,
15.444350928,1570942,,rD044,802362418,100.00,,
15.444350928,72783995,,rFF44,802298148,100.00,,
15.444350928,11215531666,,instructions,802300048,100.00,3.73,insn per cycle
15.444350928,3008578853,,cycles,802290513,100.00,,
15.544629828,1345618,,rD044,802250318,100.00,,
15.544629828,71311930,,rFF44,802258138,100.00,,
15.544629828,11031665832,,instructions,802257598,100.00,3.67,insn per cycle
15.544629828,3008505723,,cycles,802270498,100.00,,
15.644917319,1459623,,rD044,802301838,100.00,,
15.644917319,72584147,,rFF44,802310758,100.00,,
15.644917319,11187808631,,instructions,802326558,100.00,3.72,insn per cycle
15.644917319,3008834864,,cycles,802370818,100.00,,
15.745219860,1442578,,rD044,802460508,100.00,,
15.745219860,71020534,,rFF44,802518898,100.00,,
15.745219860,10997882519,,instructions,802535348,100.00,3.65,insn per cycle
15.745219860,3009377668,,cycles,802504398,100.00,,
15.845530821,1798122,,rD044,802450628,100.00,,
15.845530821,72441852,,rFF44,802389718,100.00,,
15.845530821,11167233295,,instructions,802350598,100.00,3.71,insn per cycle
15.845530821,3008734277,,cycles,802332238,100.00,,
15.945823331,1652409,,rD044,802315348,100.00,,
15.945823331,70676861,,rFF44,802334438,100.00,,
15.945823331,10955003483,,instructions,802336958,100.00,3.64,insn per cycle
15.945823331,3008768731,,cycles,802341138,100.00,,
16.046118722,1773598,,rD044,802288758,100.00,,
16.046118722,72665417,,rFF44,802235648,100.00,,
16.046118722,11203349526,,instructions,802237428,100.00,3.72,insn per cycle
16.046118722,3008337341,,cycles,802225948,100.00,,
16.146420953,1896342,,rD044,802402898,100.00,,
16.146420953,70237610,,rFF44,802407158,100.00,,
16.146420953,10896048407,,instructions,802411268,100.00,3.62,insn per cycle
16.146420953,3009070112,,cycles,802421498,100.00,,
16.246697683,2047751,,rD044,802537846,100.00,,
16.246697683,72472888,,rFF44,802933978,100.00,,
16.246697683,11176810251,,instructions,803050558,100.00,3.71,insn per cycle
16.246697683,3011407301,,cycles,803068408,100.00,,
16.347088505,1455482,,rD044,802804980,100.00,,
16.347088505,70347613,,rFF44,802471728,100.00,,
16.347088505,10914241379,,instructions,802368318,100.00,3.63,insn per cycle
16.347088505,3008818587,,cycles,802354818,100.00,,
16.447396776,1477983,,rD044,802402748,100.00,,
16.447396776,72435303,,rFF44,802342488,100.00,,
16.447396776,11167517682,,instructions,802312948,100.00,3.71,insn per cycle
16.447396776,3008622427,,cycles,802301618,100.00,,
16.547669856,1722882,,rD044,802180593,100.00,,
16.547669856,69592944,,rFF44,802194138,100.00,,
16.547669856,10818720461,,instructions,802211298,100.00,3.60,insn per cycle
16.547669856,3008289998,,cycles,802213798,100.00,,
16.647946997,1734226,,rD044,802290644,100.00,,
16.647946997,72931145,,rFF44,802323964,100.00,,
16.647946997,11245515639,,instructions,802338687,100.00,3.74,insn per cycle
16.647946997,3008724405,,cycles,802338187,100.00,,
16.748250878,1840350,,rD044,802379718,100.00,,
16.748250878,70629089,,rFF44,802351563,100.00,,
16.748250878,10961446728,,instructions,802331716,100.00,3.64,insn per cycle
16.748250878,3008690172,,cycles,802320138,100.00,,
16.848537368,1658690,,rD044,802263928,100.00,,
16.848537368,72427598,,rFF44,802333348,100.00,,
16.848537368,11165338726,,instructions,802340962,100.00,3.71,insn per cycle
16.848537368,3008831937,,cycles,802357966,100.00,,
16.948831259,1240162,,rD044,802318608,100.00,,
16.948831259,70449964,,rFF44,802247928,100.00,,
16.948831259,10923649034,,instructions,802238558,100.00,3.63,insn per cycle
16.948831259,3008338465,,cycles,802226242,100.00,,
17.049111250,1356854,,rD044,802285018,100.00,,
17.049111250,72138157,,rFF44,802286458,100.00,,
17.049111250,11120905477,,instructions,802301948,100.00,3.70,insn per cycle
17.049111250,3008705291,,cycles,802324568,100.00,,
17.149426861,1390535,,rD044,802452818,100.00,,
17.149426861,68515126,,rFF44,802437798,100.00,,
17.149426861,10664251289,,instructions,802419708,100.00,3.54,insn per cycle
17.149426861,3008993875,,cycles,802400978,100.00,,
17.249700621,1668818,,rD044,802226108,100.00,,
17.249700621,72344965,,rFF44,802248158,100.00,,
17.249700621,11152338924,,instructions,802257468,100.00,3.71,insn per cycle
17.249700621,3008387140,,cycles,802248988,100.00,,
17.349988042,1369301,,rD044,802236598,100.00,,
17.349988042,70512451,,rFF44,802220488,100.00,,
17.349988042,10931069946,,instructions,802215678,100.00,3.63,insn per cycle
17.349988042,3008350443,,cycles,802229678,100.00,,
17.450263832,1655121,,rD044,802191957,100.00,,
17.450263832,72906546,,rFF44,802181638,100.00,,
17.450263832,11236986077,,instructions,802183678,100.00,3.74,insn per cycle
17.450263832,3008144426,,cycles,802174838,100.00,,
17.550539593,1701928,,rD044,802204301,100.00,,
17.550539593,70451695,,rFF44,802231746,100.00,,
17.550539593,10931548940,,instructions,802229448,100.00,3.63,insn per cycle
17.550539593,3008360101,,cycles,802240878,100.00,,
17.650825833,1590402,,rD044,802269128,100.00,,
17.650825833,72527382,,rFF44,802259102,100.00,,
17.650825833,11175282180,,instructions,802260892,100.00,3.71,insn per cycle
17.650825833,3008423186,,cycles,802249658,100.00,,
17.751105684,1531746,,rD044,802257348,100.00,,
17.751105684,70890898,,rFF44,802275238,100.00,,
17.751105684,10979552961,,instructions,802276186,100.00,3.65,insn per cycle
17.751105684,3008490887,,cycles,802267280,100.00,,
17.851400984,2092063,,rD044,802250808,100.00,,
17.851400984,72093383,,rFF44,802245038,100.00,,
17.851400984,11108389567,,instructions,802241438,100.00,3.69,insn per cycle
17.851400984,3008287756,,cycles,802254078,100.00,,
17.951681585,1805163,,rD044,802222868,100.00,,
17.951681585,70036698,,rFF44,802196748,100.00,,
17.951681585,10866431477,,instructions,802189368,100.00,3.61,insn per cycle
17.951681585,3008173549,,cycles,802182538,100.00,,
18.051955636,1263821,,rD044,802295268,100.00,,
18.051955636,72337155,,rFF44,802320318,100.00,,
18.051955636,11145756614,,instructions,802325728,100.00,3.70,insn per cycle
18.051955636,3008760991,,cycles,802338818,100.00,,
18.152250476,1768864,,rD044,802229638,100.00,,
18.152250476,69891502,,rFF44,802193498,100.00,,
18.152250476,10858066878,,instructions,802186588,100.00,3.61,insn per cycle
18.152250476,3008149414,,cycles,802176438,100.00,,
18.252523307,1719885,,rD044,802141746,100.00,,
18.252523307,72719111,,rFF44,802166817,100.00,,
18.252523307,11200708006,,instructions,802171567,100.00,3.72,insn per cycle
18.252523307,3008089878,,cycles,802173227,100.00,,
18.352804627,1603697,,rD044,802255731,100.00,,
18.352804627,70347133,,rFF44,802265897,100.00,,
18.352804627,10920193467,,instructions,802257978,100.00,3.63,insn per cycle
18.352804627,3008435447,,cycles,802252268,100.00,,
18.453084428,1486076,,rD044,802332718,100.00,,
18.453084428,72393606,,rFF44,802341481,100.00,,
18.453084428,11151103777,,instructions,802359377,100.00,3.71,insn per cycle
18.453084428,3008897301,,cycles,802375408,100.00,,
18.553410939,1499278,,rD044,802490418,100.00,,
18.553410939,70602168,,rFF44,802475808,100.00,,
18.553410939,10951424536,,instructions,802479325,100.00,3.64,insn per cycle
18.553410939,3009269680,,cycles,802474818,100.00,,
18.653692249,1411305,,rD044,802194388,100.00,,
18.653692249,72498932,,rFF44,802173928,100.00,,
18.653692249,11174445696,,instructions,802161934,100.00,3.71,insn per cycle
18.653692249,3008027141,,cycles,802152030,100.00,,
18.753965970,1880705,,rD044,802276408,100.00,,
18.753965970,70930203,,rFF44,802292378,100.00,,
18.753965970,10984146121,,instructions,802302178,100.00,3.65,insn per cycle
18.753965970,3008659305,,cycles,802311498,100.00,,
18.854254441,1895539,,rD044,802211098,100.00,,
18.854254441,70120904,,rFF44,802196168,100.00,,
18.854254441,10871249455,,instructions,802196058,100.00,3.61,insn per cycle
18.854254441,3008258317,,cycles,802205228,100.00,,
18.954534331,1554681,,rD044,802270898,100.00,,
18.954534331,72461511,,rFF44,802277108,100.00,,
18.954534331,11159160462,,instructions,802276708,100.00,3.71,insn per cycle
18.954534331,3008509989,,cycles,802272228,100.00,,
19.054819832,1470682,,rD044,802320288,100.00,,
19.054819832,68609417,,rFF44,802345458,100.00,,
19.054819832,10699507263,,instructions,802342408,100.00,3.56,insn per cycle
19.054819832,3008759689,,cycles,802338778,100.00,,
19.155114482,1674552,,rD044,802296028,100.00,,
19.155114482,73114768,,rFF44,802386708,100.00,,
19.155114482,11260944254,,instructions,802575038,100.00,3.74,insn per cycle
19.155114482,3009977568,,cycles,802663318,100.00,,
19.255443804,1472773,,rD044,802643538,100.00,,
19.255443804,70373279,,rFF44,802590928,100.00,,
19.255443804,10919858542,,instructions,802407448,100.00,3.63,insn per cycle
19.255443804,3008667619,,cycles,802322828,100.00,,
19.355740284,1785489,,rD044,802308367,100.00,,
19.355740284,72846515,,rFF44,802250248,100.00,,
19.355740284,11219791348,,instructions,802251788,100.00,3.73,insn per cycle
19.355740284,3008416668,,cycles,802246988,100.00,,
19.456023315,1596876,,rD044,802277251,100.00,,
19.456023315,70554059,,rFF44,802298378,100.00,,
19.456023315,10942532479,,instructions,802294228,100.00,3.64,insn per cycle
19.456023315,3008563504,,cycles,802286428,100.00,,
19.556305685,1751601,,rD044,802225008,100.00,,
19.556305685,72532064,,rFF44,802191010,100.00,,
19.556305685,11174317262,,instructions,802189311,100.00,3.71,insn per cycle
19.556305685,3008223932,,cycles,802196008,100.00,,
19.656579836,1923247,,rD044,802168328,100.00,,
19.656579836,70123213,,rFF44,802176908,100.00,,
19.656579836,10886269587,,instructions,802169717,100.00,3.62,insn per cycle
19.656579836,3008064730,,cycles,802160590,100.00,,
19.756856016,1550057,,rD044,802220318,100.00,,
19.756856016,72884889,,rFF44,802244948,100.00,,
19.756856016,11228985835,,instructions,802257878,100.00,3.73,insn per cycle
19.756856016,3008491351,,cycles,802267218,100.00,,
19.857140157,1648811,,rD044,802246028,100.00,,
19.857140157,71043677,,rFF44,802214708,100.00,,
19.857140157,11002156119,,instructions,802201808,100.00,3.66,insn per cycle
19.857140157,3009116313,,cycles,802434098,100.00,,
19.957444388,1770087,,rD044,802507698,100.00,,
19.957444388,72518457,,rFF44,802627168,100.00,,
19.957444388,11175531805,,instructions,802683818,100.00,3.71,insn per cycle
19.957444388,3009195056,,cycles,802455368,100.00,,
20.057749389,1692308,,rD044,802355328,100.00,,
20.057749389,69737408,,rFF44,802232838,100.00,,
20.057749389,10837400952,,instructions,802179588,100.00,3.60,insn per cycle
20.057749389,3008149749,,cycles,802175828,100.00,,
20.158027479,1690467,,rD044,802440918,100.00,,
20.158027479,72685488,,rFF44,802598278,100.00,,
20.158027479,11200234562,,instructions,802597218,100.00,3.72,insn per cycle
20.158027479,3009749153,,cycles,802602348,100.00,,
20.258363400,1734395,,rD044,802620198,100.00,,
20.258363400,70953988,,rFF44,802536388,100.00,,
20.258363400,10981079991,,instructions,802551788,100.00,3.65,insn per cycle
20.258363400,3009504140,,cycles,802545878,100.00,,
20.358673481,1861637,,rD044,802327638,100.00,,
20.358673481,72542314,,rFF44,802306038,100.00,,
20.358673481,11179940905,,instructions,802297598,100.00,3.72,insn per cycle
20.358673481,3008593119,,cycles,802294238,100.00,,
20.458961682,1258446,,rD044,802259058,100.00,,
20.458961682,70690327,,rFF44,802213488,100.00,,
20.458961682,10956974823,,instructions,802209228,100.00,3.64,insn per cycle
20.458961682,3008292683,,cycles,802213948,100.00,,
20.559240052,1452194,,rD044,802228880,100.00,,
20.559240052,72826838,,rFF44,802245208,100.00,,
20.559240052,11225539258,,instructions,802244258,100.00,3.73,insn per cycle
20.559240052,3008371009,,cycles,802244048,100.00,,
20.659510773,1587701,,rD044,802171078,100.00,,
20.659510773,70814558,,rFF44,802269000,100.00,,
20.659510773,10972540863,,instructions,802280066,100.00,3.65,insn per cycle
20.659510773,3008514823,,cycles,802273548,100.00,,
20.759806833,1891659,,rD044,802425458,100.00,,
20.759806833,72300914,,rFF44,802443508,100.00,,
20.759806833,11147040271,,instructions,802437893,100.00,3.70,insn per cycle
20.759806833,3009208483,,cycles,802458878,100.00,,
20.860118584,1594778,,rD044,802437598,100.00,,
20.860118584,70251803,,rFF44,802329968,100.00,,
20.860118584,10885867133,,instructions,802333287,100.00,3.62,insn per cycle
20.860118584,3008925006,,cycles,802381995,100.00,,
20.960420115,1641712,,rD044,802349858,100.00,,
20.960420115,72572681,,rFF44,802317858,100.00,,
20.960420115,11188499019,,instructions,802302348,100.00,3.72,insn per cycle
20.960420115,3008416263,,cycles,802247503,100.00,,
21.060701376,1803485,,rD044,802276488,100.00,,
21.060701376,70409419,,rFF44,802284118,100.00,,
21.060701376,10912179225,,instructions,802288118,100.00,3.63,insn per cycle
21.060701376,3008524098,,cycles,802276608,100.00,,
21.160982116,1999708,,rD044,802293518,100.00,,
21.160982116,72529003,,rFF44,802343258,100.00,,
21.160982116,11183240180,,instructions,802349698,100.00,3.72,insn per cycle
21.160982116,3008826529,,cycles,802356808,100.00,,
21.261280237,1442518,,rD044,802254588,100.00,,
21.261280237,70272776,,rFF44,802202788,100.00,,
21.261280237,10904886022,,instructions,802200448,100.00,3.63,insn per cycle
21.261280237,3008231443,,cycles,802205098,100.00,,
21.361562828,2125872,,rD044,802286318,100.00,,
21.361562828,72352974,,rFF44,802318178,100.00,,
21.361562828,11156838289,,instructions,802314768,100.00,3.71,insn per cycle
21.361562828,3008677134,,cycles,802316738,100.00,,
21.461850568,1472297,,rD044,802465748,100.00,,
21.461850568,70252384,,rFF44,802663708,100.00,,
21.461850568,10893355128,,instructions,802737558,100.00,3.62,insn per cycle
21.461850568,3010232845,,cycles,802731708,100.00,,
21.562195520,2188215,,rD044,802619248,100.00,,
21.562195520,72396231,,rFF44,802611498,100.00,,
21.562195520,11161428702,,instructions,802549848,100.00,3.71,insn per cycle
21.562195520,3009552808,,cycles,802550398,100.00,,
21.662511200,1972874,,rD044,802434478,100.00,,
21.662511200,70597201,,rFF44,802234968,100.00,,
21.662511200,10954024818,,instructions,802227438,100.00,3.64,insn per cycle
21.662511200,3008265317,,cycles,802215488,100.00,,
21.762793261,1668474,,rD044,802233344,100.00,,
21.762793261,72655617,,rFF44,802218178,100.00,,
21.762793261,11200278751,,instructions,802217028,100.00,3.72,insn per cycle
21.762793261,3008327127,,cycles,802223958,100.00,,
21.863079082,1671689,,rD044,802188244,100.00,,
21.863079082,70330915,,rFF44,802189193,100.00,,
21.863079082,10902393146,,instructions,802195108,100.00,3.62,insn per cycle
21.863079082,3008057312,,cycles,802203428,100.00,,
21.963375472,1527203,,rD044,802365188,100.00,,
21.963375472,72309039,,rFF44,802364205,100.00,,
21.963375472,11145095076,,instructions,802354154,100.00,3.70,insn per cycle
21.963375472,3008773516,,cycles,802342348,100.00,,
22.063652653,1575796,,rD044,802280728,100.00,,
22.063652653,69446790,,rFF44,802299398,100.00,,
22.063652653,10803930076,,instructions,802298674,100.00,3.59,insn per cycle
22.063652653,3008585727,,cycles,802292631,100.00,,
22.163944874,1781749,,rD044,802292908,100.00,,
22.163944874,72899337,,rFF44,802277838,100.00,,
22.163944874,11235762898,,instructions,802282428,100.00,3.73,insn per cycle
22.163944874,3008581627,,cycles,802291257,100.00,,
22.264236274,1566275,,rD044,802250538,100.00,,
22.264236274,70615452,,rFF44,802227338,100.00,,
22.264236274,10951261299,,instructions,802221908,100.00,3.64,insn per cycle
22.264236274,3008273446,,cycles,802217448,100.00,,
22.364510755,1912329,,rD044,802232708,100.00,,
22.364510755,72535110,,rFF44,802279708,100.00,,
22.364510755,11177240134,,instructions,802285888,100.00,3.72,insn per cycle
22.364510755,3008561973,,cycles,802285868,100.00,,
22.464795825,1556947,,rD044,802244158,100.00,,
22.464795825,69853564,,rFF44,802210758,100.00,,
22.464795825,10848320094,,instructions,802202248,100.00,3.61,insn per cycle
22.464795825,3008225862,,cycles,802196378,100.00,,
22.565071616,1563517,,rD044,802169768,100.00,,
22.565071616,72272124,,rFF44,802173518,100.00,,
22.565071616,11136615936,,instructions,802173988,100.00,3.70,insn per cycle
22.565071616,3008109615,,cycles,802174628,100.00,,
22.665355846,1484811,,rD044,802288100,100.00,,
22.665355846,70746388,,rFF44,802295568,100.00,,
22.665355846,10964570069,,instructions,802299348,100.00,3.64,insn per cycle
22.665355846,3008618689,,cycles,802300588,100.00,,
22.765635967,1230431,,rD044,802220808,100.00,,
22.765635967,72678491,,rFF44,802213270,100.00,,
22.765635967,11194576428,,instructions,802211793,100.00,3.72,insn per cycle
22.765635967,3008306060,,cycles,802219068,100.00,,
22.865930918,1755864,,rD044,802419468,100.00,,
22.865930918,70869423,,rFF44,802490118,100.00,,
22.865930918,10970057121,,instructions,802506557,100.00,3.65,insn per cycle
22.865930918,3009433107,,cycles,802518498,100.00,,
22.966263259,2108223,,rD044,802611078,100.00,,
22.966263259,73026073,,rFF44,802540778,100.00,,
22.966263259,11247465004,,instructions,802523907,100.00,3.74,insn per cycle
22.966263259,3009376022,,cycles,802502768,100.00,,
23.066542949,1448651,,rD044,802277098,100.00,,
23.066542949,69739893,,rFF44,802309078,100.00,,
23.066542949,10839699911,,instructions,802313897,100.00,3.60,insn per cycle
23.066542949,3008669209,,cycles,802314990,100.00,,
23.166836610,1643805,,rD044,802262238,100.00,,
23.166836610,72963376,,rFF44,802219238,100.00,,
23.166836610,11238582536,,instructions,802219068,100.00,3.74,insn per cycle
23.166836610,3008291227,,cycles,802213648,100.00,,
23.267110571,1454006,,rD044,802221608,100.00,,
23.267110571,69910090,,rFF44,802308318,100.00,,
23.267110571,10857066260,,instructions,802302128,100.00,3.61,insn per cycle
23.267110571,3008830524,,cycles,802365758,100.00,,
23.367414771,1714745,,rD044,802356438,100.00,,
23.367414771,71902616,,rFF44,802268368,100.00,,
23.367414771,11092485166,,instructions,802272518,100.00,3.69,insn per cycle
23.367414771,3008319148,,cycles,802222058,100.00,,
23.467690142,1613204,,rD044,802359808,100.00,,
23.467690142,70925785,,rFF44,802493938,100.00,,
23.467690142,10982020660,,instructions,802501818,100.00,3.65,insn per cycle
23.467690142,3009421495,,cycles,802514978,100.00,,
23.568007793,1454650,,rD044,802341558,100.00,,
23.568007793,69925459,,rFF44,802202528,100.00,,
23.568007793,10855462557,,instructions,802189498,100.00,3.61,insn per cycle
23.568007793,3008086191,,cycles,802166778,100.00,,
23.668277363,1715813,,rD044,802159546,100.00,,
23.668277363,72169732,,rFF44,802164038,100.00,,
23.668277363,11124928880,,instructions,802169368,100.00,3.70,insn per cycle
23.668277363,3008123632,,cycles,802169628,100.00,,
23.768553624,1776707,,rD044,802304172,100.00,,
23.768553624,70448914,,rFF44,802360348,100.00,,
23.768553624,10937061562,,instructions,802371018,100.00,3.63,insn per cycle
23.768553624,3008933635,,cycles,802384548,100.00,,
23.868852424,1794702,,rD044,802409338,100.00,,
23.868852424,72843319,,rFF44,802386141,100.00,,
23.868852424,11217148316,,instructions,802372458,100.00,3.73,insn per cycle
23.868852424,3008851605,,cycles,802363398,100.00,,
23.969146755,1474275,,rD044,802252808,100.00,,
23.969146755,69918412,,rFF44,802255077,100.00,,
23.969146755,10857326381,,instructions,802326442,100.00,3.61,insn per cycle
23.969146755,3009384622,,cycles,802505638,100.00,,
24.069459086,1795971,,rD044,802492278,100.00,,
24.069459086,72127242,,rFF44,802514608,100.00,,
24.069459086,11109714361,,instructions,802448546,100.00,3.69,insn per cycle
24.069459086,3008496081,,cycles,802268655,100.00,,
24.169748007,1308014,,rD044,802409808,100.00,,
24.169748007,70629164,,rFF44,802414768,100.00,,
24.169748007,10940870885,,instructions,802415598,100.00,3.64,insn per cycle
24.169748007,3009043744,,cycles,802414153,100.00,,
24.270050058,1916972,,rD044,802227267,100.00,,
24.270050058,72584049,,rFF44,802176487,100.00,,
24.270050058,11181211780,,instructions,802183137,100.00,3.72,insn per cycle
24.270050058,3008141911,,cycles,802183067,100.00,,
24.370322808,1432303,,rD044,802181888,100.00,,
24.370322808,69245233,,rFF44,802192018,100.00,,
24.370322808,10768793662,,instructions,802185178,100.00,3.58,insn per cycle
24.370322808,3008199682,,cycles,802189448,100.00,,
24.470599689,1716907,,rD044,802209688,100.00,,
24.470599689,72585669,,rFF44,802196198,100.00,,
24.470599689,11181375246,,instructions,802188538,100.00,3.72,insn per cycle
24.470599689,3008211131,,cycles,802191648,100.00,,
24.570875049,1501167,,rD044,802242648,100.00,,
24.570875049,70880742,,rFF44,802254238,100.00,,
24.570875049,10979542571,,instructions,802260568,100.00,3.65,insn per cycle
24.570875049,3008464828,,cycles,802260598,100.00,,
24.671159250,1651643,,rD044,802211963,100.00,,
24.671159250,72274732,,rFF44,802223198,100.00,,
24.671159250,11135751197,,instructions,802301418,100.00,3.70,insn per cycle
24.671159250,3008581569,,cycles,802299718,100.00,,
24.771451800,1343717,,rD044,802302265,100.00,,
24.771451800,69905831,,rFF44,802283582,100.00,,
24.771451800,10849806381,,instructions,802203668,100.00,3.61,insn per cycle
24.771451800,3008226689,,cycles,802196508,100.00,,
24.871730741,2017426,,rD044,802233758,100.00,,
24.871730741,72192806,,rFF44,802240526,100.00,,
24.871730741,11126211626,,instructions,802247950,100.00,3.70,insn per cycle
24.871730741,3008434210,,cycles,802252196,100.00,,
24.972009101,1550993,,rD044,802222838,100.00,,
24.972009101,69351147,,rFF44,802218588,100.00,,
24.972009101,10784579671,,instructions,802213738,100.00,3.58,insn per cycle
24.972009101,3008296651,,cycles,802214792,100.00,,
25.072290222,1873791,,rD044,802255158,100.00,,
25.072290222,72818600,,rFF44,802281038,100.00,,
25.072290222,11222217275,,instructions,802279288,100.00,3.73,insn per cycle
25.072290222,3008562118,,cycles,802285978,100.00,,
25.172582203,1510949,,rD044,802377938,100.00,,
25.172582203,70786778,,rFF44,802371508,100.00,,
25.172582203,10974968489,,instructions,802370988,100.00,3.65,insn per cycle
25.172582203,3008856510,,cycles,802364938,100.00,,
25.272873823,1647554,,rD044,802380448,100.00,,
25.272873823,72502116,,rFF44,802523068,100.00,,
25.272873823,11172090012,,instructions,802536608,100.00,3.71,insn per cycle
25.272873823,3009500561,,cycles,802543758,100.00,,
25.373194664,1736174,,rD044,802465188,100.00,,
25.373194664,69638640,,rFF44,802514288,100.00,,
25.373194664,10827182988,,instructions,802502448,100.00,3.60,insn per cycle
25.373194664,3009320825,,cycles,802488598,100.00,,
25.473502585,1345061,,rD044,802423798,100.00,,
25.473502585,72514594,,rFF44,802221358,100.00,,
25.473502585,11176220046,,instructions,802225938,100.00,3.71,insn per cycle
25.473502585,3008413758,,cycles,802246358,100.00,,
25.573786386,1525399,,rD044,802263718,100.00,,
25.573786386,69797958,,rFF44,802302938,100.00,,
25.573786386,10852087288,,instructions,802313058,100.00,3.61,insn per cycle
25.573786386,3008675374,,cycles,802324988,100.00,,
25.674083087,1713196,,rD044,802650198,100.00,,
25.674083087,72401474,,rFF44,802737948,100.00,,
25.674083087,11160712538,,instructions,802774398,100.00,3.71,insn per cycle
25.674083087,3010619966,,cycles,802834838,100.00,,
25.774435058,1758387,,rD044,802543168,100.00,,
25.774435058,70057434,,rFF44,802493698,100.00,,
25.774435058,10880950398,,instructions,802567808,100.00,3.62,insn per cycle
25.774435058,3009722106,,cycles,802594628,100.00,,
25.874765669,1881246,,rD044,802611827,100.00,,
25.874765669,72754703,,rFF44,802569617,100.00,,
25.874765669,11214675980,,instructions,802446437,100.00,3.73,insn per cycle
25.874765669,3008604421,,cycles,802337337,100.00,,
25.975062880,1634772,,rD044,802286778,100.00,,
25.975062880,70826218,,rFF44,802253808,100.00,,
25.975062880,10977049095,,instructions,802257338,100.00,3.65,insn per cycle
25.975062880,3008456210,,cycles,802257568,100.00,,
26.075360840,1492099,,rD044,802349038,100.00,,
26.075360840,72285112,,rFF44,802326068,100.00,,
26.075360840,11144912441,,instructions,802318108,100.00,3.70,insn per cycle
26.075360840,3008672521,,cycles,802315518,100.00,,
26.175638751,1497756,,rD044,802329464,100.00,,
26.175638751,71496721,,rFF44,802375478,100.00,,
26.175638751,11058251076,,instructions,802386598,100.00,3.68,insn per cycle
26.175638751,3008956387,,cycles,802390978,100.00,,
26.275939422,1773578,,rD044,802422477,100.00,,
26.275939422,72586816,,rFF44,802656008,100.00,,
26.275939422,11192595364,,instructions,802677068,100.00,3.72,insn per cycle
26.275939422,3009984141,,cycles,802673698,100.00,,
26.376275613,1721000,,rD044,802519445,100.00,,
26.376275613,70226877,,rFF44,802253478,100.00,,
26.376275613,10896342946,,instructions,802229938,100.00,3.62,insn per cycle
26.376275613,3008373454,,cycles,802235608,100.00,,
26.476553523,1851555,,rD044,802223288,100.00,,
26.476553523,72848303,,rFF44,802220550,100.00,,
26.476553523,11232429292,,instructions,802210173,100.00,3.73,insn per cycle
26.476553523,3008244994,,cycles,802202018,100.00,,
26.576829894,1393578,,rD044,802201068,100.00,,
26.576829894,70337525,,rFF44,802226778,100.00,,
26.576829894,10910754789,,instructions,802234645,100.00,3.63,insn per cycle
26.576829894,3008347577,,cycles,802237480,100.00,,
26.677114315,1672413,,rD044,802393748,100.00,,
26.677114315,72402228,,rFF44,802414388,100.00,,
26.677114315,11160532557,,instructions,802416578,100.00,3.71,insn per cycle
26.677114315,3009355703,,cycles,802497298,100.00,,
26.777426425,1505616,,rD044,802343508,100.00,,
26.777426425,70819503,,rFF44,802296958,100.00,,
26.777426425,10967149199,,instructions,802300188,100.00,3.65,insn per cycle
26.777426425,3008340504,,cycles,802227308,100.00,,
26.877708756,1621341,,rD044,802289598,100.00,,
26.877708756,72316481,,rFF44,802295098,100.00,,
26.877708756,11146604850,,instructions,802285188,100.00,3.71,insn per cycle
26.877708756,3008506052,,cycles,802272028,100.00,,
26.977994337,1333542,,rD044,802244498,100.00,,
26.977994337,70563377,,rFF44,802243898,100.00,,
26.977994337,10939503024,,instructions,802249178,100.00,3.64,insn per cycle
26.977994337,3008590981,,cycles,802292798,100.00,,
27.078280717,1755815,,rD044,802330038,100.00,,
27.078280717,72698101,,rFF44,802390678,100.00,,
27.078280717,11203977589,,instructions,802404788,100.00,3.72,insn per cycle
27.078280717,3008886225,,cycles,802373108,100.00,,
27.178580118,1718662,,rD044,802336738,100.00,,
27.178580118,69593857,,rFF44,802265998,100.00,,
27.178580118,10812166723,,instructions,802236958,100.00,3.59,insn per cycle
27.178580118,3008344718,,cycles,802227998,100.00,,
27.278855139,1890745,,rD044,802241664,100.00,,
27.278855139,72532816,,rFF44,802408648,100.00,,
27.278855139,11177589239,,instructions,802455538,100.00,3.71,insn per cycle
27.278855139,3009176483,,cycles,802467588,100.00,,
27.379172819,1806294,,rD044,802424565,100.00,,
27.379172819,69919766,,rFF44,802349618,100.00,,
27.379172819,10863225079,,instructions,802512518,100.00,3.61,insn per cycle
27.379172819,3009388146,,cycles,802513938,100.00,,
27.479489810,1601370,,rD044,802510807,100.00,,
27.479489810,72559000,,rFF44,802419518,100.00,,
27.479489810,11178358989,,instructions,802218538,100.00,3.72,insn per cycle
27.479489810,3008260833,,cycles,802206058,100.00,,
27.579769121,1378395,,rD044,802237958,100.00,,
27.579769121,70072682,,rFF44,802251340,100.00,,
27.579769121,10878664954,,instructions,802247114,100.00,3.62,insn per cycle
27.579769121,3008405396,,cycles,802244048,100.00,,
27.680048851,1832837,,rD044,802150798,100.00,,
27.680048851,72163988,,rFF44,802126278,100.00,,
27.680048851,11118398821,,instructions,802125534,100.00,3.70,insn per cycle
27.680048851,3007907674,,cycles,802130660,100.00,,
27.780325662,1689390,,rD044,802254458,100.00,,
27.780325662,70525497,,rFF44,802269708,100.00,,
27.780325662,10933169559,,instructions,802272758,100.00,3.63,insn per cycle
27.780325662,3008524739,,cycles,802275858,100.00,,
27.880609213,1836129,,rD044,802286988,100.00,,
27.880609213,72675755,,rFF44,802325088,100.00,,
27.880609213,11196186200,,instructions,802329448,100.00,3.72,insn per cycle
27.880609213,3008708548,,cycles,802326138,100.00,,
27.980911513,1647863,,rD044,802346078,100.00,,
27.980911513,70488677,,rFF44,802290148,100.00,,
27.980911513,10936707359,,instructions,802278888,100.00,3.64,insn per cycle
27.980911513,3008510210,,cycles,802272108,100.00,,
28.081186644,1937229,,rD044,802263578,100.00,,
28.081186644,72344934,,rFF44,802352478,100.00,,
28.081186644,11143823090,,instructions,802382208,100.00,3.70,insn per cycle
28.081186644,3008995833,,cycles,802401778,100.00,,
28.181486805,1566071,,rD044,802404498,100.00,,
28.181486805,70460711,,rFF44,802366588,100.00,,
28.181486805,10933451593,,instructions,802346028,100.00,3.63,insn per cycle
28.181486805,3008729122,,cycles,802330768,100.00,,
28.281777765,1631282,,rD044,802208496,100.00,,
28.281777765,72252962,,rFF44,802162578,100.00,,
28.281777765,11133032087,,instructions,802162768,100.00,3.70,insn per cycle
28.281777765,3008047537,,cycles,802156638,100.00,,
28.382051366,1514025,,rD044,802359534,100.00,,
28.382051366,70206374,,rFF44,802410158,100.00,,
28.382051366,10893413121,,instructions,802399728,100.00,3.62,insn per cycle
28.382051366,3008969345,,cycles,802394928,100.00,,
28.482359087,1714307,,rD044,802281466,100.00,,
28.482359087,71135261,,rFF44,802227290,100.00,,
28.482359087,10998400777,,instructions,802231626,100.00,3.66,insn per cycle
28.482359087,3008383786,,cycles,802238508,100.00,,
28.582631337,1577517,,rD044,802209498,100.00,,
28.582631337,71831486,,rFF44,802257068,100.00,,
28.582631337,11089580777,,instructions,802271572,100.00,3.69,insn per cycle
28.582631337,3008563995,,cycles,802294894,100.00,,
28.682926568,1746769,,rD044,802298888,100.00,,
28.682926568,70566592,,rFF44,802279838,100.00,,
28.682926568,10949657983,,instructions,802269428,100.00,3.64,insn per cycle
28.682926568,3008444122,,cycles,802254644,100.00,,
28.783203278,2002315,,rD044,802246598,100.00,,
28.783203278,72296568,,rFF44,802273158,100.00,,
28.783203278,11133418982,,instructions,802274698,100.00,3.70,insn per cycle
28.783203278,3008504791,,cycles,802270678,100.00,,
28.883490509,1679910,,rD044,802315678,100.00,,
28.883490509,70507388,,rFF44,802297508,100.00,,
28.883490509,10939975863,,instructions,802307218,100.00,3.64,insn per cycle
28.883490509,3008648230,,cycles,802309128,100.00,,
28.983782040,1791789,,rD044,802562408,100.00,,
28.983782040,72556258,,rFF44,802744538,100.00,,
28.983782040,11174969870,,instructions,802774478,100.00,3.71,insn per cycle
28.983782040,3010382222,,cycles,802771568,100.00,,
29.084128351,1719135,,rD044,802517198,100.00,,
29.084128351,69710947,,rFF44,802308858,100.00,,
29.084128351,10833543014,,instructions,802270418,100.00,3.60,insn per cycle
29.084128351,3008853568,,cycles,802363368,100.00,,
29.184440092,1762877,,rD044,802424758,100.00,,
29.184440092,73055058,,rFF44,802422178,100.00,,
29.184440092,11253151060,,instructions,802420168,100.00,3.74,insn per cycle
29.184440092,3008724162,,cycles,802329668,100.00,,
29.284718402,1577277,,rD044,802161328,100.00,,
29.284718402,70624673,,rFF44,802155338,100.00,,
29.284718402,10944082135,,instructions,802149008,100.00,3.64,insn per cycle
29.284718402,3007956436,,cycles,802140538,100.00,,
29.384990373,1804960,,rD044,802177676,100.00,,
29.384990373,72778410,,rFF44,802179928,100.00,,
29.384990373,11212859216,,instructions,802185538,100.00,3.73,insn per cycle
29.384990373,3008210168,,cycles,802192398,100.00,,
29.485263683,1771535,,rD044,802181822,100.00,,
29.485263683,69855506,,rFF44,802200191,100.00,,
29.485263683,10862611196,,instructions,802212358,100.00,3.61,insn per cycle
29.485263683,3008317906,,cycles,802220838,100.00,,
29.585543444,1917274,,rD044,802204938,100.00,,
29.585543444,72590080,,rFF44,802195227,100.00,,
29.585543444,11184539571,,instructions,802180410,100.00,3.72,insn per cycle
29.585543444,3008096224,,cycles,802170664,100.00,,
29.685820294,1423222,,rD044,802343098,100.00,,
29.685820294,71094089,,rFF44,802375098,100.00,,
29.685820294,11013609481,,instructions,802385668,100.00,3.66,insn per cycle
29.685820294,3008969538,,cycles,802394704,100.00,,
29.786122385,1654771,,rD044,802289038,100.00,,
29.786122385,72658893,,rFF44,802268358,100.00,,
29.786122385,11196571731,,instructions,802262388,100.00,3.72,insn per cycle
29.786122385,3008587503,,cycles,802292298,100.00,,
29.886416076,1620436,,rD044,802204148,100.00,,
29.886416076,69847226,,rFF44,802181858,100.00,,
29.886416076,10856244659,,instructions,802177238,100.00,3.61,insn per cycle
29.886416076,3007815873,,cycles,802135968,100.00,,
29.986686336,1711525,,rD044,802235378,100.00,,
29.986686336,72529039,,rFF44,802296488,100.00,,
29.986686336,11177935451,,instructions,802297418,100.00,3.72,insn per cycle
29.986686336,3008589613,,cycles,802293858,100.00,,
30.086977977,1797725,,rD044,802263588,100.00,,
30.086977977,70828122,,rFF44,802218478,100.00,,
30.086977977,10977328836,,instructions,802221238,100.00,3.65,insn per cycle
30.086977977,3008369215,,cycles,802234388,100.00,,
30.187256327,1512641,,rD044,802243677,100.00,,
30.187256327,72765225,,rFF44,802257518,100.00,,
30.187256327,11215261119,,instructions,802278888,100.00,3.73,insn per cycle
30.187256327,3008556046,,cycles,802284268,100.00,,
30.287539308,1468417,,rD044,802205501,100.00,,
30.287539308,71520020,,rFF44,802207677,100.00,,
30.287539308,11059962559,,instructions,802193958,100.00,3.68,insn per cycle
30.287539308,3008133872,,cycles,802184928,100.00,,
30.387821639,1634935,,rD044,802365338,100.00,,
30.387821639,72170614,,rFF44,802429703,100.00,,
30.387821639,11125608852,,instructions,802415928,100.00,3.70,insn per cycle
30.387821639,3009049423,,cycles,802415738,100.00,,
30.464293691,1304313,,rD044,587301139,100.00,,
30.464293691,40971175,,rFF44,586986347,100.00,,
30.464293691,6561689227,,instructions,586799991,100.00,2.98,insn per cycle
30.464293691,2199625761,,cycles,586604371,100.00,,
