0.100125806,4595407,,rD044,91996124,100.00,,
0.100125806,20258818,,rFF44,92002414,100.00,,
0.100125806,439357833,,instructions,92007234,100.00,1.29,insn per cycle
0.100125806,340983683,,cycles,92012964,100.00,,
0.200421213,5463366,,rD044,100291665,100.00,,
0.200421213,23944319,,rFF44,100291455,100.00,,
0.200421213,505174215,,instructions,100291515,100.00,1.34,insn per cycle
0.200421213,376086675,,cycles,100290515,100.00,,
0.300635210,5475583,,rD044,100185555,100.00,,
0.300635210,23864510,,rFF44,100185395,100.00,,
0.300635210,502421709,,instructions,100185015,100.00,1.34,insn per cycle
0.300635210,375659228,,cycles,100184785,100.00,,
0.400853247,6750723,,rD044,100218214,100.00,,
0.400853247,29095113,,rFF44,100218554,100.00,,
0.400853247,85131964,,instructions,100218464,100.00,0.23,insn per cycle
0.400853247,375817788,,cycles,100218564,100.00,,
0.501065174,6928327,,rD044,100210725,100.00,,
0.501065174,29778429,,rFF44,100210245,100.00,,
0.501065174,37198042,,instructions,100210045,100.00,0.10,insn per cycle
0.501065174,375787449,,cycles,100210485,100.00,,
0.601277941,3226601,,rD044,1725556435,100.00,,
0.601277941,166039934,,rFF44,1729068260,100.00,,
0.601277941,23650085472,,instructions,1731990061,100.00,3.64,insn per cycle
0.601277941,6503611110,,cycles,1734951282,100.00,,
0.701881092,123788,,rD044,3218902726,100.00,,
0.701881092,291426507,,rFF44,3218964479,100.00,,
0.701881092,45212737877,,instructions,3218817912,100.00,3.75,insn per cycle
0.701881092,12069781462,,cycles,3218662737,100.00,,
0.802464663,118518,,rD044,3218322910,100.00,,
0.802464663,280652735,,rFF44,3217914476,100.00,,
0.802464663,43862251626,,instructions,3217709320,100.00,3.64,insn per cycle
0.802464663,12065158558,,cycles,3217391858,100.00,,
0.902985214,118546,,rD044,3216650556,100.00,,
0.902985214,290892016,,rFF44,3216738975,100.00,,
0.902985214,45151569958,,instructions,3216969276,100.00,3.74,insn per cycle
0.902985214,12064840612,,cycles,3217307532,100.00,,
1.003527296,114085,,rD044,3217150512,100.00,,
1.003527296,286990925,,rFF44,3216917760,100.00,,
1.003527296,44663816311,,instructions,3216758962,100.00,3.70,insn per cycle
1.003527296,12062553345,,cycles,3216703488,100.00,,
1.104053087,112746,,rD044,3216918311,100.00,,
1.104053087,290195432,,rFF44,3217088213,100.00,,
1.104053087,45062316866,,instructions,3217185065,100.00,3.74,insn per cycle
1.104053087,12063968860,,cycles,3217077938,100.00,,
1.204584468,113411,,rD044,3216960695,100.00,,
1.204584468,290807599,,rFF44,3217078173,100.00,,
1.204584468,45139978235,,instructions,3217033321,100.00,3.74,insn per cycle
1.204584468,12063983009,,cycles,3217107852,100.00,,
1.305132340,111611,,rD044,3217506830,100.00,,
1.305132340,285286452,,rFF44,3217604313,100.00,,
1.305132340,44464940571,,instructions,3217577602,100.00,3.69,insn per cycle
1.305132340,12065468623,,cycles,3217479693,100.00,,
1.405671651,110232,,rD044,3216847372,100.00,,
1.405671651,284468106,,rFF44,3216461161,100.00,,
1.405671651,44339850427,,instructions,3216351472,100.00,3.68,insn per cycle
1.405671651,12060765577,,cycles,3216246432,100.00,,
1.506185373,109953,,rD044,3216515885,100.00,,
1.506185373,280833863,,rFF44,3216567994,100.00,,
1.506185373,43922124598,,instructions,3216644223,100.00,3.64,insn per cycle
1.506185373,12063317353,,cycles,3216898802,100.00,,
1.606716014,114692,,rD044,3216968708,100.00,,
1.606716014,289042597,,rFF44,3216994731,100.00,,
1.606716014,44927530171,,instructions,3216920921,100.00,3.72,insn per cycle
1.606716014,12062858411,,cycles,3216784215,100.00,,
1.707244905,111267,,rD044,3216969581,100.00,,
1.707244905,286742586,,rFF44,3217012292,100.00,,
1.707244905,44617962373,,instructions,3216982323,100.00,3.70,insn per cycle
1.707244905,12063338845,,cycles,3216912820,100.00,,
1.807770167,112939,,rD044,3216689218,100.00,,
1.807770167,291530332,,rFF44,3216893539,100.00,,
1.807770167,45240065143,,instructions,3217122153,100.00,3.75,insn per cycle
1.807770167,12064473477,,cycles,3217217825,100.00,,
1.908311058,110566,,rD044,3217138151,100.00,,
1.908311058,284579602,,rFF44,3216801567,100.00,,
1.908311058,44350701152,,instructions,3216669012,100.00,3.68,insn per cycle
1.908311058,12062318783,,cycles,3216633516,100.00,,
2.008876280,113161,,rD044,3218039375,100.00,,
2.008876280,282090519,,rFF44,3218099797,100.00,,
2.008876280,44067074213,,instructions,3218138874,100.00,3.65,insn per cycle
2.008876280,12067639144,,cycles,3218059317,100.00,,
2.109414911,111546,,rD044,3217096833,100.00,,
2.109414911,284948728,,rFF44,3217070959,100.00,,
2.109414911,44386676083,,instructions,3217085092,100.00,3.68,insn per cycle
2.109414911,12064288164,,cycles,3217169481,100.00,,
2.209942773,107996,,rD044,3217022334,100.00,,
2.209942773,279808759,,rFF44,3217217551,100.00,,
2.209942773,43767004102,,instructions,3217214330,100.00,3.63,insn per cycle
2.209942773,12064801213,,cycles,3217307504,100.00,,
2.310485054,110545,,rD044,3217260840,100.00,,
2.310485054,287298775,,rFF44,3217300631,100.00,,
2.310485054,44698318841,,instructions,3217167095,100.00,3.71,insn per cycle
2.310485054,12063681288,,cycles,3217009152,100.00,,
2.411013236,109923,,rD044,3216786630,100.00,,
2.411013236,279581081,,rFF44,3216652144,100.00,,
2.411013236,43734843380,,instructions,3216728931,100.00,3.63,insn per cycle
2.411013236,12063530389,,cycles,3216969930,100.00,,
2.511548177,112764,,rD044,3217051952,100.00,,
2.511548177,289296232,,rFF44,3217003732,100.00,,
2.511548177,44937612412,,instructions,3216889285,100.00,3.73,insn per cycle
2.511548177,12062592795,,cycles,3216715895,100.00,,
2.612067968,112922,,rD044,3216510905,100.00,,
2.612067968,285081329,,rFF44,3216349445,100.00,,
2.612067968,44417468210,,instructions,3216453791,100.00,3.68,insn per cycle
2.612067968,12061450749,,cycles,3216408412,100.00,,
2.712586140,112417,,rD044,3216763759,100.00,,
2.712586140,281564173,,rFF44,3216945011,100.00,,
2.712586140,43998458893,,instructions,3216858002,100.00,3.65,insn per cycle
2.712586140,12063754572,,cycles,3217016416,100.00,,
2.813121741,114459,,rD044,3217012322,100.00,,
2.813121741,285163869,,rFF44,3217355752,100.00,,
2.813121741,44430085719,,instructions,3217666920,100.00,3.68,insn per cycle
2.813121741,12065448290,,cycles,3217477230,100.00,,
2.913659662,111852,,rD044,3216996637,100.00,,
2.913659662,281067116,,rFF44,3216578329,100.00,,
2.913659662,43909860630,,instructions,3216278156,100.00,3.64,insn per cycle
2.913659662,12061256453,,cycles,3216352212,100.00,,
3.014178174,111212,,rD044,3216562097,100.00,,
3.014178174,281207728,,rFF44,3217332566,100.00,,
3.014178174,43917601599,,instructions,3217500683,100.00,3.64,insn per cycle
3.014178174,12065470707,,cycles,3217479483,100.00,,
3.114724085,113912,,rD044,3217445058,100.00,,
3.114724085,286334125,,rFF44,3216727892,100.00,,
3.114724085,44594189315,,instructions,3216623416,100.00,3.70,insn per cycle
3.114724085,12062143672,,cycles,3216593802,100.00,,
3.215247797,110905,,rD044,3216770141,100.00,,
3.215247797,282556060,,rFF44,3216838493,100.00,,
3.215247797,44101306302,,instructions,3216963117,100.00,3.66,insn per cycle
3.215247797,12064101658,,cycles,3217125650,100.00,,
3.315785198,111023,,rD044,3216998075,100.00,,
3.315785198,284741699,,rFF44,3216920501,100.00,,
3.315785198,44386903642,,instructions,3216801723,100.00,3.68,insn per cycle
3.315785198,12062421133,,cycles,3216684314,100.00,,
3.416308879,112644,,rD044,3216570420,100.00,,
3.416308879,287439844,,rFF44,3216470942,100.00,,
3.416308879,44718369495,,instructions,3216608095,100.00,3.71,insn per cycle
3.416308879,12062384468,,cycles,3216651792,100.00,,
3.516826661,111326,,rD044,3216678342,100.00,,
3.516826661,285259738,,rFF44,3216865131,100.00,,
3.516826661,44478330484,,instructions,3216718739,100.00,3.69,insn per cycle
3.516826661,12062742272,,cycles,3216727076,100.00,,
3.617376722,110916,,rD044,3217559917,100.00,,
3.617376722,279389307,,rFF44,3217523295,100.00,,
3.617376722,43722437271,,instructions,3217748310,100.00,3.62,insn per cycle
3.617376722,12066759286,,cycles,3217845220,100.00,,
3.717917454,109980,,rD044,3217361139,100.00,,
3.717917454,280011423,,rFF44,3217357737,100.00,,
3.717917454,43798743232,,instructions,3217119086,100.00,3.63,insn per cycle
3.717917454,12063623105,,cycles,3216981062,100.00,,
3.818487706,112966,,rD044,3218336525,100.00,,
3.818487706,288700159,,rFF44,3218428079,100.00,,
3.818487706,44893618650,,instructions,3218424024,100.00,3.72,insn per cycle
3.818487706,12069244444,,cycles,3218481324,100.00,,
3.919025247,113061,,rD044,3216979851,100.00,,
3.919025247,285383525,,rFF44,3216781322,100.00,,
3.919025247,44472148579,,instructions,3216733507,100.00,3.69,insn per cycle
3.919025247,12066720513,,cycles,3217811692,100.00,,
4.019579789,112663,,rD044,3217700953,100.00,,
4.019579789,279983511,,rFF44,3217766934,100.00,,
4.019579789,43806117617,,instructions,3217905397,100.00,3.63,insn per cycle
4.019579789,12062780876,,cycles,3216756942,100.00,,
4.120097090,114394,,rD044,3216533821,100.00,,
4.120097090,294450722,,rFF44,3216658942,100.00,,
4.120097090,45599577333,,instructions,3216849787,100.00,3.78,insn per cycle
4.120097090,12062760167,,cycles,3216804054,100.00,,
4.220628791,116395,,rD044,3216844884,100.00,,
4.220628791,295024294,,rFF44,3216774279,100.00,,
4.220628791,45687827397,,instructions,3216515649,100.00,3.79,insn per cycle
4.220628791,12061427769,,cycles,3216487332,100.00,,
4.321154873,113764,,rD044,3216656864,100.00,,
4.321154873,287391949,,rFF44,3217020957,100.00,,
4.321154873,44718491014,,instructions,3217056682,100.00,3.71,insn per cycle
4.321154873,12064140354,,cycles,3217201925,100.00,,
4.421704424,114719,,rD044,3217387336,100.00,,
4.421704424,291726387,,rFF44,3216968862,100.00,,
4.421704424,45265892788,,instructions,3216870990,100.00,3.75,insn per cycle
4.421704424,12062562651,,cycles,3216714641,100.00,,
4.522220236,116092,,rD044,3216557457,100.00,,
4.522220236,292300585,,rFF44,3216560701,100.00,,
4.522220236,45339526064,,instructions,3216644585,100.00,3.76,insn per cycle
4.522220236,12062949418,,cycles,3216814291,100.00,,
4.622756467,112747,,rD044,3216871296,100.00,,
4.622756467,288906400,,rFF44,3216901884,100.00,,
4.622756467,44908756506,,instructions,3217072142,100.00,3.72,insn per cycle
4.622756467,12063824152,,cycles,3217048397,100.00,,
4.723296198,115000,,rD044,3217360476,100.00,,
4.723296198,292505309,,rFF44,3217418912,100.00,,
4.723296198,45370914041,,instructions,3217264376,100.00,3.76,insn per cycle
4.723296198,12064315483,,cycles,3217179749,100.00,,
4.823831890,112890,,rD044,3217040434,100.00,,
4.823831890,284663548,,rFF44,3216969651,100.00,,
4.823831890,44378495863,,instructions,3216741338,100.00,3.68,insn per cycle
4.823831890,12061449077,,cycles,3216430040,100.00,,
4.924338181,115678,,rD044,3215968814,100.00,,
4.924338181,286835966,,rFF44,3215901132,100.00,,
4.924338181,44679206707,,instructions,3216035301,100.00,3.70,insn per cycle
4.924338181,12061017305,,cycles,3216299610,100.00,,
5.024855012,110354,,rD044,3216540490,100.00,,
5.024855012,279975584,,rFF44,3216614582,100.00,,
5.024855012,43807065445,,instructions,3216768695,100.00,3.63,insn per cycle
5.024855012,12063045844,,cycles,3216844365,100.00,,
5.125377054,110198,,rD044,3216541773,100.00,,
5.125377054,277863319,,rFF44,3216370132,100.00,,
5.125377054,43547400945,,instructions,3216349221,100.00,3.61,insn per cycle
5.125377054,12061120896,,cycles,3216332412,100.00,,
5.225899485,117397,,rD044,3216889941,100.00,,
5.225899485,295968337,,rFF44,3217241943,100.00,,
5.225899485,45798748096,,instructions,3217210611,100.00,3.80,insn per cycle
5.225899485,12064376319,,cycles,3217194978,100.00,,
5.326439656,114203,,rD044,3217242884,100.00,,
5.326439656,292285386,,rFF44,3217305332,100.00,,
5.326439656,45325604549,,instructions,3217340030,100.00,3.76,insn per cycle
5.326439656,12064804443,,cycles,3217304037,100.00,,
5.426973628,112954,,rD044,3217077192,100.00,,
5.426973628,291221607,,rFF44,3217031586,100.00,,
5.426973628,45212123226,,instructions,3216961356,100.00,3.75,insn per cycle
5.426973628,12063552935,,cycles,3216964732,100.00,,
5.527501189,113903,,rD044,3216728285,100.00,,
5.527501189,294708537,,rFF44,3216549080,100.00,,
5.527501189,45638269768,,instructions,3216569202,100.00,3.78,insn per cycle
5.527501189,12062194238,,cycles,3216603862,100.00,,
5.628022450,111507,,rD044,3216713720,100.00,,
5.628022450,284541975,,rFF44,3216690202,100.00,,
5.628022450,44386998125,,instructions,3216730955,100.00,3.68,insn per cycle
5.628022450,12063071072,,cycles,3216834154,100.00,,
5.728589362,114040,,rD044,3218225013,100.00,,
5.728589362,293237242,,rFF44,3218289327,100.00,,
5.728589362,45468817739,,instructions,3218252831,100.00,3.77,insn per cycle
5.728589362,12068004648,,cycles,3218150500,100.00,,
5.829120794,112829,,rD044,3217013067,100.00,,
5.829120794,289558084,,rFF44,3217451609,100.00,,
5.829120794,44994848332,,instructions,3217659635,100.00,3.73,insn per cycle
5.829120794,12066679807,,cycles,3217796626,100.00,,
5.929679315,113258,,rD044,3217732249,100.00,,
5.929679315,291112952,,rFF44,3217282942,100.00,,
5.929679315,45193813430,,instructions,3217009011,100.00,3.75,insn per cycle
5.929679315,12063639711,,cycles,3216987082,100.00,,
6.030206987,111188,,rD044,3216891727,100.00,,
6.030206987,281584941,,rFF44,3216977294,100.00,,
6.030206987,44024001102,,instructions,3217072432,100.00,3.65,insn per cycle
6.030206987,12063348230,,cycles,3216908244,100.00,,
6.130739908,113193,,rD044,3216937491,100.00,,
6.130739908,292449718,,rFF44,3216851062,100.00,,
6.130739908,45354409429,,instructions,3216901870,100.00,3.76,insn per cycle
6.130739908,12063591755,,cycles,3216973362,100.00,,
6.231267209,111310,,rD044,3217165100,100.00,,
6.231267209,282335933,,rFF44,3217195287,100.00,,
6.231267209,44128031809,,instructions,3217214896,100.00,3.66,insn per cycle
6.231267209,12064626796,,cycles,3217248832,100.00,,
6.331810231,113697,,rD044,3217186092,100.00,,
6.331810231,294725305,,rFF44,3217157829,100.00,,
6.331810231,45634587754,,instructions,3216984172,100.00,3.78,insn per cycle
6.331810231,12063091246,,cycles,3216848979,100.00,,
6.432337232,118929,,rD044,3216659629,100.00,,
6.432337232,289088438,,rFF44,3216728072,100.00,,
6.432337232,44954390856,,instructions,3216946926,100.00,3.73,insn per cycle
6.432337232,12063840480,,cycles,3217039917,100.00,,
6.532866154,110900,,rD044,3216951537,100.00,,
6.532866154,284986333,,rFF44,3216757578,100.00,,
6.532866154,44395792546,,instructions,3216506440,100.00,3.68,insn per cycle
6.532866154,12061579750,,cycles,3216437612,100.00,,
6.633377065,112199,,rD044,3216232814,100.00,,
6.633377065,284788405,,rFF44,3216250788,100.00,,
6.633377065,44402982185,,instructions,3216310122,100.00,3.68,insn per cycle
6.633377065,12061296716,,cycles,3216361570,100.00,,
6.733896186,112917,,rD044,3216764091,100.00,,
6.733896186,292170884,,rFF44,3216836472,100.00,,
6.733896186,45303848018,,instructions,3216660522,100.00,3.76,insn per cycle
6.733896186,12061916552,,cycles,3216530416,100.00,,
6.834419177,110759,,rD044,3216711603,100.00,,
6.834419177,285151038,,rFF44,3216923101,100.00,,
6.834419177,44453035852,,instructions,3217282444,100.00,3.68,insn per cycle
6.834419177,12064913500,,cycles,3217332282,100.00,,
6.934948549,113188,,rD044,3216806432,100.00,,
6.934948549,289744943,,rFF44,3216580804,100.00,,
6.934948549,45012332170,,instructions,3216413272,100.00,3.73,insn per cycle
6.934948549,12061695497,,cycles,3216467116,100.00,,
7.035467940,114914,,rD044,3216532898,100.00,,
7.035467940,287628063,,rFF44,3216459783,100.00,,
7.035467940,44747298757,,instructions,3216491006,100.00,3.71,insn per cycle
7.035467940,12061475772,,cycles,3216408460,100.00,,
7.135977401,110903,,rD044,3216406198,100.00,,
7.135977401,283892613,,rFF44,3216595212,100.00,,
7.135977401,44303588904,,instructions,3216708188,100.00,3.67,insn per cycle
7.135977401,12063742741,,cycles,3217021352,100.00,,
7.236519393,111966,,rD044,3217282492,100.00,,
7.236519393,285497917,,rFF44,3217164489,100.00,,
7.236519393,44487377465,,instructions,3217188124,100.00,3.69,insn per cycle
7.236519393,12064082973,,cycles,3217110556,100.00,,
7.337059304,114183,,rD044,3217359332,100.00,,
7.337059304,294536193,,rFF44,3217395797,100.00,,
7.337059304,45615224531,,instructions,3217468197,100.00,3.78,insn per cycle
7.337059304,12065589498,,cycles,3217507270,100.00,,
7.437599396,111848,,rD044,3217232464,100.00,,
7.437599396,290758167,,rFF44,3217291214,100.00,,
7.437599396,45138242370,,instructions,3217198929,100.00,3.74,insn per cycle
7.437599396,12063840347,,cycles,3217039542,100.00,,
7.538162887,113359,,rD044,3217988726,100.00,,
7.538162887,292004274,,rFF44,3218126942,100.00,,
7.538162887,45304738172,,instructions,3217960196,100.00,3.75,insn per cycle
7.538162887,12067048707,,cycles,3217899414,100.00,,
7.638691929,113452,,rD044,3216893360,100.00,,
7.638691929,288759193,,rFF44,3216669742,100.00,,
7.638691929,44891331594,,instructions,3216718098,100.00,3.72,insn per cycle
7.638691929,12062955292,,cycles,3216807792,100.00,,
7.739219950,113822,,rD044,3217023502,100.00,,
7.739219950,290395541,,rFF44,3217154070,100.00,,
7.739219950,45097342513,,instructions,3217071854,100.00,3.74,insn per cycle
7.739219950,12063950430,,cycles,3217070673,100.00,,
7.839756152,114708,,rD044,3217078819,100.00,,
7.839756152,294173050,,rFF44,3217118586,100.00,,
7.839756152,45561992665,,instructions,3217238382,100.00,3.78,insn per cycle
7.839756152,12064752790,,cycles,3217287193,100.00,,
7.940300633,109811,,rD044,3217211447,100.00,,
7.940300633,278901733,,rFF44,3216898376,100.00,,
7.940300633,43664225055,,instructions,3216696754,100.00,3.62,insn per cycle
7.940300633,12061691893,,cycles,3216466562,100.00,,
8.015096710,253560,,rD044,2278496906,100.00,,
8.015096710,152579914,,rFF44,2275508142,100.00,,
8.015096710,25195464055,,instructions,2273037244,100.00,2.96,insn per cycle
8.015096710,8514329087,,cycles,2270565794,100.00,,
