0.100126486,4570876,,rD044,92084584,100.00,,
0.100126486,20239461,,rFF44,92090894,100.00,,
0.100126486,439283536,,instructions,92096374,100.00,1.29,insn per cycle
0.100126486,341466844,,cycles,92101214,100.00,,
0.200425113,5499560,,rD044,100294505,100.00,,
0.200425113,23987832,,rFF44,100294795,100.00,,
0.200425113,505187155,,instructions,100294176,100.00,1.34,insn per cycle
0.200425113,376099862,,cycles,100293776,100.00,,
0.300635520,5471900,,rD044,100193725,100.00,,
0.300635520,23957137,,rFF44,100193325,100.00,,
0.300635520,505200185,,instructions,100193874,100.00,1.34,insn per cycle
0.300635520,375706463,,cycles,100194394,100.00,,
0.400844116,6783254,,rD044,100209205,100.00,,
0.400844116,28869459,,rFF44,100208785,100.00,,
0.400844116,82221204,,instructions,100207715,100.00,0.22,insn per cycle
0.400844116,375777376,,cycles,100207735,100.00,,
0.501055263,6924157,,rD044,100209745,100.00,,
0.501055263,29946085,,rFF44,100210325,100.00,,
0.501055263,37388588,,instructions,100210855,100.00,0.10,insn per cycle
0.501055263,375786475,,cycles,100210205,100.00,,
0.601269150,3490810,,rD044,3308258538,100.00,,
0.601269150,306390511,,rFF44,3323301730,100.00,,
0.601269150,45639880663,,instructions,3335343806,100.00,3.64,insn per cycle
0.601269150,12547743158,,cycles,3347386222,100.00,,
0.702306765,421412,,rD044,6465566115,100.00,,
0.702306765,575344781,,rFF44,6464420053,100.00,,
0.702306765,89550636490,,instructions,6463666571,100.00,3.69,insn per cycle
0.702306765,24236104494,,cycles,6463003720,100.00,,
0.803280250,378749,,rD044,6462051023,100.00,,
0.803280250,567138924,,rFF44,6461932302,100.00,,
0.803280250,88530628908,,instructions,6461621989,100.00,3.65,insn per cycle
0.803280250,24229111296,,cycles,6461132840,100.00,,
0.904220885,359784,,rD044,6460153809,100.00,,
0.904220885,568165001,,rFF44,6460036200,100.00,,
0.904220885,88695940348,,instructions,6460140235,100.00,3.66,insn per cycle
0.904220885,24224362547,,cycles,6459861380,100.00,,
1.005156390,348953,,rD044,6459607725,100.00,,
1.005156390,570388848,,rFF44,6458863058,100.00,,
1.005156390,88979087279,,instructions,6458763636,100.00,3.67,insn per cycle
1.005156390,24221958387,,cycles,6459221609,100.00,,
1.106082184,344208,,rD044,6458203343,100.00,,
1.106082184,569985028,,rFF44,6457309502,100.00,,
1.106082184,88925690800,,instructions,6457395428,100.00,3.67,insn per cycle
1.106082184,24214138489,,cycles,6457300208,100.00,,
1.206973248,347827,,rD044,6457313328,100.00,,
1.206973248,574681131,,rFF44,6458213300,100.00,,
1.206973248,89503510551,,instructions,6458236070,100.00,3.70,insn per cycle
1.206973248,24219228435,,cycles,6458499273,100.00,,
1.307897783,354954,,rD044,6459586188,100.00,,
1.307897783,572386286,,rFF44,6460201223,100.00,,
1.307897783,89229442014,,instructions,6460420638,100.00,3.68,insn per cycle
1.307897783,24228423915,,cycles,6460956059,100.00,,
1.408850477,350574,,rD044,6460390587,100.00,,
1.408850477,572711946,,rFF44,6459455653,100.00,,
1.408850477,89248312319,,instructions,6458710248,100.00,3.69,insn per cycle
1.408850477,24216032798,,cycles,6457667601,100.00,,
1.509754842,361851,,rD044,6457761892,100.00,,
1.509754842,586084995,,rFF44,6458108514,100.00,,
1.509754842,90927918103,,instructions,6458245416,100.00,3.75,insn per cycle
1.509754842,24218233659,,cycles,6458252465,100.00,,
1.610659406,383651,,rD044,6457492020,100.00,,
1.610659406,572932827,,rFF44,6457074382,100.00,,
1.610659406,89320525756,,instructions,6457650411,100.00,3.69,insn per cycle
1.610659406,24218260104,,cycles,6458253836,100.00,,
1.711581250,333375,,rD044,6458987646,100.00,,
1.711581250,559072602,,rFF44,6459075941,100.00,,
1.711581250,87547306152,,instructions,6458867253,100.00,3.61,insn per cycle
1.711581250,24218543961,,cycles,6458313123,100.00,,
1.812482494,340003,,rD044,6458340912,100.00,,
1.812482494,563795440,,rFF44,6458463845,100.00,,
1.812482494,88128101274,,instructions,6458674557,100.00,3.64,insn per cycle
1.812482494,24221918504,,cycles,6459218986,100.00,,
1.913417239,341105,,rD044,6459479754,100.00,,
1.913417239,567503329,,rFF44,6459790492,100.00,,
1.913417239,88611731467,,instructions,6459366281,100.00,3.66,insn per cycle
1.913417239,24221491473,,cycles,6459106728,100.00,,
2.014359214,345425,,rD044,6460274634,100.00,,
2.014359214,562114416,,rFF44,6461881231,100.00,,
2.014359214,87952918437,,instructions,6461913887,100.00,3.63,insn per cycle
2.014359214,24231490519,,cycles,6461790974,100.00,,
2.115304838,348414,,rD044,6460495412,100.00,,
2.115304838,575736442,,rFF44,6458852358,100.00,,
2.115304838,89637575158,,instructions,6458660999,100.00,3.70,insn per cycle
2.115304838,24219934134,,cycles,6458698713,100.00,,
2.216219263,340737,,rD044,6458069020,100.00,,
2.216219263,563910396,,rFF44,6457871660,100.00,,
2.216219263,88167608222,,instructions,6458213263,100.00,3.64,insn per cycle
2.216219263,24218104822,,cycles,6458200094,100.00,,
2.317136587,352706,,rD044,6458745312,100.00,,
2.317136587,581071235,,rFF44,6458667436,100.00,,
2.317136587,90302427772,,instructions,6458991061,100.00,3.73,insn per cycle
2.317136587,24222061817,,cycles,6459355349,100.00,,
2.418069862,342657,,rD044,6459802671,100.00,,
2.418069862,567578205,,rFF44,6460569037,100.00,,
2.418069862,88658036653,,instructions,6460704194,100.00,3.66,insn per cycle
2.418069862,24225883483,,cycles,6460339178,100.00,,
2.519013856,346812,,rD044,6459890020,100.00,,
2.519013856,572886192,,rFF44,6459255449,100.00,,
2.519013856,89293463953,,instructions,6458481655,100.00,3.69,insn per cycle
2.519013856,24220294175,,cycles,6458796374,100.00,,
2.619936641,360641,,rD044,6458506726,100.00,,
2.619936641,577438949,,rFF44,6458438118,100.00,,
2.619936641,89847330028,,instructions,6458361084,100.00,3.71,insn per cycle
2.619936641,24217107257,,cycles,6457945352,100.00,,
2.720832015,351930,,rD044,6457585703,100.00,,
2.720832015,573912364,,rFF44,6457907660,100.00,,
2.720832015,89416406810,,instructions,6458167757,100.00,3.69,insn per cycle
2.720832015,24217302102,,cycles,6458004364,100.00,,
2.821756980,357991,,rD044,6459068626,100.00,,
2.821756980,580532033,,rFF44,6458968164,100.00,,
2.821756980,90247337311,,instructions,6458966157,100.00,3.73,insn per cycle
2.821756980,24220530512,,cycles,6458859236,100.00,,
2.922683614,365952,,rD044,6459109686,100.00,,
2.922683614,568413530,,rFF44,6458968539,100.00,,
2.922683614,88720127743,,instructions,6458988723,100.00,3.66,insn per cycle
2.922683614,24223106563,,cycles,6459561328,100.00,,
3.023599958,367371,,rD044,6457994602,100.00,,
3.023599958,580980417,,rFF44,6457767651,100.00,,
3.023599958,90296466057,,instructions,6457973643,100.00,3.73,insn per cycle
3.023599958,24216577538,,cycles,6457834453,100.00,,
3.124511023,338172,,rD044,6459094851,100.00,,
3.124511023,569415796,,rFF44,6461243993,100.00,,
3.124511023,88858023962,,instructions,6461478130,100.00,3.67,insn per cycle
3.124511023,24230503828,,cycles,6461612556,100.00,,
3.225478758,347963,,rD044,6461551388,100.00,,
3.225478758,575212734,,rFF44,6460146886,100.00,,
3.225478758,89594447714,,instructions,6460054620,100.00,3.70,insn per cycle
3.225478758,24223586974,,cycles,6459817600,100.00,,
3.326429352,350802,,rD044,6459882416,100.00,,
3.326429352,577787140,,rFF44,6459256278,100.00,,
3.326429352,89914387803,,instructions,6459023266,100.00,3.71,insn per cycle
3.326429352,24221670168,,cycles,6459322782,100.00,,
3.427352637,352103,,rD044,6458758652,100.00,,
3.427352637,580880351,,rFF44,6459004928,100.00,,
3.427352637,90276470548,,instructions,6458493582,100.00,3.73,insn per cycle
3.427352637,24216576812,,cycles,6457860873,100.00,,
3.528255471,343298,,rD044,6457782301,100.00,,
3.528255471,560721596,,rFF44,6457793639,100.00,,
3.528255471,87777356949,,instructions,6457962864,100.00,3.62,insn per cycle
3.528255471,24218153710,,cycles,6458221859,100.00,,
3.629177285,357952,,rD044,6458683355,100.00,,
3.629177285,581711612,,rFF44,6458285996,100.00,,
3.629177285,90406598845,,instructions,6458640416,100.00,3.73,insn per cycle
3.629177285,24219476245,,cycles,6458580269,100.00,,
3.730081800,339229,,rD044,6457918410,100.00,,
3.730081800,571635839,,rFF44,6458918668,100.00,,
3.730081800,89137050754,,instructions,6459327780,100.00,3.68,insn per cycle
3.730081800,24222108111,,cycles,6459280250,100.00,,
3.831065855,353141,,rD044,6462435029,100.00,,
3.831065855,572468531,,rFF44,6460666253,100.00,,
3.831065855,89144005992,,instructions,6458631821,100.00,3.68,insn per cycle
3.831065855,24215334479,,cycles,6457486033,100.00,,
3.931905228,374694,,rD044,6453851752,100.00,,
3.931905228,577396310,,rFF44,6455045071,100.00,,
3.931905228,89917241385,,instructions,6456299401,100.00,3.71,insn per cycle
3.931905228,24215816394,,cycles,6457604717,100.00,,
4.032821213,358462,,rD044,6458197605,100.00,,
4.032821213,571686417,,rFF44,6458074040,100.00,,
4.032821213,89147374988,,instructions,6458199213,100.00,3.68,insn per cycle
4.032821213,24218427482,,cycles,6458311234,100.00,,
4.133755217,354282,,rD044,6459636329,100.00,,
4.133755217,578625519,,rFF44,6459663765,100.00,,
4.133755217,90032721507,,instructions,6460078715,100.00,3.72,insn per cycle
4.133755217,24225379238,,cycles,6460149791,100.00,,
4.234688282,339200,,rD044,6459599895,100.00,,
4.234688282,573214502,,rFF44,6459444489,100.00,,
4.234688282,89336678376,,instructions,6459234937,100.00,3.69,insn per cycle
4.234688282,24222023428,,cycles,6459262961,100.00,,
4.318721200,421373,,rD044,5075561918,100.00,,
4.318721200,360005754,,rFF44,5062745329,100.00,,
4.318721200,58728658804,,instructions,5051728256,100.00,3.11,insn per cycle
4.318721200,18901215937,,cycles,5040603243,100.00,,
