0.100119722,3762199,,rD044,88639205,100.00,,
0.100119722,17403478,,rFF44,88645145,100.00,,
0.100119722,379467111,,instructions,88649975,100.00,1.16,insn per cycle
0.100119722,328470734,,cycles,88654575,100.00,,
0.200366706,5442580,,rD044,100221975,100.00,,
0.200366706,23875573,,rFF44,100222105,100.00,,
0.200366706,502929254,,instructions,100222125,100.00,1.34,insn per cycle
0.200366706,375794474,,cycles,100221745,100.00,,
0.300558629,5483897,,rD044,100190176,100.00,,
0.300558629,23960142,,rFF44,100190686,100.00,,
0.300558629,504665235,,instructions,100190996,100.00,1.34,insn per cycle
0.300558629,375714758,,cycles,100190966,100.00,,
0.400747442,6608990,,rD044,100188955,100.00,,
0.400747442,28205429,,rFF44,100188745,100.00,,
0.400747442,140837801,,instructions,100188315,100.00,0.37,insn per cycle
0.400747442,375708587,,cycles,100189465,100.00,,
0.500938155,6929601,,rD044,100189786,100.00,,
0.500938155,30269635,,rFF44,100189546,100.00,,
0.500938155,37768822,,instructions,100190246,100.00,0.10,insn per cycle
0.500938155,375709784,,cycles,100189636,100.00,,
0.601135628,11448813,,rD044,2614716797,100.00,,
0.601135628,212530288,,rFF44,2636355369,100.00,,
0.601135628,30539423160,,instructions,2656016538,100.00,3.04,insn per cycle
0.601135628,10030872935,,cycles,2676195270,100.00,,
0.702622206,18046927,,rD044,6494501965,100.00,,
0.702622206,495225882,,rFF44,6494310337,100.00,,
0.702622206,76825276784,,instructions,6493555875,100.00,3.16,insn per cycle
0.702622206,24346370850,,cycles,6492394309,100.00,,
0.804063043,17240980,,rD044,6492133610,100.00,,
0.804063043,496353353,,rFF44,6491940818,100.00,,
0.804063043,77012112504,,instructions,6491314876,100.00,3.16,insn per cycle
0.804063043,24337532829,,cycles,6490033543,100.00,,
0.905466230,17275553,,rD044,6488867849,100.00,,
0.905466230,500430945,,rFF44,6489265240,100.00,,
0.905466230,77525097121,,instructions,6489991361,100.00,3.19,insn per cycle
0.905466230,24338488592,,cycles,6490290392,100.00,,
1.006876497,16565311,,rD044,6490958580,100.00,,
1.006876497,502713149,,rFF44,6490678922,100.00,,
1.006876497,77784696647,,instructions,6489937072,100.00,3.20,insn per cycle
1.006876497,24342168218,,cycles,6491263047,100.00,,
1.108302174,17188158,,rD044,6490766002,100.00,,
1.108302174,501341123,,rFF44,6490236096,100.00,,
1.108302174,77651461121,,instructions,6490870024,100.00,3.19,insn per cycle
1.108302174,24336171465,,cycles,6489672109,100.00,,
1.209698841,16455315,,rD044,6489246926,100.00,,
1.209698841,502308030,,rFF44,6489988697,100.00,,
1.209698841,77748403475,,instructions,6489942340,100.00,3.19,insn per cycle
1.209698841,24337907493,,cycles,6490129254,100.00,,
1.311117438,16611985,,rD044,6490313095,100.00,,
1.311117438,501012039,,rFF44,6489013718,100.00,,
1.311117438,77600530815,,instructions,6489096329,100.00,3.19,insn per cycle
1.311117438,24334321739,,cycles,6489174477,100.00,,
1.412501535,16224049,,rD044,6488823430,100.00,,
1.412501535,500556349,,rFF44,6489809552,100.00,,
1.412501535,77545843390,,instructions,6489935122,100.00,3.19,insn per cycle
1.412501535,24340190084,,cycles,6490821084,100.00,,
1.513936512,16336348,,rD044,6490907526,100.00,,
1.513936512,502212069,,rFF44,6490088333,100.00,,
1.513936512,77720228634,,instructions,6488300436,100.00,3.19,insn per cycle
1.513936512,24325917835,,cycles,6487002881,100.00,,
1.615295238,16591681,,rD044,6486957394,100.00,,
1.615295238,500662760,,rFF44,6487572744,100.00,,
1.615295238,77584692773,,instructions,6489871262,100.00,3.19,insn per cycle
1.615295238,24337133544,,cycles,6489980022,100.00,,
1.716683915,16608961,,rD044,6488541147,100.00,,
1.716683915,502198606,,rFF44,6488259226,100.00,,
1.716683915,77727514935,,instructions,6488254965,100.00,3.19,insn per cycle
1.716683915,24328783817,,cycles,6487699393,100.00,,
1.818072992,17689146,,rD044,6488207889,100.00,,
1.818072992,500743439,,rFF44,6487305802,100.00,,
1.818072992,77530251534,,instructions,6485960448,100.00,3.19,insn per cycle
1.818072992,24327363627,,cycles,6487677373,100.00,,
1.919473979,16342921,,rD044,6489207409,100.00,,
1.919473979,500996676,,rFF44,6491330363,100.00,,
1.919473979,77628041455,,instructions,6493462911,100.00,3.19,insn per cycle
1.919473979,24352384797,,cycles,6493997557,100.00,,
2.020926126,16888351,,rD044,6492941204,100.00,,
2.020926126,502720837,,rFF44,6491774391,100.00,,
2.020926126,77784861846,,instructions,6490188654,100.00,3.20,insn per cycle
2.020926126,24331970824,,cycles,6488571288,100.00,,
2.122311373,17067071,,rD044,6488872009,100.00,,
2.122311373,500922579,,rFF44,6489057896,100.00,,
2.122311373,77594159340,,instructions,6489639750,100.00,3.19,insn per cycle
2.122311373,24335905231,,cycles,6489699611,100.00,,
2.223711129,16246994,,rD044,6489834083,100.00,,
2.223711129,501785748,,rFF44,6489234838,100.00,,
2.223711129,77653892397,,instructions,6487158120,100.00,3.19,insn per cycle
2.223711129,24321395624,,cycles,6485727143,100.00,,
2.325057326,16951350,,rD044,6485937428,100.00,,
2.325057326,500241100,,rFF44,6486914081,100.00,,
2.325057326,77527103098,,instructions,6488421678,100.00,3.19,insn per cycle
2.325057326,24340096330,,cycles,6490716346,100.00,,
2.426486063,16692309,,rD044,6490009944,100.00,,
2.426486063,501662269,,rFF44,6486291053,100.00,,
2.426486063,77549332470,,instructions,6480242994,100.00,3.19,insn per cycle
2.426486063,24277596740,,cycles,6474112962,100.00,,
2.527662287,16366601,,rD044,6475213478,100.00,,
2.527662287,499581143,,rFF44,6477096421,100.00,,
2.527662287,77489076795,,instructions,6481701896,100.00,3.19,insn per cycle
2.527662287,24317193400,,cycles,6484621317,100.00,,
2.628950223,16657615,,rD044,6482081448,100.00,,
2.628950223,499535839,,rFF44,6483367338,100.00,,
2.628950223,77434645099,,instructions,6484821310,100.00,3.18,insn per cycle
2.628950223,24323430380,,cycles,6486291474,100.00,,
2.730310049,16611976,,rD044,6486638554,100.00,,
2.730310049,501972953,,rFF44,6484337724,100.00,,
2.730310049,77666844452,,instructions,6482499786,100.00,3.19,insn per cycle
2.730310049,24309070721,,cycles,6482441657,100.00,,
2.831600165,16348633,,rD044,6482857860,100.00,,
2.831600165,500325620,,rFF44,6484019617,100.00,,
2.831600165,77516000246,,instructions,6486080277,100.00,3.19,insn per cycle
2.831600165,24328125371,,cycles,6487522692,100.00,,
2.932972671,16189408,,rD044,6489146842,100.00,,
2.932972671,502602535,,rFF44,6492137890,100.00,,
2.932972671,77787776579,,instructions,6491808068,100.00,3.20,insn per cycle
2.932972671,24341682068,,cycles,6491140175,100.00,,
3.034408078,17087847,,rD044,6490786646,100.00,,
3.034408078,500851402,,rFF44,6489525050,100.00,,
3.034408078,77588273300,,instructions,6489998581,100.00,3.19,insn per cycle
3.034408078,24342993492,,cycles,6491533717,100.00,,
3.135833865,16632834,,rD044,6492029036,100.00,,
3.135833865,499640254,,rFF44,6491850508,100.00,,
3.135833865,77451150669,,instructions,6492408130,100.00,3.18,insn per cycle
3.135833865,24340192317,,cycles,6490776413,100.00,,
3.237242992,15679669,,rD044,6490065737,100.00,,
3.237242992,501735238,,rFF44,6490879926,100.00,,
3.237242992,77673133618,,instructions,6490585714,100.00,3.19,insn per cycle
3.237242992,24338498864,,cycles,6490290881,100.00,,
3.338652949,16249050,,rD044,6489787866,100.00,,
3.338652949,500614078,,rFF44,6488386653,100.00,,
3.338652949,77538774799,,instructions,6487598402,100.00,3.19,insn per cycle
3.338652949,24341294160,,cycles,6491031376,100.00,,
3.440083916,16035734,,rD044,6490836466,100.00,,
3.440083916,502243343,,rFF44,6491104903,100.00,,
3.440083916,77750897678,,instructions,6491001715,100.00,3.20,insn per cycle
3.440083916,24328532359,,cycles,6487661934,100.00,,
3.541466023,16290528,,rD044,6487486436,100.00,,
3.541466023,494389388,,rFF44,6487251035,100.00,,
3.541466023,76813193696,,instructions,6486812030,100.00,3.16,insn per cycle
3.541466023,24328496946,,cycles,6487658544,100.00,,
3.642855480,16242192,,rD044,6490011784,100.00,,
3.642855480,501761733,,rFF44,6493208321,100.00,,
3.642855480,77711794859,,instructions,6494088878,100.00,3.19,insn per cycle
3.642855480,24346373613,,cycles,6492400641,100.00,,
3.744287167,16242227,,rD044,6489283149,100.00,,
3.744287167,501590751,,rFF44,6485221756,100.00,,
3.744287167,77648370080,,instructions,6484822772,100.00,3.19,insn per cycle
3.744287167,24324320386,,cycles,6486512048,100.00,,
3.845659073,16403312,,rD044,6487750222,100.00,,
3.845659073,500637461,,rFF44,6487710542,100.00,,
3.845659073,77540102439,,instructions,6487792684,100.00,3.19,insn per cycle
3.845659073,24328348554,,cycles,6487578673,100.00,,
3.947030890,16633828,,rD044,6489226343,100.00,,
3.947030890,501741229,,rFF44,6490539634,100.00,,
3.947030890,77685014552,,instructions,6490092611,100.00,3.19,insn per cycle
3.947030890,24334132714,,cycles,6489126878,100.00,,
4.048424327,16718711,,rD044,6487359057,100.00,,
4.048424327,500520401,,rFF44,6485633787,100.00,,
4.048424327,77519703163,,instructions,6484761034,100.00,3.19,insn per cycle
4.048424327,24320291184,,cycles,6485481155,100.00,,
4.149760383,16646490,,rD044,6487017937,100.00,,
4.149760383,502154667,,rFF44,6488134603,100.00,,
4.149760383,77634937531,,instructions,6484485712,100.00,3.20,insn per cycle
4.149760383,24293475967,,cycles,6478295711,100.00,,
4.250924087,16689054,,rD044,6473648891,100.00,,
4.250924087,499188125,,rFF44,6473656515,100.00,,
4.250924087,77440850761,,instructions,6478552070,100.00,3.18,insn per cycle
4.250924087,24320723730,,cycles,6485532915,100.00,,
4.352306734,17078403,,rD044,6487570928,100.00,,
4.352306734,501016436,,rFF44,6487343502,100.00,,
4.352306734,77596356696,,instructions,6487353923,100.00,3.19,insn per cycle
4.352306734,24326634570,,cycles,6487141363,100.00,,
4.453681600,16269734,,rD044,6489736798,100.00,,
4.453681600,501608230,,rFF44,6490329313,100.00,,
4.453681600,77666242150,,instructions,6490096511,100.00,3.19,insn per cycle
4.453681600,24335043438,,cycles,6489366329,100.00,,
4.555066247,16886662,,rD044,6487974168,100.00,,
4.555066247,500416321,,rFF44,6487086941,100.00,,
4.555066247,77520504048,,instructions,6486968369,100.00,3.19,insn per cycle
4.555066247,24329331161,,cycles,6487857921,100.00,,
4.656461754,16617727,,rD044,6488369088,100.00,,
4.656461754,502506349,,rFF44,6489641109,100.00,,
4.656461754,77779697955,,instructions,6490331303,100.00,3.20,insn per cycle
4.656461754,24335384692,,cycles,6489451951,100.00,,
4.757846100,16705490,,rD044,6489512362,100.00,,
4.757846100,500983187,,rFF44,6490008793,100.00,,
4.757846100,77602416185,,instructions,6490577144,100.00,3.19,insn per cycle
4.757846100,24342457161,,cycles,6491363115,100.00,,
4.859278907,16173303,,rD044,6485036492,100.00,,
4.859278907,483923721,,rFF44,6476533946,100.00,,
4.859278907,75360956064,,instructions,6468001881,100.00,3.11,insn per cycle
4.859278907,24224484074,,cycles,6459918265,100.00,,
4.876638324,212856,,rD044,877622086,100.00,,
4.876638324,2378347,,rFF44,864354528,100.00,,
4.876638324,2596570306,,instructions,853380845,100.00,0.82,insn per cycle
4.876638324,3159294921,,cycles,842622465,100.00,,
