0.100130924,4560088,,rD044,92264474,100.00,,
0.100130924,20244402,,rFF44,92271324,100.00,,
0.100130924,439462619,,instructions,92276344,100.00,1.28,insn per cycle
0.100130924,342091236,,cycles,92281124,100.00,,
0.200403009,5499691,,rD044,100267645,100.00,,
0.200403009,23977580,,rFF44,100267035,100.00,,
0.200403009,505184498,,instructions,100266735,100.00,1.34,insn per cycle
0.200403009,375997011,,cycles,100266355,100.00,,
0.300616064,5500042,,rD044,100212295,100.00,,
0.300616064,23988061,,rFF44,100212405,100.00,,
0.300616064,505185177,,instructions,100212835,100.00,1.34,insn per cycle
0.300616064,375800047,,cycles,100213835,100.00,,
0.400851569,6785242,,rD044,100235575,100.00,,
0.400851569,28829820,,rFF44,100235585,100.00,,
0.400851569,82159859,,instructions,100235345,100.00,0.22,insn per cycle
0.400851569,375882159,,cycles,100235725,100.00,,
0.501067024,6950800,,rD044,100214595,100.00,,
0.501067024,29722649,,rFF44,100215205,100.00,,
0.501067024,37115650,,instructions,100215005,100.00,0.10,insn per cycle
0.501067024,375802130,,cycles,100214575,100.00,,
0.601272129,3378537,,rD044,1665889332,100.00,,
0.601272129,160549899,,rFF44,1669779300,100.00,,
0.601272129,22771570857,,instructions,1672743191,100.00,3.63,insn per cycle
0.601272129,6281147447,,cycles,1675653352,100.00,,
0.701881568,123147,,rD044,3219009546,100.00,,
0.701881568,287827103,,rFF44,3218516883,100.00,,
0.701881568,44770810620,,instructions,3218294962,100.00,3.71,insn per cycle
0.701881568,12068049854,,cycles,3218168470,100.00,,
0.802441236,118067,,rD044,3217747717,100.00,,
0.802441236,285513650,,rFF44,3217623002,100.00,,
0.802441236,44461142350,,instructions,3217560833,100.00,3.68,insn per cycle
0.802441236,12065953708,,cycles,3217628735,100.00,,
0.902991765,112569,,rD044,3217299551,100.00,,
0.902991765,282406879,,rFF44,3217280973,100.00,,
0.902991765,44105555833,,instructions,3217439482,100.00,3.66,insn per cycle
0.902991765,12064717174,,cycles,3217300462,100.00,,
1.003537093,113203,,rD044,3217515877,100.00,,
1.003537093,282058282,,rFF44,3217688192,100.00,,
1.003537093,44020258123,,instructions,3217591396,100.00,3.65,insn per cycle
1.003537093,12065722355,,cycles,3217551893,100.00,,
1.104088001,114043,,rD044,3217558769,100.00,,
1.104088001,292708957,,rFF44,3217427528,100.00,,
1.104088001,45386902563,,instructions,3217247390,100.00,3.76,insn per cycle
1.104088001,12064873209,,cycles,3217329792,100.00,,
1.204626520,111789,,rD044,3217200877,100.00,,
1.204626520,285832318,,rFF44,3217227358,100.00,,
1.204626520,44522515998,,instructions,3217322900,100.00,3.69,insn per cycle
1.204626520,12064782207,,cycles,3217291504,100.00,,
1.305172518,111979,,rD044,3217314658,100.00,,
1.305172518,291387141,,rFF44,3217293060,100.00,,
1.305172518,45209180396,,instructions,3217289985,100.00,3.75,insn per cycle
1.305172518,12064985408,,cycles,3217352121,100.00,,
1.405717376,110007,,rD044,3217164394,100.00,,
1.405717376,282146883,,rFF44,3216927095,100.00,,
1.405717376,44048402352,,instructions,3217052242,100.00,3.65,insn per cycle
1.405717376,12063819326,,cycles,3217049046,100.00,,
1.506254055,111641,,rD044,3217173326,100.00,,
1.506254055,286900585,,rFF44,3217343801,100.00,,
1.506254055,44659401686,,instructions,3217121484,100.00,3.70,insn per cycle
1.506254055,12063046156,,cycles,3216875609,100.00,,
1.606787743,112074,,rD044,3217073137,100.00,,
1.606787743,286512593,,rFF44,3217051953,100.00,,
1.606787743,44625809482,,instructions,3217062361,100.00,3.70,insn per cycle
1.606787743,12063902696,,cycles,3217056132,100.00,,
1.707317941,111810,,rD044,3216878743,100.00,,
1.707317941,289053453,,rFF44,3216940103,100.00,,
1.707317941,44904881098,,instructions,3216973192,100.00,3.72,insn per cycle
1.707317941,12064152524,,cycles,3217129124,100.00,,
1.807876780,113541,,rD044,3217772503,100.00,,
1.807876780,287461698,,rFF44,3217772620,100.00,,
1.807876780,44737850518,,instructions,3217836034,100.00,3.71,insn per cycle
1.807876780,12066439026,,cycles,3217753392,100.00,,
1.908409338,112217,,rD044,3216870112,100.00,,
1.908409338,288312787,,rFF44,3216695576,100.00,,
1.908409338,44828384378,,instructions,3216592272,100.00,3.72,insn per cycle
1.908409338,12062933667,,cycles,3216812700,100.00,,
2.008987067,111559,,rD044,3218609604,100.00,,
2.008987067,289153062,,rFF44,3218889515,100.00,,
2.008987067,44956135164,,instructions,3219050294,100.00,3.72,insn per cycle
2.008987067,12070528314,,cycles,3218827406,100.00,,
2.109530515,112084,,rD044,3217366493,100.00,,
2.109530515,286489180,,rFF44,3217472060,100.00,,
2.109530515,44596655370,,instructions,3217414321,100.00,3.70,insn per cycle
2.109530515,12065689804,,cycles,3217539394,100.00,,
2.210086863,114678,,rD044,3217687348,100.00,,
2.210086863,294200259,,rFF44,3217553162,100.00,,
2.210086863,45548440066,,instructions,3217675878,100.00,3.77,insn per cycle
2.210086863,12066409678,,cycles,3217724531,100.00,,
2.310639702,112694,,rD044,3217641115,100.00,,
2.310639702,287722285,,rFF44,3217495209,100.00,,
2.310639702,44738487949,,instructions,3217295747,100.00,3.71,insn per cycle
2.310639702,12064195089,,cycles,3217139652,100.00,,
2.411166510,113091,,rD044,3216704056,100.00,,
2.411166510,282590812,,rFF44,3216668796,100.00,,
2.411166510,44072152328,,instructions,3216608373,100.00,3.65,insn per cycle
2.411166510,12061540689,,cycles,3216426703,100.00,,
2.511698978,115357,,rD044,3217023800,100.00,,
2.511698978,284847284,,rFF44,3217030442,100.00,,
2.511698978,44459341515,,instructions,3217169873,100.00,3.68,insn per cycle
2.511698978,12065060749,,cycles,3217371592,100.00,,
2.612233077,111029,,rD044,3217126342,100.00,,
2.612233077,284862052,,rFF44,3217214944,100.00,,
2.612233077,44396809363,,instructions,3217262982,100.00,3.68,insn per cycle
2.612233077,12064977848,,cycles,3217343340,100.00,,
2.712778305,111692,,rD044,3217306524,100.00,,
2.712778305,285130677,,rFF44,3217160572,100.00,,
2.712778305,44433353806,,instructions,3217054796,100.00,3.68,insn per cycle
2.712778305,12063497687,,cycles,3216955286,100.00,,
2.813301753,113201,,rD044,3216787422,100.00,,
2.813301753,290673426,,rFF44,3216934383,100.00,,
2.813301753,45118353568,,instructions,3216933160,100.00,3.74,insn per cycle
2.813301753,12063303566,,cycles,3216917102,100.00,,
2.913842451,110725,,rD044,3217106278,100.00,,
2.913842451,279053983,,rFF44,3217004223,100.00,,
2.913842451,43672345749,,instructions,3217108152,100.00,3.62,insn per cycle
2.913842451,12064702491,,cycles,3217302868,100.00,,
3.014382200,112732,,rD044,3217257133,100.00,,
3.014382200,288163514,,rFF44,3217276751,100.00,,
3.014382200,44783224107,,instructions,3217096395,100.00,3.71,insn per cycle
3.014382200,12063642501,,cycles,3217004177,100.00,,
3.114920128,114652,,rD044,3217199256,100.00,,
3.114920128,289289953,,rFF44,3217254666,100.00,,
3.114920128,44931843579,,instructions,3217371980,100.00,3.72,insn per cycle
3.114920128,12064803233,,cycles,3217305820,100.00,,
3.215456836,109596,,rD044,3217032016,100.00,,
3.215456836,283995067,,rFF44,3216977840,100.00,,
3.215456836,44287440980,,instructions,3217058927,100.00,3.67,insn per cycle
3.215456836,12064411066,,cycles,3217198086,100.00,,
3.315995035,110896,,rD044,3217207030,100.00,,
3.315995035,285169746,,rFF44,3217241164,100.00,,
3.315995035,44403785215,,instructions,3217210779,100.00,3.68,insn per cycle
3.315995035,12064175134,,cycles,3217132682,100.00,,
3.416533143,111340,,rD044,3217272513,100.00,,
3.416533143,284181246,,rFF44,3217522282,100.00,,
3.416533143,44309865630,,instructions,3218124492,100.00,3.67,insn per cycle
3.416533143,12067985482,,cycles,3218145032,100.00,,
3.517101071,110588,,rD044,3218172402,100.00,,
3.517101071,282576022,,rFF44,3217984912,100.00,,
3.517101071,44073409763,,instructions,3217393342,100.00,3.65,insn per cycle
3.517101071,12065157259,,cycles,3217391514,100.00,,
3.617646750,111998,,rD044,3217662395,100.00,,
3.617646750,282786936,,rFF44,3217905964,100.00,,
3.617646750,44127610160,,instructions,3217940934,100.00,3.66,insn per cycle
3.617646750,12067328230,,cycles,3217969275,100.00,,
3.718209578,111125,,rD044,3217672446,100.00,,
3.718209578,287267718,,rFF44,3217278551,100.00,,
3.718209578,44722599060,,instructions,3217085482,100.00,3.71,insn per cycle
3.718209578,12063394563,,cycles,3216974220,100.00,,
3.818772527,114244,,rD044,3217628597,100.00,,
3.818772527,292262301,,rFF44,3217589820,100.00,,
3.818772527,45319745853,,instructions,3217647143,100.00,3.76,insn per cycle
3.818772527,12065813320,,cycles,3217667864,100.00,,
3.919302305,114067,,rD044,3214271936,100.00,,
3.919302305,287997680,,rFF44,3214441142,100.00,,
3.919302305,44784129566,,instructions,3214635221,100.00,3.71,insn per cycle
3.919302305,12055378288,,cycles,3214851408,100.00,,
4.019859094,112862,,rD044,3217783264,100.00,,
4.019859094,290902729,,rFF44,3217854228,100.00,,
4.019859094,45136592225,,instructions,3217677089,100.00,3.74,insn per cycle
4.019859094,12065402397,,cycles,3217485031,100.00,,
4.120406592,112003,,rD044,3217479945,100.00,,
4.120406592,288363120,,rFF44,3217461656,100.00,,
4.120406592,44826798467,,instructions,3217447464,100.00,3.72,insn per cycle
4.120406592,12065906977,,cycles,3217602123,100.00,,
4.220955670,114010,,rD044,3217461711,100.00,,
4.220955670,290804784,,rFF44,3217385097,100.00,,
4.220955670,45144066995,,instructions,3217406452,100.00,3.74,insn per cycle
4.220955670,12064844367,,cycles,3217323192,100.00,,
4.321498739,109992,,rD044,3217212783,100.00,,
4.321498739,281309637,,rFF44,3217163718,100.00,,
4.321498739,43951388928,,instructions,3217436691,100.00,3.64,insn per cycle
4.321498739,12065325638,,cycles,3217448465,100.00,,
4.422043077,110928,,rD044,3217415727,100.00,,
4.422043077,284465503,,rFF44,3217531322,100.00,,
4.422043077,44327906725,,instructions,3217275056,100.00,3.67,insn per cycle
4.422043077,12063973333,,cycles,3217087960,100.00,,
4.522578075,111792,,rD044,3217079376,100.00,,
4.522578075,283548039,,rFF44,3218242303,100.00,,
4.522578075,44236646192,,instructions,3218364889,100.00,3.67,insn per cycle
4.522578075,12069705121,,cycles,3218621634,100.00,,
4.623166874,116827,,rD044,3218676418,100.00,,
4.623166874,286634068,,rFF44,3217308852,100.00,,
4.623166874,44589145045,,instructions,3216949640,100.00,3.70,insn per cycle
4.623166874,12062200772,,cycles,3216616341,100.00,,
4.723713753,115430,,rD044,3217347398,100.00,,
4.723713753,286762814,,rFF44,3217438725,100.00,,
4.723713753,44667183559,,instructions,3217788616,100.00,3.70,insn per cycle
4.723713753,12067334665,,cycles,3217982591,100.00,,
4.824246831,109451,,rD044,3217011846,100.00,,
4.824246831,283503545,,rFF44,3217117551,100.00,,
4.824246831,44204692411,,instructions,3217107379,100.00,3.66,insn per cycle
4.824246831,12063938139,,cycles,3217088305,100.00,,
4.924784619,112544,,rD044,3217021000,100.00,,
4.924784619,284041111,,rFF44,3216884192,100.00,,
4.924784619,44271739482,,instructions,3216799937,100.00,3.67,insn per cycle
4.924784619,12062662122,,cycles,3216740822,100.00,,
5.025315377,112704,,rD044,3217075102,100.00,,
5.025315377,289902490,,rFF44,3217223433,100.00,,
5.025315377,45022746288,,instructions,3217175562,100.00,3.73,insn per cycle
5.025315377,12064153483,,cycles,3217135628,100.00,,
5.125863976,112697,,rD044,3217526066,100.00,,
5.125863976,284927004,,rFF44,3217563483,100.00,,
5.125863976,44392637474,,instructions,3217830315,100.00,3.68,insn per cycle
5.125863976,12067579823,,cycles,3218048678,100.00,,
5.226420454,112008,,rD044,3217497640,100.00,,
5.226420454,287463524,,rFF44,3217412565,100.00,,
5.226420454,44693015310,,instructions,3217225481,100.00,3.70,insn per cycle
5.226420454,12064729026,,cycles,3217293253,100.00,,
5.326961333,111545,,rD044,3217187757,100.00,,
5.326961333,283507383,,rFF44,3217163201,100.00,,
5.326961333,44221035867,,instructions,3217254741,100.00,3.67,insn per cycle
5.326961333,12064330914,,cycles,3217184233,100.00,,
5.427502589,113941,,rD044,3217216578,100.00,,
5.427502589,288673939,,rFF44,3217325028,100.00,,
5.427502589,44870153408,,instructions,3217983774,100.00,3.72,insn per cycle
5.427502589,12066788671,,cycles,3217840011,100.00,,
5.528062727,114546,,rD044,3217904251,100.00,,
5.528062727,290567538,,rFF44,3217964886,100.00,,
5.528062727,45103157995,,instructions,3217247651,100.00,3.74,insn per cycle
5.528062727,12064362413,,cycles,3217199933,100.00,,
5.628608236,114116,,rD044,3217490674,100.00,,
5.628608236,291376289,,rFF44,3217391663,100.00,,
5.628608236,45201481163,,instructions,3217386924,100.00,3.75,insn per cycle
5.628608236,12065391631,,cycles,3217469872,100.00,,
5.729171695,114218,,rD044,3217785566,100.00,,
5.729171695,291724714,,rFF44,3217608543,100.00,,
5.729171695,45255020139,,instructions,3217577352,100.00,3.75,insn per cycle
5.729171695,12066141009,,cycles,3217668106,100.00,,
5.829709654,112178,,rD044,3217160933,100.00,,
5.829709654,288772563,,rFF44,3217289791,100.00,,
5.829709654,44877436872,,instructions,3217284344,100.00,3.72,insn per cycle
5.829709654,12063859924,,cycles,3217058179,100.00,,
5.930238662,110637,,rD044,3216774138,100.00,,
5.930238662,282338952,,rFF44,3216616847,100.00,,
5.930238662,44065158043,,instructions,3216721861,100.00,3.65,insn per cycle
5.930238662,12063464088,,cycles,3216959394,100.00,,
6.030777471,111548,,rD044,3217187821,100.00,,
6.030777471,283642753,,rFF44,3217196658,100.00,,
6.030777471,44215000148,,instructions,3217087931,100.00,3.67,insn per cycle
6.030777471,12063877936,,cycles,3217066390,100.00,,
6.131318399,111330,,rD044,3217410704,100.00,,
6.131318399,283082561,,rFF44,3217520512,100.00,,
6.131318399,44171918758,,instructions,3217524054,100.00,3.66,insn per cycle
6.131318399,12065979817,,cycles,3217623343,100.00,,
6.231878118,110035,,rD044,3217666936,100.00,,
6.231878118,280315259,,rFF44,3217807863,100.00,,
6.231878118,43813785370,,instructions,3217864581,100.00,3.63,insn per cycle
6.231878118,12066294618,,cycles,3217709918,100.00,,
6.332427127,111412,,rD044,3217529706,100.00,,
6.332427127,284203447,,rFF44,3217462812,100.00,,
6.332427127,44302236027,,instructions,3217409639,100.00,3.67,insn per cycle
6.332427127,12065647193,,cycles,3217536067,100.00,,
6.432973656,110169,,rD044,3217332665,100.00,,
6.432973656,279621656,,rFF44,3217314000,100.00,,
6.432973656,43753080061,,instructions,3217209197,100.00,3.63,insn per cycle
6.432973656,12063410841,,cycles,3216936753,100.00,,
6.533504184,112676,,rD044,3216880567,100.00,,
6.533504184,288760354,,rFF44,3217073765,100.00,,
6.533504184,44864410956,,instructions,3217881171,100.00,3.72,insn per cycle
6.533504184,12067576962,,cycles,3218053402,100.00,,
6.634075673,114492,,rD044,3218389718,100.00,,
6.634075673,284772966,,rFF44,3218265285,100.00,,
6.634075673,44363611708,,instructions,3217609684,100.00,3.68,insn per cycle
6.634075673,12065900751,,cycles,3217600621,100.00,,
6.734634972,116479,,rD044,3217846511,100.00,,
6.734634972,293173381,,rFF44,3217939671,100.00,,
6.734634972,45443900912,,instructions,3217943678,100.00,3.77,insn per cycle
6.734634972,12066958571,,cycles,3217888675,100.00,,
6.835184851,112724,,rD044,3217162495,100.00,,
6.835184851,282850011,,rFF44,3216780261,100.00,,
6.835184851,44120872193,,instructions,3216624688,100.00,3.66,insn per cycle
6.835184851,12061934722,,cycles,3216545252,100.00,,
6.935702819,111664,,rD044,3216608612,100.00,,
6.935702819,280653980,,rFF44,3216689535,100.00,,
6.935702819,43912012844,,instructions,3216853632,100.00,3.64,insn per cycle
6.935702819,12064290242,,cycles,3217164244,100.00,,
7.036246228,110829,,rD044,3217494458,100.00,,
7.036246228,282558264,,rFF44,3217606632,100.00,,
7.036246228,44111745668,,instructions,3217512274,100.00,3.66,insn per cycle
7.036246228,12064965694,,cycles,3217340072,100.00,,
7.136788527,112811,,rD044,3217284388,100.00,,
7.136788527,285797238,,rFF44,3217245662,100.00,,
7.136788527,44510555479,,instructions,3217283152,100.00,3.69,insn per cycle
7.136788527,12064904469,,cycles,3217333010,100.00,,
7.237332235,109957,,rD044,3217469958,100.00,,
7.237332235,282728669,,rFF44,3217552394,100.00,,
7.237332235,44124587732,,instructions,3217512289,100.00,3.66,insn per cycle
7.237332235,12064811520,,cycles,3217303586,100.00,,
7.337867704,111802,,rD044,3217035648,100.00,,
7.337867704,285072621,,rFF44,3217061816,100.00,,
7.337867704,44419777891,,instructions,3217074047,100.00,3.68,insn per cycle
7.337867704,12063865170,,cycles,3217046132,100.00,,
7.438400763,111703,,rD044,3217092232,100.00,,
7.438400763,283846605,,rFF44,3217145160,100.00,,
7.438400763,44238210160,,instructions,3217179022,100.00,3.67,insn per cycle
7.438400763,12065332933,,cycles,3217438323,100.00,,
7.538988832,111688,,rD044,3218728864,100.00,,
7.538988832,283926999,,rFF44,3218551192,100.00,,
7.538988832,44264152976,,instructions,3218423954,100.00,3.67,insn per cycle
7.538988832,12068376291,,cycles,3218249343,100.00,,
7.639519770,114435,,rD044,3217144522,100.00,,
7.639519770,289463959,,rFF44,3217496074,100.00,,
7.639519770,44971063205,,instructions,3217704082,100.00,3.73,insn per cycle
7.639519770,12066606175,,cycles,3217793964,100.00,,
7.740079909,114719,,rD044,3217626218,100.00,,
7.740079909,290823730,,rFF44,3217346442,100.00,,
7.740079909,45150187064,,instructions,3217097433,100.00,3.74,insn per cycle
7.740079909,12063904081,,cycles,3217138752,100.00,,
7.840615028,114361,,rD044,3216898388,100.00,,
7.840615028,291289935,,rFF44,3216989223,100.00,,
7.840615028,45197677208,,instructions,3217074293,100.00,3.75,insn per cycle
7.840615028,12063476112,,cycles,3217028638,100.00,,
7.941160766,113425,,rD044,3217320876,100.00,,
7.941160766,293513272,,rFF44,3217143953,100.00,,
7.941160766,45479751235,,instructions,3217214465,100.00,3.77,insn per cycle
7.941160766,12064480770,,cycles,3217259628,100.00,,
8.031737306,270024,,rD044,2786757907,100.00,,
8.031737306,209324590,,rFF44,2783573809,100.00,,
8.031737306,33666839218,,instructions,2780878456,100.00,3.23,insn per cycle
8.031737306,10417661991,,cycles,2778113437,100.00,,
