0.100121042,4577866,,rD044,92209237,100.00,,
0.100121042,20226933,,rFF44,92214537,100.00,,
0.100121042,439248360,,instructions,92219247,100.00,1.28,insn per cycle
0.100121042,342033061,,cycles,92224487,100.00,,
0.200380315,5493168,,rD044,100254525,100.00,,
0.200380315,23975192,,rFF44,100256005,100.00,,
0.200380315,505156728,,instructions,100256815,100.00,1.34,insn per cycle
0.200380315,375956616,,cycles,100255755,100.00,,
0.300586998,5476738,,rD044,100191995,100.00,,
0.300586998,23957032,,rFF44,100190645,100.00,,
0.300586998,505017646,,instructions,100190045,100.00,1.34,insn per cycle
0.300586998,375696562,,cycles,100191475,100.00,,
0.400791291,6774057,,rD044,100203385,100.00,,
0.400791291,28832806,,rFF44,100204105,100.00,,
0.400791291,82297421,,instructions,100203845,100.00,0.22,insn per cycle
0.400791291,375759501,,cycles,100203005,100.00,,
0.500997034,6919507,,rD044,100204925,100.00,,
0.500997034,30223007,,rFF44,100205345,100.00,,
0.500997034,37645644,,instructions,100205465,100.00,0.10,insn per cycle
0.500997034,375767219,,cycles,100205095,100.00,,
0.601315588,23398231,,rD044,6271951833,100.00,,
0.601315588,373872309,,rFF44,6404335137,100.00,,
0.601315588,57251944392,,instructions,6524708875,100.00,2.30,insn per cycle
0.601315588,24896659620,,cycles,6643895896,100.00,,
0.705787709,38951426,,rD044,13364254726,100.00,,
0.705787709,788161970,,rFF44,13355241350,100.00,,
0.705787709,122505168175,,instructions,13353905476,100.00,2.45,insn per cycle
0.705787709,50069354491,,cycles,13352530738,100.00,,
0.810093237,38637074,,rD044,13348170337,100.00,,
0.810093237,789056123,,rFF44,13353992123,100.00,,
0.810093237,122394710567,,instructions,13351193994,100.00,2.45,insn per cycle
0.810093237,50043927167,,cycles,13345164070,100.00,,
0.914114522,38897440,,rD044,13308447528,100.00,,
0.914114522,787518275,,rFF44,13301281540,100.00,,
0.914114522,122178569427,,instructions,13293133667,100.00,2.45,insn per cycle
0.914114522,49844777164,,cycles,13292056734,100.00,,
1.018152248,39139113,,rD044,13322122855,100.00,,
1.018152248,788843276,,rFF44,13321178438,100.00,,
1.018152248,122459980525,,instructions,13323873521,100.00,2.45,insn per cycle
1.018152248,49947877609,,cycles,13319581917,100.00,,
1.122190523,39835768,,rD044,13314747327,100.00,,
1.122190523,789311430,,rFF44,13317677476,100.00,,
1.122190523,122490002602,,instructions,13326210879,100.00,2.45,insn per cycle
1.122190523,49985511701,,cycles,13329560180,100.00,,
1.226372071,39524001,,rD044,13334080636,100.00,,
1.226372071,787008810,,rFF44,13325811082,100.00,,
1.226372071,122176719238,,instructions,13318072782,100.00,2.44,insn per cycle
1.226372071,49975020595,,cycles,13326773270,100.00,,
1.330518947,39382572,,rD044,13331934550,100.00,,
1.330518947,789607598,,rFF44,13330849511,100.00,,
1.330518947,122470173718,,instructions,13320879928,100.00,2.45,insn per cycle
1.330518947,49901434599,,cycles,13307163287,100.00,,
1.434386611,39152774,,rD044,13292175756,100.00,,
1.434386611,787104899,,rFF44,13294660488,100.00,,
1.434386611,122187580417,,instructions,13301035503,100.00,2.45,insn per cycle
1.434386611,49887449805,,cycles,13303433542,100.00,,
1.538396686,38563356,,rD044,13319867065,100.00,,
1.538396686,788597252,,rFF44,13325357796,100.00,,
1.538396686,122404480016,,instructions,13325269293,100.00,2.45,insn per cycle
1.538396686,49970572108,,cycles,13325702857,100.00,,
1.642490862,40320815,,rD044,13303599881,100.00,,
1.642490862,784415808,,rFF44,13254575106,100.00,,
1.642490862,121693703627,,instructions,13247754955,100.00,2.45,insn per cycle
1.642490862,49648092325,,cycles,13239645193,100.00,,
1.745851690,39994224,,rD044,13248346713,100.00,,
1.745851690,788645504,,rFF44,13297467854,100.00,,
1.745851690,122333442583,,instructions,13302290421,100.00,2.45,insn per cycle
1.745851690,49894279167,,cycles,13305210795,100.00,,
1.849857265,39470601,,rD044,13308021533,100.00,,
1.849857265,787309839,,rFF44,13302444446,100.00,,
1.849857265,122280428071,,instructions,13309652449,100.00,2.45,insn per cycle
1.849857265,49935017978,,cycles,13316102783,100.00,,
1.953860431,40051681,,rD044,13317424413,100.00,,
1.953860431,789792076,,rFF44,13326478041,100.00,,
1.953860431,122291108559,,instructions,13302403251,100.00,2.46,insn per cycle
1.953860431,49757502824,,cycles,13268828260,100.00,,
2.057686494,39372560,,rD044,13285830631,100.00,,
2.057686494,785140814,,rFF44,13276690901,100.00,,
2.057686494,122067835579,,instructions,13295335808,100.00,2.44,insn per cycle
2.057686494,49968058093,,cycles,13324990189,100.00,,
2.161605738,40373138,,rD044,13303183476,100.00,,
2.161605738,785289233,,rFF44,13302068144,100.00,,
2.161605738,122030036628,,instructions,13307445817,100.00,2.44,insn per cycle
2.161605738,49941370416,,cycles,13317970704,100.00,,
2.265690824,40445101,,rD044,13332393767,100.00,,
2.265690824,791464548,,rFF44,13340189855,100.00,,
2.265690824,122653710785,,instructions,13334897173,100.00,2.46,insn per cycle
2.265690824,49950097782,,cycles,13320154047,100.00,,
2.369554148,39018639,,rD044,13281668216,100.00,,
2.369554148,785412929,,rFF44,13270181196,100.00,,
2.369554148,121940834782,,instructions,13271076508,100.00,2.45,insn per cycle
2.369554148,49798151665,,cycles,13279712138,100.00,,
2.473507872,39993628,,rD044,13307053779,100.00,,
2.473507872,788110840,,rFF44,13313400099,100.00,,
2.473507872,122319380657,,instructions,13311360959,100.00,2.45,insn per cycle
2.473507872,49901708484,,cycles,13307234728,100.00,,
2.577489877,39248025,,rD044,13310477145,100.00,,
2.577489877,790592241,,rFF44,13310366463,100.00,,
2.577489877,122605385509,,instructions,13314317320,100.00,2.46,insn per cycle
2.577489877,49934851121,,cycles,13316028431,100.00,,
2.681520353,39709653,,rD044,13318116568,100.00,,
2.681520353,789115330,,rFF44,13318142700,100.00,,
2.681520353,122467689113,,instructions,13317500143,100.00,2.45,insn per cycle
2.681520353,49959237853,,cycles,13322537911,100.00,,
2.785583618,40202017,,rD044,13319333417,100.00,,
2.785583618,787648248,,rFF44,13318610765,100.00,,
2.785583618,122289303553,,instructions,13317520385,100.00,2.45,insn per cycle
2.785583618,49921967211,,cycles,13312602426,100.00,,
2.889555913,39786404,,rD044,13304676753,100.00,,
2.889555913,789552466,,rFF44,13306734986,100.00,,
2.889555913,122502277086,,instructions,13312296892,100.00,2.45,insn per cycle
2.889555913,49967030974,,cycles,13324653805,100.00,,
2.993709090,39980676,,rD044,13347984220,100.00,,
2.993709090,790799011,,rFF44,13366938354,100.00,,
2.993709090,122714730916,,instructions,13361364988,100.00,2.45,insn per cycle
2.993709090,50082880278,,cycles,13355546879,100.00,,
3.097993518,39380711,,rD044,13318373410,100.00,,
3.097993518,787475267,,rFF44,13298120256,100.00,,
3.097993518,122194488452,,instructions,13297125112,100.00,2.45,insn per cycle
3.097993518,49828516907,,cycles,13287883044,100.00,,
3.201780071,40039076,,rD044,13296305286,100.00,,
3.201780071,787397224,,rFF44,13292139157,100.00,,
3.201780071,122158573563,,instructions,13290301269,100.00,2.45,insn per cycle
3.201780071,49842946722,,cycles,13291975934,100.00,,
3.305912927,40165047,,rD044,13331512437,100.00,,
3.305912927,786864991,,rFF44,13341918426,100.00,,
3.305912927,122323782129,,instructions,13349513049,100.00,2.44,insn per cycle
3.305912927,50061325439,,cycles,13350107279,100.00,,
3.375682382,19455801,,rD044,8326469313,100.00,,
3.375682382,374216475,,rFF44,8201665311,100.00,,
3.375682382,62378786446,,instructions,8088071804,100.00,2.08,insn per cycle
3.375682382,29927434933,,cycles,7981460784,100.00,,
