0.100118444,3873665,,rD044,89766837,100.00,,
0.100118444,17868936,,rFF44,89772497,100.00,,
0.100118444,389376142,,instructions,89776687,100.00,1.17,insn per cycle
0.100118444,332774441,,cycles,89781347,100.00,,
0.200356609,5433608,,rD044,100235936,100.00,,
0.200356609,23824750,,rFF44,100236076,100.00,,
0.200356609,501614160,,instructions,100236496,100.00,1.33,insn per cycle
0.200356609,375886955,,cycles,100236926,100.00,,
0.300547903,5446474,,rD044,100190286,100.00,,
0.300547903,23932876,,rFF44,100190296,100.00,,
0.300547903,504563151,,instructions,100190376,100.00,1.34,insn per cycle
0.300547903,375710050,,cycles,100189666,100.00,,
0.400733158,6628197,,rD044,100163435,100.00,,
0.400733158,28120600,,rFF44,100162935,100.00,,
0.400733158,132791258,,instructions,100162515,100.00,0.35,insn per cycle
0.400733158,375580629,,cycles,100162505,100.00,,
0.500920792,6950715,,rD044,100187406,100.00,,
0.500920792,29985536,,rFF44,100188146,100.00,,
0.500920792,37412812,,instructions,100188306,100.00,0.10,insn per cycle
0.500920792,375706038,,cycles,100188416,100.00,,
0.601123287,6381689,,rD044,1387035764,100.00,,
0.601123287,132151795,,rFF44,1392246653,100.00,,
0.601123287,17824404289,,instructions,1396864463,100.00,3.39,insn per cycle
0.601123287,5255326210,,cycles,1402064140,100.00,,
0.701955629,5646137,,rD044,3226552367,100.00,,
0.701955629,271640871,,rFF44,3227188006,100.00,,
0.701955629,42206034896,,instructions,3228312794,100.00,3.49,insn per cycle
0.701955629,12106612681,,cycles,3228441406,100.00,,
0.802845241,5667911,,rD044,3227813194,100.00,,
0.802845241,272823633,,rFF44,3226646356,100.00,,
0.802845241,42304039287,,instructions,3224803635,100.00,3.50,insn per cycle
0.802845241,12089545909,,cycles,3223890531,100.00,,
0.903603452,5722354,,rD044,3223665842,100.00,,
0.903603452,274706296,,rFF44,3223986409,100.00,,
0.903603452,42546240345,,instructions,3224255167,100.00,3.52,insn per cycle
0.903603452,12094279465,,cycles,3225331123,100.00,,
1.004417344,5608965,,rD044,3226234312,100.00,,
1.004417344,275027649,,rFF44,3226575334,100.00,,
1.004417344,42591936072,,instructions,3226396716,100.00,3.52,insn per cycle
1.004417344,12093693158,,cycles,3225001065,100.00,,
1.105164975,5635176,,rD044,3223659262,100.00,,
1.105164975,274923169,,rFF44,3223641991,100.00,,
1.105164975,42590697608,,instructions,3224418132,100.00,3.52,insn per cycle
1.105164975,12093643245,,cycles,3225011166,100.00,,
1.205948427,5200198,,rD044,3225565412,100.00,,
1.205948427,275012232,,rFF44,3225477043,100.00,,
1.205948427,42592720302,,instructions,3225097878,100.00,3.52,insn per cycle
1.205948427,12094069624,,cycles,3225094083,100.00,,
1.306748318,5195963,,rD044,3224894326,100.00,,
1.306748318,275129160,,rFF44,3224149377,100.00,,
1.306748318,42606817270,,instructions,3224457257,100.00,3.52,insn per cycle
1.306748318,12093599427,,cycles,3224982327,100.00,,
1.407530780,5163959,,rD044,3225118408,100.00,,
1.407530780,275010122,,rFF44,3225574326,100.00,,
1.407530780,42589640293,,instructions,3225283553,100.00,3.52,insn per cycle
1.407530780,12091181308,,cycles,3224329586,100.00,,
1.508296331,5459913,,rD044,3224505782,100.00,,
1.508296331,274657754,,rFF44,3224703206,100.00,,
1.508296331,42548282380,,instructions,3224768536,100.00,3.52,insn per cycle
1.508296331,12094204116,,cycles,3225146337,100.00,,
1.609071232,5098004,,rD044,3225132791,100.00,,
1.609071232,274665049,,rFF44,3224832344,100.00,,
1.609071232,42549029433,,instructions,3224706193,100.00,3.52,insn per cycle
1.609071232,12091323031,,cycles,3224365313,100.00,,
1.709836743,5254018,,rD044,3224265189,100.00,,
1.709836743,274607993,,rFF44,3224996274,100.00,,
1.709836743,42547620376,,instructions,3225352047,100.00,3.52,insn per cycle
1.709836743,12097027844,,cycles,3225883225,100.00,,
1.810649505,5267983,,rD044,3225803026,100.00,,
1.810649505,275063779,,rFF44,3225053883,100.00,,
1.810649505,42594765213,,instructions,3225109956,100.00,3.52,insn per cycle
1.810649505,12094264398,,cycles,3225148866,100.00,,
1.911439976,5151383,,rD044,3225310640,100.00,,
1.911439976,275584860,,rFF44,3225803609,100.00,,
1.911439976,42668337051,,instructions,3226141719,100.00,3.53,insn per cycle
1.911439976,12098401318,,cycles,3226252115,100.00,,
2.012261788,5518399,,rD044,3226327436,100.00,,
2.012261788,275259147,,rFF44,3226191366,100.00,,
2.012261788,42615853995,,instructions,3225542999,100.00,3.52,insn per cycle
2.012261788,12097975223,,cycles,3226134176,100.00,,
2.113082260,5337498,,rD044,3226212940,100.00,,
2.113082260,274992681,,rFF44,3226429950,100.00,,
2.113082260,42588336912,,instructions,3226320578,100.00,3.52,insn per cycle
2.113082260,12093042626,,cycles,3224827468,100.00,,
2.213853131,5336456,,rD044,3224759159,100.00,,
2.213853131,274704397,,rFF44,3224775852,100.00,,
2.213853131,42556486649,,instructions,3224913416,100.00,3.52,insn per cycle
2.213853131,12098311807,,cycles,3226217062,100.00,,
2.314710664,5331124,,rD044,3227147541,100.00,,
2.314710664,275109670,,rFF44,3226998704,100.00,,
2.314710664,42607759899,,instructions,3227291242,100.00,3.52,insn per cycle
2.314710664,12098314935,,cycles,3226260136,100.00,,
2.415497095,5543012,,rD044,3225503123,100.00,,
2.415497095,275016964,,rFF44,3226092246,100.00,,
2.415497095,42588844065,,instructions,3225793100,100.00,3.52,insn per cycle
2.415497095,12096153423,,cycles,3225667066,100.00,,
2.516294367,5346475,,rD044,3225385819,100.00,,
2.516294367,275105649,,rFF44,3224516764,100.00,,
2.516294367,42589885683,,instructions,3224035494,100.00,3.52,insn per cycle
2.516294367,12093365630,,cycles,3224908142,100.00,,
2.617090678,5048239,,rD044,3225348688,100.00,,
2.617090678,274906274,,rFF44,3225465216,100.00,,
2.617090678,42583286664,,instructions,3226105075,100.00,3.52,insn per cycle
2.617090678,12095960065,,cycles,3225618228,100.00,,
2.717870550,5372788,,rD044,3224889000,100.00,,
2.717870550,275043205,,rFF44,3225079946,100.00,,
2.717870550,42593842425,,instructions,3225267778,100.00,3.52,insn per cycle
2.717870550,12095049223,,cycles,3225370826,100.00,,
2.818668981,5221536,,rD044,3225755318,100.00,,
2.818668981,275268056,,rFF44,3225676330,100.00,,
2.818668981,42608968689,,instructions,3224919713,100.00,3.52,insn per cycle
2.818668981,12092893780,,cycles,3224779685,100.00,,
2.919462523,5221437,,rD044,3225190869,100.00,,
2.919462523,275447248,,rFF44,3225533804,100.00,,
2.919462523,42646684422,,instructions,3225729106,100.00,3.52,insn per cycle
2.919462523,12102626297,,cycles,3227374950,100.00,,
3.020322035,5186068,,rD044,3227332843,100.00,,
3.020322035,275294377,,rFF44,3227019112,100.00,,
3.020322035,42625140661,,instructions,3227245533,100.00,3.52,insn per cycle
3.020322035,12094505906,,cycles,3225218461,100.00,,
3.121088536,5224468,,rD044,3224376774,100.00,,
3.121088536,275210657,,rFF44,3223999956,100.00,,
3.121088536,42616568384,,instructions,3224390350,100.00,3.52,insn per cycle
3.121088536,12095023606,,cycles,3225353006,100.00,,
3.221897078,5317234,,rD044,3225778256,100.00,,
3.221897078,275252318,,rFF44,3226846496,100.00,,
3.221897078,42635234860,,instructions,3227595763,100.00,3.52,insn per cycle
3.221897078,12103049423,,cycles,3227483666,100.00,,
3.322753190,5228256,,rD044,3227255176,100.00,,
3.322753190,276513240,,rFF44,3225696355,100.00,,
3.322753190,42733532121,,instructions,3223445866,100.00,3.54,insn per cycle
3.322753190,12081454136,,cycles,3221758234,100.00,,
3.423411600,5202148,,rD044,3221120924,100.00,,
3.423411600,274964358,,rFF44,3221381835,100.00,,
3.423411600,42586042463,,instructions,3222045164,100.00,3.52,insn per cycle
3.423411600,12086743093,,cycles,3223151753,100.00,,
3.524151191,5200490,,rD044,3223938525,100.00,,
3.524151191,275817777,,rFF44,3224549954,100.00,,
3.524151191,42691839564,,instructions,3225048880,100.00,3.53,insn per cycle
3.524151191,12095938431,,cycles,3225593587,100.00,,
3.624973203,5295163,,rD044,3226686798,100.00,,
3.624973203,275371097,,rFF44,3227425346,100.00,,
3.624973203,42635645345,,instructions,3227452152,100.00,3.52,insn per cycle
3.624973203,12101034368,,cycles,3226951126,100.00,,
3.725814025,5274274,,rD044,3226394786,100.00,,
3.725814025,275210451,,rFF44,3225218676,100.00,,
3.725814025,42604178137,,instructions,3224790144,100.00,3.52,insn per cycle
3.725814025,12092923230,,cycles,3224794115,100.00,,
3.826565766,5360912,,rD044,3223973040,100.00,,
3.826565766,275227227,,rFF44,3224513061,100.00,,
3.826565766,42622119421,,instructions,3225059506,100.00,3.52,insn per cycle
3.826565766,12095837628,,cycles,3225568357,100.00,,
3.927369737,5431038,,rD044,3225529861,100.00,,
3.927369737,275037958,,rFF44,3225267599,100.00,,
3.927369737,42587382626,,instructions,3225144821,100.00,3.52,insn per cycle
3.927369737,12093349865,,cycles,3224907004,100.00,,
4.028157079,5385974,,rD044,3225060892,100.00,,
4.028157079,274566450,,rFF44,3225274753,100.00,,
4.028157079,42540499167,,instructions,3225832623,100.00,3.52,insn per cycle
4.028157079,12097276098,,cycles,3225952996,100.00,,
4.128954930,5241054,,rD044,3225490416,100.00,,
4.128954930,275749891,,rFF44,3225170985,100.00,,
4.128954930,42663816313,,instructions,3223999002,100.00,3.53,insn per cycle
4.128954930,12086844839,,cycles,3223170674,100.00,,
4.229688781,5197537,,rD044,3223381060,100.00,,
4.229688781,274987892,,rFF44,3223487958,100.00,,
4.229688781,42588410147,,instructions,3223889410,100.00,3.52,insn per cycle
4.229688781,12092103426,,cycles,3224569636,100.00,,
4.330459473,5379831,,rD044,3224888568,100.00,,
4.330459473,275728630,,rFF44,3225048230,100.00,,
4.330459473,42682723798,,instructions,3225307778,100.00,3.53,insn per cycle
4.330459473,12095652947,,cycles,3225542503,100.00,,
4.431269884,5268482,,rD044,3225873388,100.00,,
4.431269884,275360129,,rFF44,3225698258,100.00,,
4.431269884,42635985717,,instructions,3225969326,100.00,3.53,insn per cycle
4.431269884,12095004050,,cycles,3225346735,100.00,,
4.532046916,5251262,,rD044,3224724057,100.00,,
4.532046916,274875079,,rFF44,3224501316,100.00,,
4.532046916,42564965319,,instructions,3224364381,100.00,3.52,insn per cycle
4.532046916,12092743287,,cycles,3224743326,100.00,,
4.632859617,5199094,,rD044,3225783841,100.00,,
4.632859617,275309995,,rFF44,3226420038,100.00,,
4.632859617,42623129796,,instructions,3225932009,100.00,3.52,insn per cycle
4.632859617,12096733915,,cycles,3225808028,100.00,,
4.733645749,5131637,,rD044,3225343722,100.00,,
4.733645749,275457869,,rFF44,3224809485,100.00,,
4.733645749,42645344988,,instructions,3225364766,100.00,3.53,insn per cycle
4.733645749,12096443232,,cycles,3225724609,100.00,,
4.834458340,5365285,,rD044,3226122424,100.00,,
4.834458340,275107979,,rFF44,3226656773,100.00,,
4.834458340,42591459841,,instructions,3225845894,100.00,3.52,insn per cycle
4.834458340,12096460581,,cycles,3225735579,100.00,,
4.935260902,5175016,,rD044,3225078228,100.00,,
4.935260902,274934061,,rFF44,3224836654,100.00,,
4.935260902,42579462878,,instructions,3225374325,100.00,3.52,insn per cycle
4.935260902,12092879834,,cycles,3224960654,100.00,,
5.036037403,5227343,,rD044,3224740276,100.00,,
5.036037403,274747863,,rFF44,3224518002,100.00,,
5.036037403,42555552720,,instructions,3224704605,100.00,3.52,insn per cycle
5.036037403,12095666722,,cycles,3225517190,100.00,,
5.136863065,5289802,,rD044,3226342226,100.00,,
5.136863065,274693760,,rFF44,3226272788,100.00,,
5.136863065,42538697547,,instructions,3225784599,100.00,3.52,insn per cycle
5.136863065,12095536784,,cycles,3225489490,100.00,,
5.237653867,5332011,,rD044,3225823542,100.00,,
5.237653867,275674943,,rFF44,3226255416,100.00,,
5.237653867,42680669457,,instructions,3226711265,100.00,3.53,insn per cycle
5.237653867,12097400571,,cycles,3225988586,100.00,,
5.338443778,5155894,,rD044,3224968087,100.00,,
5.338443778,275302045,,rFF44,3225225038,100.00,,
5.338443778,42624272798,,instructions,3225802373,100.00,3.52,insn per cycle
5.338443778,12099429507,,cycles,3226552055,100.00,,
5.439286750,5578012,,rD044,3227033846,100.00,,
5.439286750,275035714,,rFF44,3226544193,100.00,,
5.439286750,42577524648,,instructions,3225470304,100.00,3.52,insn per cycle
5.439286750,12093211565,,cycles,3224871063,100.00,,
5.540053922,5183207,,rD044,3224217217,100.00,,
5.540053922,274775983,,rFF44,3224128004,100.00,,
5.540053922,42563245158,,instructions,3224864133,100.00,3.52,insn per cycle
5.540053922,12094447365,,cycles,3225194697,100.00,,
5.640863313,5120031,,rD044,3226267567,100.00,,
5.640863313,275126048,,rFF44,3226598016,100.00,,
5.640863313,42595898573,,instructions,3225772738,100.00,3.52,insn per cycle
5.640863313,12098487817,,cycles,3226269786,100.00,,
5.741691735,5184063,,rD044,3225905402,100.00,,
5.741691735,274787959,,rFF44,3225526282,100.00,,
5.741691735,42564776775,,instructions,3225897105,100.00,3.52,insn per cycle
5.741691735,12096429123,,cycles,3225728123,100.00,,
5.842513537,5519368,,rD044,3226200813,100.00,,
5.842513537,275533081,,rFF44,3225956598,100.00,,
5.842513537,42650793595,,instructions,3225739326,100.00,3.53,insn per cycle
5.842513537,12095571561,,cycles,3225497069,100.00,,
5.943275328,5350587,,rD044,3225164749,100.00,,
5.943275328,275034047,,rFF44,3225864106,100.00,,
5.943275328,42596167873,,instructions,3226400803,100.00,3.52,insn per cycle
5.943275328,12100244725,,cycles,3226746974,100.00,,
6.044109960,5416834,,rD044,3226311756,100.00,,
6.044109960,274388782,,rFF44,3226204616,100.00,,
6.044109960,42507023018,,instructions,3225888967,100.00,3.52,insn per cycle
6.044109960,12092251412,,cycles,3224612576,100.00,,
6.144878641,5118155,,rD044,3224285212,100.00,,
6.144878641,274558026,,rFF44,3224352622,100.00,,
6.144878641,42537170473,,instructions,3225036426,100.00,3.52,insn per cycle
6.144878641,12099384758,,cycles,3226512903,100.00,,
6.245706473,5186822,,rD044,3226460295,100.00,,
6.245706473,275539335,,rFF44,3226236007,100.00,,
6.245706473,42647100248,,instructions,3225744801,100.00,3.53,insn per cycle
6.245706473,12094534957,,cycles,3225224716,100.00,,
6.346505075,5221435,,rD044,3225653163,100.00,,
6.346505075,275046830,,rFF44,3225772106,100.00,,
6.346505075,42588199449,,instructions,3225329396,100.00,3.52,insn per cycle
6.346505075,12093757516,,cycles,3225029766,100.00,,
6.447296376,5102663,,rD044,3225441179,100.00,,
6.447296376,275020324,,rFF44,3225142754,100.00,,
6.447296376,42594376413,,instructions,3225617428,100.00,3.52,insn per cycle
6.447296376,12096202718,,cycles,3225665706,100.00,,
6.548083118,5241415,,rD044,3224878097,100.00,,
6.548083118,275189678,,rFF44,3224959887,100.00,,
6.548083118,42611586287,,instructions,3225297406,100.00,3.52,insn per cycle
6.548083118,12095342917,,cycles,3225438657,100.00,,
6.648881109,5368613,,rD044,3225403741,100.00,,
6.648881109,275482703,,rFF44,3225204355,100.00,,
6.648881109,42634938137,,instructions,3224765213,100.00,3.53,insn per cycle
6.648881109,12093068144,,cycles,3224827153,100.00,,
6.749659931,5331147,,rD044,3225028718,100.00,,
6.749659931,275091697,,rFF44,3226774328,100.00,,
6.749659931,42639332535,,instructions,3229523395,100.00,3.52,insn per cycle
6.749659931,12119291290,,cycles,3231807168,100.00,,
6.850687255,4981450,,rD044,3232065897,100.00,,
6.850687255,277114497,,rFF44,3229274334,100.00,,
6.850687255,42785208741,,instructions,3225236088,100.00,3.54,insn per cycle
6.850687255,12079085946,,cycles,3221122482,100.00,,
6.951284804,5439579,,rD044,3220112250,100.00,,
6.951284804,275146752,,rFF44,3221536704,100.00,,
6.951284804,42625913193,,instructions,3223144928,100.00,3.52,insn per cycle
6.951284804,12094459891,,cycles,3225197526,100.00,,
7.052101166,5393052,,rD044,3225756912,100.00,,
7.052101166,275493028,,rFF44,3225264726,100.00,,
7.052101166,42629548856,,instructions,3224483002,100.00,3.53,insn per cycle
7.052101166,12090075340,,cycles,3224028446,100.00,,
7.152866047,5329683,,rD044,3224440973,100.00,,
7.152866047,274919273,,rFF44,3224804775,100.00,,
7.152866047,42579374199,,instructions,3225136286,100.00,3.52,insn per cycle
7.152866047,12093826183,,cycles,3225032134,100.00,,
7.253634828,5206178,,rD044,3224278014,100.00,,
7.253634828,274857199,,rFF44,3223434825,100.00,,
7.253634828,42551639601,,instructions,3222557706,100.00,3.52,insn per cycle
7.253634828,12083937786,,cycles,3222414386,100.00,,
7.354344129,5591911,,rD044,3222889146,100.00,,
7.354344129,275137114,,rFF44,3223772033,100.00,,
7.354344129,42609257726,,instructions,3224601554,100.00,3.52,insn per cycle
7.354344129,12092110620,,cycles,3224581871,100.00,,
7.455098240,5244527,,rD044,3225003180,100.00,,
7.455098240,274970328,,rFF44,3225424517,100.00,,
7.455098240,42589013454,,instructions,3225646359,100.00,3.52,insn per cycle
7.455098240,12095774980,,cycles,3225551089,100.00,,
7.555902571,5411685,,rD044,3224836380,100.00,,
7.555902571,274567695,,rFF44,3224257301,100.00,,
7.555902571,42537923135,,instructions,3224400491,100.00,3.52,insn per cycle
7.555902571,12093821494,,cycles,3225029684,100.00,,
7.656714013,5159770,,rD044,3226012816,100.00,,
7.656714013,274960870,,rFF44,3225797037,100.00,,
7.656714013,42579736990,,instructions,3225394076,100.00,3.52,insn per cycle
7.656714013,12093561694,,cycles,3224961716,100.00,,
7.757490765,5230803,,rD044,3225064571,100.00,,
7.757490765,275327229,,rFF44,3225168978,100.00,,
7.757490765,42613027349,,instructions,3224201305,100.00,3.52,insn per cycle
7.757490765,12092380903,,cycles,3224640626,100.00,,
7.858279236,5342982,,rD044,3225349491,100.00,,
7.858279236,275050601,,rFF44,3225635576,100.00,,
7.858279236,42606759886,,instructions,3226771948,100.00,3.52,insn per cycle
7.858279236,12097907194,,cycles,3226128646,100.00,,
7.959055277,5215907,,rD044,3224450832,100.00,,
7.959055277,275010327,,rFF44,3224622212,100.00,,
7.959055277,42596847476,,instructions,3225534683,100.00,3.52,insn per cycle
7.959055277,12100608825,,cycles,3226841355,100.00,,
8.059904529,5662172,,rD044,3227179690,100.00,,
8.059904529,275069071,,rFF44,3226860068,100.00,,
8.059904529,42574884053,,instructions,3225274104,100.00,3.52,insn per cycle
8.059904529,12089992464,,cycles,3224006915,100.00,,
8.160648350,5243666,,rD044,3223859203,100.00,,
8.160648350,275575878,,rFF44,3223907436,100.00,,
8.160648350,42659926078,,instructions,3224503976,100.00,3.53,insn per cycle
8.160648350,12089960612,,cycles,3224005835,100.00,,
8.261387541,5234480,,rD044,3223648277,100.00,,
8.261387541,275497573,,rFF44,3224204429,100.00,,
8.261387541,42648028961,,instructions,3224384276,100.00,3.53,insn per cycle
8.261387541,12095078015,,cycles,3225361313,100.00,,
8.353376700,3996331,,rD044,2848259447,100.00,,
8.353376700,199042572,,rFF44,2842578804,100.00,,
8.353376700,32102122840,,instructions,2837926967,100.00,3.02,insn per cycle
8.353376700,10624100797,,cycles,2833217019,100.00,,
