0.100127629,4222990,,rD044,91673688,100.00,,
0.100127629,19025847,,rFF44,91679308,100.00,,
0.100127629,413967754,,instructions,91683668,100.00,1.22,insn per cycle
0.100127629,339908556,,cycles,91687938,100.00,,
0.200424799,5490920,,rD044,100291736,100.00,,
0.200424799,24008268,,rFF44,100291846,100.00,,
0.200424799,505315367,,instructions,100291926,100.00,1.34,insn per cycle
0.200424799,376097751,,cycles,100293216,100.00,,
0.300636358,5491799,,rD044,100210764,100.00,,
0.300636358,24011238,,rFF44,100210234,100.00,,
0.300636358,506407911,,instructions,100211074,100.00,1.35,insn per cycle
0.300636358,375786133,,cycles,100210124,100.00,,
0.400844688,6729518,,rD044,100208005,100.00,,
0.400844688,28711825,,rFF44,100208815,100.00,,
0.400844688,104389448,,instructions,100207865,100.00,0.28,insn per cycle
0.400844688,375775361,,cycles,100207245,100.00,,
0.501056857,6936082,,rD044,100211585,100.00,,
0.501056857,29907293,,rFF44,100211375,100.00,,
0.501056857,37315119,,instructions,100211815,100.00,0.10,insn per cycle
0.501056857,375783378,,cycles,100212585,100.00,,
0.601359478,22985349,,rD044,5649742880,100.00,,
0.601359478,323155912,,rFF44,5770901067,100.00,,
0.601359478,49333844633,,instructions,5881577363,100.00,2.20,insn per cycle
0.601359478,22444473001,,cycles,5987708843,100.00,,
0.705480481,38473005,,rD044,13321162336,100.00,,
0.705480481,771698206,,rFF44,13321433406,100.00,,
0.705480481,120265302003,,instructions,13318804042,100.00,2.41,insn per cycle
0.705480481,49944145051,,cycles,13318534653,100.00,,
0.809497633,37113083,,rD044,13306842455,100.00,,
0.809497633,786964432,,rFF44,13295161839,100.00,,
0.809497633,122278078416,,instructions,13291189372,100.00,2.45,insn per cycle
0.809497633,49836901976,,cycles,13289944268,100.00,,
0.913348503,38308958,,rD044,13300216109,100.00,,
0.913348503,787688653,,rFF44,13293602157,100.00,,
0.913348503,121729016252,,instructions,13254215440,100.00,2.45,insn per cycle
0.913348503,49695729614,,cycles,13252294563,100.00,,
1.016845579,38458951,,rD044,13249705857,100.00,,
1.016845579,783092528,,rFF44,13264380336,100.00,,
1.016845579,122158584673,,instructions,13306642228,100.00,2.45,insn per cycle
1.016845579,49897639961,,cycles,13306156821,100.00,,
1.120807610,38752682,,rD044,13303067386,100.00,,
1.120807610,785848225,,rFF44,13304814853,100.00,,
1.120807610,122032724771,,instructions,13303994368,100.00,2.45,insn per cycle
1.120807610,49883239100,,cycles,13302294122,100.00,,
1.224691760,38636300,,rD044,13298388601,100.00,,
1.224691760,787822272,,rFF44,13298785072,100.00,,
1.224691760,122232487170,,instructions,13304255602,100.00,2.45,insn per cycle
1.224691760,49888244495,,cycles,13303610067,100.00,,
1.328603531,40194861,,rD044,13298702640,100.00,,
1.328603531,784952240,,rFF44,13296480614,100.00,,
1.328603531,121811067399,,instructions,13289896889,100.00,2.44,insn per cycle
1.328603531,49837073039,,cycles,13289971208,100.00,,
1.432439441,38947501,,rD044,13293415937,100.00,,
1.432439441,786228833,,rFF44,13289898050,100.00,,
1.432439441,122027916621,,instructions,13292108170,100.00,2.45,insn per cycle
1.432439441,49869374619,,cycles,13298699211,100.00,,
1.536378982,38787161,,rD044,13302484671,100.00,,
1.536378982,787884912,,rFF44,13305078527,100.00,,
1.536378982,122173858117,,instructions,13302463955,100.00,2.45,insn per cycle
1.536378982,49873685295,,cycles,13299794196,100.00,,
1.640374294,39990124,,rD044,13306138146,100.00,,
1.640374294,786574564,,rFF44,13303640393,100.00,,
1.640374294,122070485541,,instructions,13303094501,100.00,2.45,insn per cycle
1.640374294,49884823483,,cycles,13302696666,100.00,,
1.744252454,39190391,,rD044,13294909312,100.00,,
1.744252454,783516482,,rFF44,13252396824,100.00,,
1.744252454,121387283173,,instructions,13237809623,100.00,2.45,insn per cycle
1.744252454,49624554123,,cycles,13233329604,100.00,,
1.847530078,37823815,,rD044,13218340837,100.00,,
1.847530078,784693709,,rFF44,13255165585,100.00,,
1.847530078,121915398664,,instructions,13267339791,100.00,2.45,insn per cycle
1.847530078,49764840624,,cycles,13270757337,100.00,,
1.951284367,40060756,,rD044,13283276641,100.00,,
1.951284367,785880560,,rFF44,13295463169,100.00,,
1.951284367,121987600088,,instructions,13297871700,100.00,2.45,insn per cycle
1.951284367,49886225751,,cycles,13303433592,100.00,,
2.055353089,39567882,,rD044,13319781406,100.00,,
2.055353089,787448169,,rFF44,13309885712,100.00,,
2.055353089,122075433837,,instructions,13303499181,100.00,2.45,insn per cycle
2.055353089,49856666525,,cycles,13295618803,100.00,,
2.158952607,40407293,,rD044,13260328116,100.00,,
2.158952607,782491797,,rFF44,13265320706,100.00,,
2.158952607,121593259281,,instructions,13270418512,100.00,2.44,insn per cycle
2.158952607,49745602023,,cycles,13265994712,100.00,,
2.262728146,39906161,,rD044,13283582263,100.00,,
2.262728146,784871780,,rFF44,13276878980,100.00,,
2.262728146,121798911674,,instructions,13276061678,100.00,2.45,insn per cycle
2.262728146,49796469111,,cycles,13279425494,100.00,,
2.366534005,38601035,,rD044,13285729803,100.00,,
2.366534005,786256666,,rFF44,13290302200,100.00,,
2.366534005,121957403321,,instructions,13289092553,100.00,2.45,insn per cycle
2.366534005,49864553342,,cycles,13297421417,100.00,,
2.470447136,38306307,,rD044,13297117046,100.00,,
2.470447136,786537698,,rFF44,13294263876,100.00,,
2.470447136,122140140416,,instructions,13301070137,100.00,2.45,insn per cycle
2.470447136,49865037479,,cycles,13297498012,100.00,,
2.574331537,38114716,,rD044,13306330394,100.00,,
2.574331537,785851946,,rFF44,13292390156,100.00,,
2.574331537,121487276269,,instructions,13257725912,100.00,2.44,insn per cycle
2.574331537,49718568709,,cycles,13258371681,100.00,,
2.677885713,39245372,,rD044,13245148945,100.00,,
2.677885713,782607394,,rFF44,13256879699,100.00,,
2.677885713,121825049330,,instructions,13279130780,100.00,2.45,insn per cycle
2.677885713,49786850164,,cycles,13276580492,100.00,,
2.781675263,39474973,,rD044,13288315635,100.00,,
2.781675263,784427269,,rFF44,13294838815,100.00,,
2.781675263,121898848643,,instructions,13304863676,100.00,2.44,insn per cycle
2.781675263,49922733247,,cycles,13312876802,100.00,,
2.885666044,38762606,,rD044,13313997200,100.00,,
2.885666044,787957559,,rFF44,13326262129,100.00,,
2.885666044,122211899595,,instructions,13322420198,100.00,2.45,insn per cycle
2.885666044,49923720012,,cycles,13313085409,100.00,,
2.989672696,38917766,,rD044,13309549404,100.00,,
2.989672696,785802991,,rFF44,13298411852,100.00,,
2.989672696,122096961761,,instructions,13309847284,100.00,2.45,insn per cycle
2.989672696,49926862498,,cycles,13314028861,100.00,,
3.093654788,38982022,,rD044,13309286928,100.00,,
3.093654788,787505756,,rFF44,13309495203,100.00,,
3.093654788,122155223527,,instructions,13303601072,100.00,2.45,insn per cycle
3.093654788,49883586488,,cycles,13302388544,100.00,,
3.197596679,39029873,,rD044,13308609315,100.00,,
3.197596679,788738600,,rFF44,13312367832,100.00,,
3.197596679,122311427259,,instructions,13314519363,100.00,2.45,insn per cycle
3.197596679,49936116551,,cycles,13316435609,100.00,,
3.301617601,39354648,,rD044,13312549950,100.00,,
3.301617601,786904025,,rFF44,13315844333,100.00,,
3.301617601,122111673938,,instructions,13314212088,100.00,2.45,insn per cycle
3.301617601,49920942907,,cycles,13312444856,100.00,,
3.391107490,25328657,,rD044,10604349653,100.00,,
3.391107490,506492671,,rFF44,10480720681,100.00,,
3.391107490,82939255887,,instructions,10373333818,100.00,2.15,insn per cycle
3.391107490,38509386752,,cycles,10269658693,100.00,,
