0.100119481,4602940,,rD044,92574105,100.00,,
0.100119481,20331520,,rFF44,92579945,100.00,,
0.100119481,441142105,,instructions,92586015,100.00,1.29,insn per cycle
0.100119481,343034409,,cycles,92590975,100.00,,
0.200347564,5488285,,rD044,100204856,100.00,,
0.200347564,23998324,,rFF44,100205726,100.00,,
0.200347564,505387064,,instructions,100204326,100.00,1.35,insn per cycle
0.200347564,375740536,,cycles,100204766,100.00,,
0.300543876,5486701,,rD044,100194905,100.00,,
0.300543876,24024846,,rFF44,100194655,100.00,,
0.300543876,506590283,,instructions,100195215,100.00,1.35,insn per cycle
0.300543876,375726117,,cycles,100194055,100.00,,
0.400735109,6788742,,rD044,100189406,100.00,,
0.400735109,29033127,,rFF44,100188466,100.00,,
0.400735109,79805367,,instructions,100187886,100.00,0.21,insn per cycle
0.400735109,375702208,,cycles,100187546,100.00,,
0.500920871,6935656,,rD044,100185535,100.00,,
0.500920871,30192286,,rFF44,100185825,100.00,,
0.500920871,37677500,,instructions,100199086,100.00,0.10,insn per cycle
0.500920871,375748353,,cycles,100199986,100.00,,
0.601120113,3044358,,rD044,489187828,100.00,,
0.601120113,54866595,,rFF44,489433138,100.00,,
0.601120113,6467439542,,instructions,489595817,100.00,3.52,insn per cycle
0.601120113,1835931375,,cycles,489770617,100.00,,
0.701414937,32420,,rD044,802332848,100.00,,
0.701414937,75771238,,rFF44,802311998,100.00,,
0.701414937,11668037301,,instructions,802310398,100.00,3.88,insn per cycle
0.701414937,3008627053,,cycles,802303128,100.00,,
0.801699210,34924,,rD044,802188778,100.00,,
0.801699210,73886480,,rFF44,802184518,100.00,,
0.801699210,11456753182,,instructions,802178328,100.00,3.81,insn per cycle
0.801699210,3008147490,,cycles,802181838,100.00,,
0.901977734,30667,,rD044,802212668,100.00,,
0.901977734,75760440,,rFF44,802212878,100.00,,
0.901977734,11672524120,,instructions,802208808,100.00,3.88,insn per cycle
0.901977734,3008295774,,cycles,802215538,100.00,,
1.002256907,34706,,rD044,802159577,100.00,,
1.002256907,73606480,,rFF44,802163777,100.00,,
1.002256907,11411778583,,instructions,802160697,100.00,3.79,insn per cycle
1.002256907,3008001300,,cycles,802141677,100.00,,
1.102532560,31610,,rD044,802196460,100.00,,
1.102532560,75990154,,rFF44,802178168,100.00,,
1.102532560,11716765737,,instructions,802179468,100.00,3.89,insn per cycle
1.102532560,3008180243,,cycles,802184838,100.00,,
1.202806914,34740,,rD044,802133697,100.00,,
1.202806914,74312673,,rFF44,802159979,100.00,,
1.202806914,11503987302,,instructions,802159870,100.00,3.82,insn per cycle
1.202806914,3008014454,,cycles,802153187,100.00,,
1.303094647,33993,,rD044,802281408,100.00,,
1.303094647,74700768,,rFF44,802276398,100.00,,
1.303094647,11555018255,,instructions,802278347,100.00,3.84,insn per cycle
1.303094647,3008577881,,cycles,802290630,100.00,,
1.403372971,30320,,rD044,802157938,100.00,,
1.403372971,75766088,,rFF44,802151388,100.00,,
1.403372971,11690310177,,instructions,802144658,100.00,3.89,insn per cycle
1.403372971,3007993761,,cycles,802140868,100.00,,
1.503649824,33975,,rD044,802193168,100.00,,
1.503649824,73110674,,rFF44,802185088,100.00,,
1.503649824,11350225475,,instructions,802197348,100.00,3.77,insn per cycle
1.503649824,3008229040,,cycles,802196628,100.00,,
1.603925557,32055,,rD044,802176368,100.00,,
1.603925557,75871288,,rFF44,802400598,100.00,,
1.603925557,11700511459,,instructions,802388628,100.00,3.89,insn per cycle
1.603925557,3008883931,,cycles,802386218,100.00,,
1.704274821,34986,,rD044,802576517,100.00,,
1.704274821,74156470,,rFF44,802343827,100.00,,
1.704274821,11487060278,,instructions,802352747,100.00,3.82,insn per cycle
1.704274821,3008620559,,cycles,802355647,100.00,,
1.804546655,30250,,rD044,802111777,100.00,,
1.804546655,75976221,,rFF44,802125047,100.00,,
1.804546655,11707799660,,instructions,802115607,100.00,3.89,insn per cycle
1.804546655,3007866487,,cycles,802106667,100.00,,
1.904819608,35607,,rD044,802157686,100.00,,
1.904819608,75038214,,rFF44,802151578,100.00,,
1.904819608,11595603680,,instructions,802150908,100.00,3.85,insn per cycle
1.904819608,3008058246,,cycles,802158578,100.00,,
2.005103122,29963,,rD044,802198292,100.00,,
2.005103122,75831025,,rFF44,802205406,100.00,,
2.005103122,11677033958,,instructions,802212708,100.00,3.88,insn per cycle
2.005103122,3008216355,,cycles,802208308,100.00,,
2.105375575,34307,,rD044,802167638,100.00,,
2.105375575,74818251,,rFF44,802158902,100.00,,
2.105375575,11568734982,,instructions,802153030,100.00,3.85,insn per cycle
2.105375575,3008091974,,cycles,802160824,100.00,,
2.205651068,30984,,rD044,802140858,100.00,,
2.205651068,75966181,,rFF44,802157898,100.00,,
2.205651068,11701754272,,instructions,802165838,100.00,3.89,insn per cycle
2.205651068,3008054983,,cycles,802163654,100.00,,
2.305930291,34115,,rD044,802315198,100.00,,
2.305930291,74683931,,rFF44,802297258,100.00,,
2.305930291,11550503664,,instructions,802295388,100.00,3.84,insn per cycle
2.305930291,3008579453,,cycles,802290548,100.00,,
2.406219875,30183,,rD044,802143728,100.00,,
2.406219875,75849757,,rFF44,802159368,100.00,,
2.406219875,11694786365,,instructions,802162518,100.00,3.89,insn per cycle
2.406219875,3008092778,,cycles,802166808,100.00,,
2.506496028,33430,,rD044,802139898,100.00,,
2.506496028,72901428,,rFF44,802144098,100.00,,
2.506496028,11321538970,,instructions,802140828,100.00,3.76,insn per cycle
2.506496028,3007961355,,cycles,802133278,100.00,,
2.606768782,34751,,rD044,802090516,100.00,,
2.606768782,74790649,,rFF44,802063607,100.00,,
2.606768782,11563262997,,instructions,802063857,100.00,3.84,insn per cycle
2.606768782,3007720850,,cycles,802067137,100.00,,
2.707039095,30585,,rD044,802169391,100.00,,
2.707039095,76010253,,rFF44,802189592,100.00,,
2.707039095,11727699321,,instructions,802199668,100.00,3.90,insn per cycle
2.707039095,3008271198,,cycles,802208268,100.00,,
2.807315748,34326,,rD044,802193278,100.00,,
2.807315748,74649895,,rFF44,802178296,100.00,,
2.807315748,11551334039,,instructions,802172460,100.00,3.84,insn per cycle
2.807315748,3008101879,,cycles,802163511,100.00,,
2.907584231,30886,,rD044,802092187,100.00,,
2.907584231,75756418,,rFF44,802104697,100.00,,
2.907584231,11684673526,,instructions,802097867,100.00,3.88,insn per cycle
2.907584231,3007820261,,cycles,802094366,100.00,,
3.007858575,33792,,rD044,802187558,100.00,,
3.007858575,73574204,,rFF44,802184518,100.00,,
3.007858575,11410145721,,instructions,802218548,100.00,3.79,insn per cycle
3.007858575,3008542470,,cycles,802280958,100.00,,
3.108150298,30308,,rD044,802264328,100.00,,
3.108150298,75747736,,rFF44,802270308,100.00,,
3.108150298,11674334092,,instructions,802241948,100.00,3.88,insn per cycle
3.108150298,3008150924,,cycles,802181908,100.00,,
3.208427812,34594,,rD044,802181888,100.00,,
3.208427812,74196678,,rFF44,802175888,100.00,,
3.208427812,11486312637,,instructions,802174148,100.00,3.82,insn per cycle
3.208427812,3008163903,,cycles,802187628,100.00,,
3.308701655,30580,,rD044,802140555,100.00,,
3.308701655,75643120,,rFF44,802141638,100.00,,
3.308701655,11650890064,,instructions,802134218,100.00,3.87,insn per cycle
3.308701655,3007945943,,cycles,802127228,100.00,,
3.408975398,34725,,rD044,802173063,100.00,,
3.408975398,74459129,,rFF44,802171000,100.00,,
3.408975398,11521897256,,instructions,802185717,100.00,3.83,insn per cycle
3.408975398,3008165999,,cycles,802180608,100.00,,
3.509254602,30317,,rD044,802084487,100.00,,
3.509254602,75935677,,rFF44,802087907,100.00,,
3.509254602,11695174344,,instructions,802079250,100.00,3.89,insn per cycle
3.509254602,3007739299,,cycles,802079819,100.00,,
3.609536615,35439,,rD044,802175918,100.00,,
3.609536615,73871728,,rFF44,802172288,100.00,,
3.609536615,11450162793,,instructions,802166338,100.00,3.81,insn per cycle
3.609536615,3008087593,,cycles,802171948,100.00,,
3.709812068,30939,,rD044,802144338,100.00,,
3.709812068,75993167,,rFF44,802145238,100.00,,
3.709812068,11710519608,,instructions,802152938,100.00,3.89,insn per cycle
3.709812068,3008000262,,cycles,802143748,100.00,,
3.810092002,34666,,rD044,802240198,100.00,,
3.810092002,75450923,,rFF44,802245118,100.00,,
3.810092002,11653304196,,instructions,802239768,100.00,3.87,insn per cycle
3.810092002,3008418323,,cycles,802247178,100.00,,
3.910368205,32065,,rD044,802110538,100.00,,
3.910368205,74099497,,rFF44,802102918,100.00,,
3.910368205,11472033118,,instructions,802108378,100.00,3.81,insn per cycle
3.910368205,3007876752,,cycles,802108308,100.00,,
4.010640248,32792,,rD044,802174333,100.00,,
4.010640248,75384716,,rFF44,802169108,100.00,,
4.010640248,11647650650,,instructions,802171088,100.00,3.87,insn per cycle
4.010640248,3008165855,,cycles,802180968,100.00,,
4.110910792,35181,,rD044,802124384,100.00,,
4.110910792,74769396,,rFF44,802147929,100.00,,
4.110910792,11560963232,,instructions,802145515,100.00,3.84,insn per cycle
4.110910792,3007976044,,cycles,802136247,100.00,,
4.211188605,30661,,rD044,802179738,100.00,,
4.211188605,75657250,,rFF44,802165798,100.00,,
4.211188605,11671303587,,instructions,802162802,100.00,3.88,insn per cycle
4.211188605,3008073339,,cycles,802161870,100.00,,
4.311461818,34432,,rD044,802127578,100.00,,
4.311461818,74600907,,rFF44,802133548,100.00,,
4.311461818,11540385221,,instructions,802138588,100.00,3.84,insn per cycle
4.311461818,3007982073,,cycles,802137348,100.00,,
4.411737042,30543,,rD044,802187998,100.00,,
4.411737042,75897918,,rFF44,802169818,100.00,,
4.411737042,11701803646,,instructions,802169038,100.00,3.89,insn per cycle
4.411737042,3008112050,,cycles,802165488,100.00,,
4.512010565,34519,,rD044,802124008,100.00,,
4.512010565,74724716,,rFF44,802139838,100.00,,
4.512010565,11549703199,,instructions,802133488,100.00,3.84,insn per cycle
4.512010565,3007974260,,cycles,802135548,100.00,,
4.612287948,30505,,rD044,802045507,100.00,,
4.612287948,76173512,,rFF44,802028627,100.00,,
4.612287948,11733683944,,instructions,802036947,100.00,3.90,insn per cycle
4.612287948,3007586267,,cycles,802040297,100.00,,
4.712558462,34713,,rD044,802084310,100.00,,
4.712558462,74610877,,rFF44,802088774,100.00,,
4.712558462,11532807492,,instructions,802082878,100.00,3.83,insn per cycle
4.712558462,3007757870,,cycles,802079058,100.00,,
4.812831145,31165,,rD044,802176078,100.00,,
4.812831145,75879132,,rFF44,802176654,100.00,,
4.812831145,11685098503,,instructions,802183520,100.00,3.88,insn per cycle
4.812831145,3008205849,,cycles,802190893,100.00,,
4.913117198,34366,,rD044,802241618,100.00,,
4.913117198,74332290,,rFF44,802250228,100.00,,
4.913117198,11498085239,,instructions,802248068,100.00,3.82,insn per cycle
4.913117198,3008374551,,cycles,802241745,100.00,,
5.013394682,30316,,rD044,802214178,100.00,,
5.013394682,75794354,,rFF44,802211758,100.00,,
5.013394682,11679466161,,instructions,802213428,100.00,3.88,insn per cycle
5.013394682,3008328558,,cycles,802223988,100.00,,
5.113670475,34851,,rD044,802138187,100.00,,
5.113670475,74778293,,rFF44,802132117,100.00,,
5.113670475,11557432217,,instructions,802120277,100.00,3.84,insn per cycle
5.113670475,3007907293,,cycles,802116687,100.00,,
5.213944538,33311,,rD044,802148978,100.00,,
5.213944538,75397833,,rFF44,802143688,100.00,,
5.213944538,11634527958,,instructions,802145218,100.00,3.87,insn per cycle
5.213944538,3007972408,,cycles,802129158,100.00,,
5.314211332,32443,,rD044,802068764,100.00,,
5.314211332,74634057,,rFF44,802082858,100.00,,
5.314211332,11549652240,,instructions,802085098,100.00,3.84,insn per cycle
5.314211332,3007795002,,cycles,802094648,100.00,,
5.414484395,34045,,rD044,802184214,100.00,,
5.414484395,74218673,,rFF44,802188330,100.00,,
5.414484395,11502729867,,instructions,802190386,100.00,3.82,insn per cycle
5.414484395,3008204496,,cycles,802190708,100.00,,
5.514760838,30972,,rD044,802018747,100.00,,
5.514760838,75800192,,rFF44,802006937,100.00,,
5.514760838,11695435267,,instructions,802008551,100.00,3.89,insn per cycle
5.514760838,3007496829,,cycles,802015079,100.00,,
5.615035622,34583,,rD044,802199418,100.00,,
5.615035622,74606894,,rFF44,802206558,100.00,,
5.615035622,11539116027,,instructions,802211328,100.00,3.84,insn per cycle
5.615035622,3008271187,,cycles,802208048,100.00,,
5.715318485,31663,,rD044,802139588,100.00,,
5.715318485,75692356,,rFF44,802129648,100.00,,
5.715318485,11670004124,,instructions,802123448,100.00,3.88,insn per cycle
5.715318485,3007718121,,cycles,802117018,100.00,,
5.815586558,34211,,rD044,802109657,100.00,,
5.815586558,73669903,,rFF44,802109277,100.00,,
5.815586558,11427670234,,instructions,802112757,100.00,3.80,insn per cycle
5.815586558,3007914921,,cycles,802117807,100.00,,
5.915855951,30690,,rD044,802150728,100.00,,
5.915855951,76166628,,rFF44,802158948,100.00,,
5.915855951,11735017835,,instructions,802163108,100.00,3.90,insn per cycle
5.915855951,3008328421,,cycles,802223898,100.00,,
6.016141255,34337,,rD044,802199359,100.00,,
6.016141255,74398624,,rFF44,802191087,100.00,,
6.016141255,11505585859,,instructions,802192427,100.00,3.83,insn per cycle
6.016141255,3007984952,,cycles,802138457,100.00,,
6.116416668,30003,,rD044,802204538,100.00,,
6.116416668,75694920,,rFF44,802209420,100.00,,
6.116416668,11654934248,,instructions,802196730,100.00,3.87,insn per cycle
6.116416668,3008193361,,cycles,802186958,100.00,,
6.216688432,34484,,rD044,802100728,100.00,,
6.216688432,73081436,,rFF44,802109808,100.00,,
6.216688432,11349584552,,instructions,802114638,100.00,3.77,insn per cycle
6.216688432,3007882384,,cycles,802111150,100.00,,
6.316964565,30826,,rD044,802174628,100.00,,
6.316964565,76030301,,rFF44,802163678,100.00,,
6.316964565,11712344406,,instructions,802163218,100.00,3.89,insn per cycle
6.316964565,3008095439,,cycles,802168468,100.00,,
6.417237158,34920,,rD044,802109718,100.00,,
6.417237158,75120048,,rFF44,802114788,100.00,,
6.417237158,11600559495,,instructions,802111778,100.00,3.86,insn per cycle
6.417237158,3007901007,,cycles,802115648,100.00,,
6.517513561,29717,,rD044,802099278,100.00,,
6.517513561,75339721,,rFF44,802098838,100.00,,
6.517513561,11616014792,,instructions,802095058,100.00,3.86,insn per cycle
6.517513561,3007801772,,cycles,802090078,100.00,,
6.617789235,34804,,rD044,802158056,100.00,,
6.617789235,74565159,,rFF44,802166868,100.00,,
6.617789235,11537746020,,instructions,802172008,100.00,3.84,insn per cycle
6.617789235,3008117105,,cycles,802174268,100.00,,
6.718079478,34617,,rD044,802289042,100.00,,
6.718079478,74203508,,rFF44,802277087,100.00,,
6.718079478,11484533999,,instructions,802275608,100.00,3.82,insn per cycle
6.718079478,3008514424,,cycles,802274238,100.00,,
6.818371992,29641,,rD044,802301267,100.00,,
6.818371992,75936180,,rFF44,802317610,100.00,,
6.818371992,11716813212,,instructions,802322936,100.00,3.89,insn per cycle
6.818371992,3008688185,,cycles,802325657,100.00,,
6.918646305,34386,,rD044,802172688,100.00,,
6.918646305,74992772,,rFF44,802163958,100.00,,
6.918646305,11594152844,,instructions,802159551,100.00,3.85,insn per cycle
6.918646305,3008090781,,cycles,802160670,100.00,,
7.018919879,30323,,rD044,802174198,100.00,,
7.018919879,75654965,,rFF44,802185938,100.00,,
7.018919879,11667264653,,instructions,802183298,100.00,3.88,insn per cycle
7.018919879,3008122718,,cycles,802174848,100.00,,
7.119202932,34032,,rD044,802196058,100.00,,
7.119202932,73986489,,rFF44,802175918,100.00,,
7.119202932,11455229230,,instructions,802187048,100.00,3.81,insn per cycle
7.119202932,3008204952,,cycles,802190708,100.00,,
7.219478805,30755,,rD044,800950264,100.00,,
7.219478805,75615913,,rFF44,800952644,100.00,,
7.219478805,11652779383,,instructions,800946904,100.00,3.88,insn per cycle
7.219478805,3003518383,,cycles,800954354,100.00,,
7.319753909,35165,,rD044,802187678,100.00,,
7.319753909,74251732,,rFF44,802191608,100.00,,
7.319753909,11492742144,,instructions,802191448,100.00,3.82,insn per cycle
7.319753909,3008158858,,cycles,802184398,100.00,,
7.420027952,30915,,rD044,802112879,100.00,,
7.420027952,76088387,,rFF44,802113197,100.00,,
7.420027952,11716373107,,instructions,802109807,100.00,3.90,insn per cycle
7.420027952,3007831872,,cycles,802097907,100.00,,
7.520297825,34440,,rD044,802048758,100.00,,
7.520297825,74111363,,rFF44,802055780,100.00,,
7.520297825,11469671368,,instructions,802066730,100.00,3.81,insn per cycle
7.520297825,3007770727,,cycles,802081298,100.00,,
7.620577159,31046,,rD044,802139568,100.00,,
7.620577159,75775819,,rFF44,802129668,100.00,,
7.620577159,11671519773,,instructions,802123808,100.00,3.88,insn per cycle
7.620577159,3007926735,,cycles,802122780,100.00,,
7.720851792,34266,,rD044,802214988,100.00,,
7.720851792,73934685,,rFF44,802219838,100.00,,
7.720851792,11455329721,,instructions,802221928,100.00,3.81,insn per cycle
7.720851792,3009608375,,cycles,802564778,100.00,,
7.821178736,30780,,rD044,802527898,100.00,,
7.821178736,75825043,,rFF44,802526388,100.00,,
7.821178736,11686231443,,instructions,802519088,100.00,3.88,insn per cycle
7.821178736,3008130631,,cycles,802177568,100.00,,
7.921456119,35469,,rD044,802216228,100.00,,
7.921456119,74866533,,rFF44,802219328,100.00,,
7.921456119,11575339459,,instructions,802224638,100.00,3.85,insn per cycle
7.921456119,3008322565,,cycles,802221368,100.00,,
8.021731852,33966,,rD044,802114918,100.00,,
8.021731852,73886013,,rFF44,802097218,100.00,,
8.021731852,11449893224,,instructions,802088828,100.00,3.81,insn per cycle
8.021731852,3007781132,,cycles,802083918,100.00,,
8.122000026,29975,,rD044,802156457,100.00,,
8.122000026,75875335,,rFF44,802168568,100.00,,
8.122000026,11705079045,,instructions,802170628,100.00,3.89,insn per cycle
8.122000026,3008127980,,cycles,802170128,100.00,,
8.222272809,34703,,rD044,802125341,100.00,,
8.222272809,74726501,,rFF44,802120822,100.00,,
8.222272809,11552490756,,instructions,802119048,100.00,3.84,insn per cycle
8.222272809,3007928944,,cycles,802123698,100.00,,
8.322551412,30118,,rD044,802213638,100.00,,
8.322551412,75617476,,rFF44,802226896,100.00,,
8.322551412,11664686482,,instructions,802228440,100.00,3.88,insn per cycle
8.322551412,3008308429,,cycles,802225304,100.00,,
8.422827616,34855,,rD044,802181988,100.00,,
8.422827616,74637360,,rFF44,802171178,100.00,,
8.422827616,11550435836,,instructions,802175798,100.00,3.84,insn per cycle
8.422827616,3008151993,,cycles,802176594,100.00,,
8.523106949,30497,,rD044,802040298,100.00,,
8.523106949,75758481,,rFF44,802043418,100.00,,
8.523106949,11677426743,,instructions,802041238,100.00,3.88,insn per cycle
8.523106949,3007617760,,cycles,802047908,100.00,,
8.623382572,34241,,rD044,802227878,100.00,,
8.623382572,73699917,,rFF44,802238018,100.00,,
8.623382572,11423169880,,instructions,802240248,100.00,3.80,insn per cycle
8.623382572,3008391042,,cycles,802240738,100.00,,
8.723661296,30266,,rD044,802133008,100.00,,
8.723661296,75976417,,rFF44,802124568,100.00,,
8.723661296,11703327467,,instructions,802127758,100.00,3.89,insn per cycle
8.723661296,3007938566,,cycles,802125128,100.00,,
8.823947389,35430,,rD044,802284007,100.00,,
8.823947389,74047514,,rFF44,802282468,100.00,,
8.823947389,11470512090,,instructions,802277408,100.00,3.81,insn per cycle
8.823947389,3008522527,,cycles,802275298,100.00,,
8.924223422,30202,,rD044,802149500,100.00,,
8.924223422,75855726,,rFF44,802143265,100.00,,
8.924223422,11681363125,,instructions,802146497,100.00,3.88,insn per cycle
8.924223422,3008036826,,cycles,802151897,100.00,,
9.024502126,34623,,rD044,802211438,100.00,,
9.024502126,74908693,,rFF44,802212432,100.00,,
9.024502126,11572751320,,instructions,802206030,100.00,3.85,insn per cycle
9.024502126,3008246182,,cycles,802202056,100.00,,
9.124778039,30441,,rD044,802141327,100.00,,
9.124778039,75519709,,rFF44,802147547,100.00,,
9.124778039,11637354232,,instructions,802152537,100.00,3.87,insn per cycle
9.124778039,3008040377,,cycles,802153111,100.00,,
9.225062453,33864,,rD044,802259088,100.00,,
9.225062453,73461823,,rFF44,802258368,100.00,,
9.225062453,11392283597,,instructions,802261278,100.00,3.79,insn per cycle
9.225062453,3008489925,,cycles,802265768,100.00,,
9.325339496,30514,,rD044,802106578,100.00,,
9.325339496,75896775,,rFF44,802093568,100.00,,
9.325339496,11704090599,,instructions,802093058,100.00,3.89,insn per cycle
9.325339496,3007794645,,cycles,802095248,100.00,,
9.425612609,33742,,rD044,802201398,100.00,,
9.425612609,74392098,,rFF44,802221258,100.00,,
9.425612609,11518587353,,instructions,802220788,100.00,3.83,insn per cycle
9.425612609,3008266908,,cycles,802208148,100.00,,
9.525890743,34689,,rD044,802027217,100.00,,
9.525890743,74852981,,rFF44,802144278,100.00,,
9.525890743,11581296316,,instructions,802374848,100.00,3.85,insn per cycle
9.525890743,3008880958,,cycles,802384078,100.00,,
9.626207456,31250,,rD044,802536348,100.00,,
9.626207456,75732586,,rFF44,802413538,100.00,,
9.626207456,11681070237,,instructions,802171508,100.00,3.88,insn per cycle
9.626207456,3008108298,,cycles,802164398,100.00,,
9.726486480,35103,,rD044,802064200,100.00,,
9.726486480,74436701,,rFF44,802055804,100.00,,
9.726486480,11514890152,,instructions,802065367,100.00,3.83,insn per cycle
9.726486480,3007524500,,cycles,802067757,100.00,,
9.826761003,30212,,rD044,802200058,100.00,,
9.826761003,75623435,,rFF44,802211643,100.00,,
9.826761003,11660528031,,instructions,802207300,100.00,3.88,insn per cycle
9.826761003,3008276666,,cycles,802209845,100.00,,
9.927034977,34627,,rD044,802112338,100.00,,
9.927034977,74249813,,rFF44,802095128,100.00,,
9.927034977,11496007923,,instructions,802091178,100.00,3.82,insn per cycle
9.927034977,3007786154,,cycles,802085283,100.00,,
10.027304850,30459,,rD044,802149518,100.00,,
10.027304850,75839847,,rFF44,802156158,100.00,,
10.027304850,11684630875,,instructions,802162538,100.00,3.88,insn per cycle
10.027304850,3008117644,,cycles,802167488,100.00,,
10.127577753,34312,,rD044,802117208,100.00,,
10.127577753,73104675,,rFF44,802124048,100.00,,
10.127577753,11355287509,,instructions,802127158,100.00,3.78,insn per cycle
10.127577753,3007951933,,cycles,802129738,100.00,,
10.227852166,30609,,rD044,802193438,100.00,,
10.227852166,76102234,,rFF44,802186348,100.00,,
10.227852166,11718066383,,instructions,802180998,100.00,3.89,insn per cycle
10.227852166,3008492135,,cycles,802267548,100.00,,
10.328138910,35160,,rD044,802202644,100.00,,
10.328138910,75644487,,rFF44,802207027,100.00,,
10.328138910,11672319030,,instructions,802208117,100.00,3.88,insn per cycle
10.328138910,3007895631,,cycles,802113837,100.00,,
10.428413073,30396,,rD044,802185053,100.00,,
10.428413073,76120896,,rFF44,802196650,100.00,,
10.428413073,11727590360,,instructions,802200478,100.00,3.90,insn per cycle
10.428413073,3008202346,,cycles,802198318,100.00,,
10.528686726,34561,,rD044,801990606,100.00,,
10.528686726,74967876,,rFF44,801977696,100.00,,
10.528686726,11578229397,,instructions,801974328,100.00,3.85,insn per cycle
10.528686726,3007363014,,cycles,801978718,100.00,,
10.628962570,30710,,rD044,802188068,100.00,,
10.628962570,75643490,,rFF44,802182328,100.00,,
10.628962570,11663199557,,instructions,802192838,100.00,3.88,insn per cycle
10.628962570,3008230847,,cycles,802198128,100.00,,
10.729235563,33569,,rD044,802127118,100.00,,
10.729235563,73755011,,rFF44,802139168,100.00,,
10.729235563,11438483839,,instructions,802129248,100.00,3.80,insn per cycle
10.729235563,3007916630,,cycles,802119438,100.00,,
10.829509526,34349,,rD044,802185908,100.00,,
10.829509526,74171276,,rFF44,802191218,100.00,,
10.829509526,11487285821,,instructions,802194348,100.00,3.82,insn per cycle
10.829509526,3008210578,,cycles,802193098,100.00,,
10.929785450,30247,,rD044,802149318,100.00,,
10.929785450,75612395,,rFF44,802143348,100.00,,
10.929785450,11666132412,,instructions,802140998,100.00,3.88,insn per cycle
10.929785450,3008007315,,cycles,802143908,100.00,,
11.030071033,33705,,rD044,802269561,100.00,,
11.030071033,73461567,,rFF44,802264988,100.00,,
11.030071033,11393455771,,instructions,802263858,100.00,3.79,insn per cycle
11.030071033,3008478330,,cycles,802263748,100.00,,
11.130339476,31055,,rD044,802076737,100.00,,
11.130339476,75742660,,rFF44,802084730,100.00,,
11.130339476,11681593678,,instructions,802085590,100.00,3.88,insn per cycle
11.130339476,3007793741,,cycles,802086938,100.00,,
11.230615480,34608,,rD044,802204178,100.00,,
11.230615480,73535012,,rFF44,802194508,100.00,,
11.230615480,11410780185,,instructions,802194318,100.00,3.79,insn per cycle
11.230615480,3008252719,,cycles,802203970,100.00,,
11.330887213,30823,,rD044,802162278,100.00,,
11.330887213,75879040,,rFF44,802242158,100.00,,
11.330887213,11698125866,,instructions,802465818,100.00,3.89,insn per cycle
11.330887213,3009188992,,cycles,802453288,100.00,,
11.431200797,33884,,rD044,802418928,100.00,,
11.431200797,74046263,,rFF44,802341558,100.00,,
11.431200797,11464060531,,instructions,802109668,100.00,3.81,insn per cycle
11.431200797,3007863957,,cycles,802113748,100.00,,
11.531474710,29879,,rD044,802075807,100.00,,
11.531474710,76173094,,rFF44,802078157,100.00,,
11.531474710,11732701002,,instructions,802085957,100.00,3.90,insn per cycle
11.531474710,3007795224,,cycles,802087907,100.00,,
11.631747313,33963,,rD044,802108818,100.00,,
11.631747313,73372966,,rFF44,802112268,100.00,,
11.631747313,11383009225,,instructions,802115348,100.00,3.78,insn per cycle
11.631747313,3007890705,,cycles,802113018,100.00,,
11.732021057,29985,,rD044,802165663,100.00,,
11.732021057,75964123,,rFF44,802151428,100.00,,
11.732021057,11698038197,,instructions,802151168,100.00,3.89,insn per cycle
11.732021057,3008067694,,cycles,802154578,100.00,,
11.832290830,35893,,rD044,802123045,100.00,,
11.832290830,75021153,,rFF44,802131180,100.00,,
11.832290830,11593396788,,instructions,802126444,100.00,3.85,insn per cycle
11.832290830,3007952383,,cycles,802130598,100.00,,
11.932589564,30023,,rD044,802373638,100.00,,
11.932589564,76005827,,rFF44,802377898,100.00,,
11.932589564,11714385548,,instructions,802380264,100.00,3.89,insn per cycle
11.932589564,3008904821,,cycles,802377134,100.00,,
12.032864037,34421,,rD044,802122307,100.00,,
12.032864037,73896890,,rFF44,802128737,100.00,,
12.032864037,11448054230,,instructions,802216227,100.00,3.81,insn per cycle
12.032864037,3008378239,,cycles,802243083,100.00,,
12.133154250,31628,,rD044,802297978,100.00,,
12.133154250,74372093,,rFF44,802274258,100.00,,
12.133154250,11497798855,,instructions,802173708,100.00,3.82,insn per cycle
12.133154250,3008009578,,cycles,802138578,100.00,,
12.233420415,33139,,rD044,802094777,100.00,,
12.233420415,74265518,,rFF44,802113367,100.00,,
12.233420415,11501795308,,instructions,802126387,100.00,3.82,insn per cycle
12.233420415,3007954738,,cycles,802131217,100.00,,
12.333695440,33659,,rD044,802170438,100.00,,
12.333695440,72913933,,rFF44,802161998,100.00,,
12.333695440,11324260799,,instructions,802161848,100.00,3.76,insn per cycle
12.333695440,3008104964,,cycles,802164278,100.00,,
12.433966345,30867,,rD044,802080054,100.00,,
12.433966345,75679014,,rFF44,802082758,100.00,,
12.433966345,11676489580,,instructions,802082378,100.00,3.88,insn per cycle
12.433966345,3007760857,,cycles,802086318,100.00,,
12.534240930,34645,,rD044,802078114,100.00,,
12.534240930,74643879,,rFF44,802079610,100.00,,
12.534240930,11544727166,,instructions,802078795,100.00,3.84,insn per cycle
12.534240930,3007736771,,cycles,802070718,100.00,,
12.634513035,30726,,rD044,802120398,100.00,,
12.634513035,75605729,,rFF44,802132658,100.00,,
12.634513035,11657675184,,instructions,802135983,100.00,3.88,insn per cycle
12.634513035,3008009630,,cycles,802144760,100.00,,
12.734794170,34229,,rD044,802227878,100.00,,
12.734794170,73979655,,rFF44,802207338,100.00,,
12.734794170,11461887195,,instructions,802207778,100.00,3.81,insn per cycle
12.734794170,3008250234,,cycles,802203378,100.00,,
12.835111446,30856,,rD044,802463898,100.00,,
12.835111446,75881039,,rFF44,802474058,100.00,,
12.835111446,11692084253,,instructions,802482458,100.00,3.89,insn per cycle
12.835111446,3009298469,,cycles,802487748,100.00,,
12.935387501,34531,,rD044,802194168,100.00,,
12.935387501,75063197,,rFF44,802180428,100.00,,
12.935387501,11600292727,,instructions,802171898,100.00,3.86,insn per cycle
12.935387501,3008132018,,cycles,802171508,100.00,,
13.035658896,31178,,rD044,802108488,100.00,,
13.035658896,75804085,,rFF44,802117208,100.00,,
13.035658896,11673788841,,instructions,802109678,100.00,3.88,insn per cycle
13.035658896,3007854624,,cycles,802104208,100.00,,
13.135932381,34171,,rD044,802262128,100.00,,
13.135932381,73891985,,rFF44,802265538,100.00,,
13.135932381,11445142272,,instructions,802273748,100.00,3.80,insn per cycle
13.135932381,3008515182,,cycles,802273108,100.00,,
13.236219116,30279,,rD044,802130071,100.00,,
13.236219116,75873058,,rFF44,802132138,100.00,,
13.236219116,11687699246,,instructions,802134198,100.00,3.89,insn per cycle
13.236219116,3007966390,,cycles,802133628,100.00,,
13.336496231,34455,,rD044,802206687,100.00,,
13.336496231,74414022,,rFF44,802192070,100.00,,
13.336496231,11513055742,,instructions,802187331,100.00,3.83,insn per cycle
13.336496231,3008203462,,cycles,802190098,100.00,,
13.436765676,30223,,rD044,802067257,100.00,,
13.436765676,75795485,,rFF44,802073207,100.00,,
13.436765676,11686845632,,instructions,802080586,100.00,3.89,insn per cycle
13.436765676,3007734441,,cycles,802078849,100.00,,
13.537055291,34973,,rD044,802217158,100.00,,
13.537055291,74359833,,rFF44,802226768,100.00,,
13.537055291,11516388181,,instructions,802223678,100.00,3.83,insn per cycle
13.537055291,3008295103,,cycles,802220088,100.00,,
13.637330736,34390,,rD044,802118967,100.00,,
13.637330736,74227699,,rFF44,802116717,100.00,,
13.637330736,11495348383,,instructions,802115677,100.00,3.82,insn per cycle
13.637330736,3007930663,,cycles,802124157,100.00,,
13.737610941,30829,,rD044,802155108,100.00,,
13.737610941,76011896,,rFF44,802151958,100.00,,
13.737610941,11728097370,,instructions,802154848,100.00,3.90,insn per cycle
13.737610941,3007848941,,cycles,802150598,100.00,,
13.837883306,34827,,rD044,802091378,100.00,,
13.837883306,74897392,,rFF44,802104528,100.00,,
13.837883306,11581293018,,instructions,802134858,100.00,3.85,insn per cycle
13.837883306,3007949690,,cycles,802128588,100.00,,
13.938158061,30618,,rD044,802197350,100.00,,
13.938158061,75907641,,rFF44,802186238,100.00,,
13.938158061,11706291060,,instructions,802145148,100.00,3.89,insn per cycle
13.938158061,3008055626,,cycles,802151308,100.00,,
14.038432786,34191,,rD044,802191648,100.00,,
14.038432786,75403975,,rFF44,802180730,100.00,,
14.038432786,11642715692,,instructions,802174830,100.00,3.87,insn per cycle
14.038432786,3008133395,,cycles,802171657,100.00,,
14.138701101,29646,,rD044,802071558,100.00,,
14.138701101,75654469,,rFF44,802081368,100.00,,
14.138701101,11658670555,,instructions,802091848,100.00,3.88,insn per cycle
14.138701101,3007840261,,cycles,802099091,100.00,,
14.238975476,34570,,rD044,802187568,100.00,,
14.238975476,74523026,,rFF44,802183868,100.00,,
14.238975476,11531249854,,instructions,802181888,100.00,3.83,insn per cycle
14.238975476,3008132204,,cycles,802172078,100.00,,
14.339246591,29722,,rD044,802108158,100.00,,
14.339246591,75869525,,rFF44,802115078,100.00,,
14.339246591,11682706323,,instructions,802114478,100.00,3.88,insn per cycle
14.339246591,3007912978,,cycles,802118248,100.00,,
14.439519686,34907,,rD044,802182288,100.00,,
14.439519686,74438107,,rFF44,802185368,100.00,,
14.439519686,11519996860,,instructions,802180798,100.00,3.83,insn per cycle
14.439519686,3008170299,,cycles,802181218,100.00,,
14.539794821,31141,,rD044,802003183,100.00,,
14.539794821,76066140,,rFF44,802006298,100.00,,
14.539794821,11717261357,,instructions,802007808,100.00,3.90,insn per cycle
14.539794821,3007430909,,cycles,802004618,100.00,,
14.640112947,34899,,rD044,802526658,100.00,,
14.640112947,74930237,,rFF44,802514908,100.00,,
14.640112947,11574659256,,instructions,802518118,100.00,3.85,insn per cycle
14.640112947,3009418899,,cycles,802514778,100.00,,
14.740387092,30222,,rD044,802136755,100.00,,
14.740387092,75946237,,rFF44,802145990,100.00,,
14.740387092,11708691660,,instructions,802152585,100.00,3.89,insn per cycle
14.740387092,3008074403,,cycles,802161988,100.00,,
14.840662357,34975,,rD044,802193568,100.00,,
14.840662357,74982084,,rFF44,802187808,100.00,,
14.840662357,11594452179,,instructions,802180113,100.00,3.85,insn per cycle
14.840662357,3008147217,,cycles,802175630,100.00,,
14.940947802,34982,,rD044,802183198,100.00,,
14.940947802,74893138,,rFF44,802175578,100.00,,
14.940947802,11583297351,,instructions,802183108,100.00,3.85,insn per cycle
14.940947802,3008150166,,cycles,802182158,100.00,,
15.041220937,29741,,rD044,802190838,100.00,,
15.041220937,75784725,,rFF44,802194978,100.00,,
15.041220937,11693050035,,instructions,802196078,100.00,3.89,insn per cycle
15.041220937,3008258632,,cycles,802204768,100.00,,
15.141496122,34065,,rD044,802131048,100.00,,
15.141496122,74943654,,rFF44,802135618,100.00,,
15.141496122,11585471613,,instructions,802130248,100.00,3.85,insn per cycle
15.141496122,3007936684,,cycles,802125878,100.00,,
15.241770797,31250,,rD044,802187058,100.00,,
15.241770797,75782339,,rFF44,802190398,100.00,,
15.241770797,11686810920,,instructions,802186698,100.00,3.89,insn per cycle
15.241770797,3008180380,,cycles,802183938,100.00,,
15.342061502,33708,,rD044,802253173,100.00,,
15.342061502,73812309,,rFF44,802251297,100.00,,
15.342061502,11438873199,,instructions,802262307,100.00,3.80,insn per cycle
15.342061502,3008483803,,cycles,802271487,100.00,,
15.442337618,30201,,rD044,802196874,100.00,,
15.442337618,76055817,,rFF44,802197220,100.00,,
15.442337618,11720837439,,instructions,802194387,100.00,3.90,insn per cycle
15.442337618,3008167961,,cycles,802181018,100.00,,
15.542611373,34123,,rD044,802001318,100.00,,
15.542611373,74452992,,rFF44,801995868,100.00,,
15.542611373,11525640085,,instructions,801986011,100.00,3.83,insn per cycle
15.542611373,3007400741,,cycles,801989520,100.00,,
15.642882297,30020,,rD044,802161328,100.00,,
15.642882297,76173155,,rFF44,802197448,100.00,,
15.642882297,11729218640,,instructions,802234388,100.00,3.90,insn per cycle
15.642882297,3008386107,,cycles,802239788,100.00,,
15.743163453,35002,,rD044,802183348,100.00,,
15.743163453,75021250,,rFF44,802158428,100.00,,
15.743163453,11585973860,,instructions,802127528,100.00,3.85,insn per cycle
15.743163453,3007928054,,cycles,802122548,100.00,,
15.843440038,30184,,rD044,802191098,100.00,,
15.843440038,75836598,,rFF44,802181978,100.00,,
15.843440038,11682612651,,instructions,802177888,100.00,3.88,insn per cycle
15.843440038,3008147011,,cycles,802175348,100.00,,
15.943710863,34075,,rD044,802095107,100.00,,
15.943710863,73837632,,rFF44,802086557,100.00,,
15.943710863,11436782193,,instructions,802099467,100.00,3.80,insn per cycle
15.943710863,3007860725,,cycles,802104827,100.00,,
16.043987958,30350,,rD044,802215590,100.00,,
16.043987958,75821616,,rFF44,802225858,100.00,,
16.043987958,11688475930,,instructions,802219228,100.00,3.89,insn per cycle
16.043987958,3008343695,,cycles,802227688,100.00,,
16.144262193,34237,,rD044,802113078,100.00,,
16.144262193,73022640,,rFF44,802104620,100.00,,
16.144262193,11337703632,,instructions,802102270,100.00,3.77,insn per cycle
16.144262193,3007813631,,cycles,802091677,100.00,,
16.244534768,33317,,rD044,802196388,100.00,,
16.244534768,73212673,,rFF44,802210528,100.00,,
16.244534768,11368372439,,instructions,802212768,100.00,3.78,insn per cycle
16.244534768,3008323473,,cycles,802222791,100.00,,
16.344814203,30179,,rD044,802143148,100.00,,
16.344814203,75804995,,rFF44,802137188,100.00,,
16.344814203,11694125548,,instructions,802139218,100.00,3.89,insn per cycle
16.344814203,3007959286,,cycles,802131528,100.00,,
16.445131818,36293,,rD044,802529678,100.00,,
16.445131818,74902335,,rFF44,802515868,100.00,,
16.445131818,11585421940,,instructions,802506868,100.00,3.85,insn per cycle
16.445131818,3009357233,,cycles,802498478,100.00,,
16.545403493,31750,,rD044,801981407,100.00,,
16.545403493,75642863,,rFF44,801989637,100.00,,
16.545403493,11668724891,,instructions,801990917,100.00,3.88,insn per cycle
16.545403493,3007416272,,cycles,801993917,100.00,,
16.645668188,35039,,rD044,802126258,100.00,,
16.645668188,74062000,,rFF44,802136438,100.00,,
16.645668188,11472571164,,instructions,802133878,100.00,3.81,insn per cycle
16.645668188,3007997897,,cycles,802135678,100.00,,
16.745950223,33303,,rD044,802199603,100.00,,
16.745950223,76082544,,rFF44,802141007,100.00,,
16.745950223,11727518181,,instructions,802142377,100.00,3.90,insn per cycle
16.745950223,3008047980,,cycles,802158997,100.00,,
16.846222198,34917,,rD044,802156914,100.00,,
16.846222198,75279110,,rFF44,802211580,100.00,,
16.846222198,11620718992,,instructions,802222576,100.00,3.86,insn per cycle
16.846222198,3008252949,,cycles,802203838,100.00,,
16.946495813,30829,,rD044,802164558,100.00,,
16.946495813,75698994,,rFF44,802154908,100.00,,
16.946495813,11659865682,,instructions,802142432,100.00,3.88,insn per cycle
16.946495813,3008011514,,cycles,802139790,100.00,,
17.046770498,34213,,rD044,802206108,100.00,,
17.046770498,74481931,,rFF44,802211538,100.00,,
17.046770498,11521141440,,instructions,802216338,100.00,3.83,insn per cycle
17.046770498,3008340649,,cycles,802226608,100.00,,
17.147056413,30509,,rD044,802282648,100.00,,
17.147056413,75964781,,rFF44,802287688,100.00,,
17.147056413,11697064150,,instructions,802286368,100.00,3.89,insn per cycle
17.147056413,3008529864,,cycles,802277378,100.00,,
17.247332839,34278,,rD044,802213248,100.00,,
17.247332839,74993078,,rFF44,802216078,100.00,,
17.247332839,11592320336,,instructions,802221878,100.00,3.85,insn per cycle
17.247332839,3008350398,,cycles,802229888,100.00,,
17.347612294,30186,,rD044,802215488,100.00,,
17.347612294,75635481,,rFF44,802198558,100.00,,
17.347612294,11656017571,,instructions,802191548,100.00,3.87,insn per cycle
17.347612294,3008209958,,cycles,802192138,100.00,,
17.447885969,33897,,rD044,801003228,100.00,,
17.447885969,74164722,,rFF44,801088314,100.00,,
17.447885969,11494846498,,instructions,801332694,100.00,3.83,insn per cycle
17.447885969,3004940078,,cycles,801328144,100.00,,
17.548198734,31970,,rD044,802355055,100.00,,
17.548198734,75160545,,rFF44,802267597,100.00,,
17.548198734,11609774601,,instructions,802020317,100.00,3.86,insn per cycle
17.548198734,3007558603,,cycles,802024707,100.00,,
17.648467239,33312,,rD044,802145288,100.00,,
17.648467239,75180197,,rFF44,802152810,100.00,,
17.648467239,11619719634,,instructions,802151880,100.00,3.86,insn per cycle
17.648467239,3008043519,,cycles,802147946,100.00,,
17.748746594,34319,,rD044,802144918,100.00,,
17.748746594,74146611,,rFF44,802146768,100.00,,
17.748746594,11484650050,,instructions,802148958,100.00,3.82,insn per cycle
17.748746594,3007862107,,cycles,802151292,100.00,,
17.849017819,30533,,rD044,802165968,100.00,,
17.849017819,75915132,,rFF44,802166028,100.00,,
17.849017819,11712451457,,instructions,802174228,100.00,3.89,insn per cycle
17.849017819,3008176907,,cycles,802184078,100.00,,
17.949292634,34991,,rD044,802187508,100.00,,
17.949292634,75252870,,rFF44,802188158,100.00,,
17.949292634,11626057596,,instructions,802187858,100.00,3.86,insn per cycle
17.949292634,3008155305,,cycles,802177098,100.00,,
18.049563979,30168,,rD044,802179328,100.00,,
18.049563979,75796265,,rFF44,802191448,100.00,,
18.049563979,11685602388,,instructions,802196888,100.00,3.88,insn per cycle
18.049563979,3008252436,,cycles,802203328,100.00,,
18.149842464,34093,,rD044,802213785,100.00,,
18.149842464,73636508,,rFF44,802207708,100.00,,
18.149842464,11415960810,,instructions,802198008,100.00,3.79,insn per cycle
18.149842464,3008456455,,cycles,802258308,100.00,,
18.250130379,30910,,rD044,802306613,100.00,,
18.250130379,76199625,,rFF44,802306846,100.00,,
18.250130379,11738941313,,instructions,802308018,100.00,3.90,insn per cycle
18.250130379,3008393819,,cycles,802241198,100.00,,
18.350405654,34750,,rD044,802177048,100.00,,
18.350405654,74817450,,rFF44,802171662,100.00,,
18.350405654,11560555840,,instructions,802172240,100.00,3.84,insn per cycle
18.350405654,3008170709,,cycles,802182025,100.00,,
18.450678369,30706,,rD044,802181328,100.00,,
18.450678369,75756350,,rFF44,802187638,100.00,,
18.450678369,11665012455,,instructions,802184198,100.00,3.88,insn per cycle
18.450678369,3008139249,,cycles,802174423,100.00,,
18.550951504,34386,,rD044,802049508,100.00,,
18.550951504,74194633,,rFF44,802037098,100.00,,
18.550951504,11482001491,,instructions,802046868,100.00,3.82,insn per cycle
18.550951504,3007623786,,cycles,802047198,100.00,,
18.651225699,30514,,rD044,802198548,100.00,,
18.651225699,75605132,,rFF44,802211508,100.00,,
18.651225699,11649345243,,instructions,802209978,100.00,3.87,insn per cycle
18.651225699,3008243493,,cycles,802201188,100.00,,
18.751500915,34315,,rD044,802184748,100.00,,
18.751500915,74204768,,rFF44,802179028,100.00,,
18.751500915,11497287758,,instructions,802175418,100.00,3.82,insn per cycle
18.751500915,3008183606,,cycles,802184488,100.00,,
18.851777720,29633,,rD044,802212934,100.00,,
18.851777720,75585755,,rFF44,802215728,100.00,,
18.851777720,11654811070,,instructions,802209898,100.00,3.87,insn per cycle
18.851777720,3008276343,,cycles,802210048,100.00,,
18.952094615,34567,,rD044,802529117,100.00,,
18.952094615,74418510,,rFF44,802527408,100.00,,
18.952094615,11510328729,,instructions,802533488,100.00,3.82,insn per cycle
18.952094615,3009504517,,cycles,802537448,100.00,,
19.052367400,33622,,rD044,802152955,100.00,,
19.052367400,73738191,,rFF44,802138450,100.00,,
19.052367400,11432761739,,instructions,802136862,100.00,3.80,insn per cycle
19.052367400,3007960773,,cycles,802125948,100.00,,
19.152633215,30737,,rD044,802139848,100.00,,
19.152633215,75800165,,rFF44,802155538,100.00,,
19.152633215,11696006562,,instructions,802162896,100.00,3.89,insn per cycle
19.152633215,3008142133,,cycles,802173990,100.00,,
19.252905770,34274,,rD044,802202558,100.00,,
19.252905770,73768740,,rFF44,802248208,100.00,,
19.252905770,11445712267,,instructions,802239758,100.00,3.80,insn per cycle
19.252905770,3008360392,,cycles,802232638,100.00,,
19.353185745,30693,,rD044,802191768,100.00,,
19.353185745,75874654,,rFF44,802141438,100.00,,
19.353185745,11701706280,,instructions,802141848,100.00,3.89,insn per cycle
19.353185745,3008030548,,cycles,802144168,100.00,,
19.453456000,34646,,rD044,802158268,100.00,,
19.453456000,74043429,,rFF44,802151638,100.00,,
19.453456000,11471927703,,instructions,802145738,100.00,3.81,insn per cycle
19.453456000,3008033973,,cycles,802145448,100.00,,
19.553724185,30177,,rD044,802015914,100.00,,
19.553724185,75696186,,rFF44,802010628,100.00,,
19.553724185,11666596850,,instructions,802015008,100.00,3.88,insn per cycle
19.553724185,3007500576,,cycles,802009768,100.00,,
19.653991270,33974,,rD044,802122474,100.00,,
19.653991270,73413717,,rFF44,802119660,100.00,,
19.653991270,11392920924,,instructions,802119431,100.00,3.79,insn per cycle
19.653991270,3007961833,,cycles,802133258,100.00,,
19.754258845,31490,,rD044,802150938,100.00,,
19.754258845,76201340,,rFF44,802157858,100.00,,
19.754258845,11735858329,,instructions,802150277,100.00,3.90,insn per cycle
19.754258845,3008018880,,cycles,802140060,100.00,,
19.854530270,34160,,rD044,802158338,100.00,,
19.854530270,74173105,,rFF44,802166788,100.00,,
19.854530270,11479930000,,instructions,802176418,100.00,3.82,insn per cycle
19.854530270,3008150402,,cycles,802176608,100.00,,
19.954799975,30557,,rD044,802154258,100.00,,
19.954799975,75763160,,rFF44,802145478,100.00,,
19.954799975,11669013342,,instructions,802146598,100.00,3.88,insn per cycle
19.954799975,3008053374,,cycles,802150948,100.00,,
20.055083210,34054,,rD044,802239948,100.00,,
20.055083210,73856591,,rFF44,802235668,100.00,,
20.055083210,11444724368,,instructions,802234138,100.00,3.80,insn per cycle
20.055083210,3008344422,,cycles,802227528,100.00,,
20.155351535,30741,,rD044,802161245,100.00,,
20.155351535,75875293,,rFF44,802174198,100.00,,
20.155351535,11694211911,,instructions,802169748,100.00,3.89,insn per cycle
20.155351535,3008129821,,cycles,802171358,100.00,,
20.255620620,34037,,rD044,802141003,100.00,,
20.255620620,73941451,,rFF44,802143110,100.00,,
20.255620620,11464482525,,instructions,802148434,100.00,3.81,insn per cycle
20.255620620,3008061382,,cycles,802152148,100.00,,
20.355890225,35000,,rD044,802141728,100.00,,
20.355890225,75051165,,rFF44,802205768,100.00,,
20.355890225,11602178133,,instructions,802419574,100.00,3.86,insn per cycle
20.355890225,3009062118,,cycles,802419897,100.00,,
20.456193610,30752,,rD044,802417618,100.00,,
20.456193610,75519145,,rFF44,802343358,100.00,,
20.456193610,11646883148,,instructions,802132698,100.00,3.87,insn per cycle
20.456193610,3007978322,,cycles,802130451,100.00,,
20.556467725,34207,,rD044,802079478,100.00,,
20.556467725,73491448,,rFF44,802076228,100.00,,
20.556467725,11400435368,,instructions,802071778,100.00,3.79,insn per cycle
20.556467725,3007746080,,cycles,802075158,100.00,,
20.656736990,30295,,rD044,802131828,100.00,,
20.656736990,75985726,,rFF44,802134278,100.00,,
20.656736990,11722583267,,instructions,802134718,100.00,3.90,insn per cycle
20.656736990,3007940870,,cycles,802124238,100.00,,
20.757003325,34619,,rD044,802130658,100.00,,
20.757003325,74727322,,rFF44,802139798,100.00,,
20.757003325,11552895282,,instructions,802141888,100.00,3.84,insn per cycle
20.757003325,3008030828,,cycles,802143918,100.00,,
20.857273720,30285,,rD044,802162260,100.00,,
20.857273720,75808470,,rFF44,802166647,100.00,,
20.857273720,11686953941,,instructions,802168028,100.00,3.89,insn per cycle
20.857273720,3008118448,,cycles,802168458,100.00,,
20.957548865,33953,,rD044,802200898,100.00,,
20.957548865,73848957,,rFF44,802198351,100.00,,
20.957548865,11439030387,,instructions,802192310,100.00,3.80,insn per cycle
20.957548865,3008233144,,cycles,802198087,100.00,,
21.057819990,30437,,rD044,802141318,100.00,,
21.057819990,76003402,,rFF44,802131358,100.00,,
21.057819990,11708268844,,instructions,802131288,100.00,3.89,insn per cycle
21.057819990,3007977947,,cycles,802130511,100.00,,
21.158102555,34745,,rD044,802261068,100.00,,
21.158102555,74792465,,rFF44,802262758,100.00,,
21.158102555,11559766499,,instructions,802269508,100.00,3.84,insn per cycle
21.158102555,3008484563,,cycles,802265228,100.00,,
21.258374180,30822,,rD044,802168688,100.00,,
21.258374180,75851785,,rFF44,802165988,100.00,,
21.258374180,11681880392,,instructions,802162908,100.00,3.88,insn per cycle
21.258374180,3008102062,,cycles,802162538,100.00,,
21.358641145,34346,,rD044,802136338,100.00,,
21.358641145,74586316,,rFF44,802145308,100.00,,
21.358641145,11538211628,,instructions,802150438,100.00,3.84,insn per cycle
21.358641145,3008070526,,cycles,802155828,100.00,,
21.458915410,29988,,rD044,802253435,100.00,,
21.458915410,75687746,,rFF44,802473748,100.00,,
21.458915410,11663108100,,instructions,802476358,100.00,3.88,insn per cycle
21.458915410,3009287477,,cycles,802479568,100.00,,
21.559223356,33934,,rD044,802271773,100.00,,
21.559223356,74047841,,rFF44,802048558,100.00,,
21.559223356,11467946613,,instructions,802033758,100.00,3.81,insn per cycle
21.559223356,3007566962,,cycles,802028498,100.00,,
21.659494161,30405,,rD044,802127808,100.00,,
21.659494161,75679510,,rFF44,802125750,100.00,,
21.659494161,11670973303,,instructions,802132820,100.00,3.88,insn per cycle
21.659494161,3007963387,,cycles,802132456,100.00,,
21.759764876,34884,,rD044,802088188,100.00,,
21.759764876,74458231,,rFF44,802084638,100.00,,
21.759764876,11535734308,,instructions,802079998,100.00,3.84,insn per cycle
21.759764876,3007603971,,cycles,802083062,100.00,,
21.860034101,34503,,rD044,802141928,100.00,,
21.860034101,74717647,,rFF44,802140738,100.00,,
21.860034101,11561651147,,instructions,802149818,100.00,3.84,insn per cycle
21.860034101,3008047967,,cycles,802148878,100.00,,
21.960302546,29781,,rD044,802152538,100.00,,
21.960302546,75776049,,rFF44,802167638,100.00,,
21.960302546,11692009342,,instructions,802162678,100.00,3.89,insn per cycle
21.960302546,3008117709,,cycles,802167748,100.00,,
22.060575561,35246,,rD044,802173758,100.00,,
22.060575561,74507679,,rFF44,802174728,100.00,,
22.060575561,11531110891,,instructions,802183308,100.00,3.83,insn per cycle
22.060575561,3008178105,,cycles,802185578,100.00,,
22.160853846,31160,,rD044,802214341,100.00,,
22.160853846,76008675,,rFF44,802198308,100.00,,
22.160853846,11719500281,,instructions,802194838,100.00,3.90,insn per cycle
22.160853846,3008433440,,cycles,802251298,100.00,,
22.261133561,34249,,rD044,802235867,100.00,,
22.261133561,74125171,,rFF44,802235940,100.00,,
22.261133561,11482356000,,instructions,802232154,100.00,3.82,insn per cycle
22.261133561,3008126362,,cycles,802170338,100.00,,
22.361401426,30799,,rD044,802130218,100.00,,
22.361401426,75963626,,rFF44,802129298,100.00,,
22.361401426,11703749023,,instructions,802122734,100.00,3.89,insn per cycle
22.361401426,3007941158,,cycles,802120160,100.00,,
22.461668871,34406,,rD044,802143808,100.00,,
22.461668871,74924576,,rFF44,802151858,100.00,,
22.461668871,11571622581,,instructions,802159918,100.00,3.85,insn per cycle
22.461668871,3008095931,,cycles,802161978,100.00,,
22.561946856,29955,,rD044,802089227,100.00,,
22.561946856,75706184,,rFF44,802096207,100.00,,
22.561946856,11657620670,,instructions,802106127,100.00,3.88,insn per cycle
22.561946856,3007872240,,cycles,802110107,100.00,,
22.662221361,34417,,rD044,802169238,100.00,,
22.662221361,74696640,,rFF44,802164658,100.00,,
22.662221361,11550070210,,instructions,802150508,100.00,3.84,insn per cycle
22.662221361,3008010776,,cycles,802144408,100.00,,
22.762493776,31055,,rD044,802181675,100.00,,
22.762493776,75625700,,rFF44,802185598,100.00,,
22.762493776,11653336508,,instructions,802195098,100.00,3.87,insn per cycle
22.762493776,3008236809,,cycles,802199568,100.00,,
22.862766571,34741,,rD044,802177893,100.00,,
22.862766571,74024956,,rFF44,802172410,100.00,,
22.862766571,11469459537,,instructions,802163717,100.00,3.81,insn per cycle
22.862766571,3008126164,,cycles,802170218,100.00,,
22.963080296,30687,,rD044,802504108,100.00,,
22.963080296,75977343,,rFF44,802509218,100.00,,
22.963080296,11714273254,,instructions,802520837,100.00,3.89,insn per cycle
22.963080296,3009428618,,cycles,802516078,100.00,,
23.063357051,34639,,rD044,802209818,100.00,,
23.063357051,74748795,,rFF44,802215278,100.00,,
23.063357051,11565938712,,instructions,802204272,100.00,3.84,insn per cycle
23.063357051,3008228152,,cycles,802197640,100.00,,
23.163627286,34930,,rD044,802130328,100.00,,
23.163627286,75119950,,rFF44,802107948,100.00,,
23.163627286,11619430262,,instructions,802107508,100.00,3.86,insn per cycle
23.163627286,3007850270,,cycles,802096418,100.00,,
23.263895531,29774,,rD044,802185068,100.00,,
23.263895531,75710902,,rFF44,802285838,100.00,,
23.263895531,11681546596,,instructions,802292098,100.00,3.88,insn per cycle
23.263895531,3008646846,,cycles,802308578,100.00,,
23.364183706,35133,,rD044,802257948,100.00,,
23.364183706,74162692,,rFF44,802159588,100.00,,
23.364183706,11485083311,,instructions,802154378,100.00,3.82,insn per cycle
23.364183706,3008027740,,cycles,802143938,100.00,,
23.464450471,30644,,rD044,802138798,100.00,,
23.464450471,75865929,,rFF44,802147628,100.00,,
23.464450471,11699128695,,instructions,802146218,100.00,3.89,insn per cycle
23.464450471,3008051394,,cycles,802149288,100.00,,
23.564721266,34493,,rD044,802055179,100.00,,
23.564721266,74891920,,rFF44,802055302,100.00,,
23.564721266,11576056509,,instructions,802054927,100.00,3.85,insn per cycle
23.564721266,3007692230,,cycles,802061797,100.00,,
23.664991251,30313,,rD044,802117828,100.00,,
23.664991251,75891631,,rFF44,802116005,100.00,,
23.664991251,11692308387,,instructions,802119450,100.00,3.89,insn per cycle
23.664991251,3007903494,,cycles,802114990,100.00,,
23.765264346,34710,,rD044,802184298,100.00,,
23.765264346,74989663,,rFF44,802186328,100.00,,
23.765264346,11586246425,,instructions,802180948,100.00,3.85,insn per cycle
23.765264346,3008189510,,cycles,802187038,100.00,,
23.865536441,31099,,rD044,802162288,100.00,,
23.865536441,75874214,,rFF44,802152998,100.00,,
23.865536441,11683985186,,instructions,802151058,100.00,3.88,insn per cycle
23.865536441,3008026713,,cycles,802142768,100.00,,
23.965803666,35179,,rD044,802143348,100.00,,
23.965803666,74743195,,rFF44,802150098,100.00,,
23.965803666,11558429951,,instructions,802151428,100.00,3.84,insn per cycle
23.965803666,3008110241,,cycles,802166138,100.00,,
24.066088091,30783,,rD044,802267868,100.00,,
24.066088091,76018732,,rFF44,802266198,100.00,,
24.066088091,11712309270,,instructions,802278658,100.00,3.89,insn per cycle
24.066088091,3008506770,,cycles,802271188,100.00,,
24.166362616,34659,,rD044,802187650,100.00,,
24.166362616,74932463,,rFF44,802188188,100.00,,
24.166362616,11582405414,,instructions,802183898,100.00,3.85,insn per cycle
24.166362616,3008171200,,cycles,802182118,100.00,,
24.266633871,30612,,rD044,802173968,100.00,,
24.266633871,75840912,,rFF44,802177020,100.00,,
24.266633871,11694192282,,instructions,802173680,100.00,3.89,insn per cycle
24.266633871,3008145542,,cycles,802174457,100.00,,
24.366909686,34791,,rD044,802215808,100.00,,
24.366909686,74222249,,rFF44,802449018,100.00,,
24.366909686,11494790195,,instructions,802452438,100.00,3.82,insn per cycle
24.366909686,3009161429,,cycles,802445744,100.00,,
24.467210142,34367,,rD044,802379288,100.00,,
24.467210142,74866626,,rFF44,802144868,100.00,,
24.467210142,11574287112,,instructions,802139378,100.00,3.85,insn per cycle
24.467210142,3008017805,,cycles,802141185,100.00,,
24.567480127,30075,,rD044,802038847,100.00,,
24.567480127,75703154,,rFF44,802045367,100.00,,
24.567480127,11680332967,,instructions,802050347,100.00,3.88,insn per cycle
24.567480127,3007649297,,cycles,802049817,100.00,,
24.667752692,34750,,rD044,802159718,100.00,,
24.667752692,74098220,,rFF44,802146308,100.00,,
24.667752692,11479441724,,instructions,802143058,100.00,3.82,insn per cycle
24.667752692,3008044288,,cycles,802148278,100.00,,
24.768023327,31191,,rD044,802154437,100.00,,
24.768023327,75773676,,rFF44,802160107,100.00,,
24.768023327,11685143153,,instructions,802158437,100.00,3.88,insn per cycle
24.768023327,3008042486,,cycles,802152987,100.00,,
24.868294862,34959,,rD044,802171440,100.00,,
24.868294862,75276105,,rFF44,802184015,100.00,,
24.868294862,11625402478,,instructions,802182048,100.00,3.86,insn per cycle
24.868294862,3008158809,,cycles,802178158,100.00,,
24.968568157,30751,,rD044,802181728,100.00,,
24.968568157,75863502,,rFF44,802172483,100.00,,
24.968568157,11688460394,,instructions,802171160,100.00,3.89,insn per cycle
24.968568157,3008144790,,cycles,802175373,100.00,,
25.068837522,34060,,rD044,802144188,100.00,,
25.068837522,74166466,,rFF44,802142648,100.00,,
25.068837522,11491269973,,instructions,802150788,100.00,3.82,insn per cycle
25.068837522,3008192676,,cycles,802186775,100.00,,
25.169118047,30483,,rD044,802231848,100.00,,
25.169118047,75750228,,rFF44,802230158,100.00,,
25.169118047,11665267498,,instructions,802230288,100.00,3.88,insn per cycle
25.169118047,3008205398,,cycles,802191908,100.00,,
25.269389972,33665,,rD044,802165808,100.00,,
25.269389972,74202109,,rFF44,802161758,100.00,,
25.269389972,11477688669,,instructions,802150568,100.00,3.82,insn per cycle
25.269389972,3008054216,,cycles,802149518,100.00,,
25.369659497,30520,,rD044,802161938,100.00,,
25.369659497,75946390,,rFF44,802172078,100.00,,
25.369659497,11699562222,,instructions,802184318,100.00,3.89,insn per cycle
25.369659497,3008206064,,cycles,802191658,100.00,,
25.469979172,34196,,rD044,802538328,100.00,,
25.469979172,73897217,,rFF44,802532388,100.00,,
25.469979172,11449434668,,instructions,802527518,100.00,3.80,insn per cycle
25.469979172,3009469591,,cycles,802528118,100.00,,
25.570247037,30772,,rD044,802028430,100.00,,
25.570247037,75635865,,rFF44,802039407,100.00,,
25.570247037,11660741555,,instructions,802036378,100.00,3.88,insn per cycle
25.570247037,3007587301,,cycles,802033418,100.00,,
25.670516022,34054,,rD044,802144238,100.00,,
25.670516022,74390077,,rFF44,802131311,100.00,,
25.670516022,11518106024,,instructions,802138200,100.00,3.83,insn per cycle
25.670516022,3008006261,,cycles,802137665,100.00,,
25.770793577,34915,,rD044,802129008,100.00,,
25.770793577,74592993,,rFF44,802140008,100.00,,
25.770793577,11549062238,,instructions,802138898,100.00,3.84,insn per cycle
25.770793577,3007813422,,cycles,802145923,100.00,,
25.871080912,31089,,rD044,802278088,100.00,,
25.871080912,75998555,,rFF44,802267118,100.00,,
25.871080912,11726220215,,instructions,802270278,100.00,3.90,insn per cycle
25.871080912,3008471353,,cycles,802261928,100.00,,
25.971350637,36017,,rD044,802153198,100.00,,
25.971350637,75587480,,rFF44,802152588,100.00,,
25.971350637,11671433169,,instructions,802151188,100.00,3.88,insn per cycle
25.971350637,3008067748,,cycles,802154658,100.00,,
26.071620322,30509,,rD044,802157878,100.00,,
26.071620322,75790378,,rFF44,802170988,100.00,,
26.071620322,11688753265,,instructions,802166738,100.00,3.89,insn per cycle
26.071620322,3008086985,,cycles,802159308,100.00,,
26.171891727,34551,,rD044,802155174,100.00,,
26.171891727,75224050,,rFF44,802231558,100.00,,
26.171891727,11618136664,,instructions,802240968,100.00,3.86,insn per cycle
26.171891727,3008395208,,cycles,802242218,100.00,,
26.272172632,30640,,rD044,802253404,100.00,,
26.272172632,76080516,,rFF44,802171660,100.00,,
26.272172632,11723094076,,instructions,802159418,100.00,3.90,insn per cycle
26.272172632,3008105232,,cycles,802163238,100.00,,
26.372446987,35658,,rD044,802178658,100.00,,
26.372446987,74513540,,rFF44,802167378,100.00,,
26.372446987,11525411262,,instructions,802165380,100.00,3.83,insn per cycle
26.372446987,3008095613,,cycles,802162340,100.00,,
26.472716062,30251,,rD044,802141818,100.00,,
26.472716062,75925672,,rFF44,802142848,100.00,,
26.472716062,11691681356,,instructions,802147068,100.00,3.89,insn per cycle
26.472716062,3008082197,,cycles,802157588,100.00,,
26.572987468,33724,,rD044,802058798,100.00,,
26.572987468,74212710,,rFF44,802072298,100.00,,
26.572987468,11485518925,,instructions,802081408,100.00,3.82,insn per cycle
26.572987468,3007752189,,cycles,802077778,100.00,,
26.673261583,29809,,rD044,802181958,100.00,,
26.673261583,75886767,,rFF44,802169028,100.00,,
26.673261583,11688949939,,instructions,802153938,100.00,3.89,insn per cycle
26.673261583,3008045910,,cycles,802147858,100.00,,
26.773530377,35424,,rD044,802129557,100.00,,
26.773530377,74169465,,rFF44,802136588,100.00,,
26.773530377,11484558901,,instructions,802139498,100.00,3.82,insn per cycle
26.773530377,3008008262,,cycles,802145818,100.00,,
26.873804082,30255,,rD044,802191701,100.00,,
26.873804082,75857335,,rFF44,802192293,100.00,,
26.873804082,11694922270,,instructions,802195208,100.00,3.89,insn per cycle
26.873804082,3008198542,,cycles,802188728,100.00,,
26.974090038,34207,,rD044,802274448,100.00,,
26.974090038,74732305,,rFF44,802277865,100.00,,
26.974090038,11560822268,,instructions,802286010,100.00,3.84,insn per cycle
26.974090038,3008600618,,cycles,802296857,100.00,,
27.074363803,34532,,rD044,802176058,100.00,,
27.074363803,74369177,,rFF44,802161748,100.00,,
27.074363803,11510714110,,instructions,802159018,100.00,3.83,insn per cycle
27.074363803,3008055893,,cycles,802151201,100.00,,
27.174632368,32031,,rD044,802155068,100.00,,
27.174632368,75802201,,rFF44,802168498,100.00,,
27.174632368,11695892744,,instructions,802162088,100.00,3.89,insn per cycle
27.174632368,3008096896,,cycles,802162698,100.00,,
27.274926903,34586,,rD044,802404048,100.00,,
27.274926903,74346470,,rFF44,802588688,100.00,,
27.274926903,11509980726,,instructions,802593438,100.00,3.82,insn per cycle
27.274926903,3009700679,,cycles,802589788,100.00,,
27.375231998,29935,,rD044,802376318,100.00,,
27.375231998,75826789,,rFF44,802193188,100.00,,
27.375231998,11695909089,,instructions,802186518,100.00,3.89,insn per cycle
27.375231998,3008208739,,cycles,802191838,100.00,,
27.475502073,34631,,rD044,802143798,100.00,,
27.475502073,74535048,,rFF44,802136018,100.00,,
27.475502073,11536604321,,instructions,802139378,100.00,3.84,insn per cycle
27.475502073,3007989040,,cycles,802133148,100.00,,
27.575771228,30390,,rD044,802028871,100.00,,
27.575771228,75720291,,rFF44,802030998,100.00,,
27.575771228,11670690446,,instructions,802028998,100.00,3.88,insn per cycle
27.575771228,3007575741,,cycles,802029108,100.00,,
27.676054583,35695,,rD044,801078883,100.00,,
27.676054583,74785885,,rFF44,801081406,100.00,,
27.676054583,11566435289,,instructions,801088712,100.00,3.85,insn per cycle
27.676054583,3004069550,,cycles,801093064,100.00,,
27.776326748,30766,,rD044,802159988,100.00,,
27.776326748,75918936,,rFF44,802156248,100.00,,
27.776326748,11691710094,,instructions,802150182,100.00,3.89,insn per cycle
27.776326748,3008028709,,cycles,802150400,100.00,,
27.876597403,34139,,rD044,802169148,100.00,,
27.876597403,73773451,,rFF44,802183258,100.00,,
27.876597403,11432163207,,instructions,802185878,100.00,3.80,insn per cycle
27.876597403,3008192237,,cycles,802187598,100.00,,
27.976873368,30228,,rD044,802183798,100.00,,
27.976873368,75886619,,rFF44,802171078,100.00,,
27.976873368,11688359317,,instructions,802253378,100.00,3.89,insn per cycle
27.976873368,3008464718,,cycles,802260028,100.00,,
28.077155313,34369,,rD044,802261918,100.00,,
28.077155313,74297417,,rFF44,802270138,100.00,,
28.077155313,11502029781,,instructions,802184408,100.00,3.82,insn per cycle
28.077155313,3008152595,,cycles,802176848,100.00,,
28.177427408,30736,,rD044,802169038,100.00,,
28.177427408,75755100,,rFF44,802168668,100.00,,
28.177427408,11676732742,,instructions,802170468,100.00,3.88,insn per cycle
28.177427408,3008124077,,cycles,802169078,100.00,,
28.277700933,34324,,rD044,802190140,100.00,,
28.277700933,74591158,,rFF44,802182037,100.00,,
28.277700933,11541606348,,instructions,802178498,100.00,3.84,insn per cycle
28.277700933,3008157590,,cycles,802178078,100.00,,
28.377972198,33561,,rD044,802145618,100.00,,
28.377972198,74180846,,rFF44,802139041,100.00,,
28.377972198,11492980084,,instructions,802149430,100.00,3.82,insn per cycle
28.377972198,3008046780,,cycles,802149414,100.00,,
28.478240643,30436,,rD044,802145418,100.00,,
28.478240643,76167340,,rFF44,802147068,100.00,,
28.478240643,11750603533,,instructions,802142888,100.00,3.91,insn per cycle
28.478240643,3008032547,,cycles,802144794,100.00,,
28.578506888,34234,,rD044,802026288,100.00,,
28.578506888,74170614,,rFF44,802044488,100.00,,
28.578506888,11489976299,,instructions,802040038,100.00,3.82,insn per cycle
28.578506888,3007603226,,cycles,802037308,100.00,,
28.678778443,30448,,rD044,802160408,100.00,,
28.678778443,75918133,,rFF44,802157338,100.00,,
28.678778443,11711738448,,instructions,802158128,100.00,3.89,insn per cycle
28.678778443,3008090858,,cycles,802160438,100.00,,
28.779097949,34238,,rD044,802519428,100.00,,
28.779097949,73986095,,rFF44,802510408,100.00,,
28.779097949,11467103476,,instructions,802519098,100.00,3.81,insn per cycle
28.779097949,3009409019,,cycles,802519048,100.00,,
28.879369664,30515,,rD044,802165638,100.00,,
28.879369664,76009053,,rFF44,802164788,100.00,,
28.879369664,11717426487,,instructions,802151428,100.00,3.90,insn per cycle
28.879369664,3008037405,,cycles,802146258,100.00,,
28.955050203,209019,,rD044,581700679,100.00,,
28.955050203,44016741,,rFF44,581484319,100.00,,
28.955050203,6943930909,,instructions,581322269,100.00,3.19,insn per cycle
28.955050203,2179227858,,cycles,581158509,100.00,,
