0.100112077,4625394,,rD044,92427295,100.00,,
0.100112077,20387152,,rFF44,92433035,100.00,,
0.100112077,442254997,,instructions,92437545,100.00,1.29,insn per cycle
0.100112077,342730143,,cycles,92442995,100.00,,
0.200380815,5490951,,rD044,100266995,100.00,,
0.200380815,23936577,,rFF44,100267085,100.00,,
0.200380815,504420434,,instructions,100266715,100.00,1.34,insn per cycle
0.200380815,375995256,,cycles,100265885,100.00,,
0.300595413,5482593,,rD044,100213265,100.00,,
0.300595413,23952936,,rFF44,100213845,100.00,,
0.300595413,504559150,,instructions,100214595,100.00,1.34,insn per cycle
0.300595413,375807029,,cycles,100215705,100.00,,
0.400810831,6770835,,rD044,100215465,100.00,,
0.400810831,29084461,,rFF44,100216155,100.00,,
0.400810831,81174971,,instructions,100215445,100.00,0.22,insn per cycle
0.400810831,375801619,,cycles,100214235,100.00,,
0.501028479,6909112,,rD044,100215924,100.00,,
0.501028479,29954222,,rFF44,100215344,100.00,,
0.501028479,37400438,,instructions,100216304,100.00,0.10,insn per cycle
0.501028479,375810007,,cycles,100216494,100.00,,
0.601259637,3196857,,rD044,902187076,100.00,,
0.601259637,91981481,,rFF44,903269827,100.00,,
0.601259637,12177207375,,instructions,903982637,100.00,3.59,insn per cycle
0.601259637,3391250220,,cycles,904687417,100.00,,
0.701671767,60922,,rD044,1606439411,100.00,,
0.701671767,141404876,,rFF44,1606329714,100.00,,
0.701671767,22041874653,,instructions,1606294946,100.00,3.66,insn per cycle
0.701671767,6023338325,,cycles,1606232236,100.00,,
0.802049517,61400,,rD044,1606017646,100.00,,
0.802049517,145842591,,rFF44,1605945452,100.00,,
0.802049517,22580115001,,instructions,1605944230,100.00,3.75,insn per cycle
0.802049517,6022303505,,cycles,1605960734,100.00,,
0.902427276,58018,,rD044,1605891940,100.00,,
0.902427276,143512004,,rFF44,1605902926,100.00,,
0.902427276,22286217366,,instructions,1605896156,100.00,3.70,insn per cycle
0.902427276,6022054307,,cycles,1605891252,100.00,,
1.002799626,56728,,rD044,1605840134,100.00,,
1.002799626,141866636,,rFF44,1605829298,100.00,,
1.002799626,22085415751,,instructions,1605824918,100.00,3.67,insn per cycle
1.002799626,6021619890,,cycles,1605803984,100.00,,
1.103159895,56650,,rD044,1605676814,100.00,,
1.103159895,142659888,,rFF44,1605613116,100.00,,
1.103159895,22208127371,,instructions,1605638726,100.00,3.69,insn per cycle
1.103159895,6021180852,,cycles,1605663520,100.00,,
1.203514395,56597,,rD044,1605719222,100.00,,
1.203514395,144892263,,rFF44,1605745220,100.00,,
1.203514395,22467799508,,instructions,1605752172,100.00,3.73,insn per cycle
1.203514395,6021493543,,cycles,1605743396,100.00,,
1.303879244,56906,,rD044,1605803157,100.00,,
1.303879244,145110766,,rFF44,1605797135,100.00,,
1.303879244,22496515970,,instructions,1605769263,100.00,3.74,insn per cycle
1.303879244,6022012230,,cycles,1605886769,100.00,,
1.404249304,56197,,rD044,1605885338,100.00,,
1.404249304,146265971,,rFF44,1605933660,100.00,,
1.404249304,22647581450,,instructions,1605941711,100.00,3.76,insn per cycle
1.404249304,6022022317,,cycles,1605880016,100.00,,
1.504621963,56135,,rD044,1605874905,100.00,,
1.504621963,145258050,,rFF44,1605865896,100.00,,
1.504621963,22511874830,,instructions,1605863105,100.00,3.74,insn per cycle
1.504621963,6021651332,,cycles,1605786720,100.00,,
1.604986563,55159,,rD044,1605817801,100.00,,
1.604986563,141153087,,rFF44,1605992648,100.00,,
1.604986563,22023454901,,instructions,1605929496,100.00,3.66,insn per cycle
1.604986563,6022130769,,cycles,1605914186,100.00,,
1.705351922,57218,,rD044,1605761046,100.00,,
1.705351922,146063255,,rFF44,1605511868,100.00,,
1.705351922,22615391896,,instructions,1605566690,100.00,3.76,insn per cycle
1.705351922,6021020584,,cycles,1605617620,100.00,,
1.805703882,54917,,rD044,1605617500,100.00,,
1.805703882,142922125,,rFF44,1605702597,100.00,,
1.805703882,22200803590,,instructions,1605723736,100.00,3.69,insn per cycle
1.805703882,6021179300,,cycles,1605676476,100.00,,
1.906070751,55531,,rD044,1605783336,100.00,,
1.906070751,141479905,,rFF44,1605747029,100.00,,
1.906070751,22057424757,,instructions,1605767690,100.00,3.66,insn per cycle
1.906070751,6021722227,,cycles,1605810773,100.00,,
2.006479991,55677,,rD044,1606548359,100.00,,
2.006479991,144594325,,rFF44,1606562846,100.00,,
2.006479991,22441971867,,instructions,1606539716,100.00,3.73,insn per cycle
2.006479991,6024433422,,cycles,1606523303,100.00,,
2.106830881,58141,,rD044,1605499206,100.00,,
2.106830881,143287847,,rFF44,1605497689,100.00,,
2.106830881,22251230974,,instructions,1605475115,100.00,3.70,insn per cycle
2.106830881,6020479477,,cycles,1605488365,100.00,,
2.207225340,56347,,rD044,1606237506,100.00,,
2.207225340,141760622,,rFF44,1606196726,100.00,,
2.207225340,22074570376,,instructions,1606176330,100.00,3.67,insn per cycle
2.207225340,6023040788,,cycles,1606152000,100.00,,
2.307577630,57893,,rD044,1605580970,100.00,,
2.307577630,141005632,,rFF44,1605640064,100.00,,
2.307577630,21979550188,,instructions,1605712166,100.00,3.65,insn per cycle
2.307577630,6021443376,,cycles,1605734936,100.00,,
2.407939539,56649,,rD044,1605781046,100.00,,
2.407939539,143781040,,rFF44,1605742252,100.00,,
2.407939539,22346859119,,instructions,1605909440,100.00,3.71,insn per cycle
2.407939539,6022217650,,cycles,1605932762,100.00,,
2.508313469,55860,,rD044,1605876940,100.00,,
2.508313469,144479437,,rFF44,1605884661,100.00,,
2.508313469,22423640462,,instructions,1605686366,100.00,3.72,insn per cycle
2.508313469,6021132339,,cycles,1605648814,100.00,,
2.608672478,55696,,rD044,1605727026,100.00,,
2.608672478,144001295,,rFF44,1605670045,100.00,,
2.608672478,22348768798,,instructions,1605627790,100.00,3.71,insn per cycle
2.608672478,6021104948,,cycles,1605636161,100.00,,
2.709018908,56774,,rD044,1605547399,100.00,,
2.709018908,146210078,,rFF44,1605643171,100.00,,
2.709018908,22653930640,,instructions,1605662915,100.00,3.76,insn per cycle
2.709018908,6021225462,,cycles,1605676544,100.00,,
2.809380307,56775,,rD044,1605692906,100.00,,
2.809380307,147325970,,rFF44,1605674124,100.00,,
2.809380307,22793760785,,instructions,1605654380,100.00,3.79,insn per cycle
2.809380307,6020971706,,cycles,1605614463,100.00,,
2.909737866,54933,,rD044,1605658289,100.00,,
2.909737866,142289698,,rFF44,1605664432,100.00,,
2.909737866,22154998468,,instructions,1605698545,100.00,3.68,insn per cycle
2.909737866,6021327668,,cycles,1605701422,100.00,,
3.010102946,55415,,rD044,1605805716,100.00,,
3.010102946,140794161,,rFF44,1605785783,100.00,,
3.010102946,21938867237,,instructions,1605804880,100.00,3.64,insn per cycle
3.010102946,6021754568,,cycles,1605814649,100.00,,
3.110454855,54385,,rD044,1605484870,100.00,,
3.110454855,141281480,,rFF44,1605448713,100.00,,
3.110454855,21995393364,,instructions,1605448366,100.00,3.65,insn per cycle
3.110454855,6020518999,,cycles,1605492887,100.00,,
3.210813765,55011,,rD044,1605727846,100.00,,
3.210813765,144134135,,rFF44,1605684733,100.00,,
3.210813765,22355643987,,instructions,1605615050,100.00,3.71,insn per cycle
3.210813765,6020902132,,cycles,1605581834,100.00,,
3.311159064,56138,,rD044,1605433890,100.00,,
3.311159064,143503701,,rFF44,1605460900,100.00,,
3.311159064,22295725195,,instructions,1605543036,100.00,3.70,insn per cycle
3.311159064,6020759875,,cycles,1605549252,100.00,,
3.411512413,54115,,rD044,1605665186,100.00,,
3.411512413,140521297,,rFF44,1605702696,100.00,,
3.411512413,21922592891,,instructions,1605661980,100.00,3.64,insn per cycle
3.411512413,6021078879,,cycles,1605632580,100.00,,
3.511870303,55672,,rD044,1605707910,100.00,,
3.511870303,142486867,,rFF44,1605712252,100.00,,
3.511870303,22184669754,,instructions,1605746096,100.00,3.68,insn per cycle
3.511870303,6021786923,,cycles,1605823936,100.00,,
3.612240142,55734,,rD044,1605874346,100.00,,
3.612240142,144282889,,rFF44,1605837364,100.00,,
3.612240142,22388571849,,instructions,1605799560,100.00,3.72,insn per cycle
3.612240142,6021522516,,cycles,1605747059,100.00,,
3.712595202,55509,,rD044,1605639469,100.00,,
3.712595202,143080335,,rFF44,1605669735,100.00,,
3.712595202,22244863306,,instructions,1605670215,100.00,3.69,insn per cycle
3.712595202,6021136252,,cycles,1605649576,100.00,,
3.812940301,54188,,rD044,1605452756,100.00,,
3.812940301,139117631,,rFF44,1605383560,100.00,,
3.812940301,21749033261,,instructions,1605441090,100.00,3.61,insn per cycle
3.812940301,6020558146,,cycles,1605498415,100.00,,
3.913344511,58188,,rD044,1606388229,100.00,,
3.913344511,143395644,,rFF44,1606471105,100.00,,
3.913344511,22262322634,,instructions,1606427385,100.00,3.70,insn per cycle
3.913344511,6023784644,,cycles,1606395410,100.00,,
4.013708820,57121,,rD044,1605671186,100.00,,
4.013708820,142346976,,rFF44,1605655830,100.00,,
4.013708820,22151581095,,instructions,1605640572,100.00,3.68,insn per cycle
4.013708820,6020965877,,cycles,1605650296,100.00,,
4.114062630,60151,,rD044,1604907967,100.00,,
4.114062630,144447314,,rFF44,1604827072,100.00,,
4.114062630,22425594517,,instructions,1604835900,100.00,3.73,insn per cycle
4.114062630,6017938435,,cycles,1604828726,100.00,,
4.214413749,57838,,rD044,1605554705,100.00,,
4.214413749,147338124,,rFF44,1605633800,100.00,,
4.214413749,22784834382,,instructions,1605620909,100.00,3.78,insn per cycle
4.214413749,6020894296,,cycles,1605602606,100.00,,
4.314776659,55196,,rD044,1605759962,100.00,,
4.314776659,141631508,,rFF44,1605770836,100.00,,
4.314776659,22074043257,,instructions,1605824647,100.00,3.67,insn per cycle
4.314776659,6021839324,,cycles,1605831260,100.00,,
4.415134388,55756,,rD044,1605667693,100.00,,
4.415134388,142622231,,rFF44,1605642959,100.00,,
4.415134388,22194153870,,instructions,1605635052,100.00,3.69,insn per cycle
4.415134388,6021178393,,cycles,1605661125,100.00,,
4.515499268,54790,,rD044,1605896346,100.00,,
4.515499268,141660858,,rFF44,1605973026,100.00,,
4.515499268,22071559113,,instructions,1605973103,100.00,3.67,insn per cycle
4.515499268,6022196222,,cycles,1605926790,100.00,,
4.615863337,56994,,rD044,1605683839,100.00,,
4.615863337,143413083,,rFF44,1605623952,100.00,,
4.615863337,22268297117,,instructions,1605586545,100.00,3.70,insn per cycle
4.615863337,6020955695,,cycles,1605602565,100.00,,
4.716249197,56840,,rD044,1606231816,100.00,,
4.716249197,145375915,,rFF44,1606256883,100.00,,
4.716249197,22537561573,,instructions,1606238660,100.00,3.74,insn per cycle
4.716249197,6023290677,,cycles,1606218438,100.00,,
4.816600656,54448,,rD044,1605480950,100.00,,
4.816600656,139321791,,rFF44,1605431823,100.00,,
4.816600656,21788500650,,instructions,1605410676,100.00,3.62,insn per cycle
4.816600656,6020242051,,cycles,1605418898,100.00,,
4.916953705,56238,,rD044,1605647296,100.00,,
4.916953705,143151990,,rFF44,1605770993,100.00,,
4.916953705,22259256424,,instructions,1605961110,100.00,3.70,insn per cycle
4.916953705,6022479651,,cycles,1606002131,100.00,,
5.017333715,56322,,rD044,1606036654,100.00,,
5.017333715,144238608,,rFF44,1605960046,100.00,,
5.017333715,22387353843,,instructions,1605777396,100.00,3.72,insn per cycle
5.017333715,6021484636,,cycles,1605742345,100.00,,
5.117686035,56273,,rD044,1605531202,100.00,,
5.117686035,145857225,,rFF44,1605537090,100.00,,
5.117686035,22582422943,,instructions,1605605460,100.00,3.75,insn per cycle
5.117686035,6021060620,,cycles,1605641664,100.00,,
5.218061934,55567,,rD044,1605947186,100.00,,
5.218061934,141263060,,rFF44,1605916265,100.00,,
5.218061934,21985315637,,instructions,1605864285,100.00,3.65,insn per cycle
5.218061934,6021924284,,cycles,1605859791,100.00,,
5.318421264,57881,,rD044,1605741349,100.00,,
5.318421264,144396999,,rFF44,1605769730,100.00,,
5.318421264,22419429905,,instructions,1605854568,100.00,3.72,insn per cycle
5.318421264,6021909299,,cycles,1605849786,100.00,,
5.418784823,56207,,rD044,1605720440,100.00,,
5.418784823,143787035,,rFF44,1605703496,100.00,,
5.418784823,22337515232,,instructions,1605637028,100.00,3.71,insn per cycle
5.418784823,6020812548,,cycles,1605563850,100.00,,
5.519138522,56445,,rD044,1605707376,100.00,,
5.519138522,145338601,,rFF44,1605730380,100.00,,
5.519138522,22533724199,,instructions,1605721460,100.00,3.74,insn per cycle
5.519138522,6021671716,,cycles,1605786706,100.00,,
5.619503002,57827,,rD044,1605747162,100.00,,
5.619503002,146499922,,rFF44,1605749216,100.00,,
5.619503002,22673782546,,instructions,1605789186,100.00,3.77,insn per cycle
5.619503002,6021852532,,cycles,1605844200,100.00,,
5.719890792,58030,,rD044,1606171294,100.00,,
5.719890792,144248145,,rFF44,1606177699,100.00,,
5.719890792,22378707658,,instructions,1606179096,100.00,3.72,insn per cycle
5.719890792,6023425565,,cycles,1606260296,100.00,,
5.820264301,56124,,rD044,1605891856,100.00,,
5.820264301,143750320,,rFF44,1605900497,100.00,,
5.820264301,22349591383,,instructions,1605907760,100.00,3.71,insn per cycle
5.820264301,6021453054,,cycles,1605737489,100.00,,
5.920630481,56343,,rD044,1605890582,100.00,,
5.920630481,143469600,,rFF44,1605861096,100.00,,
5.920630481,22290304937,,instructions,1605810666,100.00,3.70,insn per cycle
5.920630481,6021804457,,cycles,1605821877,100.00,,
6.020992600,54881,,rD044,1605717432,100.00,,
6.020992600,142011496,,rFF44,1605907668,100.00,,
6.020992600,22104078208,,instructions,1605909321,100.00,3.67,insn per cycle
6.020992600,6022099721,,cycles,1605912654,100.00,,
6.121363840,55249,,rD044,1605822526,100.00,,
6.121363840,140780454,,rFF44,1605576966,100.00,,
6.121363840,21963334957,,instructions,1605576543,100.00,3.65,insn per cycle
6.121363840,6020848985,,cycles,1605575530,100.00,,
6.221716789,59057,,rD044,1605506578,100.00,,
6.221716789,142978092,,rFF44,1605542558,100.00,,
6.221716789,22223367366,,instructions,1605534148,100.00,3.69,insn per cycle
6.221716789,6020519618,,cycles,1605504494,100.00,,
6.322066328,55811,,rD044,1605592945,100.00,,
6.322066328,140379989,,rFF44,1605592036,100.00,,
6.322066328,21914124784,,instructions,1605598536,100.00,3.64,insn per cycle
6.322066328,6021052940,,cycles,1605622210,100.00,,
6.422419118,54426,,rD044,1605533221,100.00,,
6.422419118,139866243,,rFF44,1605513660,100.00,,
6.422419118,21814328168,,instructions,1605529040,100.00,3.62,insn per cycle
6.422419118,6020780548,,cycles,1605554964,100.00,,
6.522771317,54429,,rD044,1605625722,100.00,,
6.522771317,139883223,,rFF44,1605624656,100.00,,
6.522771317,21827477702,,instructions,1605661886,100.00,3.63,insn per cycle
6.522771317,6021216286,,cycles,1605665532,100.00,,
6.623125917,55192,,rD044,1605633224,100.00,,
6.623125917,140263161,,rFF44,1605644380,100.00,,
6.623125917,21917224165,,instructions,1605551490,100.00,3.64,insn per cycle
6.623125917,6020530983,,cycles,1605488230,100.00,,
6.723474636,59921,,rD044,1605529220,100.00,,
6.723474636,145150452,,rFF44,1605528926,100.00,,
6.723474636,22525057098,,instructions,1605616826,100.00,3.74,insn per cycle
6.723474636,6021383768,,cycles,1605715066,100.00,,
6.823835685,56373,,rD044,1605797416,100.00,,
6.823835685,142474007,,rFF44,1605787750,100.00,,
6.823835685,22157771563,,instructions,1605728770,100.00,3.68,insn per cycle
6.823835685,6021282377,,cycles,1605682802,100.00,,
6.924217165,56904,,rD044,1606023058,100.00,,
6.924217165,143773558,,rFF44,1606069585,100.00,,
6.924217165,22343434197,,instructions,1606128995,100.00,3.71,insn per cycle
6.924217165,6022881246,,cycles,1606115173,100.00,,
7.024580394,55492,,rD044,1605761726,100.00,,
7.024580394,140346547,,rFF44,1605779699,100.00,,
7.024580394,21907921938,,instructions,1605844512,100.00,3.64,insn per cycle
7.024580394,6021939591,,cycles,1605871365,100.00,,
7.124942534,55256,,rD044,1605710143,100.00,,
7.124942534,139521380,,rFF44,1605659886,100.00,,
7.124942534,21808997479,,instructions,1605706473,100.00,3.62,insn per cycle
7.124942534,6021287078,,cycles,1605700600,100.00,,
7.225306794,56040,,rD044,1605787973,100.00,,
7.225306794,143711084,,rFF44,1605821550,100.00,,
7.225306794,22323729038,,instructions,1605683126,100.00,3.71,insn per cycle
7.225306794,6021266673,,cycles,1605679046,100.00,,
7.325664293,56405,,rD044,1605677765,100.00,,
7.325664293,145561348,,rFF44,1605655896,100.00,,
7.325664293,22567576727,,instructions,1605617210,100.00,3.75,insn per cycle
7.325664293,6020974898,,cycles,1605610050,100.00,,
7.426021232,57082,,rD044,1605794601,100.00,,
7.426021232,146268180,,rFF44,1605907666,100.00,,
7.426021232,22671918879,,instructions,1605939656,100.00,3.76,insn per cycle
7.426021232,6022351711,,cycles,1605966986,100.00,,
7.526397442,56930,,rD044,1605870186,100.00,,
7.526397442,145086127,,rFF44,1605781240,100.00,,
7.526397442,22505083710,,instructions,1605769130,100.00,3.74,insn per cycle
7.526397442,6021365985,,cycles,1605711940,100.00,,
7.626787262,55472,,rD044,1606225064,100.00,,
7.626787262,140726437,,rFF44,1606256756,100.00,,
7.626787262,21955897377,,instructions,1606285186,100.00,3.64,insn per cycle
7.626787262,6023662759,,cycles,1606318096,100.00,,
7.727147591,55253,,rD044,1605655851,100.00,,
7.727147591,139467699,,rFF44,1605565139,100.00,,
7.727147591,21787599363,,instructions,1605511309,100.00,3.62,insn per cycle
7.727147591,6020590037,,cycles,1605503452,100.00,,
7.827502131,57140,,rD044,1605668564,100.00,,
7.827502131,145803489,,rFF44,1605635146,100.00,,
7.827502131,22583429482,,instructions,1605625306,100.00,3.75,insn per cycle
7.827502131,6021140993,,cycles,1605644743,100.00,,
7.927858960,57694,,rD044,1605589042,100.00,,
7.927858960,143988280,,rFF44,1605700650,100.00,,
7.927858960,22358775909,,instructions,1605766332,100.00,3.71,insn per cycle
7.927858960,6021544812,,cycles,1605801896,100.00,,
8.028236240,59003,,rD044,1605950670,100.00,,
8.028236240,146628357,,rFF44,1605951766,100.00,,
8.028236240,22694277967,,instructions,1605930394,100.00,3.77,insn per cycle
8.028236240,6021966900,,cycles,1605888820,100.00,,
8.128589209,58973,,rD044,1605451136,100.00,,
8.128589209,144953204,,rFF44,1605384380,100.00,,
8.128589209,22486238692,,instructions,1605343256,100.00,3.74,insn per cycle
8.128589209,6019795888,,cycles,1605344486,100.00,,
8.228941818,57513,,rD044,1605626578,100.00,,
8.228941818,146890319,,rFF44,1605688836,100.00,,
8.228941818,22709115608,,instructions,1606217420,100.00,3.77,insn per cycle
8.228941818,6023231337,,cycles,1606209480,100.00,,
8.329330478,58649,,rD044,1606137328,100.00,,
8.329330478,146110348,,rFF44,1606063020,100.00,,
8.329330478,22633282115,,instructions,1605548726,100.00,3.76,insn per cycle
8.329330478,6020718212,,cycles,1605542746,100.00,,
8.429680437,56320,,rD044,1605607176,100.00,,
8.429680437,145326886,,rFF44,1605665126,100.00,,
8.429680437,22507235567,,instructions,1605716730,100.00,3.74,insn per cycle
8.429680437,6021492592,,cycles,1605738270,100.00,,
8.530047407,55451,,rD044,1605980169,100.00,,
8.530047407,141416154,,rFF44,1606027610,100.00,,
8.530047407,22028558360,,instructions,1606036225,100.00,3.66,insn per cycle
8.530047407,6022583146,,cycles,1606039975,100.00,,
8.630431027,56440,,rD044,1605972726,100.00,,
8.630431027,141781828,,rFF44,1605931345,100.00,,
8.630431027,22096434341,,instructions,1605903130,100.00,3.67,insn per cycle
8.630431027,6022057553,,cycles,1605893310,100.00,,
8.730795746,56790,,rD044,1605744362,100.00,,
8.730795746,143014388,,rFF44,1605721436,100.00,,
8.730795746,22211916248,,instructions,1605725136,100.00,3.69,insn per cycle
8.730795746,6021385291,,cycles,1605715976,100.00,,
8.831154386,57250,,rD044,1605706814,100.00,,
8.831154386,143473500,,rFF44,1605711410,100.00,,
8.831154386,22272348522,,instructions,1605752510,100.00,3.70,insn per cycle
8.831154386,6021628926,,cycles,1605782244,100.00,,
8.931516415,55990,,rD044,1605706553,100.00,,
8.931516415,142621955,,rFF44,1605683186,100.00,,
8.931516415,22182527337,,instructions,1605641566,100.00,3.68,insn per cycle
8.931516415,6021122080,,cycles,1605646392,100.00,,
9.031878115,55595,,rD044,1605777203,100.00,,
9.031878115,142016085,,rFF44,1605793670,100.00,,
9.031878115,22095554769,,instructions,1605782520,100.00,3.67,insn per cycle
9.031878115,6021759087,,cycles,1605815486,100.00,,
9.132249134,56462,,rD044,1605877809,100.00,,
9.132249134,143937306,,rFF44,1605861926,100.00,,
9.132249134,22352120392,,instructions,1605864906,100.00,3.71,insn per cycle
9.132249134,6021590666,,cycles,1605782020,100.00,,
9.232606064,56176,,rD044,1605648067,100.00,,
9.232606064,143297082,,rFF44,1605624540,100.00,,
9.232606064,22268659994,,instructions,1605608156,100.00,3.70,insn per cycle
9.232606064,6021001380,,cycles,1605608216,100.00,,
9.332957393,56113,,rD044,1605603339,100.00,,
9.332957393,142014107,,rFF44,1605689696,100.00,,
9.332957393,22128584196,,instructions,1605764860,100.00,3.67,insn per cycle
9.332957393,6021648157,,cycles,1605793080,100.00,,
9.433341833,55302,,rD044,1606106767,100.00,,
9.433341833,143235780,,rFF44,1606019560,100.00,,
9.433341833,22225837684,,instructions,1605952216,100.00,3.69,insn per cycle
9.433341833,6022119880,,cycles,1605911056,100.00,,
9.533692872,54873,,rD044,1605580655,100.00,,
9.533692872,141213285,,rFF44,1605608776,100.00,,
9.533692872,21997458163,,instructions,1605594220,100.00,3.65,insn per cycle
9.533692872,6020949924,,cycles,1605603370,100.00,,
9.634067181,55857,,rD044,1605963091,100.00,,
9.634067181,142667601,,rFF44,1605999058,100.00,,
9.634067181,22185118579,,instructions,1606051146,100.00,3.68,insn per cycle
9.634067181,6022732881,,cycles,1606069976,100.00,,
9.734427991,55624,,rD044,1605771846,100.00,,
9.734427991,143058191,,rFF44,1605763228,100.00,,
9.734427991,22252110420,,instructions,1605770290,100.00,3.70,insn per cycle
9.734427991,6021610998,,cycles,1605770831,100.00,,
9.834790320,55833,,rD044,1605702280,100.00,,
9.834790320,142149695,,rFF44,1605697391,100.00,,
9.834790320,22108763436,,instructions,1605652526,100.00,3.67,insn per cycle
9.834790320,6021118059,,cycles,1605649755,100.00,,
9.935149530,55599,,rD044,1605752226,100.00,,
9.935149530,142933060,,rFF44,1605783945,100.00,,
9.935149530,22250960332,,instructions,1605778740,100.00,3.70,insn per cycle
9.935149530,6021601252,,cycles,1605767925,100.00,,
10.035510949,55715,,rD044,1605695767,100.00,,
10.035510949,142860067,,rFF44,1605679283,100.00,,
10.035510949,22186126017,,instructions,1605704023,100.00,3.68,insn per cycle
10.035510949,6021391944,,cycles,1605734878,100.00,,
10.135877809,55814,,rD044,1605846546,100.00,,
10.135877809,141978355,,rFF44,1605808660,100.00,,
10.135877809,22091065438,,instructions,1605785560,100.00,3.67,insn per cycle
10.135877809,6021856248,,cycles,1605836531,100.00,,
10.236250648,56693,,rD044,1605854055,100.00,,
10.236250648,144616438,,rFF44,1605882116,100.00,,
10.236250648,22445961876,,instructions,1605919506,100.00,3.73,insn per cycle
10.236250648,6022003121,,cycles,1605885855,100.00,,
10.336613358,56068,,rD044,1605825771,100.00,,
10.336613358,143193629,,rFF44,1605835600,100.00,,
10.336613358,22272860538,,instructions,1605805856,100.00,3.70,insn per cycle
10.336613358,6021706039,,cycles,1605796086,100.00,,
10.436979457,55664,,rD044,1605802910,100.00,,
10.436979457,144591003,,rFF44,1605908886,100.00,,
10.436979457,22425726393,,instructions,1605943530,100.00,3.72,insn per cycle
10.436979457,6022152198,,cycles,1605920610,100.00,,
10.537352587,57444,,rD044,1605928196,100.00,,
10.537352587,143264501,,rFF44,1605768330,100.00,,
10.537352587,22286306653,,instructions,1605710164,100.00,3.70,insn per cycle
10.537352587,6021326675,,cycles,1605695096,100.00,,
10.637706886,56012,,rD044,1605555354,100.00,,
10.637706886,140923030,,rFF44,1605555316,100.00,,
10.637706886,21982134883,,instructions,1605561182,100.00,3.65,insn per cycle
10.637706886,6020793726,,cycles,1605558730,100.00,,
10.738070106,54961,,rD044,1605802752,100.00,,
10.738070106,139971324,,rFF44,1605797560,100.00,,
10.738070106,21848153766,,instructions,1605810466,100.00,3.63,insn per cycle
10.738070106,6021650443,,cycles,1605781106,100.00,,
10.838416035,59174,,rD044,1605501533,100.00,,
10.838416035,141958835,,rFF44,1605552245,100.00,,
10.838416035,22121239328,,instructions,1605564899,100.00,3.67,insn per cycle
10.838416035,6021065053,,cycles,1605636029,100.00,,
10.938778595,56602,,rD044,1605792462,100.00,,
10.938778595,144728288,,rFF44,1605811942,100.00,,
10.938778595,22458235159,,instructions,1605855916,100.00,3.73,insn per cycle
10.938778595,6022002732,,cycles,1605874516,100.00,,
11.039143164,56370,,rD044,1605754936,100.00,,
11.039143164,142085380,,rFF44,1605731464,100.00,,
11.039143164,22127908890,,instructions,1605716530,100.00,3.67,insn per cycle
11.039143164,6021330519,,cycles,1605710400,100.00,,
11.139507164,58449,,rD044,1605784189,100.00,,
11.139507164,146313643,,rFF44,1605819028,100.00,,
11.139507164,22643342646,,instructions,1605829535,100.00,3.76,insn per cycle
11.139507164,6021667309,,cycles,1605793255,100.00,,
11.239876793,55362,,rD044,1605791756,100.00,,
11.239876793,142375597,,rFF44,1605695687,100.00,,
11.239876793,22159740385,,instructions,1605637740,100.00,3.68,insn per cycle
11.239876793,6021180390,,cycles,1605661173,100.00,,
11.340253533,56093,,rD044,1606017341,100.00,,
11.340253533,144064871,,rFF44,1606028596,100.00,,
11.340253533,22381159973,,instructions,1606030666,100.00,3.72,insn per cycle
11.340253533,6022428300,,cycles,1605988773,100.00,,
11.440603742,55384,,rD044,1605615855,100.00,,
11.440603742,143028832,,rFF44,1605695340,100.00,,
11.440603742,22218954464,,instructions,1605729560,100.00,3.69,insn per cycle
11.440603742,6021520389,,cycles,1605751914,100.00,,
11.540973102,56607,,rD044,1605872835,100.00,,
11.540973102,143835245,,rFF44,1605968686,100.00,,
11.540973102,22340574586,,instructions,1606012706,100.00,3.71,insn per cycle
11.540973102,6022582032,,cycles,1606029462,100.00,,
11.641348081,56837,,rD044,1605918750,100.00,,
11.641348081,145575218,,rFF44,1605798179,100.00,,
11.641348081,22566147389,,instructions,1605721018,100.00,3.75,insn per cycle
11.641348081,6021395451,,cycles,1605718605,100.00,,
11.741715111,54895,,rD044,1605824372,100.00,,
11.741715111,141731356,,rFF44,1605788686,100.00,,
11.741715111,22046513394,,instructions,1605786177,100.00,3.66,insn per cycle
11.741715111,6021498578,,cycles,1605744940,100.00,,
11.842065660,56429,,rD044,1605507434,100.00,,
11.842065660,143181044,,rFF44,1605492090,100.00,,
11.842065660,22281186387,,instructions,1605505369,100.00,3.70,insn per cycle
11.842065660,6020780003,,cycles,1605561796,100.00,,
11.942417730,57246,,rD044,1605572099,100.00,,
11.942417730,144624445,,rFF44,1605583815,100.00,,
11.942417730,22440691810,,instructions,1605579116,100.00,3.73,insn per cycle
11.942417730,6020632014,,cycles,1605546029,100.00,,
12.042776519,57253,,rD044,1605638214,100.00,,
12.042776519,145034466,,rFF44,1605701908,100.00,,
12.042776519,22480308636,,instructions,1605679930,100.00,3.73,insn per cycle
12.042776519,6021187528,,cycles,1605699154,100.00,,
12.143145409,56979,,rD044,1605812124,100.00,,
12.143145409,142449902,,rFF44,1605822965,100.00,,
12.143145409,22171116108,,instructions,1605855273,100.00,3.68,insn per cycle
12.143145409,6021730389,,cycles,1605833879,100.00,,
12.243511738,56504,,rD044,1605770871,100.00,,
12.243511738,144297092,,rFF44,1605751405,100.00,,
12.243511738,22377013234,,instructions,1605739266,100.00,3.72,insn per cycle
12.243511738,6021544155,,cycles,1605770696,100.00,,
12.343878378,56633,,rD044,1605829196,100.00,,
12.343878378,145059781,,rFF44,1605812901,100.00,,
12.343878378,22498034550,,instructions,1605821510,100.00,3.74,insn per cycle
12.343878378,6022159821,,cycles,1605916916,100.00,,
12.444258337,57404,,rD044,1605995189,100.00,,
12.444258337,146535634,,rFF44,1605986965,100.00,,
12.444258337,22673378214,,instructions,1605992865,100.00,3.77,insn per cycle
12.444258337,6022058338,,cycles,1605895959,100.00,,
12.544617357,54969,,rD044,1605736036,100.00,,
12.544617357,143321127,,rFF44,1605738970,100.00,,
12.544617357,22275941515,,instructions,1605772290,100.00,3.70,insn per cycle
12.544617357,6021542822,,cycles,1605752662,100.00,,
12.644984056,56895,,rD044,1605847943,100.00,,
12.644984056,143722810,,rFF44,1605953096,100.00,,
12.644984056,22307516197,,instructions,1605937306,100.00,3.70,insn per cycle
12.644984056,6022436603,,cycles,1605990344,100.00,,
12.745358606,57119,,rD044,1605892333,100.00,,
12.745358606,145643652,,rFF44,1605729770,100.00,,
12.745358606,22562840763,,instructions,1605677913,100.00,3.75,insn per cycle
12.745358606,6020843132,,cycles,1605572236,100.00,,
12.845708215,56142,,rD044,1605571306,100.00,,
12.845708215,142807801,,rFF44,1605602616,100.00,,
12.845708215,22181255992,,instructions,1605641813,100.00,3.68,insn per cycle
12.845708215,6021223279,,cycles,1605667450,100.00,,
12.946071124,56475,,rD044,1605769860,100.00,,
12.946071124,145205377,,rFF44,1605709480,100.00,,
12.946071124,22511837747,,instructions,1605674854,100.00,3.74,insn per cycle
12.946071124,6021291356,,cycles,1605691286,100.00,,
13.046426684,53748,,rD044,1605662207,100.00,,
13.046426684,139084830,,rFF44,1605732235,100.00,,
13.046426684,21738594818,,instructions,1605746691,100.00,3.61,insn per cycle
13.046426684,6021502671,,cycles,1605756159,100.00,,
13.146835344,55208,,rD044,1606471998,100.00,,
13.146835344,140052260,,rFF44,1606466420,100.00,,
13.146835344,21863010261,,instructions,1606465416,100.00,3.63,insn per cycle
13.146835344,6024221350,,cycles,1606472466,100.00,,
13.247210684,56357,,rD044,1606030056,100.00,,
13.247210684,143367554,,rFF44,1606054226,100.00,,
13.247210684,22261662561,,instructions,1606059310,100.00,3.70,insn per cycle
13.247210684,6022701756,,cycles,1606061702,100.00,,
13.347572563,55000,,rD044,1605677631,100.00,,
13.347572563,140515242,,rFF44,1605678925,100.00,,
13.347572563,21932575181,,instructions,1605702965,100.00,3.64,insn per cycle
13.347572563,6021337341,,cycles,1605706843,100.00,,
13.447931132,55515,,rD044,1605735704,100.00,,
13.447931132,141789525,,rFF44,1605702030,100.00,,
13.447931132,22089413421,,instructions,1605781980,100.00,3.67,insn per cycle
13.447931132,6021643357,,cycles,1605778876,100.00,,
13.548293482,56676,,rD044,1605736465,100.00,,
13.548293482,145302393,,rFF44,1605771936,100.00,,
13.548293482,22504853443,,instructions,1605657886,100.00,3.74,insn per cycle
13.548293482,6021050116,,cycles,1605627080,100.00,,
13.648654611,55893,,rD044,1605743641,100.00,,
13.648654611,144285211,,rFF44,1605709590,100.00,,
13.648654611,22390018250,,instructions,1605711461,100.00,3.72,insn per cycle
13.648654611,6021277338,,cycles,1605681946,100.00,,
13.749013111,56382,,rD044,1605731586,100.00,,
13.749013111,145201374,,rFF44,1605876536,100.00,,
13.749013111,22486621941,,instructions,1605917495,100.00,3.73,insn per cycle
13.749013111,6022384692,,cycles,1605982300,100.00,,
13.849389020,56155,,rD044,1605977520,100.00,,
13.849389020,141526723,,rFF44,1605864340,100.00,,
13.849389020,22057873321,,instructions,1605860603,100.00,3.66,insn per cycle
13.849389020,6021939509,,cycles,1605861636,100.00,,
13.949757750,55871,,rD044,1605825555,100.00,,
13.949757750,141030806,,rFF44,1605826455,100.00,,
13.949757750,21988642877,,instructions,1605793972,100.00,3.65,insn per cycle
13.949757750,6021705307,,cycles,1605802219,100.00,,
14.050124919,55882,,rD044,1605775610,100.00,,
14.050124919,143580511,,rFF44,1605704223,100.00,,
14.050124919,22314722233,,instructions,1605710236,100.00,3.71,insn per cycle
14.050124919,6021197438,,cycles,1605669206,100.00,,
14.150477119,54927,,rD044,1605593684,100.00,,
14.150477119,142881293,,rFF44,1605700921,100.00,,
14.150477119,22203243538,,instructions,1605749768,100.00,3.69,insn per cycle
14.150477119,6021681456,,cycles,1605803418,100.00,,
14.250847748,56111,,rD044,1605961600,100.00,,
14.250847748,142459868,,rFF44,1605970492,100.00,,
14.250847748,22156520027,,instructions,1605921376,100.00,3.68,insn per cycle
14.250847748,6021945448,,cycles,1605860006,100.00,,
14.351245488,57937,,rD044,1606223836,100.00,,
14.351245488,143770448,,rFF44,1606161114,100.00,,
14.351245488,22343859254,,instructions,1606191992,100.00,3.71,insn per cycle
14.351245488,6023333721,,cycles,1606235286,100.00,,
14.451611788,58130,,rD044,1605913349,100.00,,
14.451611788,145461747,,rFF44,1605969706,100.00,,
14.451611788,22552660714,,instructions,1605935334,100.00,3.75,insn per cycle
14.451611788,6021976122,,cycles,1605870280,100.00,,
14.551977507,58074,,rD044,1605733457,100.00,,
14.551977507,143306447,,rFF44,1605832470,100.00,,
14.551977507,22256689632,,instructions,1605842684,100.00,3.70,insn per cycle
14.551977507,6022025589,,cycles,1605896996,100.00,,
14.652348397,56152,,rD044,1605905815,100.00,,
14.652348397,141057116,,rFF44,1605751256,100.00,,
14.652348397,22017975078,,instructions,1605758932,100.00,3.66,insn per cycle
14.652348397,6021550537,,cycles,1605755410,100.00,,
14.752713426,55204,,rD044,1605768810,100.00,,
14.752713426,139942099,,rFF44,1605729470,100.00,,
14.752713426,21853940725,,instructions,1605651345,100.00,3.63,insn per cycle
14.752713426,6021034248,,cycles,1605621465,100.00,,
14.853068436,54725,,rD044,1605630636,100.00,,
14.853068436,139105283,,rFF44,1605640025,100.00,,
14.853068436,21709060527,,instructions,1605679080,100.00,3.61,insn per cycle
14.853068436,6021163748,,cycles,1605651000,100.00,,
14.953458226,57047,,rD044,1606214180,100.00,,
14.953458226,140721707,,rFF44,1606192475,100.00,,
14.953458226,21970311961,,instructions,1606181006,100.00,3.65,insn per cycle
14.953458226,6023227227,,cycles,1606208836,100.00,,
15.053808555,54998,,rD044,1605484366,100.00,,
15.053808555,140096728,,rFF44,1605438271,100.00,,
15.053808555,21859905021,,instructions,1605470970,100.00,3.63,insn per cycle
15.053808555,6020519465,,cycles,1605493811,100.00,,
15.154151334,58213,,rD044,1605475400,100.00,,
15.154151334,141562976,,rFF44,1605536298,100.00,,
15.154151334,22050409909,,instructions,1605534016,100.00,3.66,insn per cycle
15.154151334,6020721870,,cycles,1605539015,100.00,,
15.254508323,56802,,rD044,1605738046,100.00,,
15.254508323,144687027,,rFF44,1605827348,100.00,,
15.254508323,22419307831,,instructions,1605860450,100.00,3.72,insn per cycle
15.254508323,6021929835,,cycles,1605856014,100.00,,
15.354870513,54611,,rD044,1605703960,100.00,,
15.354870513,140434218,,rFF44,1605626830,100.00,,
15.354870513,21900911372,,instructions,1605599146,100.00,3.64,insn per cycle
15.354870513,6021021737,,cycles,1605614022,100.00,,
15.455228022,121369,,rD044,1601402156,100.00,,
15.455228022,133168069,,rFF44,1601381156,100.00,,
15.455228022,20965875649,,instructions,1601352410,100.00,3.49,insn per cycle
15.455228022,6004763284,,cycles,1601293800,100.00,,
15.465409946,117733,,rD044,110825602,100.00,,
15.465409946,1040942,,rFF44,109995462,100.00,,
15.465409946,338009218,,instructions,109352792,100.00,0.83,insn per cycle
15.465409946,407739081,,cycles,108740882,100.00,,
