0.100126676,3694249,,rD044,92598389,100.00,,
0.100126676,17301356,,rFF44,92604379,100.00,,
0.100126676,377647732,,instructions,92609219,100.00,1.10,insn per cycle
0.100126676,343401117,,cycles,92613589,100.00,,
0.200381623,5487315,,rD044,100030094,100.00,,
0.200381623,23922202,,rFF44,100030014,100.00,,
0.200381623,503793672,,instructions,100030414,100.00,1.34,insn per cycle
0.200381623,375046282,,cycles,100030654,100.00,,
0.300591300,5493782,,rD044,100147615,100.00,,
0.300591300,23961048,,rFF44,100147235,100.00,,
0.300591300,505176353,,instructions,100146695,100.00,1.35,insn per cycle
0.300591300,375494579,,cycles,100147115,100.00,,
0.400802787,6580326,,rD044,100096705,100.00,,
0.400802787,28235641,,rFF44,100097015,100.00,,
0.400802787,140801143,,instructions,100097835,100.00,0.38,insn per cycle
0.400802787,375281257,,cycles,100097475,100.00,,
0.501017564,6928666,,rD044,100155274,100.00,,
0.501017564,29840518,,rFF44,100155585,100.00,,
0.501017564,37242730,,instructions,100155695,100.00,0.10,insn per cycle
0.501017564,375525632,,cycles,100155755,100.00,,
0.601252081,6076556,,rD044,717653804,100.00,,
0.601252081,75112004,,rFF44,718958098,100.00,,
0.601252081,8958592785,,instructions,719938358,100.00,3.32,insn per cycle
0.601252081,2701559045,,cycles,720795171,100.00,,
0.701713231,5146473,,rD044,1607535789,100.00,,
0.701713231,135761705,,rFF44,1607780826,100.00,,
0.701713231,21129875933,,instructions,1607896196,100.00,3.50,insn per cycle
0.701713231,6030470344,,cycles,1608195559,100.00,,
0.802274771,4776145,,rD044,1608483926,100.00,,
0.802274771,137749176,,rFF44,1608153413,100.00,,
0.802274771,21365392598,,instructions,1608061140,100.00,3.54,insn per cycle
0.802274771,6029062637,,cycles,1607806124,100.00,,
0.902739501,4976382,,rD044,1607115746,100.00,,
0.902739501,136734056,,rFF44,1607028355,100.00,,
0.902739501,21249334818,,instructions,1606761636,100.00,3.53,insn per cycle
0.902739501,6024604589,,cycles,1606627826,100.00,,
1.003174458,4468772,,rD044,1606704536,100.00,,
1.003174458,137099941,,rFF44,1606516708,100.00,,
1.003174458,21273099617,,instructions,1606602249,100.00,3.53,insn per cycle
1.003174458,6024861475,,cycles,1606658886,100.00,,
1.103603365,4726085,,rD044,1606909556,100.00,,
1.103603365,137014040,,rFF44,1607052086,100.00,,
1.103603365,21253767757,,instructions,1607148646,100.00,3.53,insn per cycle
1.103603365,6026523433,,cycles,1607103706,100.00,,
1.204046852,4753061,,rD044,1606747615,100.00,,
1.204046852,136023246,,rFF44,1607161855,100.00,,
1.204046852,21153351143,,instructions,1607003040,100.00,3.51,insn per cycle
1.204046852,6026247374,,cycles,1607022735,100.00,,
1.304498160,4568765,,rD044,1607370066,100.00,,
1.304498160,137619788,,rFF44,1607082656,100.00,,
1.304498160,21351735234,,instructions,1607302967,100.00,3.54,insn per cycle
1.304498160,6028260117,,cycles,1607556276,100.00,,
1.404980217,4284872,,rD044,1607884826,100.00,,
1.404980217,136949116,,rFF44,1608196401,100.00,,
1.404980217,21265479009,,instructions,1608317547,100.00,3.53,insn per cycle
1.404980217,6031553370,,cycles,1608424376,100.00,,
1.505502295,4350960,,rD044,1608171747,100.00,,
1.505502295,138044770,,rFF44,1608254257,100.00,,
1.505502295,21390160436,,instructions,1608147996,100.00,3.55,insn per cycle
1.505502295,6030054325,,cycles,1608023716,100.00,,
1.606021593,4339551,,rD044,1608518574,100.00,,
1.606021593,136477855,,rFF44,1608574646,100.00,,
1.606021593,21202519995,,instructions,1609003913,100.00,3.51,insn per cycle
1.606021593,6034879942,,cycles,1609310022,100.00,,
1.706609412,4724695,,rD044,1609383443,100.00,,
1.706609412,137461640,,rFF44,1608788424,100.00,,
1.706609412,21330590349,,instructions,1608090675,100.00,3.54,insn per cycle
1.706609412,6028521585,,cycles,1607614696,100.00,,
1.807060019,4792221,,rD044,1607033135,100.00,,
1.807060019,137627098,,rFF44,1607230854,100.00,,
1.807060019,21352522074,,instructions,1607364485,100.00,3.54,insn per cycle
1.807060019,6028149162,,cycles,1607524515,100.00,,
1.907550197,4359831,,rD044,1607688236,100.00,,
1.907550197,137772060,,rFF44,1607527220,100.00,,
1.907550197,21362498970,,instructions,1607725726,100.00,3.54,insn per cycle
1.907550197,6028238248,,cycles,1607538646,100.00,,
2.008041815,4718230,,rD044,1607984782,100.00,,
2.008041815,137700223,,rFF44,1608490231,100.00,,
2.008041815,21356884761,,instructions,1608356276,100.00,3.54,insn per cycle
2.008041815,6031776232,,cycles,1608481843,100.00,,
2.108541653,5013742,,rD044,1607993172,100.00,,
2.108541653,138340282,,rFF44,1607689476,100.00,,
2.108541653,21423013998,,instructions,1607618866,100.00,3.55,insn per cycle
2.108541653,6027878433,,cycles,1607442567,100.00,,
2.209003190,5006695,,rD044,1607160262,100.00,,
2.209003190,136341193,,rFF44,1607157826,100.00,,
2.209003190,21183276295,,instructions,1607133186,100.00,3.51,insn per cycle
2.209003190,6026659459,,cycles,1607116381,100.00,,
2.309444877,4902672,,rD044,1607183805,100.00,,
2.309444877,136505957,,rFF44,1607465776,100.00,,
2.309444877,21212487783,,instructions,1607904080,100.00,3.52,insn per cycle
2.309444877,6031227139,,cycles,1608334439,100.00,,
2.409955385,4123450,,rD044,1608174105,100.00,,
2.409955385,136983122,,rFF44,1607785376,100.00,,
2.409955385,21269030174,,instructions,1607612536,100.00,3.53,insn per cycle
2.409955385,6027611811,,cycles,1607370316,100.00,,
2.510429083,4680495,,rD044,1607539096,100.00,,
2.510429083,137778033,,rFF44,1607644176,100.00,,
2.510429083,21366206549,,instructions,1607389968,100.00,3.55,insn per cycle
2.510429083,6027103337,,cycles,1607236326,100.00,,
2.610886900,5281701,,rD044,1608123446,100.00,,
2.610886900,137017905,,rFF44,1608453876,100.00,,
2.610886900,21270263580,,instructions,1608621166,100.00,3.53,insn per cycle
2.610886900,6032634083,,cycles,1608710056,100.00,,
2.711434259,4276189,,rD044,1607728916,100.00,,
2.711434259,137549709,,rFF44,1606981820,100.00,,
2.711434259,21329609653,,instructions,1606727106,100.00,3.54,insn per cycle
2.711434259,6024568479,,cycles,1606559916,100.00,,
2.811833915,4843257,,rD044,1606151626,100.00,,
2.811833915,138126621,,rFF44,1606104082,100.00,,
2.811833915,21397266697,,instructions,1606083110,100.00,3.55,insn per cycle
2.811833915,6022557874,,cycles,1606049852,100.00,,
2.912222382,5720419,,rD044,1606222019,100.00,,
2.912222382,138900449,,rFF44,1606229336,100.00,,
2.912222382,21487294148,,instructions,1606241466,100.00,3.57,insn per cycle
2.912222382,6023240559,,cycles,1606233764,100.00,,
3.012610259,4345410,,rD044,1606230497,100.00,,
3.012610259,138049206,,rFF44,1606333487,100.00,,
3.012610259,21417890518,,instructions,1606345496,100.00,3.56,insn per cycle
3.012610259,6023966045,,cycles,1606398546,100.00,,
3.113014406,4835474,,rD044,1606564346,100.00,,
3.113014406,136080136,,rFF44,1606720969,100.00,,
3.113014406,21186784580,,instructions,1607361346,100.00,3.51,insn per cycle
3.113014406,6028168523,,cycles,1607518686,100.00,,
3.213487893,4796131,,rD044,1607750556,100.00,,
3.213487893,136269091,,rFF44,1607748660,100.00,,
3.213487893,21165943571,,instructions,1607494066,100.00,3.51,insn per cycle
3.213487893,6029318207,,cycles,1607825576,100.00,,
3.313977371,4702446,,rD044,1607777546,100.00,,
3.313977371,138907847,,rFF44,1607703171,100.00,,
3.313977371,21510594892,,instructions,1607594536,100.00,3.57,insn per cycle
3.313977371,6026747223,,cycles,1607141336,100.00,,
3.414424268,5109091,,rD044,1606958276,100.00,,
3.414424268,136923954,,rFF44,1606852097,100.00,,
3.414424268,21261899423,,instructions,1606549346,100.00,3.53,insn per cycle
3.414424268,6024341170,,cycles,1606498506,100.00,,
3.514831685,4585903,,rD044,1606983746,100.00,,
3.514831685,136369211,,rFF44,1607417437,100.00,,
3.514831685,21188042254,,instructions,1607451086,100.00,3.51,insn per cycle
3.514831685,6028306997,,cycles,1607555826,100.00,,
3.615319683,4581573,,rD044,1607400716,100.00,,
3.615319683,137485359,,rFF44,1607222376,100.00,,
3.615319683,21347473007,,instructions,1607291966,100.00,3.54,insn per cycle
3.615319683,6027336265,,cycles,1607305656,100.00,,
3.715761570,4306889,,rD044,1607250596,100.00,,
3.715761570,138440313,,rFF44,1607300905,100.00,,
3.715761570,21453790214,,instructions,1607196736,100.00,3.56,insn per cycle
3.715761570,6026371534,,cycles,1607040396,100.00,,
3.816213927,4424998,,rD044,1606821216,100.00,,
3.816213927,136231105,,rFF44,1606553296,100.00,,
3.816213927,21174681722,,instructions,1606591960,100.00,3.51,insn per cycle
3.816213927,6024752404,,cycles,1606615866,100.00,,
3.916619314,4543424,,rD044,1606890985,100.00,,
3.916619314,135557100,,rFF44,1607079146,100.00,,
3.916619314,21087963432,,instructions,1607072706,100.00,3.50,insn per cycle
3.916619314,6026631799,,cycles,1607109630,100.00,,
4.017062331,4521815,,rD044,1606906760,100.00,,
4.017062331,137616944,,rFF44,1607346726,100.00,,
4.017062331,21352309236,,instructions,1607481016,100.00,3.54,insn per cycle
4.017062331,6027965972,,cycles,1607477840,100.00,,
4.117529349,5051599,,rD044,1607413050,100.00,,
4.117529349,138176957,,rFF44,1606807636,100.00,,
4.117529349,21417859376,,instructions,1606652526,100.00,3.56,insn per cycle
4.117529349,6024691566,,cycles,1606600002,100.00,,
4.217945336,4676644,,rD044,1607037041,100.00,,
4.217945336,137732331,,rFF44,1607938816,100.00,,
4.217945336,21381694932,,instructions,1608480053,100.00,3.54,insn per cycle
4.217945336,6033723558,,cycles,1609000792,100.00,,
4.318518854,4134432,,rD044,1608640904,100.00,,
4.318518854,136782150,,rFF44,1607628936,100.00,,
4.318518854,21216676174,,instructions,1607062000,100.00,3.52,insn per cycle
4.318518854,6024595977,,cycles,1606567126,100.00,,
4.418920661,4730896,,rD044,1606733286,100.00,,
4.418920661,137992413,,rFF44,1607714827,100.00,,
4.418920661,21399492534,,instructions,1608181201,100.00,3.55,insn per cycle
4.418920661,6031194729,,cycles,1608326306,100.00,,
4.519445999,4988340,,rD044,1608349996,100.00,,
4.519445999,138466732,,rFF44,1607950943,100.00,,
4.519445999,21462685621,,instructions,1607619846,100.00,3.56,insn per cycle
4.519445999,6028232180,,cycles,1607550636,100.00,,
4.619911257,4866460,,rD044,1607262516,100.00,,
4.619911257,135933345,,rFF44,1607219496,100.00,,
4.619911257,21148412486,,instructions,1607308426,100.00,3.51,insn per cycle
4.619911257,6028006913,,cycles,1607516176,100.00,,
4.720395525,5396054,,rD044,1607833946,100.00,,
4.720395525,137646481,,rFF44,1607873053,100.00,,
4.720395525,21360647126,,instructions,1607918876,100.00,3.54,insn per cycle
4.720395525,6028890762,,cycles,1607735786,100.00,,
4.820880762,4895162,,rD044,1607745290,100.00,,
4.820880762,136722793,,rFF44,1608095286,100.00,,
4.820880762,21250406861,,instructions,1608800952,100.00,3.52,insn per cycle
4.820880762,6033730942,,cycles,1609041821,100.00,,
4.921447521,4905981,,rD044,1608852597,100.00,,
4.921447521,137591483,,rFF44,1608199026,100.00,,
4.921447521,21335952802,,instructions,1607496959,100.00,3.54,insn per cycle
4.921447521,6027989983,,cycles,1607509476,100.00,,
5.021946389,4636958,,rD044,1607893126,100.00,,
5.021946389,136702422,,rFF44,1607747346,100.00,,
5.021946389,21238427716,,instructions,1608006252,100.00,3.52,insn per cycle
5.021946389,6029929421,,cycles,1607990896,100.00,,
5.122424616,5643757,,rD044,1607606746,100.00,,
5.122424616,137490754,,rFF44,1607887247,100.00,,
5.122424616,21331552518,,instructions,1607425926,100.00,3.54,insn per cycle
5.122424616,6027195740,,cycles,1607272646,100.00,,
5.222885134,4401298,,rD044,1607324636,100.00,,
5.222885134,137899122,,rFF44,1607005239,100.00,,
5.222885134,21383560444,,instructions,1606954706,100.00,3.55,insn per cycle
5.222885134,6026245899,,cycles,1607005756,100.00,,
5.323346741,4588841,,rD044,1607415146,100.00,,
5.323346741,136432343,,rFF44,1607797693,100.00,,
5.323346741,21207627840,,instructions,1608291926,100.00,3.52,insn per cycle
5.323346741,6032568113,,cycles,1608703168,100.00,,
5.423880559,4822743,,rD044,1608362294,100.00,,
5.423880559,136837447,,rFF44,1608048481,100.00,,
5.423880559,21234595363,,instructions,1607602686,100.00,3.52,insn per cycle
5.423880559,6026359928,,cycles,1607037584,100.00,,
5.524318887,4873687,,rD044,1606826358,100.00,,
5.524318887,136337261,,rFF44,1606796036,100.00,,
5.524318887,21192131971,,instructions,1606869986,100.00,3.52,insn per cycle
5.524318887,6025792198,,cycles,1606885956,100.00,,
5.624743374,4398471,,rD044,1606921536,100.00,,
5.624743374,135636020,,rFF44,1606909359,100.00,,
5.624743374,21086515453,,instructions,1606792056,100.00,3.50,insn per cycle
5.624743374,6025823857,,cycles,1606894246,100.00,,
5.725197171,4774354,,rD044,1607468126,100.00,,
5.725197171,137609463,,rFF44,1607808463,100.00,,
5.725197171,21338918740,,instructions,1607928756,100.00,3.54,insn per cycle
5.725197171,6029350241,,cycles,1607843956,100.00,,
5.825662118,4711478,,rD044,1607040665,100.00,,
5.825662118,137811022,,rFF44,1606593123,100.00,,
5.825662118,21353160732,,instructions,1606506455,100.00,3.54,insn per cycle
5.825662118,6023946202,,cycles,1606404435,100.00,,
5.926068555,5003195,,rD044,1606614286,100.00,,
5.926068555,137063530,,rFF44,1606877302,100.00,,
5.926068555,21282091353,,instructions,1606937391,100.00,3.53,insn per cycle
5.926068555,6026420399,,cycles,1607059796,100.00,,
6.026510182,5108059,,rD044,1607262176,100.00,,
6.026510182,136617892,,rFF44,1607775731,100.00,,
6.026510182,21230329625,,instructions,1607893381,100.00,3.52,insn per cycle
6.026510182,6029667844,,cycles,1607917836,100.00,,
6.127005590,5045878,,rD044,1608081246,100.00,,
6.127005590,138779508,,rFF44,1607917017,100.00,,
6.127005590,21503026153,,instructions,1607821916,100.00,3.57,insn per cycle
6.127005590,6029893116,,cycles,1607977946,100.00,,
6.227529278,4730404,,rD044,1608238222,100.00,,
6.227529278,136988742,,rFF44,1607735836,100.00,,
6.227529278,21265641752,,instructions,1607733446,100.00,3.53,insn per cycle
6.227529278,6027987646,,cycles,1607477006,100.00,,
6.327968026,4769695,,rD044,1606886303,100.00,,
6.327968026,137467344,,rFF44,1607537436,100.00,,
6.327968026,21320638013,,instructions,1607759746,100.00,3.54,insn per cycle
6.327968026,6029821150,,cycles,1607960030,100.00,,
6.428478934,4609415,,rD044,1608393013,100.00,,
6.428478934,137226802,,rFF44,1608658976,100.00,,
6.428478934,21306740902,,instructions,1609313411,100.00,3.53,insn per cycle
6.428478934,6038535133,,cycles,1610279931,100.00,,
6.529149783,5085556,,rD044,1610379871,100.00,,
6.529149783,136345757,,rFF44,1609670672,100.00,,
6.529149783,21182978939,,instructions,1609097067,100.00,3.51,insn per cycle
6.529149783,6030025014,,cycles,1608017652,100.00,,
6.629614071,4792941,,rD044,1607566440,100.00,,
6.629614071,136882695,,rFF44,1607378026,100.00,,
6.629614071,21246685876,,instructions,1607006376,100.00,3.53,insn per cycle
6.629614071,6025895567,,cycles,1606913917,100.00,,
6.730047438,4636162,,rD044,1606752957,100.00,,
6.730047438,136259763,,rFF44,1606787836,100.00,,
6.730047438,21185662360,,instructions,1606757936,100.00,3.52,insn per cycle
6.730047438,6025231077,,cycles,1606736556,100.00,,
6.830473995,4472566,,rD044,1606904175,100.00,,
6.830473995,136138043,,rFF44,1607187686,100.00,,
6.830473995,21169959616,,instructions,1607507366,100.00,3.51,insn per cycle
6.830473995,6028893417,,cycles,1607724626,100.00,,
6.930956253,4615284,,rD044,1607921900,100.00,,
6.930956253,136098289,,rFF44,1609049437,100.00,,
6.930956253,21184873076,,instructions,1609602492,100.00,3.51,insn per cycle
6.930956253,6035821574,,cycles,1609558542,100.00,,
7.031560272,4658764,,rD044,1609776755,100.00,,
7.031560272,137458769,,rFF44,1608324036,100.00,,
7.031560272,21311995638,,instructions,1607436296,100.00,3.54,insn per cycle
7.031560272,6027249054,,cycles,1607276226,100.00,,
7.132007339,4660156,,rD044,1606690886,100.00,,
7.132007339,136076763,,rFF44,1606944809,100.00,,
7.132007339,21163221809,,instructions,1607057166,100.00,3.51,insn per cycle
7.132007339,6026602241,,cycles,1607102456,100.00,,
7.232452246,4746014,,rD044,1607064466,100.00,,
7.232452246,136466621,,rFF44,1607028874,100.00,,
7.232452246,21211540937,,instructions,1607346906,100.00,3.52,insn per cycle
7.232452246,6027461569,,cycles,1607334756,100.00,,
7.332911744,4070155,,rD044,1607443316,100.00,,
7.332911744,136695662,,rFF44,1607509547,100.00,,
7.332911744,21239326421,,instructions,1607719726,100.00,3.52,insn per cycle
7.332911744,6031244914,,cycles,1608340296,100.00,,
7.433447272,4737128,,rD044,1609027433,100.00,,
7.433447272,136681230,,rFF44,1609643469,100.00,,
7.433447272,21232265293,,instructions,1609466221,100.00,3.52,insn per cycle
7.433447272,6034227269,,cycles,1609134732,100.00,,
7.534047941,4727432,,rD044,1609209915,100.00,,
7.534047941,136417757,,rFF44,1608407427,100.00,,
7.534047941,21213975531,,instructions,1607943417,100.00,3.52,insn per cycle
7.534047941,6028432948,,cycles,1607589886,100.00,,
7.634477298,4436796,,rD044,1606762146,100.00,,
7.634477298,136774783,,rFF44,1606772635,100.00,,
7.634477298,21244546124,,instructions,1606896388,100.00,3.53,insn per cycle
7.634477298,6025803765,,cycles,1606888946,100.00,,
7.734909445,4919762,,rD044,1607199046,100.00,,
7.734909445,136879049,,rFF44,1607584796,100.00,,
7.734909445,21270031310,,instructions,1607888752,100.00,3.53,insn per cycle
7.734909445,6030453194,,cycles,1608134546,100.00,,
7.835420043,4663958,,rD044,1607842576,100.00,,
7.835420043,137026349,,rFF44,1607425176,100.00,,
7.835420043,21262044368,,instructions,1607183028,100.00,3.53,insn per cycle
7.835420043,6027829688,,cycles,1607433246,100.00,,
7.935896631,5013952,,rD044,1607393686,100.00,,
7.935896631,138948318,,rFF44,1607138216,100.00,,
7.935896631,21493896924,,instructions,1606929508,100.00,3.57,insn per cycle
7.935896631,6023891301,,cycles,1606385366,100.00,,
8.036288187,4927583,,rD044,1606253386,100.00,,
8.036288187,138781043,,rFF44,1606265206,100.00,,
8.036288187,21487555813,,instructions,1606287708,100.00,3.57,insn per cycle
8.036288187,6023668399,,cycles,1606327740,100.00,,
8.136679434,5295223,,rD044,1606731309,100.00,,
8.136679434,137139373,,rFF44,1607331666,100.00,,
8.136679434,21303682686,,instructions,1607598816,100.00,3.53,insn per cycle
8.136679434,6028590152,,cycles,1607631473,100.00,,
8.237163102,4806625,,rD044,1607287105,100.00,,
8.237163102,137449489,,rFF44,1606735156,100.00,,
8.237163102,21310731618,,instructions,1606463316,100.00,3.54,insn per cycle
8.237163102,6024031986,,cycles,1606416109,100.00,,
8.337560258,4757778,,rD044,1606613038,100.00,,
8.337560258,136907089,,rFF44,1606981356,100.00,,
8.337560258,21277603310,,instructions,1607412666,100.00,3.53,insn per cycle
8.337560258,6028594642,,cycles,1607632986,100.00,,
8.438033606,4693073,,rD044,1607872583,100.00,,
8.438033606,136994710,,rFF44,1608112346,100.00,,
8.438033606,21263641846,,instructions,1607866186,100.00,3.53,insn per cycle
8.438033606,6029032535,,cycles,1607749279,100.00,,
8.538523334,4568981,,rD044,1607369666,100.00,,
8.538523334,136693872,,rFF44,1607013506,100.00,,
8.538523334,21248292317,,instructions,1606898476,100.00,3.53,insn per cycle
8.538523334,6025637318,,cycles,1606845323,100.00,,
8.638952851,4927370,,rD044,1606931902,100.00,,
8.638952851,138252855,,rFF44,1607007765,100.00,,
8.638952851,21428623699,,instructions,1607221305,100.00,3.56,insn per cycle
8.638952851,6027676522,,cycles,1607404805,100.00,,
8.739428718,4613867,,rD044,1607323874,100.00,,
8.739428718,137016520,,rFF44,1607030606,100.00,,
8.739428718,21280974347,,instructions,1606755526,100.00,3.53,insn per cycle
8.739428718,6024491283,,cycles,1606564296,100.00,,
8.839838935,5016921,,rD044,1606980318,100.00,,
8.839838935,137117208,,rFF44,1607521276,100.00,,
8.839838935,21294752964,,instructions,1607614716,100.00,3.53,insn per cycle
8.839838935,6028890871,,cycles,1607756136,100.00,,
8.940338953,5153105,,rD044,1607624316,100.00,,
8.940338953,134721479,,rFF44,1607219946,100.00,,
8.940338953,21011957574,,instructions,1607172796,100.00,3.49,insn per cycle
8.940338953,6026735786,,cycles,1607137116,100.00,,
9.040780530,4592421,,rD044,1607470619,100.00,,
9.040780530,137044633,,rFF44,1608011826,100.00,,
9.040780530,21292937140,,instructions,1608883592,100.00,3.53,insn per cycle
9.040780530,6037178599,,cycles,1609920282,100.00,,
9.141409060,5288142,,rD044,1609819605,100.00,,
9.141409060,136955278,,rFF44,1609550520,100.00,,
9.141409060,21266695331,,instructions,1608804096,100.00,3.53,insn per cycle
9.141409060,6029297273,,cycles,1607821986,100.00,,
9.241895257,5184590,,rD044,1607620617,100.00,,
9.241895257,137346050,,rFF44,1607580698,100.00,,
9.241895257,21323350709,,instructions,1607528376,100.00,3.54,insn per cycle
9.241895257,6029155300,,cycles,1607782816,100.00,,
9.342374615,4918372,,rD044,1607751820,100.00,,
9.342374615,137706719,,rFF44,1607914276,100.00,,
9.342374615,21357627221,,instructions,1607925536,100.00,3.54,insn per cycle
9.342374615,6028529848,,cycles,1607615086,100.00,,
9.442865043,4512222,,rD044,1607640689,100.00,,
9.442865043,137999676,,rFF44,1607145426,100.00,,
9.442865043,21398315106,,instructions,1607003896,100.00,3.55,insn per cycle
9.442865043,6025699844,,cycles,1606862406,100.00,,
9.543289650,4654574,,rD044,1606978423,100.00,,
9.543289650,136117113,,rFF44,1607467416,100.00,,
9.543289650,21175196203,,instructions,1607928366,100.00,3.51,insn per cycle
9.543289650,6031302720,,cycles,1608356245,100.00,,
9.643814428,4836731,,rD044,1608246185,100.00,,
9.643814428,138380217,,rFF44,1608124706,100.00,,
9.643814428,21433432391,,instructions,1607991698,100.00,3.55,insn per cycle
9.643814428,6029126482,,cycles,1607779793,100.00,,
9.744310286,4728287,,rD044,1607734618,100.00,,
9.744310286,136013353,,rFF44,1607359816,100.00,,
9.744310286,21146334882,,instructions,1607068304,100.00,3.51,insn per cycle
9.744310286,6025804077,,cycles,1606889861,100.00,,
9.844719693,4953796,,rD044,1606803521,100.00,,
9.844719693,136465733,,rFF44,1607533806,100.00,,
9.844719693,21209491462,,instructions,1608099614,100.00,3.52,insn per cycle
9.844719693,6032098673,,cycles,1608580151,100.00,,
9.945276181,5025602,,rD044,1608802541,100.00,,
9.945276181,136635580,,rFF44,1608446452,100.00,,
9.945276181,21227418001,,instructions,1608570134,100.00,3.52,insn per cycle
9.945276181,6033065972,,cycles,1608823190,100.00,,
10.045828719,4509038,,rD044,1609100548,100.00,,
10.045828719,136441844,,rFF44,1608940846,100.00,,
10.045828719,21200285397,,instructions,1608337176,100.00,3.52,insn per cycle
10.045828719,6030454440,,cycles,1608131005,100.00,,
10.146351308,5086519,,rD044,1608069410,100.00,,
10.146351308,136533007,,rFF44,1607987556,100.00,,
10.146351308,21220065778,,instructions,1607920527,100.00,3.52,insn per cycle
10.146351308,6027794276,,cycles,1607420739,100.00,,
10.246782015,4734027,,rD044,1607253716,100.00,,
10.246782015,137950371,,rFF44,1608087081,100.00,,
10.246782015,21402257598,,instructions,1608546601,100.00,3.55,insn per cycle
10.246782015,6033182924,,cycles,1608862926,100.00,,
10.347346563,4882278,,rD044,1608541206,100.00,,
10.347346563,136388411,,rFF44,1607797092,100.00,,
10.347346563,21192449957,,instructions,1607440956,100.00,3.52,insn per cycle
10.347346563,6026850726,,cycles,1607166876,100.00,,
10.447788180,4306186,,rD044,1606993796,100.00,,
10.447788180,137611384,,rFF44,1606840916,100.00,,
10.447788180,21349737166,,instructions,1606730426,100.00,3.54,insn per cycle
10.447788180,6025088207,,cycles,1606699056,100.00,,
10.548206327,5336512,,rD044,1606959206,100.00,,
10.548206327,137509120,,rFF44,1607275166,100.00,,
10.548206327,21339652903,,instructions,1607547476,100.00,3.54,insn per cycle
10.548206327,6028672006,,cycles,1607652716,100.00,,
10.648687335,4694237,,rD044,1607601276,100.00,,
10.648687335,137173119,,rFF44,1607732313,100.00,,
10.648687335,21284081073,,instructions,1607522346,100.00,3.53,insn per cycle
10.648687335,6027986639,,cycles,1607471716,100.00,,
10.749164253,4809914,,rD044,1607526236,100.00,,
10.749164253,137501017,,rFF44,1607190713,100.00,,
10.749164253,21322438131,,instructions,1607290446,100.00,3.54,insn per cycle
10.749164253,6027662486,,cycles,1607384076,100.00,,
10.849614970,4994745,,rD044,1607075366,100.00,,
10.849614970,137457676,,rFF44,1606914791,100.00,,
10.849614970,21322428689,,instructions,1606866295,100.00,3.54,insn per cycle
10.849614970,6025102332,,cycles,1606710426,100.00,,
10.950039407,4649510,,rD044,1606832186,100.00,,
10.950039407,137029805,,rFF44,1607192116,100.00,,
10.950039407,21269411245,,instructions,1607236783,100.00,3.53,insn per cycle
10.950039407,6027394030,,cycles,1607312286,100.00,,
11.050498724,4625764,,rD044,1607354266,100.00,,
11.050498724,137415925,,rFF44,1607071216,100.00,,
11.050498724,21318860854,,instructions,1606970039,100.00,3.54,insn per cycle
11.050498724,6025895509,,cycles,1606916936,100.00,,
11.150926981,5117608,,rD044,1606933056,100.00,,
11.150926981,137088074,,rFF44,1607051596,100.00,,
11.150926981,21275895896,,instructions,1606976172,100.00,3.53,insn per cycle
11.150926981,6026572655,,cycles,1607098926,100.00,,
11.251393269,4140944,,rD044,1607319746,100.00,,
11.251393269,136492332,,rFF44,1607309976,100.00,,
11.251393269,21206385044,,instructions,1607872754,100.00,3.52,insn per cycle
11.251393269,6029647979,,cycles,1607913026,100.00,,
11.351870597,4627475,,rD044,1608596796,100.00,,
11.351870597,137376979,,rFF44,1609213260,100.00,,
11.351870597,21333428294,,instructions,1609373653,100.00,3.53,insn per cycle
11.351870597,6036488302,,cycles,1609735007,100.00,,
11.452481436,4797939,,rD044,1609109520,100.00,,
11.452481436,136487808,,rFF44,1608428958,100.00,,
11.452481436,21211677232,,instructions,1607705386,100.00,3.52,insn per cycle
11.452481436,6026640101,,cycles,1607115011,100.00,,
11.552922483,4909033,,rD044,1606849092,100.00,,
11.552922483,136186944,,rFF44,1606786716,100.00,,
11.552922483,21165681081,,instructions,1606820536,100.00,3.51,insn per cycle
11.552922483,6026477719,,cycles,1607068660,100.00,,
11.653361040,4835260,,rD044,1607148443,100.00,,
11.653361040,137243407,,rFF44,1607985166,100.00,,
11.653361040,21299150645,,instructions,1608256647,100.00,3.53,insn per cycle
11.653361040,6031070075,,cycles,1608292202,100.00,,
11.753888048,4783462,,rD044,1608081885,100.00,,
11.753888048,138357843,,rFF44,1607165156,100.00,,
11.753888048,21423798899,,instructions,1606878725,100.00,3.56,insn per cycle
11.753888048,6024740782,,cycles,1606606225,100.00,,
11.854311045,5368794,,rD044,1607163454,100.00,,
11.854311045,137594165,,rFF44,1607664566,100.00,,
11.854311045,21355205162,,instructions,1608207344,100.00,3.54,insn per cycle
11.854311045,6032401170,,cycles,1608653777,100.00,,
11.954861294,4260989,,rD044,1609127958,100.00,,
11.954861294,136597480,,rFF44,1609234831,100.00,,
11.954861294,21209545829,,instructions,1609019684,100.00,3.52,insn per cycle
11.954861294,6032743091,,cycles,1608740316,100.00,,
12.055384022,4500913,,rD044,1607696336,100.00,,
12.055384022,136927471,,rFF44,1607064846,100.00,,
12.055384022,21235923459,,instructions,1606642216,100.00,3.53,insn per cycle
12.055384022,6024027847,,cycles,1606415656,100.00,,
12.155785499,5182818,,rD044,1606698856,100.00,,
12.155785499,137522778,,rFF44,1607180171,100.00,,
12.155785499,21326490641,,instructions,1607418256,100.00,3.54,insn per cycle
12.155785499,6028536062,,cycles,1607617126,100.00,,
12.256275546,4591596,,rD044,1607936456,100.00,,
12.256275546,137106103,,rFF44,1607773032,100.00,,
12.256275546,21281571163,,instructions,1607599586,100.00,3.53,insn per cycle
12.256275546,6027868154,,cycles,1607442436,100.00,,
12.356729734,4564566,,rD044,1607437949,100.00,,
12.356729734,138481688,,rFF44,1607695766,100.00,,
12.356729734,21449069039,,instructions,1608029676,100.00,3.56,insn per cycle
12.356729734,6030653031,,cycles,1608182376,100.00,,
12.457258362,4742959,,rD044,1608234145,100.00,,
12.457258362,136345970,,rFF44,1608104696,100.00,,
12.457258362,21196416809,,instructions,1608449303,100.00,3.51,insn per cycle
12.457258362,6033584398,,cycles,1608960382,100.00,,
12.557805470,4475767,,rD044,1608304210,100.00,,
12.557805470,137394363,,rFF44,1607817926,100.00,,
12.557805470,21312014392,,instructions,1607137599,100.00,3.54,insn per cycle
12.557805470,6024281699,,cycles,1606486186,100.00,,
12.658207017,5240511,,rD044,1606478624,100.00,,
12.658207017,136353846,,rFF44,1606899316,100.00,,
12.658207017,21197939535,,instructions,1607201240,100.00,3.52,insn per cycle
12.658207017,6028406633,,cycles,1607622446,100.00,,
12.758705515,4287208,,rD044,1608736428,100.00,,
12.758705515,137187611,,rFF44,1608786664,100.00,,
12.758705515,21301655994,,instructions,1608976278,100.00,3.53,insn per cycle
12.758705515,6034317444,,cycles,1609164646,100.00,,
12.859270993,4533044,,rD044,1607957535,100.00,,
12.859270993,136738977,,rFF44,1607495983,100.00,,
12.859270993,21228363593,,instructions,1606977815,100.00,3.52,insn per cycle
12.859270993,6023597801,,cycles,1606351905,100.00,,
12.959671670,4521591,,rD044,1606466936,100.00,,
12.959671670,137034570,,rFF44,1606783236,100.00,,
12.959671670,21285899196,,instructions,1606895866,100.00,3.53,insn per cycle
12.959671670,6026281444,,cycles,1607015736,100.00,,
13.060153298,5467411,,rD044,1607762756,100.00,,
13.060153298,137610678,,rFF44,1607609769,100.00,,
13.060153298,21361498371,,instructions,1607712406,100.00,3.54,insn per cycle
13.060153298,6028943016,,cycles,1607730186,100.00,,
13.160596785,4867522,,rD044,1606854556,100.00,,
13.160596785,139083740,,rFF44,1606658477,100.00,,
13.160596785,21517164202,,instructions,1606454291,100.00,3.57,insn per cycle
13.160596785,6023605161,,cycles,1606303166,100.00,,
13.260987052,4850144,,rD044,1606252596,100.00,,
13.260987052,139451324,,rFF44,1606258576,100.00,,
13.260987052,21575706969,,instructions,1606475045,100.00,3.58,insn per cycle
13.260987052,6025345075,,cycles,1606766315,100.00,,
13.361409549,5108054,,rD044,1606756921,100.00,,
13.361409549,139519227,,rFF44,1606769166,100.00,,
13.361409549,21591966771,,instructions,1606541406,100.00,3.58,insn per cycle
13.361409549,6023286324,,cycles,1606217011,100.00,,
13.461798756,4290745,,rD044,1606458445,100.00,,
13.461798756,137091492,,rFF44,1606645475,100.00,,
13.461798756,21280781475,,instructions,1606710736,100.00,3.53,insn per cycle
13.461798756,6025174800,,cycles,1606720946,100.00,,
13.562218422,4585454,,rD044,1606512086,100.00,,
13.562218422,137963464,,rFF44,1606389371,100.00,,
13.562218422,21391218313,,instructions,1606519355,100.00,3.55,insn per cycle
13.562218422,6024779242,,cycles,1606615476,100.00,,
13.662638949,4456667,,rD044,1607049346,100.00,,
13.662638949,137437043,,rFF44,1607087496,100.00,,
13.662638949,21325116880,,instructions,1606998209,100.00,3.54,insn per cycle
13.662638949,6026732433,,cycles,1607144586,100.00,,
13.763088587,4660977,,rD044,1607323546,100.00,,
13.763088587,137389672,,rFF44,1607575306,100.00,,
13.763088587,21325634805,,instructions,1607572552,100.00,3.54,insn per cycle
13.763088587,6027908979,,cycles,1607457636,100.00,,
13.863558194,4763255,,rD044,1607554896,100.00,,
13.863558194,137017313,,rFF44,1607616958,100.00,,
13.863558194,21282237796,,instructions,1607832568,100.00,3.53,insn per cycle
13.863558194,6031588487,,cycles,1608430386,100.00,,
13.964093532,4682944,,rD044,1608266206,100.00,,
13.964093532,135653549,,rFF44,1608007149,100.00,,
13.964093532,21118059644,,instructions,1607864956,100.00,3.50,insn per cycle
13.964093532,6027226331,,cycles,1607286176,100.00,,
14.064536190,4717259,,rD044,1607027566,100.00,,
14.064536190,135810666,,rFF44,1607127323,100.00,,
14.064536190,21120936779,,instructions,1607278996,100.00,3.50,insn per cycle
14.064536190,6027532205,,cycles,1607349986,100.00,,
14.164995747,4982574,,rD044,1607237086,100.00,,
14.164995747,136980169,,rFF44,1606965378,100.00,,
14.164995747,21270804745,,instructions,1606862186,100.00,3.53,insn per cycle
14.164995747,6025101690,,cycles,1606707726,100.00,,
14.265425794,4669814,,rD044,1607560250,100.00,,
14.265425794,137718183,,rFF44,1609083788,100.00,,
14.265425794,21363200502,,instructions,1609523628,100.00,3.54,insn per cycle
14.265425794,6038090232,,cycles,1610162632,100.00,,
14.366053884,4589800,,rD044,1609423258,100.00,,
14.366053884,137842784,,rFF44,1608144816,100.00,,
14.366053884,21362999581,,instructions,1607536759,100.00,3.55,insn per cycle
14.366053884,6025752145,,cycles,1606877716,100.00,,
14.466481701,4609635,,rD044,1606991576,100.00,,
14.466481701,138358482,,rFF44,1607225986,100.00,,
14.466481701,21456507521,,instructions,1607641222,100.00,3.56,insn per cycle
14.466481701,6030930693,,cycles,1608256596,100.00,,
14.567013289,4710914,,rD044,1608370886,100.00,,
14.567013289,137043616,,rFF44,1608295703,100.00,,
14.567013289,21292587064,,instructions,1608155521,100.00,3.53,insn per cycle
14.567013289,6029163335,,cycles,1607788136,100.00,,
14.667500267,4466430,,rD044,1607901456,100.00,,
14.667500267,137624144,,rFF44,1607720144,100.00,,
14.667500267,21346653832,,instructions,1607491186,100.00,3.54,insn per cycle
14.667500267,6027255313,,cycles,1607275556,100.00,,
14.767943724,4638806,,rD044,1607175206,100.00,,
14.767943724,137218906,,rFF44,1607171802,100.00,,
14.767943724,21300730192,,instructions,1607312806,100.00,3.53,insn per cycle
14.767943724,6027454435,,cycles,1607329606,100.00,,
14.868411211,4457509,,rD044,1607521536,100.00,,
14.868411211,138265373,,rFF44,1607678411,100.00,,
14.868411211,21437640753,,instructions,1607969406,100.00,3.55,insn per cycle
14.868411211,6030327664,,cycles,1608101826,100.00,,
14.968912279,4061468,,rD044,1607513786,100.00,,
14.968912279,137589622,,rFF44,1607218546,100.00,,
14.968912279,21335747244,,instructions,1606824346,100.00,3.54,insn per cycle
14.968912279,6025474398,,cycles,1606801456,100.00,,
15.069340646,4759038,,rD044,1606832256,100.00,,
15.069340646,136967081,,rFF44,1606802715,100.00,,
15.069340646,21267648934,,instructions,1606714376,100.00,3.53,insn per cycle
15.069340646,6024803109,,cycles,1606620776,100.00,,
15.169754223,5099523,,rD044,1606823686,100.00,,
15.169754223,136924112,,rFF44,1607317367,100.00,,
15.169754223,21285105278,,instructions,1607865546,100.00,3.53,insn per cycle
15.169754223,6031572196,,cycles,1608425206,100.00,,
15.270294022,4719921,,rD044,1608506799,100.00,,
15.270294022,138056474,,rFF44,1608104436,100.00,,
15.270294022,21399209581,,instructions,1607555526,100.00,3.55,insn per cycle
15.270294022,6025975733,,cycles,1606937616,100.00,,
15.370708568,4503550,,rD044,1606674773,100.00,,
15.370708568,135955363,,rFF44,1606869402,100.00,,
15.370708568,21134505291,,instructions,1607193656,100.00,3.51,insn per cycle
15.370708568,6027451141,,cycles,1607346516,100.00,,
15.471176706,4583485,,rD044,1607559456,100.00,,
15.471176706,136763291,,rFF44,1607388738,100.00,,
15.471176706,21238078272,,instructions,1607187326,100.00,3.52,insn per cycle
15.471176706,6026688235,,cycles,1607131556,100.00,,
15.571622133,4530825,,rD044,1607158406,100.00,,
15.571622133,136305295,,rFF44,1607088451,100.00,,
15.571622133,21180997406,,instructions,1606923816,100.00,3.51,insn per cycle
15.571622133,6026088031,,cycles,1606963806,100.00,,
15.672058500,4659653,,rD044,1606806336,100.00,,
15.672058500,138114886,,rFF44,1606993699,100.00,,
15.672058500,21399040421,,instructions,1607079336,100.00,3.55,insn per cycle
15.672058500,6026270526,,cycles,1607014516,100.00,,
15.772496947,4420004,,rD044,1607466785,100.00,,
15.772496947,136632666,,rFF44,1607639622,100.00,,
15.772496947,21220677579,,instructions,1607627895,100.00,3.52,insn per cycle
15.772496947,6028994657,,cycles,1607771625,100.00,,
15.872988005,4429651,,rD044,1607301976,100.00,,
15.872988005,137980799,,rFF44,1607193313,100.00,,
15.872988005,21394704059,,instructions,1607351666,100.00,3.55,insn per cycle
15.872988005,6027170267,,cycles,1607253996,100.00,,
15.973446813,5182326,,rD044,1607611096,100.00,,
15.973446813,136653440,,rFF44,1608060576,100.00,,
15.973446813,21235388880,,instructions,1608488336,100.00,3.52,insn per cycle
15.973446813,6033789402,,cycles,1609018346,100.00,,
16.074015461,4341263,,rD044,1609277101,100.00,,
16.074015461,137249484,,rFF44,1609288286,100.00,,
16.074015461,21298547683,,instructions,1608744096,100.00,3.53,insn per cycle
16.074015461,6030864644,,cycles,1608241192,100.00,,
16.145234739,2282827,,rD044,1088594935,100.00,,
16.145234739,73529334,,rFF44,1086914054,100.00,,
16.145234739,11869921320,,instructions,1086059894,100.00,2.92,insn per cycle
16.145234739,4069294655,,cycles,1085174578,100.00,,
