0.100128335,4624519,,rD044,92585889,100.00,,
0.100128335,20345212,,rFF44,92591339,100.00,,
0.100128335,441510808,,instructions,92596439,100.00,1.29,insn per cycle
0.100128335,343317412,,cycles,92601309,100.00,,
0.200395162,5490729,,rD044,100263635,100.00,,
0.200395162,23992148,,rFF44,100265275,100.00,,
0.200395162,505887096,,instructions,100264695,100.00,1.35,insn per cycle
0.200395162,375991368,,cycles,100264805,100.00,,
0.300628058,5490790,,rD044,100230915,100.00,,
0.300628058,23955354,,rFF44,100229885,100.00,,
0.300628058,504380645,,instructions,100229835,100.00,1.34,insn per cycle
0.300628058,375858845,,cycles,100229515,100.00,,
0.400840044,6778888,,rD044,100212555,100.00,,
0.400840044,28859481,,rFF44,100213685,100.00,,
0.400840044,80377940,,instructions,100213245,100.00,0.21,insn per cycle
0.400840044,375798655,,cycles,100213465,100.00,,
0.501055320,6958437,,rD044,100213544,100.00,,
0.501055320,29393907,,rFF44,100212975,100.00,,
0.501055320,36726186,,instructions,100214505,100.00,0.10,insn per cycle
0.501055320,375802523,,cycles,100214535,100.00,,
0.601274076,12076668,,rD044,3145533844,100.00,,
0.601274076,248870725,,rFF44,3167809499,100.00,,
0.601274076,36698570568,,instructions,3187069235,100.00,3.05,insn per cycle
0.601274076,12016622762,,cycles,3205690698,100.00,,
0.702771236,18619988,,rD044,6493455576,100.00,,
0.702771236,492804897,,rFF44,6491252972,100.00,,
0.702771236,76496096532,,instructions,6490419401,100.00,3.14,insn per cycle
0.702771236,24337307995,,cycles,6490009364,100.00,,
0.804160975,18645797,,rD044,6489385528,100.00,,
0.804160975,495368051,,rFF44,6489618614,100.00,,
0.804160975,76828905939,,instructions,6488911227,100.00,3.16,insn per cycle
0.804160975,24333166055,,cycles,6488887440,100.00,,
0.905563204,18454073,,rD044,6488996070,100.00,,
0.905563204,498316622,,rFF44,6487603868,100.00,,
0.905563204,77231946485,,instructions,6487099543,100.00,3.18,insn per cycle
0.905563204,24324615158,,cycles,6486609556,100.00,,
1.006895752,18231736,,rD044,6484974972,100.00,,
1.006895752,502129224,,rFF44,6485041070,100.00,,
1.006895752,77716659842,,instructions,6486255747,100.00,3.19,insn per cycle
1.006895752,24325582358,,cycles,6486875676,100.00,,
1.108258591,18653920,,rD044,6487617260,100.00,,
1.108258591,501402224,,rFF44,6488800409,100.00,,
1.108258591,77624137170,,instructions,6487422598,100.00,3.19,insn per cycle
1.108258591,24321700540,,cycles,6485835396,100.00,,
1.209617310,18908878,,rD044,6485407571,100.00,,
1.209617310,501728066,,rFF44,6484042557,100.00,,
1.209617310,77680592520,,instructions,6484503898,100.00,3.19,insn per cycle
1.209617310,24319828648,,cycles,6485339282,100.00,,
1.310929058,19194606,,rD044,6484658835,100.00,,
1.310929058,503017777,,rFF44,6485011451,100.00,,
1.310929058,77826758284,,instructions,6485378610,100.00,3.20,insn per cycle
1.310929058,24318198969,,cycles,6484887391,100.00,,
1.412262206,18627032,,rD044,6485585540,100.00,,
1.412262206,495932805,,rFF44,6487488360,100.00,,
1.412262206,77015243401,,instructions,6487849837,100.00,3.17,insn per cycle
1.412262206,24330198132,,cycles,6488106012,100.00,,
1.513646625,18946882,,rD044,6487777945,100.00,,
1.513646625,492786514,,rFF44,6485439316,100.00,,
1.513646625,76617844481,,instructions,6484483948,100.00,3.15,insn per cycle
1.513646625,24318932051,,cycles,6485079526,100.00,,
1.614970183,19790364,,rD044,6485958242,100.00,,
1.614970183,500993479,,rFF44,6486461216,100.00,,
1.614970183,77586570082,,instructions,6486159340,100.00,3.19,insn per cycle
1.614970183,24317590738,,cycles,6484761678,100.00,,
1.716294652,19631235,,rD044,6483054593,100.00,,
1.716294652,501846911,,rFF44,6481642967,100.00,,
1.716294652,77573450125,,instructions,6477667408,100.00,3.19,insn per cycle
1.716294652,24295287824,,cycles,6478817717,100.00,,
1.817549149,19493393,,rD044,6480865593,100.00,,
1.817549149,501808357,,rFF44,6481246144,100.00,,
1.817549149,77777045379,,instructions,6485658103,100.00,3.20,insn per cycle
1.817549149,24320550644,,cycles,6485600442,100.00,,
1.918872878,19704369,,rD044,6484451121,100.00,,
1.918872878,501723189,,rFF44,6485692312,100.00,,
1.918872878,77686551408,,instructions,6486628151,100.00,3.19,insn per cycle
1.918872878,24330607115,,cycles,6488204982,100.00,,
2.020309997,19565735,,rD044,6491963216,100.00,,
2.020309997,503358483,,rFF44,6491721261,100.00,,
2.020309997,77857896976,,instructions,6489457755,100.00,3.20,insn per cycle
2.020309997,24328700901,,cycles,6487699791,100.00,,
2.121634695,20084996,,rD044,6483569622,100.00,,
2.121634695,501362926,,rFF44,6483463296,100.00,,
2.121634695,77638338949,,instructions,6484476785,100.00,3.19,insn per cycle
2.121634695,24317013054,,cycles,6484688185,100.00,,
2.222960004,19309239,,rD044,6484760478,100.00,,
2.222960004,502942453,,rFF44,6483475477,100.00,,
2.222960004,77733106169,,instructions,6479643720,100.00,3.20,insn per cycle
2.222960004,24278288704,,cycles,6474269999,100.00,,
2.324120110,19932532,,rD044,6474724341,100.00,,
2.324120110,501084647,,rFF44,6476027585,100.00,,
2.324120110,77654098967,,instructions,6479526244,100.00,3.19,insn per cycle
2.324120110,24313715012,,cycles,6483710543,100.00,,
2.425426288,19709282,,rD044,6483770120,100.00,,
2.425426288,501476385,,rFF44,6483521943,100.00,,
2.425426288,77656379337,,instructions,6484030807,100.00,3.19,insn per cycle
2.425426288,24319905596,,cycles,6485338991,100.00,,
2.526772887,19552697,,rD044,6484885556,100.00,,
2.526772887,502930101,,rFF44,6484661008,100.00,,
2.526772887,77821940842,,instructions,6485303087,100.00,3.20,insn per cycle
2.526772887,24319739857,,cycles,6485315134,100.00,,
2.628094445,19991150,,rD044,6484761410,100.00,,
2.628094445,501787409,,rFF44,6484883012,100.00,,
2.628094445,77662927302,,instructions,6483495532,100.00,3.20,insn per cycle
2.628094445,24307314711,,cycles,6482035399,100.00,,
2.729381133,19978041,,rD044,6481977366,100.00,,
2.729381133,499902589,,rFF44,6482101507,100.00,,
2.729381133,77449680701,,instructions,6482347578,100.00,3.19,insn per cycle
2.729381133,24313154846,,cycles,6483775894,100.00,,
2.830710251,20073819,,rD044,6484731710,100.00,,
2.830710251,499406772,,rFF44,6485174594,100.00,,
2.830710251,77412672318,,instructions,6486424698,100.00,3.18,insn per cycle
2.830710251,24324347041,,cycles,6486662278,100.00,,
2.932043059,20339420,,rD044,6485699241,100.00,,
2.932043059,499233631,,rFF44,6487514683,100.00,,
2.932043059,77374743442,,instructions,6486865600,100.00,3.18,insn per cycle
2.932043059,24323591907,,cycles,6486478831,100.00,,
3.033434228,19615630,,rD044,6488264243,100.00,,
3.033434228,503571386,,rFF44,6488290330,100.00,,
3.033434228,77905309220,,instructions,6489228829,100.00,3.20,insn per cycle
3.033434228,24340006277,,cycles,6490721863,100.00,,
3.134856128,20487019,,rD044,6490362667,100.00,,
3.134856128,501800846,,rFF44,6488051539,100.00,,
3.134856128,77678576622,,instructions,6487076548,100.00,3.19,insn per cycle
3.134856128,24316505076,,cycles,6484512076,100.00,,
3.236161676,20030749,,rD044,6483845950,100.00,,
3.236161676,503329468,,rFF44,6485645281,100.00,,
3.236161676,77877958350,,instructions,6486743410,100.00,3.20,insn per cycle
3.236161676,24325782295,,cycles,6486917543,100.00,,
3.337528424,19744967,,rD044,6488632585,100.00,,
3.337528424,502393284,,rFF44,6488793032,100.00,,
3.337528424,77766096972,,instructions,6488896077,100.00,3.20,insn per cycle
3.337528424,24335457182,,cycles,6489488550,100.00,,
3.438921584,19720400,,rD044,6487933662,100.00,,
3.438921584,501924968,,rFF44,6486511534,100.00,,
3.438921584,77705519605,,instructions,6486378867,100.00,3.19,insn per cycle
3.438921584,24323732256,,cycles,6486360406,100.00,,
3.540271092,19848285,,rD044,6485730738,100.00,,
3.540271092,503412938,,rFF44,6487202183,100.00,,
3.540271092,77882551533,,instructions,6487270951,100.00,3.20,insn per cycle
3.540271092,24325894440,,cycles,6486936760,100.00,,
3.641627841,19945742,,rD044,6486161753,100.00,,
3.641627841,501424944,,rFF44,6484689736,100.00,,
3.641627841,77635226497,,instructions,6484914340,100.00,3.19,insn per cycle
3.641627841,24323152774,,cycles,6486218025,100.00,,
3.742984269,20307254,,rD044,6487620950,100.00,,
3.742984269,503546879,,rFF44,6487625964,100.00,,
3.742984269,77888013598,,instructions,6487338631,100.00,3.20,insn per cycle
3.742984269,24326416796,,cycles,6487096563,100.00,,
3.844385839,19982657,,rD044,6490520046,100.00,,
3.844385839,502510190,,rFF44,6490116432,100.00,,
3.844385839,77769963207,,instructions,6488924289,100.00,3.20,insn per cycle
3.844385839,24330279641,,cycles,6488124981,100.00,,
3.945702627,20630296,,rD044,6482834002,100.00,,
3.945702627,501893481,,rFF44,6482734973,100.00,,
3.945702627,77685576226,,instructions,6482672501,100.00,3.20,insn per cycle
3.945702627,24310877272,,cycles,6482939495,100.00,,
4.047012435,20055338,,rD044,6484203521,100.00,,
4.047012435,503469434,,rFF44,6484409319,100.00,,
4.047012435,77888072565,,instructions,6485848114,100.00,3.20,insn per cycle
4.047012435,24318055682,,cycles,6484854702,100.00,,
4.148342013,20491443,,rD044,6485227138,100.00,,
4.148342013,502451673,,rFF44,6485019641,100.00,,
4.148342013,77740604309,,instructions,6483083932,100.00,3.20,insn per cycle
4.148342013,24315514087,,cycles,6484177724,100.00,,
4.249663431,19779272,,rD044,6483690991,100.00,,
4.249663431,502763834,,rFF44,6483832756,100.00,,
4.249663431,77800512650,,instructions,6484659065,100.00,3.20,insn per cycle
4.249663431,24319226168,,cycles,6485157565,100.00,,
4.350991320,20087582,,rD044,6485623063,100.00,,
4.350991320,502608890,,rFF44,6485849246,100.00,,
4.350991320,77798528196,,instructions,6487813851,100.00,3.20,insn per cycle
4.350991320,24332366187,,cycles,6488674462,100.00,,
4.452393939,19203698,,rD044,6490281889,100.00,,
4.452393939,502528628,,rFF44,6490465643,100.00,,
4.452393939,77768602143,,instructions,6488989455,100.00,3.20,insn per cycle
4.452393939,24329033745,,cycles,6487793237,100.00,,
4.553754178,19758990,,rD044,6486294221,100.00,,
4.553754178,503088647,,rFF44,6485285761,100.00,,
4.553754178,77826819520,,instructions,6484832278,100.00,3.20,insn per cycle
4.553754178,24320281209,,cycles,6485440121,100.00,,
4.655078826,19682456,,rD044,6485609661,100.00,,
4.655078826,502164259,,rFF44,6487035411,100.00,,
4.655078826,77718015343,,instructions,6486757692,100.00,3.20,insn per cycle
4.655078826,24319943714,,cycles,6485348742,100.00,,
4.756414684,19329202,,rD044,6485622927,100.00,,
4.756414684,502738203,,rFF44,6485034371,100.00,,
4.756414684,77798960316,,instructions,6484982650,100.00,3.20,insn per cycle
4.756414684,24322101819,,cycles,6485927210,100.00,,
4.857772433,16796630,,rD044,6478542895,100.00,,
4.857772433,425442770,,rFF44,6468145988,100.00,,
4.857772433,68400223119,,instructions,6452249279,100.00,2.83,insn per cycle
4.857772433,24129121545,,cycles,6434675611,100.00,,
4.861891748,22661,,rD044,13233025,100.00,,
4.861891748,119988,,rFF44,4360795,100.00,,
4.861891748,4712000,,instructions,3049885,100.00,0.48,insn per cycle
4.861891748,9801390,,cycles,2738745,100.00,,
