0.100119462,4475578,,rD044,89939142,100.00,,
0.100119462,19798226,,rFF44,89944722,100.00,,
0.100119462,430041682,,instructions,89949592,100.00,1.29,insn per cycle
0.100119462,333368908,,cycles,89954752,100.00,,
0.200373905,5501165,,rD044,100250155,100.00,,
0.200373905,24042646,,rFF44,100249685,100.00,,
0.200373905,506580869,,instructions,100250635,100.00,1.35,insn per cycle
0.200373905,375937474,,cycles,100250165,100.00,,
0.300564058,5491570,,rD044,100173436,100.00,,
0.300564058,23979566,,rFF44,100173826,100.00,,
0.300564058,505203586,,instructions,100172946,100.00,1.35,insn per cycle
0.300564058,375613716,,cycles,100172856,100.00,,
0.400753560,6735809,,rD044,100188865,100.00,,
0.400753560,28457340,,rFF44,100189525,100.00,,
0.400753560,91566602,,instructions,100189206,100.00,0.24,insn per cycle
0.400753560,375706462,,cycles,100188946,100.00,,
0.500942222,6936561,,rD044,100187776,100.00,,
0.500942222,30060843,,rFF44,100187556,100.00,,
0.500942222,37516243,,instructions,100187935,100.00,0.10,insn per cycle
0.500942222,375705046,,cycles,100188365,100.00,,
0.601136935,3358680,,rD044,1658411113,100.00,,
0.601136935,154753418,,rFF44,1661936583,100.00,,
0.601136935,21965738522,,instructions,1664653339,100.00,3.51,insn per cycle
0.601136935,6249855575,,cycles,1667311925,100.00,,
0.701687772,129286,,rD044,3217456996,100.00,,
0.701687772,285562085,,rFF44,3217097444,100.00,,
0.701687772,44418543597,,instructions,3217204268,100.00,3.68,insn per cycle
0.701687772,12064321085,,cycles,3217166025,100.00,,
0.802214808,121386,,rD044,3216496190,100.00,,
0.802214808,283335784,,rFF44,3216277513,100.00,,
0.802214808,44155376864,,instructions,3215971934,100.00,3.66,insn per cycle
0.802214808,12059517350,,cycles,3215889301,100.00,,
0.902713124,119427,,rD044,3216045164,100.00,,
0.902713124,282612731,,rFF44,3216038393,100.00,,
0.902713124,44089964105,,instructions,3216094438,100.00,3.66,insn per cycle
0.902713124,12060415271,,cycles,3216122144,100.00,,
1.003219690,119455,,rD044,3216101609,100.00,,
1.003219690,287571724,,rFF44,3216048214,100.00,,
1.003219690,44724691914,,instructions,3216012828,100.00,3.71,insn per cycle
1.003219690,12059917614,,cycles,3215995831,100.00,,
1.103719126,115010,,rD044,3216144577,100.00,,
1.103719126,275078237,,rFF44,3216401734,100.00,,
1.103719126,43149279845,,instructions,3216586904,100.00,3.58,insn per cycle
1.103719126,12062480849,,cycles,3216671795,100.00,,
1.204237372,117607,,rD044,3216456113,100.00,,
1.204237372,284409124,,rFF44,3216475081,100.00,,
1.204237372,44314163067,,instructions,3216294823,100.00,3.67,insn per cycle
1.204237372,12060798854,,cycles,3216232283,100.00,,
1.304752178,119203,,rD044,3216349263,100.00,,
1.304752178,286115892,,rFF44,3216348594,100.00,,
1.304752178,44506918127,,instructions,3216794803,100.00,3.69,insn per cycle
1.304752178,12062875900,,cycles,3216777974,100.00,,
1.405279815,116854,,rD044,3216837505,100.00,,
1.405279815,286560852,,rFF44,3216812003,100.00,,
1.405279815,44605931288,,instructions,3216340382,100.00,3.70,insn per cycle
1.405279815,12060549320,,cycles,3216173731,100.00,,
1.505779380,118642,,rD044,3215837461,100.00,,
1.505779380,289199659,,rFF44,3215909711,100.00,,
1.505779380,44931457664,,instructions,3215906584,100.00,3.73,insn per cycle
1.505779380,12060076612,,cycles,3216038244,100.00,,
1.606287457,118454,,rD044,3216269654,100.00,,
1.606287457,288786209,,rFF44,3216139945,100.00,,
1.606287457,44852623426,,instructions,3216070993,100.00,3.72,insn per cycle
1.606287457,12060043102,,cycles,3216036184,100.00,,
1.706793093,116418,,rD044,3216148214,100.00,,
1.706793093,281312901,,rFF44,3216349274,100.00,,
1.706793093,43932400883,,instructions,3216381223,100.00,3.64,insn per cycle
1.706793093,12061260943,,cycles,3216362412,100.00,,
1.807303119,118185,,rD044,3216063642,100.00,,
1.807303119,283736948,,rFF44,3215761390,100.00,,
1.807303119,44237703999,,instructions,3215761304,100.00,3.67,insn per cycle
1.807303119,12059139154,,cycles,3215789134,100.00,,
1.907799515,116400,,rD044,3215965234,100.00,,
1.907799515,281510768,,rFF44,3216221116,100.00,,
1.907799515,43979789032,,instructions,3216336025,100.00,3.65,insn per cycle
1.907799515,12061317461,,cycles,3216361224,100.00,,
2.008309271,115604,,rD044,3216270692,100.00,,
2.008309271,284071960,,rFF44,3215992894,100.00,,
2.008309271,44270681270,,instructions,3215748601,100.00,3.67,insn per cycle
2.008309271,12059051456,,cycles,3215758682,100.00,,
2.108815417,119152,,rD044,3215897762,100.00,,
2.108815417,288760341,,rFF44,3216140683,100.00,,
2.108815417,44901309690,,instructions,3216390382,100.00,3.72,insn per cycle
2.108815417,12061013488,,cycles,3216464522,100.00,,
2.209335693,117661,,rD044,3216657744,100.00,,
2.209335693,282517374,,rFF44,3216509851,100.00,,
2.209335693,44062385906,,instructions,3216254899,100.00,3.65,insn per cycle
2.209335693,12060232748,,cycles,3216080294,100.00,,
2.309836289,117110,,rD044,3215854278,100.00,,
2.309836289,279491627,,rFF44,3216222234,100.00,,
2.309836289,43713046922,,instructions,3216455247,100.00,3.62,insn per cycle
2.309836289,12062382230,,cycles,3216651380,100.00,,
2.410364206,117728,,rD044,3216897698,100.00,,
2.410364206,287606929,,rFF44,3216644666,100.00,,
2.410364206,44724399130,,instructions,3216552244,100.00,3.71,insn per cycle
2.410364206,12061503090,,cycles,3216414016,100.00,,
2.510879502,116332,,rD044,3216269464,100.00,,
2.510879502,286214854,,rFF44,3216111940,100.00,,
2.510879502,44519270816,,instructions,3216122331,100.00,3.69,insn per cycle
2.510879502,12060265358,,cycles,3216096184,100.00,,
2.611380808,119205,,rD044,3216124043,100.00,,
2.611380808,291487083,,rFF44,3216290473,100.00,,
2.611380808,45220408403,,instructions,3216347554,100.00,3.75,insn per cycle
2.611380808,12061270395,,cycles,3216356466,100.00,,
2.711906804,119096,,rD044,3216397532,100.00,,
2.711906804,290133124,,rFF44,3216280061,100.00,,
2.711906804,45051934676,,instructions,3216403734,100.00,3.74,insn per cycle
2.711906804,12061925209,,cycles,3216549879,100.00,,
2.812420760,116185,,rD044,3216584724,100.00,,
2.812420760,284661525,,rFF44,3216643105,100.00,,
2.812420760,44322098846,,instructions,3216389081,100.00,3.67,insn per cycle
2.812420760,12061030761,,cycles,3216286894,100.00,,
2.912931706,117741,,rD044,3216164261,100.00,,
2.912931706,287313455,,rFF44,3216097344,100.00,,
2.912931706,44665074548,,instructions,3216199455,100.00,3.70,insn per cycle
2.912931706,12060584724,,cycles,3216172956,100.00,,
3.013432422,117151,,rD044,3215962195,100.00,,
3.013432422,284851446,,rFF44,3215847934,100.00,,
3.013432422,44366469852,,instructions,3215642054,100.00,3.68,insn per cycle
3.013432422,12058536528,,cycles,3215621000,100.00,,
3.113929508,117764,,rD044,3215842854,100.00,,
3.113929508,282466710,,rFF44,3215905092,100.00,,
3.113929508,44073907794,,instructions,3216110526,100.00,3.65,insn per cycle
3.113929508,12060774667,,cycles,3216223264,100.00,,
3.214435364,120211,,rD044,3216356389,100.00,,
3.214435364,283476695,,rFF44,3216396794,100.00,,
3.214435364,44205039316,,instructions,3216280380,100.00,3.67,insn per cycle
3.214435364,12060552892,,cycles,3216158771,100.00,,
3.314941321,122373,,rD044,3215798257,100.00,,
3.314941321,282701729,,rFF44,3215663650,100.00,,
3.314941321,44060889912,,instructions,3215670914,100.00,3.65,insn per cycle
3.314941321,12058494401,,cycles,3215623265,100.00,,
3.415429276,118154,,rD044,3215791704,100.00,,
3.415429276,281463025,,rFF44,3216042476,100.00,,
3.415429276,43987733229,,instructions,3216178103,100.00,3.65,insn per cycle
3.415429276,12060928614,,cycles,3216257544,100.00,,
3.515942163,118456,,rD044,3216183025,100.00,,
3.515942163,283583653,,rFF44,3216073804,100.00,,
3.515942163,44180714383,,instructions,3216136793,100.00,3.66,insn per cycle
3.515942163,12060636894,,cycles,3216195519,100.00,,
3.616450599,117503,,rD044,3216297881,100.00,,
3.616450599,285872437,,rFF44,3216250940,100.00,,
3.616450599,44480477681,,instructions,3216209544,100.00,3.69,insn per cycle
3.616450599,12060984494,,cycles,3216279767,100.00,,
3.716961185,118008,,rD044,3216133043,100.00,,
3.716961185,287133065,,rFF44,3216103785,100.00,,
3.716961185,44668361164,,instructions,3216117784,100.00,3.70,insn per cycle
3.716961185,12060184346,,cycles,3216066693,100.00,,
3.817484921,118195,,rD044,3216745561,100.00,,
3.817484921,286259349,,rFF44,3216812524,100.00,,
3.817484921,44521830225,,instructions,3216663611,100.00,3.69,insn per cycle
3.817484921,12062009440,,cycles,3216548244,100.00,,
3.917984127,120595,,rD044,3215877885,100.00,,
3.917984127,288722212,,rFF44,3215811134,100.00,,
3.917984127,44867927322,,instructions,3215948154,100.00,3.72,insn per cycle
3.917984127,12060003065,,cycles,3216017842,100.00,,
4.018485943,115482,,rD044,3216105154,100.00,,
4.018485943,281024961,,rFF44,3216141542,100.00,,
4.018485943,43894199071,,instructions,3216094878,100.00,3.64,insn per cycle
4.018485943,12060434236,,cycles,3216126424,100.00,,
4.118991379,116833,,rD044,3215988789,100.00,,
4.118991379,281312254,,rFF44,3215998554,100.00,,
4.118991379,43918297623,,instructions,3215940868,100.00,3.64,insn per cycle
4.118991379,12059402937,,cycles,3215858971,100.00,,
4.219488215,120743,,rD044,3215928957,100.00,,
4.219488215,292522702,,rFF44,3215942031,100.00,,
4.219488215,45342112509,,instructions,3216034354,100.00,3.76,insn per cycle
4.219488215,12060567978,,cycles,3216168725,100.00,,
4.319998501,119271,,rD044,3216197914,100.00,,
4.319998501,284585968,,rFF44,3216269535,100.00,,
4.319998501,44337979053,,instructions,3216377739,100.00,3.68,insn per cycle
4.319998501,12061008511,,cycles,3216291694,100.00,,
4.420508107,118857,,rD044,3216342099,100.00,,
4.420508107,286842350,,rFF44,3216261624,100.00,,
4.420508107,44617083635,,instructions,3216085567,100.00,3.70,insn per cycle
4.420508107,12060109678,,cycles,3216041882,100.00,,
4.521017283,115591,,rD044,3216011176,100.00,,
4.521017283,279554021,,rFF44,3216040371,100.00,,
4.521017283,43737702026,,instructions,3216136203,100.00,3.63,insn per cycle
4.521017283,12060206981,,cycles,3216080733,100.00,,
4.621515489,118075,,rD044,3216090634,100.00,,
4.621515489,286358768,,rFF44,3216157834,100.00,,
4.621515489,44594844765,,instructions,3216186449,100.00,3.70,insn per cycle
4.621515489,12061059850,,cycles,3216299724,100.00,,
4.722034296,119521,,rD044,3216487571,100.00,,
4.722034296,288514592,,rFF44,3216382924,100.00,,
4.722034296,44839913068,,instructions,3216288067,100.00,3.72,insn per cycle
4.722034296,12060794099,,cycles,3216229756,100.00,,
4.822537442,116217,,rD044,3215984825,100.00,,
4.822537442,282984388,,rFF44,3215950814,100.00,,
4.822537442,44123583470,,instructions,3215857894,100.00,3.66,insn per cycle
4.822537442,12059533208,,cycles,3215886640,100.00,,
4.923042198,116276,,rD044,3216026534,100.00,,
4.923042198,281768629,,rFF44,3215994112,100.00,,
4.923042198,43968663088,,instructions,3216075518,100.00,3.65,insn per cycle
4.923042198,12060007834,,cycles,3216019634,100.00,,
5.023541094,117535,,rD044,3216111798,100.00,,
5.023541094,287593589,,rFF44,3216280454,100.00,,
5.023541094,44701239082,,instructions,3216319078,100.00,3.71,insn per cycle
5.023541094,12061305713,,cycles,3216358544,100.00,,
5.124058360,117267,,rD044,3216435820,100.00,,
5.124058360,282390033,,rFF44,3216478724,100.00,,
5.124058360,44041476773,,instructions,3216394574,100.00,3.65,insn per cycle
5.124058360,12061017972,,cycles,3216284162,100.00,,
5.224568606,117665,,rD044,3216173352,100.00,,
5.224568606,278464003,,rFF44,3215989762,100.00,,
5.224568606,43577415010,,instructions,3215952381,100.00,3.61,insn per cycle
5.224568606,12060063906,,cycles,3216040284,100.00,,
5.325068732,121265,,rD044,3215981791,100.00,,
5.325068732,292056012,,rFF44,3216119884,100.00,,
5.325068732,45294291831,,instructions,3216118045,100.00,3.76,insn per cycle
5.325068732,12060210082,,cycles,3216068694,100.00,,
5.425570088,116788,,rD044,3215916345,100.00,,
5.425570088,284972512,,rFF44,3215821084,100.00,,
5.425570088,44368873679,,instructions,3215970204,100.00,3.68,insn per cycle
5.425570088,12060536902,,cycles,3216160392,100.00,,
5.526078064,117536,,rD044,3216308044,100.00,,
5.526078064,283462974,,rFF44,3216379722,100.00,,
5.526078064,44162691248,,instructions,3216307581,100.00,3.66,insn per cycle
5.526078064,12060655753,,cycles,3216194624,100.00,,
5.626583800,114671,,rD044,3216064500,100.00,,
5.626583800,278639963,,rFF44,3216082984,100.00,,
5.626583800,43577277682,,instructions,3216146065,100.00,3.61,insn per cycle
5.626583800,12060869292,,cycles,3216256236,100.00,,
5.727097496,119560,,rD044,3216387400,100.00,,
5.727097496,285754668,,rFF44,3216365694,100.00,,
5.727097496,44459098585,,instructions,3216298514,100.00,3.69,insn per cycle
5.727097496,12060727257,,cycles,3216204700,100.00,,
5.827607083,116043,,rD044,3216245650,100.00,,
5.827607083,280740748,,rFF44,3216157432,100.00,,
5.827607083,43841997711,,instructions,3216060773,100.00,3.64,insn per cycle
5.827607083,12060845677,,cycles,3216242984,100.00,,
5.928118169,117757,,rD044,3216230574,100.00,,
5.928118169,285061893,,rFF44,3216333094,100.00,,
5.928118169,44419686826,,instructions,3216436263,100.00,3.68,insn per cycle
5.928118169,12060774683,,cycles,3216217541,100.00,,
6.028621605,118876,,rD044,3216027707,100.00,,
6.028621605,290511021,,rFF44,3215973774,100.00,,
6.028621605,45080668805,,instructions,3216001934,100.00,3.74,insn per cycle
6.028621605,12060797775,,cycles,3216231825,100.00,,
6.129135031,125226,,rD044,3216201828,100.00,,
6.129135031,285359134,,rFF44,3216284728,100.00,,
6.129135031,44457823476,,instructions,3216382473,100.00,3.69,insn per cycle
6.129135031,12060566912,,cycles,3216333393,100.00,,
6.229653207,118250,,rD044,3216370124,100.00,,
6.229653207,282823107,,rFF44,3216276177,100.00,,
6.229653207,44131607092,,instructions,3216263710,100.00,3.66,insn per cycle
6.229653207,12064579664,,cycles,3217244114,100.00,,
6.330191224,119875,,rD044,3217220443,100.00,,
6.330191224,287194205,,rFF44,3217164874,100.00,,
6.330191224,44672949361,,instructions,3217064916,100.00,3.70,insn per cycle
6.330191224,12059618152,,cycles,3215910742,100.00,,
6.430692610,117611,,rD044,3215987143,100.00,,
6.430692610,288036010,,rFF44,3216075595,100.00,,
6.430692610,44765879960,,instructions,3216188074,100.00,3.71,insn per cycle
6.430692610,12060743265,,cycles,3216214874,100.00,,
6.531198626,117468,,rD044,3216018534,100.00,,
6.531198626,279443281,,rFF44,3215948721,100.00,,
6.531198626,43690963079,,instructions,3215823377,100.00,3.62,insn per cycle
6.531198626,12059258600,,cycles,3215821714,100.00,,
6.631698672,118339,,rD044,3216021861,100.00,,
6.631698672,285027891,,rFF44,3216066654,100.00,,
6.631698672,44417638836,,instructions,3216249539,100.00,3.68,insn per cycle
6.631698672,12061029616,,cycles,3216291802,100.00,,
6.732210058,119645,,rD044,3216466355,100.00,,
6.732210058,285867672,,rFF44,3216523967,100.00,,
6.732210058,44496818145,,instructions,3216317414,100.00,3.69,insn per cycle
6.732210058,12061117278,,cycles,3216309994,100.00,,
6.832719484,117298,,rD044,3216077274,100.00,,
6.832719484,285570249,,rFF44,3216073119,100.00,,
6.832719484,44464529967,,instructions,3216118441,100.00,3.69,insn per cycle
6.832719484,12060320413,,cycles,3216103064,100.00,,
6.933229240,116809,,rD044,3216199354,100.00,,
6.933229240,281894485,,rFF44,3216056684,100.00,,
6.933229240,44010630606,,instructions,3216033975,100.00,3.65,insn per cycle
6.933229240,12060087188,,cycles,3216034763,100.00,,
7.033730206,118857,,rD044,3216062132,100.00,,
7.033730206,287926573,,rFF44,3216251026,100.00,,
7.033730206,44734529373,,instructions,3216351754,100.00,3.71,insn per cycle
7.033730206,12061345071,,cycles,3216375593,100.00,,
7.134243192,117877,,rD044,3216352244,100.00,,
7.134243192,284069286,,rFF44,3216234430,100.00,,
7.134243192,44256090994,,instructions,3216093162,100.00,3.67,insn per cycle
7.134243192,12060098798,,cycles,3216037554,100.00,,
7.234746078,115975,,rD044,3216044155,100.00,,
7.234746078,280159985,,rFF44,3216183424,100.00,,
7.234746078,43780032321,,instructions,3216663194,100.00,3.63,insn per cycle
7.234746078,12062450765,,cycles,3216677252,100.00,,
7.335274895,117762,,rD044,3216735301,100.00,,
7.335274895,285513107,,rFF44,3216628643,100.00,,
7.335274895,44439581437,,instructions,3216225084,100.00,3.68,insn per cycle
7.335274895,12060612036,,cycles,3216174074,100.00,,
7.435775251,116781,,rD044,3216035934,100.00,,
7.435775251,283300675,,rFF44,3216270373,100.00,,
7.435775251,44164197469,,instructions,3216274501,100.00,3.66,insn per cycle
7.435775251,12061278554,,cycles,3216357684,100.00,,
7.536290747,118372,,rD044,3216606691,100.00,,
7.536290747,287415585,,rFF44,3216526514,100.00,,
7.536290747,44707904759,,instructions,3216466805,100.00,3.71,insn per cycle
7.536290747,12061605003,,cycles,3216451629,100.00,,
7.636811403,119599,,rD044,3216465274,100.00,,
7.636811403,287839725,,rFF44,3216463743,100.00,,
7.636811403,44750144708,,instructions,3216614883,100.00,3.71,insn per cycle
7.636811403,12062593244,,cycles,3216709046,100.00,,
7.737330909,121631,,rD044,3216397304,100.00,,
7.737330909,285523780,,rFF44,3216210020,100.00,,
7.737330909,44489826186,,instructions,3216104394,100.00,3.69,insn per cycle
7.737330909,12059873674,,cycles,3215976984,100.00,,
7.837829705,119540,,rD044,3215920964,100.00,,
7.837829705,288085068,,rFF44,3216021196,100.00,,
7.837829705,44756758182,,instructions,3216069924,100.00,3.71,insn per cycle
7.837829705,12060123627,,cycles,3216059434,100.00,,
7.938341381,117518,,rD044,3216342454,100.00,,
7.938341381,283149106,,rFF44,3216374464,100.00,,
7.938341381,44177985536,,instructions,3216327452,100.00,3.66,insn per cycle
7.938341381,12061228249,,cycles,3216339942,100.00,,
8.038855268,120750,,rD044,3216390912,100.00,,
8.038855268,290403494,,rFF44,3216334587,100.00,,
8.038855268,45072505512,,instructions,3216375954,100.00,3.74,insn per cycle
8.038855268,12061453110,,cycles,3216397574,100.00,,
8.073606617,224698,,rD044,1010004024,100.00,,
8.073606617,36371748,,rFF44,1006901459,100.00,,
8.073606617,7207454745,,instructions,1004322512,100.00,1.92,insn per cycle
8.073606617,3756321973,,cycles,1001804172,100.00,,
