0.100115920,3659795,,rD044,89964200,100.00,,
0.100115920,17284724,,rFF44,89970200,100.00,,
0.100115920,376464791,,instructions,89974450,100.00,1.13,insn per cycle
0.100115920,333499877,,cycles,89979160,100.00,,
0.200347921,5431980,,rD044,100229146,100.00,,
0.200347921,23786296,,rFF44,100229316,100.00,,
0.200347921,501412723,,instructions,100229786,100.00,1.33,insn per cycle
0.200347921,375859430,,cycles,100229546,100.00,,
0.300538023,5474843,,rD044,100189125,100.00,,
0.300538023,23959338,,rFF44,100189255,100.00,,
0.300538023,504688850,,instructions,100189345,100.00,1.34,insn per cycle
0.300538023,375710148,,cycles,100189705,100.00,,
0.400724914,6584077,,rD044,100165536,100.00,,
0.400724914,28105509,,rFF44,100165386,100.00,,
0.400724914,144596930,,instructions,100165176,100.00,0.38,insn per cycle
0.400724914,375591164,,cycles,100165196,100.00,,
0.500912845,6941398,,rD044,100186635,100.00,,
0.500912845,30245213,,rFF44,100186805,100.00,,
0.500912845,37687604,,instructions,100186745,100.00,0.10,insn per cycle
0.500912845,375699216,,cycles,100186765,100.00,,
0.601103526,6371796,,rD044,1366639105,100.00,,
0.601103526,130664523,,rFF44,1373982210,100.00,,
0.601103526,17570756692,,instructions,1380188914,100.00,3.38,insn per cycle
0.601103526,5200100086,,cycles,1387270912,100.00,,
0.702138817,5828019,,rD044,3232293714,100.00,,
0.702138817,273780796,,rFF44,3230466040,100.00,,
0.702138817,42423226976,,instructions,3228441494,100.00,3.51,insn per cycle
0.702138817,12094879813,,cycles,3225323596,100.00,,
0.802887814,6058824,,rD044,3223174281,100.00,,
0.802887814,273538100,,rFF44,3222520619,100.00,,
0.802887814,42391351936,,instructions,3222421254,100.00,3.51,insn per cycle
0.802887814,12083335268,,cycles,3222233376,100.00,,
0.903583431,5650841,,rD044,3222664292,100.00,,
0.903583431,272495132,,rFF44,3222501137,100.00,,
0.903583431,42274529807,,instructions,3222360070,100.00,3.50,insn per cycle
0.903583431,12086754472,,cycles,3223145534,100.00,,
1.004338589,5494952,,rD044,3224543418,100.00,,
1.004338589,273047486,,rFF44,3224853625,100.00,,
1.004338589,42347779004,,instructions,3225325510,100.00,3.50,insn per cycle
1.004338589,12096055262,,cycles,3225626703,100.00,,
1.105120987,5370052,,rD044,3225006324,100.00,,
1.105120987,274716936,,rFF44,3225486335,100.00,,
1.105120987,42555792293,,instructions,3225651156,100.00,3.52,insn per cycle
1.105120987,12095879018,,cycles,3225577980,100.00,,
1.205946995,5413313,,rD044,3226208554,100.00,,
1.205946995,274242756,,rFF44,3226703436,100.00,,
1.205946995,42501400042,,instructions,3227227196,100.00,3.51,insn per cycle
1.205946995,12101864852,,cycles,3227174308,100.00,,
1.306778754,5653775,,rD044,3226771888,100.00,,
1.306778754,274032724,,rFF44,3226505776,100.00,,
1.306778754,42482139240,,instructions,3227191748,100.00,3.51,insn per cycle
1.306778754,12107975021,,cycles,3228803281,100.00,,
1.407690683,5549454,,rD044,3229213412,100.00,,
1.407690683,274724520,,rFF44,3228944326,100.00,,
1.407690683,42548055367,,instructions,3227579865,100.00,3.52,insn per cycle
1.407690683,12094243849,,cycles,3225160296,100.00,,
1.508455161,5545316,,rD044,3224068180,100.00,,
1.508455161,273708431,,rFF44,3223521338,100.00,,
1.508455161,42421809294,,instructions,3223317453,100.00,3.51,insn per cycle
1.508455161,12088623395,,cycles,3223643854,100.00,,
1.609194888,5467935,,rD044,3223735342,100.00,,
1.609194888,273356906,,rFF44,3223900770,100.00,,
1.609194888,42383075795,,instructions,3224056666,100.00,3.51,insn per cycle
1.609194888,12090259812,,cycles,3224124774,100.00,,
1.709968366,5586858,,rD044,3224511186,100.00,,
1.709968366,273559389,,rFF44,3224105206,100.00,,
1.709968366,42402626980,,instructions,3223827402,100.00,3.51,insn per cycle
1.709968366,12087986343,,cycles,3223473997,100.00,,
1.810696204,5763016,,rD044,3223456967,100.00,,
1.810696204,272231106,,rFF44,3223934124,100.00,,
1.810696204,42245134708,,instructions,3224599554,100.00,3.49,insn per cycle
1.810696204,12096644850,,cycles,3225781598,100.00,,
1.911509842,5940688,,rD044,3225810983,100.00,,
1.911509842,271870160,,rFF44,3225658026,100.00,,
1.911509842,42195885148,,instructions,3225280108,100.00,3.49,insn per cycle
1.911509842,12090914541,,cycles,3224257011,100.00,,
2.012255729,5929334,,rD044,3224275446,100.00,,
2.012255729,272135524,,rFF44,3224648745,100.00,,
2.012255729,42234861195,,instructions,3224801674,100.00,3.49,insn per cycle
2.012255729,12096005521,,cycles,3225610987,100.00,,
2.113069398,6262602,,rD044,3225548488,100.00,,
2.113069398,272593758,,rFF44,3225169485,100.00,,
2.113069398,42267239534,,instructions,3224694252,100.00,3.50,insn per cycle
2.113069398,12089658231,,cycles,3223922813,100.00,,
2.213817705,5564504,,rD044,3224298715,100.00,,
2.213817705,272078018,,rFF44,3224255396,100.00,,
2.213817705,42223226374,,instructions,3224507588,100.00,3.49,insn per cycle
2.213817705,12094416645,,cycles,3225195676,100.00,,
2.314616733,5967196,,rD044,3225397193,100.00,,
2.314616733,272095979,,rFF44,3226477617,100.00,,
2.314616733,42213539146,,instructions,3226304206,100.00,3.49,insn per cycle
2.314616733,12094277015,,cycles,3225167698,100.00,,
2.415393471,5696464,,rD044,3224601042,100.00,,
2.415393471,273448034,,rFF44,3223715163,100.00,,
2.415393471,42388903997,,instructions,3223841637,100.00,3.51,insn per cycle
2.415393471,12092553409,,cycles,3224717382,100.00,,
2.516157479,5849457,,rD044,3223332748,100.00,,
2.516157479,273575267,,rFF44,3221594468,100.00,,
2.516157479,42346573520,,instructions,3220180033,100.00,3.51,insn per cycle
2.516157479,12069352271,,cycles,3218508464,100.00,,
2.616722245,5802843,,rD044,3219390454,100.00,,
2.616722245,272785395,,rFF44,3222730852,100.00,,
2.616722245,42349304461,,instructions,3224710189,100.00,3.50,insn per cycle
2.616722245,12099473812,,cycles,3226542926,100.00,,
2.717573573,6029091,,rD044,3226264306,100.00,,
2.717573573,272771385,,rFF44,3224511383,100.00,,
2.717573573,42300156837,,instructions,3223786921,100.00,3.50,insn per cycle
2.717573573,12085937083,,cycles,3222939014,100.00,,
2.818293741,5871143,,rD044,3223697522,100.00,,
2.818293741,271390863,,rFF44,3224255067,100.00,,
2.818293741,42142540551,,instructions,3224454264,100.00,3.48,insn per cycle
2.818293741,12093103083,,cycles,3224835306,100.00,,
2.919068158,6017032,,rD044,3224597248,100.00,,
2.919068158,272206090,,rFF44,3223845618,100.00,,
2.919068158,42221363904,,instructions,3223546856,100.00,3.49,insn per cycle
2.919068158,12088481868,,cycles,3223608005,100.00,,
3.019824386,6276843,,rD044,3224426597,100.00,,
3.019824386,272401466,,rFF44,3225880175,100.00,,
3.019824386,42279475175,,instructions,3228045423,100.00,3.49,insn per cycle
3.019824386,12108294285,,cycles,3229083477,100.00,,
3.120766566,5999721,,rD044,3229846937,100.00,,
3.120766566,273341474,,rFF44,3229108866,100.00,,
3.120766566,42364446343,,instructions,3227412536,100.00,3.50,insn per cycle
3.120766566,12099810834,,cycles,3226628478,100.00,,
3.221567244,5898862,,rD044,3225886036,100.00,,
3.221567244,272545611,,rFF44,3225432470,100.00,,
3.221567244,42272961741,,instructions,3225197763,100.00,3.50,insn per cycle
3.221567244,12091178385,,cycles,3224328219,100.00,,
3.322319312,5791841,,rD044,3223456379,100.00,,
3.322319312,271631339,,rFF44,3223406123,100.00,,
3.322319312,42159682967,,instructions,3222913647,100.00,3.49,insn per cycle
3.322319312,12087768401,,cycles,3223453078,100.00,,
3.423068109,5831861,,rD044,3223971012,100.00,,
3.423068109,272397704,,rFF44,3223988457,100.00,,
3.423068109,42269397360,,instructions,3224533343,100.00,3.49,insn per cycle
3.423068109,12095185228,,cycles,3225403552,100.00,,
3.523871017,5639666,,rD044,3225230472,100.00,,
3.523871017,273215652,,rFF44,3226347196,100.00,,
3.523871017,42374738467,,instructions,3227213829,100.00,3.50,insn per cycle
3.523871017,12103758695,,cycles,3227679976,100.00,,
3.624739536,5689097,,rD044,3227877462,100.00,,
3.624739536,272448281,,rFF44,3227199456,100.00,,
3.624739536,42272109324,,instructions,3226386075,100.00,3.49,insn per cycle
3.624739536,12096032397,,cycles,3225628766,100.00,,
3.725530264,5602500,,rD044,3225410696,100.00,,
3.725530264,272308470,,rFF44,3225238317,100.00,,
3.725530264,42240910911,,instructions,3224769625,100.00,3.49,insn per cycle
3.725530264,12090175131,,cycles,3224060800,100.00,,
3.826283552,5681007,,rD044,3224099837,100.00,,
3.826283552,272574037,,rFF44,3223927913,100.00,,
3.826283552,42293171516,,instructions,3224138015,100.00,3.50,insn per cycle
3.826283552,12092167778,,cycles,3224602990,100.00,,
3.927062620,5793058,,rD044,3224894213,100.00,,
3.927062620,271999774,,rFF44,3225156700,100.00,,
3.927062620,42218610067,,instructions,3225654165,100.00,3.49,insn per cycle
3.927062620,12098287330,,cycles,3226220893,100.00,,
4.027895729,6127622,,rD044,3226326386,100.00,,
4.027895729,271731221,,rFF44,3225873237,100.00,,
4.027895729,42168538958,,instructions,3225494916,100.00,3.49,insn per cycle
4.027895729,12092667965,,cycles,3224724923,100.00,,
4.128658746,5877194,,rD044,3224826059,100.00,,
4.128658746,272918405,,rFF44,3225294589,100.00,,
4.128658746,42315624615,,instructions,3224770548,100.00,3.50,insn per cycle
4.128658746,12093520607,,cycles,3224947900,100.00,,
4.229435954,6257092,,rD044,3224821130,100.00,,
4.229435954,270688405,,rFF44,3224483321,100.00,,
4.229435954,42048793926,,instructions,3225143691,100.00,3.48,insn per cycle
4.229435954,12095385290,,cycles,3225454627,100.00,,
4.330231032,6123023,,rD044,3225466663,100.00,,
4.330231032,271014107,,rFF44,3225944648,100.00,,
4.330231032,42083596000,,instructions,3226219246,100.00,3.48,insn per cycle
4.330231032,12097652892,,cycles,3226065954,100.00,,
4.431044871,6159355,,rD044,3225557133,100.00,,
4.431044871,272228629,,rFF44,3225416596,100.00,,
4.431044871,42234954857,,instructions,3225368868,100.00,3.49,insn per cycle
4.431044871,12091956749,,cycles,3224542534,100.00,,
4.531795198,6185442,,rD044,3224518451,100.00,,
4.531795198,273822253,,rFF44,3225894766,100.00,,
4.531795198,42428900951,,instructions,3226867775,100.00,3.50,insn per cycle
4.531795198,12111671852,,cycles,3229781740,100.00,,
4.632782188,6483705,,rD044,3231395271,100.00,,
4.632782188,274410080,,rFF44,3229507556,100.00,,
4.632782188,42483155802,,instructions,3228084696,100.00,3.51,insn per cycle
4.632782188,12093620341,,cycles,3224985872,100.00,,
4.733512666,6004548,,rD044,3224033333,100.00,,
4.733512666,273599174,,rFF44,3226733536,100.00,,
4.733512666,42411362656,,instructions,3227240871,100.00,3.50,insn per cycle
4.733512666,12108181841,,cycles,3228852116,100.00,,
4.834485046,6383215,,rD044,3230394989,100.00,,
4.834485046,272662472,,rFF44,3228561436,100.00,,
4.834485046,42277419480,,instructions,3228130742,100.00,3.49,insn per cycle
4.834485046,12100723324,,cycles,3226888586,100.00,,
4.935283964,6148612,,rD044,3225569560,100.00,,
4.935283964,272546394,,rFF44,3225031983,100.00,,
4.935283964,42271150564,,instructions,3225227972,100.00,3.49,insn per cycle
4.935283964,12096767219,,cycles,3225817172,100.00,,
5.036084432,6205850,,rD044,3225151346,100.00,,
5.036084432,272800527,,rFF44,3224523967,100.00,,
5.036084432,42300384546,,instructions,3224480617,100.00,3.50,insn per cycle
5.036084432,12092460958,,cycles,3224664091,100.00,,
5.136898021,5995126,,rD044,3226018905,100.00,,
5.136898021,272953999,,rFF44,3226280116,100.00,,
5.136898021,42327876177,,instructions,3226493294,100.00,3.50,insn per cycle
5.136898021,12097989143,,cycles,3226145623,100.00,,
5.237678629,6027380,,rD044,3225079615,100.00,,
5.237678629,272115834,,rFF44,3225606450,100.00,,
5.237678629,42211289104,,instructions,3225181925,100.00,3.49,insn per cycle
5.237678629,12093672963,,cycles,3225001736,100.00,,
5.338451736,6098529,,rD044,3224678187,100.00,,
5.338451736,272405509,,rFF44,3224374969,100.00,,
5.338451736,42253075711,,instructions,3224847663,100.00,3.49,insn per cycle
5.338451736,12093290149,,cycles,3224898133,100.00,,
5.439215944,6316516,,rD044,3224661619,100.00,,
5.439215944,273240590,,rFF44,3224756956,100.00,,
5.439215944,42349947318,,instructions,3224166036,100.00,3.50,insn per cycle
5.439215944,12089621273,,cycles,3223922646,100.00,,
5.539984432,6184346,,rD044,3224386479,100.00,,
5.539984432,273020026,,rFF44,3224863037,100.00,,
5.539984432,42327426692,,instructions,3225202706,100.00,3.50,insn per cycle
5.539984432,12096908511,,cycles,3225850749,100.00,,
5.640805540,6217268,,rD044,3226179847,100.00,,
5.640805540,272246509,,rFF44,3225460593,100.00,,
5.640805540,42229126477,,instructions,3224954947,100.00,3.49,insn per cycle
5.640805540,12093419078,,cycles,3224922411,100.00,,
5.741569318,6301785,,rD044,3224872898,100.00,,
5.741569318,271148243,,rFF44,3225442476,100.00,,
5.741569318,42112042087,,instructions,3225959959,100.00,3.48,insn per cycle
5.741569318,12096073937,,cycles,3225632856,100.00,,
5.842363416,6305012,,rD044,3225168771,100.00,,
5.842363416,272816558,,rFF44,3226853458,100.00,,
5.842363416,42338132766,,instructions,3229206597,100.00,3.49,insn per cycle
5.842363416,12114561236,,cycles,3230556106,100.00,,
5.943326426,6259691,,rD044,3232239171,100.00,,
5.943326426,271676621,,rFF44,3232672536,100.00,,
5.943326426,42166800526,,instructions,3231699911,100.00,3.48,insn per cycle
5.943326426,12116129411,,cycles,3230985198,100.00,,
6.044287706,6147187,,rD044,3229120046,100.00,,
6.044287706,270431891,,rFF44,3227428324,100.00,,
6.044287706,42005850297,,instructions,3226472142,100.00,3.47,insn per cycle
6.044287706,12096437839,,cycles,3225730014,100.00,,
6.145099124,6158207,,rD044,3225618103,100.00,,
6.145099124,273683618,,rFF44,3224866986,100.00,,
6.145099124,42397879708,,instructions,3224392968,100.00,3.51,insn per cycle
6.145099124,12089905909,,cycles,3224038395,100.00,,
6.245861692,6501106,,rD044,3224385262,100.00,,
6.245861692,273307360,,rFF44,3224584974,100.00,,
6.245861692,42356516002,,instructions,3225517916,100.00,3.50,insn per cycle
6.245861692,12098311642,,cycles,3226242601,100.00,,
6.346683461,6096968,,rD044,3226374867,100.00,,
6.346683461,272557866,,rFF44,3226151626,100.00,,
6.346683461,42263106161,,instructions,3225429570,100.00,3.49,insn per cycle
6.346683461,12095766563,,cycles,3225549380,100.00,,
6.447481889,6084815,,rD044,3225340061,100.00,,
6.447481889,273938447,,rFF44,3225159975,100.00,,
6.447481889,42444274794,,instructions,3225423577,100.00,3.51,insn per cycle
6.447481889,12096493240,,cycles,3225763445,100.00,,
6.548294997,6399329,,rD044,3225875059,100.00,,
6.548294997,272200300,,rFF44,3225969887,100.00,,
6.548294997,42215897609,,instructions,3225396868,100.00,3.49,insn per cycle
6.548294997,12091938168,,cycles,3224531952,100.00,,
6.649059915,5891374,,rD044,3224605017,100.00,,
6.649059915,273100456,,rFF44,3224256683,100.00,,
6.649059915,42328995880,,instructions,3224170678,100.00,3.50,insn per cycle
6.649059915,12091003378,,cycles,3224277498,100.00,,
6.749810282,5975439,,rD044,3222931263,100.00,,
6.749810282,274004180,,rFF44,3221634964,100.00,,
6.749810282,42393485346,,instructions,3220336892,100.00,3.51,insn per cycle
6.749810282,12070737714,,cycles,3218900594,100.00,,
6.850382798,5973427,,rD044,3219174044,100.00,,
6.850382798,274147238,,rFF44,3221225650,100.00,,
6.850382798,42492701415,,instructions,3222268024,100.00,3.52,insn per cycle
6.850382798,12087272292,,cycles,3223281702,100.00,,
6.951134205,6128118,,rD044,3224879147,100.00,,
6.951134205,273036029,,rFF44,3224918101,100.00,,
6.951134205,42332366620,,instructions,3225347866,100.00,3.50,insn per cycle
6.951134205,12097279282,,cycles,3225952401,100.00,,
7.051938154,6251952,,rD044,3224321650,100.00,,
7.051938154,272228894,,rFF44,3223920515,100.00,,
7.051938154,42218443261,,instructions,3223579135,100.00,3.49,insn per cycle
7.051938154,12086177597,,cycles,3223171693,100.00,,
7.152688191,5991003,,rD044,3223949809,100.00,,
7.152688191,273852232,,rFF44,3224147114,100.00,,
7.152688191,42436115902,,instructions,3224887745,100.00,3.51,insn per cycle
7.152688191,12094185134,,cycles,3225129395,100.00,,
7.253479719,6461538,,rD044,3225946274,100.00,,
7.253479719,273655504,,rFF44,3225875996,100.00,,
7.253479719,42400738549,,instructions,3226720313,100.00,3.50,insn per cycle
7.253479719,12105015049,,cycles,3228014751,100.00,,
7.354355468,5876792,,rD044,3228035664,100.00,,
7.354355468,272606968,,rFF44,3228727686,100.00,,
7.354355468,42275325068,,instructions,3228059758,100.00,3.49,insn per cycle
7.354355468,12103795086,,cycles,3227699250,100.00,,
7.455217137,6340101,,rD044,3228177118,100.00,,
7.455217137,270808204,,rFF44,3228487198,100.00,,
7.455217137,42065457401,,instructions,3228099177,100.00,3.48,insn per cycle
7.455217137,12103620460,,cycles,3227654082,100.00,,
7.556090096,6096390,,rD044,3227326863,100.00,,
7.556090096,270074363,,rFF44,3226819234,100.00,,
7.556090096,41977220696,,instructions,3227146059,100.00,3.47,insn per cycle
7.556090096,12100170423,,cycles,3226724100,100.00,,
7.656915905,6830061,,rD044,3225696332,100.00,,
7.656915905,270572365,,rFF44,3225105536,100.00,,
7.656915905,41999759293,,instructions,3224303661,100.00,3.47,insn per cycle
7.656915905,12090931577,,cycles,3224260375,100.00,,
7.757667122,6345906,,rD044,3224036170,100.00,,
7.757667122,273291996,,rFF44,3224403671,100.00,,
7.757667122,42380244867,,instructions,3225749136,100.00,3.50,insn per cycle
7.757667122,12099882900,,cycles,3226643216,100.00,,
7.858506731,5805628,,rD044,3227341180,100.00,,
7.858506731,274240463,,rFF44,3227244040,100.00,,
7.858506731,42464904900,,instructions,3226172886,100.00,3.51,insn per cycle
7.858506731,12093549491,,cycles,3224962185,100.00,,
7.959277739,6158010,,rD044,3224925433,100.00,,
7.959277739,274523285,,rFF44,3226147685,100.00,,
7.959277739,42517379857,,instructions,3226563893,100.00,3.51,insn per cycle
7.959277739,12100816803,,cycles,3226895316,100.00,,
8.060127587,6246455,,rD044,3226556236,100.00,,
8.060127587,272971934,,rFF44,3225599176,100.00,,
8.060127587,42303928412,,instructions,3225037947,100.00,3.50,insn per cycle
8.060127587,12093635833,,cycles,3224978753,100.00,,
8.160922626,5938471,,rD044,3225428435,100.00,,
8.160922626,273165731,,rFF44,3224786791,100.00,,
8.160922626,42350347049,,instructions,3225273756,100.00,3.50,insn per cycle
8.160922626,12096169437,,cycles,3225659409,100.00,,
8.261706494,6067141,,rD044,3225181810,100.00,,
8.261706494,273766633,,rFF44,3226154929,100.00,,
8.261706494,42421728712,,instructions,3226064161,100.00,3.51,insn per cycle
8.261706494,12094827810,,cycles,3225309584,100.00,,
8.362502912,6112189,,rD044,3225237705,100.00,,
8.362502912,271078339,,rFF44,3225250316,100.00,,
8.362502912,42086204101,,instructions,3225273914,100.00,3.48,insn per cycle
8.362502912,12094276477,,cycles,3225173806,100.00,,
8.420353332,2401273,,rD044,1753751562,100.00,,
8.420353332,105117339,,rFF44,1747739334,100.00,,
8.420353332,17571206234,,instructions,1743159059,100.00,2.69,insn per cycle
8.420353332,6521837290,,cycles,1739225052,100.00,,
