0.100114812,4568243,,rD044,92117375,100.00,,
0.100114812,20169399,,rFF44,92123275,100.00,,
0.100114812,437555512,,instructions,92128085,100.00,1.28,insn per cycle
0.100114812,341306735,,cycles,92133105,100.00,,
0.200360095,5491758,,rD044,100241286,100.00,,
0.200360095,24017587,,rFF44,100241536,100.00,,
0.200360095,506051322,,instructions,100241256,100.00,1.35,insn per cycle
0.200360095,375900610,,cycles,100240476,100.00,,
0.300550767,5486521,,rD044,100188565,100.00,,
0.300550767,24010897,,rFF44,100188865,100.00,,
0.300550767,506327245,,instructions,100188755,100.00,1.35,insn per cycle
0.300550767,375711951,,cycles,100190255,100.00,,
0.400737340,6775549,,rD044,100186256,100.00,,
0.400737340,29104761,,rFF44,100185756,100.00,,
0.400737340,82781133,,instructions,100186846,100.00,0.22,insn per cycle
0.400737340,375694943,,cycles,100185666,100.00,,
0.500922832,6941204,,rD044,100232875,100.00,,
0.500922832,30062136,,rFF44,100232415,100.00,,
0.500922832,37515384,,instructions,100231405,100.00,0.10,insn per cycle
0.500922832,375865849,,cycles,100231215,100.00,,
0.601164106,3060525,,rD044,486348624,100.00,,
0.601164106,53966334,,rFF44,486594524,100.00,,
0.601164106,6300081536,,instructions,486768234,100.00,3.45,insn per cycle
0.601164106,1825245297,,cycles,486937794,100.00,,
0.701440089,33585,,rD044,802117818,100.00,,
0.701440089,74192842,,rFF44,802099828,100.00,,
0.701440089,11424169684,,instructions,802090878,100.00,3.80,insn per cycle
0.701440089,3007814448,,cycles,802091638,100.00,,
0.801705253,33579,,rD044,802098147,100.00,,
0.801705253,71616348,,rFF44,802091577,100.00,,
0.801705253,11134120775,,instructions,802086867,100.00,3.70,insn per cycle
0.801705253,3007752682,,cycles,802079507,100.00,,
0.901971266,30307,,rD044,801947503,100.00,,
0.901971266,75407983,,rFF44,801940147,100.00,,
0.901971266,11615463148,,instructions,801945817,100.00,3.86,insn per cycle
0.901971266,3007064651,,cycles,801943247,100.00,,
1.002225549,33812,,rD044,802032264,100.00,,
1.002225549,72759361,,rFF44,802028210,100.00,,
1.002225549,11269175750,,instructions,802033270,100.00,3.75,insn per cycle
1.002225549,3007655005,,cycles,802044037,100.00,,
1.102480483,29999,,rD044,801988658,100.00,,
1.102480483,74990536,,rFF44,801993688,100.00,,
1.102480483,11557378179,,instructions,801989078,100.00,3.84,insn per cycle
1.102480483,3007416362,,cycles,801986991,100.00,,
1.202736366,32891,,rD044,802040368,100.00,,
1.202736366,71503693,,rFF44,802035268,100.00,,
1.202736366,11110386594,,instructions,802033218,100.00,3.69,insn per cycle
1.202736366,3007596549,,cycles,802028578,100.00,,
1.302985169,28840,,rD044,801946628,100.00,,
1.302985169,74492095,,rFF44,801949468,100.00,,
1.302985169,11484115057,,instructions,801960298,100.00,3.82,insn per cycle
1.302985169,3007314110,,cycles,801958928,100.00,,
1.403240043,32615,,rD044,802023580,100.00,,
1.403240043,72277693,,rFF44,802029930,100.00,,
1.403240043,11200862947,,instructions,802015718,100.00,3.72,insn per cycle
1.403240043,3007533622,,cycles,802011698,100.00,,
1.503490616,29894,,rD044,801925977,100.00,,
1.503490616,70454933,,rFF44,801900887,100.00,,
1.503490616,10941298095,,instructions,801898269,100.00,3.64,insn per cycle
1.503490616,3007106219,,cycles,801903409,100.00,,
1.603738969,31631,,rD044,801991308,100.00,,
1.603738969,71658548,,rFF44,802007848,100.00,,
1.603738969,11135673949,,instructions,802015598,100.00,3.70,insn per cycle
1.603738969,3007583308,,cycles,802024358,100.00,,
1.703993753,33125,,rD044,801970978,100.00,,
1.703993753,70457082,,rFF44,801963438,100.00,,
1.703993753,10988075071,,instructions,801958988,100.00,3.65,insn per cycle
1.703993753,3007240355,,cycles,801939568,100.00,,
1.804243006,28881,,rD044,801997700,100.00,,
1.804243006,74523265,,rFF44,802001285,100.00,,
1.804243006,11494450998,,instructions,802005418,100.00,3.82,insn per cycle
1.804243006,3007543665,,cycles,802014458,100.00,,
1.904501869,31411,,rD044,802060888,100.00,,
1.904501869,68513788,,rFF44,802064893,100.00,,
1.904501869,10740718745,,instructions,802056230,100.00,3.57,insn per cycle
1.904501869,3007695529,,cycles,802055120,100.00,,
2.004753732,28980,,rD044,801953148,100.00,,
2.004753732,74662295,,rFF44,801956748,100.00,,
2.004753732,11517512690,,instructions,801958068,100.00,3.83,insn per cycle
2.004753732,3007302472,,cycles,801955338,100.00,,
2.105009096,32992,,rD044,802035318,100.00,,
2.105009096,70790850,,rFF44,802024658,100.00,,
2.105009096,11021191852,,instructions,802026248,100.00,3.66,insn per cycle
2.105009096,3007602762,,cycles,802030318,100.00,,
2.205261289,29087,,rD044,801941965,100.00,,
2.205261289,73780100,,rFF44,801949178,100.00,,
2.205261289,11378167125,,instructions,801950548,100.00,3.78,insn per cycle
2.205261289,3007260878,,cycles,801944318,100.00,,
2.305514182,31293,,rD044,801995953,100.00,,
2.305514182,67961507,,rFF44,801998840,100.00,,
2.305514182,10653452459,,instructions,802000670,100.00,3.54,insn per cycle
2.305514182,3007471368,,cycles,802002467,100.00,,
2.405764376,29022,,rD044,801953528,100.00,,
2.405764376,74821598,,rFF44,801948328,100.00,,
2.405764376,11540348656,,instructions,801943858,100.00,3.84,insn per cycle
2.405764376,3007263077,,cycles,801944471,100.00,,
2.506019329,32870,,rD044,802034088,100.00,,
2.506019329,71599322,,rFF44,802034888,100.00,,
2.506019329,11121435268,,instructions,802034068,100.00,3.70,insn per cycle
2.506019329,3007616896,,cycles,802034408,100.00,,
2.606269062,29460,,rD044,801931148,100.00,,
2.606269062,74323145,,rFF44,801932598,100.00,,
2.606269062,11457182082,,instructions,801935848,100.00,3.81,insn per cycle
2.606269062,3007219009,,cycles,801933168,100.00,,
2.706522226,31702,,rD044,802029600,100.00,,
2.706522226,71783715,,rFF44,802032790,100.00,,
2.706522226,11143447374,,instructions,802030436,100.00,3.71,insn per cycle
2.706522226,3007596046,,cycles,802028628,100.00,,
2.806776219,28499,,rD044,801946858,100.00,,
2.806776219,74194749,,rFF44,801939158,100.00,,
2.806776219,11433420164,,instructions,801937322,100.00,3.80,insn per cycle
2.806776219,3007266137,,cycles,801945070,100.00,,
2.907063903,33358,,rD044,802291188,100.00,,
2.907063903,71479154,,rFF44,802280628,100.00,,
2.907063903,11117424220,,instructions,802283758,100.00,3.70,insn per cycle
2.907063903,3008534230,,cycles,802279018,100.00,,
3.007316516,29350,,rD044,801971177,100.00,,
3.007316516,74237754,,rFF44,801984287,100.00,,
3.007316516,11436623048,,instructions,801974007,100.00,3.80,insn per cycle
3.007316516,3007341463,,cycles,801965807,100.00,,
3.107572249,31793,,rD044,802011748,100.00,,
3.107572249,69598194,,rFF44,802012288,100.00,,
3.107572249,10891508375,,instructions,802025328,100.00,3.62,insn per cycle
3.107572249,3007596805,,cycles,802035908,100.00,,
3.207821943,29141,,rD044,801938179,100.00,,
3.207821943,74118821,,rFF44,801939069,100.00,,
3.207821943,11416924624,,instructions,801939331,100.00,3.80,insn per cycle
3.207821943,3007227932,,cycles,801935997,100.00,,
3.308080646,32857,,rD044,802022228,100.00,,
3.308080646,69463162,,rFF44,802019998,100.00,,
3.308080646,10866825010,,instructions,802022986,100.00,3.61,insn per cycle
3.308080646,3007580405,,cycles,802033480,100.00,,
3.408338429,29628,,rD044,802025098,100.00,,
3.408338429,75155599,,rFF44,802033978,100.00,,
3.408338429,11573254965,,instructions,802027498,100.00,3.85,insn per cycle
3.408338429,3007529709,,cycles,802016608,100.00,,
3.508594413,33361,,rD044,802040938,100.00,,
3.508594413,72159326,,rFF44,802027648,100.00,,
3.508594413,11183855579,,instructions,802032458,100.00,3.72,insn per cycle
3.508594413,3007649740,,cycles,802042748,100.00,,
3.608846646,29050,,rD044,801932300,100.00,,
3.608846646,74763003,,rFF44,801930387,100.00,,
3.608846646,11515436298,,instructions,801925618,100.00,3.83,insn per cycle
3.608846646,3007426342,,cycles,801988698,100.00,,
3.709103649,32969,,rD044,802052188,100.00,,
3.709103649,71422741,,rFF44,802057261,100.00,,
3.709103649,11091132059,,instructions,802063440,100.00,3.69,insn per cycle
3.709103649,3007485644,,cycles,801999050,100.00,,
3.809357593,29100,,rD044,801982548,100.00,,
3.809357593,74117383,,rFF44,801995668,100.00,,
3.809357593,11420780760,,instructions,801990968,100.00,3.80,insn per cycle
3.809357593,3007454651,,cycles,801995898,100.00,,
3.909615886,32828,,rD044,802069718,100.00,,
3.909615886,70613482,,rFF44,802077558,100.00,,
3.909615886,11000722242,,instructions,802084008,100.00,3.66,insn per cycle
3.909615886,3007788901,,cycles,802079908,100.00,,
4.009876860,29295,,rD044,802011698,100.00,,
4.009876860,73901271,,rFF44,802019698,100.00,,
4.009876860,11389426105,,instructions,802032658,100.00,3.79,insn per cycle
4.009876860,3007584974,,cycles,802030238,100.00,,
4.110132203,33464,,rD044,802030050,100.00,,
4.110132203,71024252,,rFF44,802005670,100.00,,
4.110132203,11053685988,,instructions,801994087,100.00,3.68,insn per cycle
4.110132203,3007416382,,cycles,801981928,100.00,,
4.210400786,28778,,rD044,802091588,100.00,,
4.210400786,73503284,,rFF44,802096848,100.00,,
4.210400786,11332353774,,instructions,802096091,100.00,3.77,insn per cycle
4.210400786,3007875965,,cycles,802108030,100.00,,
4.310656710,31596,,rD044,802026128,100.00,,
4.310656710,68426724,,rFF44,802015008,100.00,,
4.310656710,10730076399,,instructions,802011398,100.00,3.57,insn per cycle
4.310656710,3007503784,,cycles,802011518,100.00,,
4.410909183,30859,,rD044,801973327,100.00,,
4.410909183,73631486,,rFF44,802156687,100.00,,
4.410909183,11368987223,,instructions,802155667,100.00,3.78,insn per cycle
4.410909183,3008053771,,cycles,802155937,100.00,,
4.511187017,31276,,rD044,802193898,100.00,,
4.511187017,72128794,,rFF44,802018268,100.00,,
4.511187017,11191159311,,instructions,802012478,100.00,3.72,insn per cycle
4.511187017,3007511091,,cycles,802005838,100.00,,
4.611439020,32637,,rD044,801922250,100.00,,
4.611439020,71355738,,rFF44,801910830,100.00,,
4.611439020,11097010628,,instructions,801916086,100.00,3.69,insn per cycle
4.611439020,3007152745,,cycles,801916278,100.00,,
4.711690953,29207,,rD044,802036238,100.00,,
4.711690953,74490190,,rFF44,802048648,100.00,,
4.711690953,11490043894,,instructions,802050132,100.00,3.82,insn per cycle
4.711690953,3007712321,,cycles,802059290,100.00,,
4.811945707,32634,,rD044,802006748,100.00,,
4.811945707,72074078,,rFF44,801995098,100.00,,
4.811945707,11187250301,,instructions,801993998,100.00,3.72,insn per cycle
4.811945707,3007466613,,cycles,801993948,100.00,,
4.912200870,29822,,rD044,801903287,100.00,,
4.912200870,74725732,,rFF44,801909507,100.00,,
4.912200870,11527359850,,instructions,801918887,100.00,3.83,insn per cycle
4.912200870,3006982747,,cycles,801923387,100.00,,
5.012459713,33479,,rD044,802075902,100.00,,
5.012459713,72744964,,rFF44,802085748,100.00,,
5.012459713,11259934357,,instructions,802075368,100.00,3.74,insn per cycle
5.012459713,3007733445,,cycles,802064908,100.00,,
5.112720527,29127,,rD044,801988986,100.00,,
5.112720527,73905723,,rFF44,801977170,100.00,,
5.112720527,11394302445,,instructions,801976780,100.00,3.79,insn per cycle
5.112720527,3007365425,,cycles,801972433,100.00,,
5.212967760,32332,,rD044,801969398,100.00,,
5.212967760,69833650,,rFF44,801969208,100.00,,
5.212967760,10912343718,,instructions,801980608,100.00,3.63,insn per cycle
5.212967760,3007439106,,cycles,801986355,100.00,,
5.313220123,29202,,rD044,801917088,100.00,,
5.313220123,73719490,,rFF44,801920128,100.00,,
5.313220123,11362001424,,instructions,801908228,100.00,3.78,insn per cycle
5.313220123,3007120455,,cycles,801914428,100.00,,
5.413474787,32267,,rD044,802027937,100.00,,
5.413474787,69232237,,rFF44,802022708,100.00,,
5.413474787,10822495420,,instructions,802025288,100.00,3.60,insn per cycle
5.413474787,3007580966,,cycles,802023798,100.00,,
5.513724080,28927,,rD044,801955160,100.00,,
5.513724080,74270453,,rFF44,801961339,100.00,,
5.513724080,11446256686,,instructions,801952100,100.00,3.81,insn per cycle
5.513724080,3007282189,,cycles,801950357,100.00,,
5.613976253,33588,,rD044,801992728,100.00,,
5.613976253,72750189,,rFF44,801979068,100.00,,
5.613976253,11283170514,,instructions,801985427,100.00,3.75,insn per cycle
5.613976253,3007427431,,cycles,801983430,100.00,,
5.714225156,28983,,rD044,801933068,100.00,,
5.714225156,74043612,,rFF44,801946108,100.00,,
5.714225156,11405903175,,instructions,801945748,100.00,3.79,insn per cycle
5.714225156,3007270703,,cycles,801946748,100.00,,
5.814478130,32191,,rD044,802019298,100.00,,
5.814478130,70117318,,rFF44,802030718,100.00,,
5.814478130,10933672500,,instructions,802034628,100.00,3.64,insn per cycle
5.814478130,3007575133,,cycles,802023318,100.00,,
5.914731283,28736,,rD044,801954370,100.00,,
5.914731283,74213774,,rFF44,801941890,100.00,,
5.914731283,11429572289,,instructions,801930388,100.00,3.80,insn per cycle
5.914731283,3007223582,,cycles,801934138,100.00,,
6.014982696,33132,,rD044,801996658,100.00,,
6.014982696,70697400,,rFF44,801990268,100.00,,
6.014982696,11029809535,,instructions,801989200,100.00,3.67,insn per cycle
6.014982696,3007472157,,cycles,801995810,100.00,,
6.115231389,29641,,rD044,801918867,100.00,,
6.115231389,74384664,,rFF44,801932667,100.00,,
6.115231389,11454602902,,instructions,801940267,100.00,3.81,insn per cycle
6.115231389,3007211430,,cycles,801931347,100.00,,
6.215485053,32241,,rD044,802021388,100.00,,
6.215485053,70717177,,rFF44,802021218,100.00,,
6.215485053,11014056292,,instructions,802024318,100.00,3.66,insn per cycle
6.215485053,3007638446,,cycles,802039258,100.00,,
6.315739146,28636,,rD044,801967879,100.00,,
6.315739146,74238622,,rFF44,801964497,100.00,,
6.315739146,11435524398,,instructions,801963537,100.00,3.80,insn per cycle
6.315739146,3007279117,,cycles,801957527,100.00,,
6.415991469,32590,,rD044,801992388,100.00,,
6.415991469,71752559,,rFF44,801977040,100.00,,
6.415991469,11141621953,,instructions,801963670,100.00,3.70,insn per cycle
6.415991469,3007330757,,cycles,801957810,100.00,,
6.516240243,29414,,rD044,801926368,100.00,,
6.516240243,74008649,,rFF44,801939108,100.00,,
6.516240243,11405113341,,instructions,801951638,100.00,3.79,insn per cycle
6.516240243,3007300788,,cycles,801955348,100.00,,
6.616490996,30777,,rD044,802012498,100.00,,
6.616490996,67113747,,rFF44,802018038,100.00,,
6.616490996,10570788058,,instructions,802016078,100.00,3.51,insn per cycle
6.616490996,3007546718,,cycles,802014928,100.00,,
6.716742569,29515,,rD044,801927742,100.00,,
6.716742569,74400383,,rFF44,801917138,100.00,,
6.716742569,11463966589,,instructions,801916798,100.00,3.81,insn per cycle
6.716742569,3007153061,,cycles,801915848,100.00,,
6.816992493,32987,,rD044,801992946,100.00,,
6.816992493,72213200,,rFF44,802002670,100.00,,
6.816992493,11216000506,,instructions,802003100,100.00,3.73,insn per cycle
6.816992493,3007553820,,cycles,802017212,100.00,,
6.917245696,29303,,rD044,801966078,100.00,,
6.917245696,74140113,,rFF44,801969628,100.00,,
6.917245696,11429446815,,instructions,801967768,100.00,3.80,insn per cycle
6.917245696,3007308459,,cycles,801957306,100.00,,
7.017500159,32678,,rD044,802021198,100.00,,
7.017500159,70962727,,rFF44,802018148,100.00,,
7.017500159,11044211630,,instructions,802022528,100.00,3.67,insn per cycle
7.017500159,3007559637,,cycles,802018908,100.00,,
7.117749622,30283,,rD044,801920307,100.00,,
7.117749622,73580213,,rFF44,801907858,100.00,,
7.117749622,11377024608,,instructions,801909298,100.00,3.78,insn per cycle
7.117749622,3007092037,,cycles,801899358,100.00,,
7.218000816,31788,,rD044,802003111,100.00,,
7.218000816,72850047,,rFF44,802013540,100.00,,
7.218000816,11287415822,,instructions,802018941,100.00,3.75,insn per cycle
7.218000816,3007607118,,cycles,802031338,100.00,,
7.318255359,32309,,rD044,801948028,100.00,,
7.318255359,70001647,,rFF44,801941208,100.00,,
7.318255359,10934480328,,instructions,801933407,100.00,3.64,insn per cycle
7.318255359,3007162876,,cycles,801926270,100.00,,
7.418502052,29343,,rD044,801970538,100.00,,
7.418502052,74403534,,rFF44,801979378,100.00,,
7.418502052,11476530920,,instructions,801984948,100.00,3.82,insn per cycle
7.418502052,3007451324,,cycles,801990028,100.00,,
7.518755036,31703,,rD044,802031998,100.00,,
7.518755036,70831933,,rFF44,802024468,100.00,,
7.518755036,11054410337,,instructions,802012828,100.00,3.68,insn per cycle
7.518755036,3007540222,,cycles,802013508,100.00,,
7.619007199,29220,,rD044,801956850,100.00,,
7.619007199,73966268,,rFF44,801958930,100.00,,
7.619007199,11409119974,,instructions,801977118,100.00,3.79,insn per cycle
7.619007199,3007408604,,cycles,801983088,100.00,,
7.719263442,31055,,rD044,802048358,100.00,,
7.719263442,67078405,,rFF44,802055648,100.00,,
7.719263442,10543175979,,instructions,802040160,100.00,3.51,insn per cycle
7.719263442,3007603026,,cycles,802030740,100.00,,
7.819517276,29523,,rD044,801962087,100.00,,
7.819517276,74840578,,rFF44,801962357,100.00,,
7.819517276,11545110038,,instructions,801970357,100.00,3.84,insn per cycle
7.819517276,3007353803,,cycles,801969277,100.00,,
7.919771589,31549,,rD044,802023868,100.00,,
7.919771589,67631716,,rFF44,802017758,100.00,,
7.919771589,10630208960,,instructions,802023628,100.00,3.53,insn per cycle
7.919771589,3007593316,,cycles,802027608,100.00,,
8.020058383,29308,,rD044,802215448,100.00,,
8.020058383,74596838,,rFF44,802209268,100.00,,
8.020058383,11504612679,,instructions,802197978,100.00,3.82,insn per cycle
8.020058383,3008224284,,cycles,802201588,100.00,,
8.120311806,32549,,rD044,802018990,100.00,,
8.120311806,71381725,,rFF44,802012620,100.00,,
8.120311806,11080687112,,instructions,802021066,100.00,3.68,insn per cycle
8.120311806,3007595156,,cycles,802027878,100.00,,
8.220567129,29291,,rD044,801983928,100.00,,
8.220567129,74637150,,rFF44,801997078,100.00,,
8.220567129,11508986813,,instructions,801993862,100.00,3.83,insn per cycle
8.220567129,3007425984,,cycles,801988790,100.00,,
8.320821183,32836,,rD044,801997678,100.00,,
8.320821183,71405926,,rFF44,801993098,100.00,,
8.320821183,11093824864,,instructions,801994628,100.00,3.69,insn per cycle
8.320821183,3007405745,,cycles,801985458,100.00,,
8.421076756,28739,,rD044,801994758,100.00,,
8.421076756,74503404,,rFF44,801989508,100.00,,
8.421076756,11481684898,,instructions,801986918,100.00,3.82,insn per cycle
8.421076756,3007453197,,cycles,801995908,100.00,,
8.521330779,33462,,rD044,802027580,100.00,,
8.521330779,71472629,,rFF44,802037288,100.00,,
8.521330779,11101774851,,instructions,802037798,100.00,3.69,insn per cycle
8.521330779,3007648960,,cycles,802041968,100.00,,
8.621584513,29864,,rD044,801948358,100.00,,
8.621584513,74056908,,rFF44,801942060,100.00,,
8.621584513,11409976470,,instructions,801925810,100.00,3.79,insn per cycle
8.621584513,3007129830,,cycles,801910070,100.00,,
8.721833736,32799,,rD044,801995838,100.00,,
8.721833736,69741755,,rFF44,802002398,100.00,,
8.721833736,10913607367,,instructions,802015228,100.00,3.63,insn per cycle
8.721833736,3007685028,,cycles,802052298,100.00,,
8.822090679,29218,,rD044,801978348,100.00,,
8.822090679,74606646,,rFF44,801971598,100.00,,
8.822090679,11492086942,,instructions,801966608,100.00,3.82,insn per cycle
8.822090679,3007213729,,cycles,801931888,100.00,,
8.922348253,33490,,rD044,801971787,100.00,,
8.922348253,70733976,,rFF44,801971778,100.00,,
8.922348253,11023903917,,instructions,801969978,100.00,3.67,insn per cycle
8.922348253,3007168912,,cycles,801969768,100.00,,
9.022596376,28831,,rD044,801941311,100.00,,
9.022596376,74451255,,rFF44,801947910,100.00,,
9.022596376,11463534852,,instructions,801949121,100.00,3.81,insn per cycle
9.022596376,3007304806,,cycles,801956238,100.00,,
9.122851239,31999,,rD044,802035588,100.00,,
9.122851239,70197486,,rFF44,802034838,100.00,,
9.122851239,10955354617,,instructions,802065047,100.00,3.64,insn per cycle
9.122851239,3008962643,,cycles,802392822,100.00,,
9.223147533,29686,,rD044,802294918,100.00,,
9.223147533,74863794,,rFF44,802284378,100.00,,
9.223147533,11529822258,,instructions,802259978,100.00,3.83,insn per cycle
9.223147533,3007172392,,cycles,801921756,100.00,,
9.323410917,33496,,rD044,802079738,100.00,,
9.323410917,72421907,,rFF44,802087488,100.00,,
9.323410917,11244713826,,instructions,802091128,100.00,3.74,insn per cycle
9.323410917,3007849429,,cycles,802103798,100.00,,
9.423662480,29308,,rD044,801953298,100.00,,
9.423662480,74352251,,rFF44,801959158,100.00,,
9.423662480,11456329564,,instructions,801949108,100.00,3.81,insn per cycle
9.423662480,3007212511,,cycles,801931208,100.00,,
9.523912643,32401,,rD044,802014730,100.00,,
9.523912643,69612700,,rFF44,802027060,100.00,,
9.523912643,10882832563,,instructions,802040567,100.00,3.62,insn per cycle
9.523912643,3007733164,,cycles,802064528,100.00,,
9.624172956,28951,,rD044,801978708,100.00,,
9.624172956,73662306,,rFF44,801965188,100.00,,
9.624172956,11353878318,,instructions,801960551,100.00,3.78,insn per cycle
9.624172956,3007279850,,cycles,801950310,100.00,,
9.724425160,31650,,rD044,802020708,100.00,,
9.724425160,68507247,,rFF44,802024068,100.00,,
9.724425160,10733639461,,instructions,802026418,100.00,3.57,insn per cycle
9.724425160,3007602311,,cycles,802029628,100.00,,
9.824680563,29008,,rD044,801958598,100.00,,
9.824680563,73647546,,rFF44,801950638,100.00,,
9.824680563,11348942603,,instructions,801941038,100.00,3.77,insn per cycle
9.824680563,3007205462,,cycles,801929638,100.00,,
9.924933096,32357,,rD044,802018920,100.00,,
9.924933096,69367396,,rFF44,802025658,100.00,,
9.924933096,10857435312,,instructions,802032148,100.00,3.61,insn per cycle
9.924933096,3007672306,,cycles,802049118,100.00,,
10.025189810,28093,,rD044,801986188,100.00,,
10.025189810,74233798,,rFF44,801978000,100.00,,
10.025189810,11445400083,,instructions,801972310,100.00,3.81,insn per cycle
10.025189810,3007309297,,cycles,801957200,100.00,,
10.125440403,32503,,rD044,801994518,100.00,,
10.125440403,72489418,,rFF44,801986198,100.00,,
10.125440403,11237093600,,instructions,801998548,100.00,3.74,insn per cycle
10.125440403,3007547172,,cycles,802015318,100.00,,
10.225693216,29686,,rD044,801938168,100.00,,
10.225693216,70550161,,rFF44,801935208,100.00,,
10.225693216,11008595840,,instructions,801914518,100.00,3.66,insn per cycle
10.225693216,3007091100,,cycles,801899448,100.00,,
10.325941370,31551,,rD044,801964834,100.00,,
10.325941370,73595198,,rFF44,801968738,100.00,,
10.325941370,11395151044,,instructions,801968158,100.00,3.79,insn per cycle
10.325941370,3007352066,,cycles,801970518,100.00,,
10.426190933,32217,,rD044,801996804,100.00,,
10.426190933,70383135,,rFF44,802009700,100.00,,
10.426190933,10964686047,,instructions,802031310,100.00,3.65,insn per cycle
10.426190933,3007587033,,cycles,802025995,100.00,,
10.526441176,28740,,rD044,801936918,100.00,,
10.526441176,74677088,,rFF44,801939858,100.00,,
10.526441176,11519813701,,instructions,801925858,100.00,3.83,insn per cycle
10.526441176,3007204593,,cycles,801929653,100.00,,
10.626698030,33351,,rD044,802034468,100.00,,
10.626698030,72798545,,rFF44,802027848,100.00,,
10.626698030,11277880838,,instructions,802033498,100.00,3.75,insn per cycle
10.626698030,3007613050,,cycles,802032948,100.00,,
10.726947053,30599,,rD044,801922978,100.00,,
10.726947053,74278525,,rFF44,801927858,100.00,,
10.726947053,11455165271,,instructions,801932708,100.00,3.81,insn per cycle
10.726947053,3007217998,,cycles,801933188,100.00,,
10.827198246,31242,,rD044,801990770,100.00,,
10.827198246,69956302,,rFF44,801982790,100.00,,
10.827198246,10932802873,,instructions,801976282,100.00,3.64,insn per cycle
10.827198246,3007408362,,cycles,801978458,100.00,,
10.927440399,28424,,rD044,801886777,100.00,,
10.927440399,73878603,,rFF44,801892547,100.00,,
10.927440399,11391623368,,instructions,801891285,100.00,3.79,insn per cycle
10.927440399,3007066723,,cycles,801892669,100.00,,
11.027695213,32273,,rD044,802030758,100.00,,
11.027695213,69523851,,rFF44,802045948,100.00,,
11.027695213,10862588623,,instructions,802059538,100.00,3.61,insn per cycle
11.027695213,3007692283,,cycles,802054058,100.00,,
11.127948046,29106,,rD044,801948628,100.00,,
11.127948046,73920977,,rFF44,801929128,100.00,,
11.127948046,11393878491,,instructions,801914468,100.00,3.79,insn per cycle
11.127948046,3007179649,,cycles,801922888,100.00,,
11.228204449,31380,,rD044,802020240,100.00,,
11.228204449,68913325,,rFF44,802006020,100.00,,
11.228204449,10786985998,,instructions,802003647,100.00,3.59,insn per cycle
11.228204449,3007497353,,cycles,802002168,100.00,,
11.328451003,29696,,rD044,801912118,100.00,,
11.328451003,74633367,,rFF44,801933248,100.00,,
11.328451003,11504039024,,instructions,801944591,100.00,3.83,insn per cycle
11.328451003,3007233670,,cycles,801944470,100.00,,
11.428706356,32674,,rD044,802040698,100.00,,
11.428706356,72172154,,rFF44,802036658,100.00,,
11.428706356,11191405945,,instructions,802037678,100.00,3.72,insn per cycle
11.428706356,3007636021,,cycles,802039228,100.00,,
11.528956389,29218,,rD044,801932588,100.00,,
11.528956389,74794912,,rFF44,801920878,100.00,,
11.528956389,11523283369,,instructions,801909388,100.00,3.83,insn per cycle
11.528956389,3007092092,,cycles,801899858,100.00,,
11.629204812,32874,,rD044,801990890,100.00,,
11.629204812,70049377,,rFF44,802002276,100.00,,
11.629204812,10912537199,,instructions,802008568,100.00,3.63,insn per cycle
11.629204812,3007565344,,cycles,802019678,100.00,,
11.729455646,29568,,rD044,801938258,100.00,,
11.729455646,75005264,,rFF44,801938232,100.00,,
11.729455646,11553221397,,instructions,801931810,100.00,3.84,insn per cycle
11.729455646,3007181729,,cycles,801924100,100.00,,
11.829707619,33235,,rD044,801999878,100.00,,
11.829707619,71723510,,rFF44,801996428,100.00,,
11.829707619,11160873006,,instructions,802004048,100.00,3.71,insn per cycle
11.829707619,3007504002,,cycles,802003688,100.00,,
11.929960522,30017,,rD044,801976258,100.00,,
11.929960522,74824527,,rFF44,801979858,100.00,,
11.929960522,11521411199,,instructions,801978508,100.00,3.83,insn per cycle
11.929960522,3007384326,,cycles,801977858,100.00,,
12.030211966,33153,,rD044,801996662,100.00,,
12.030211966,72123750,,rFF44,802000788,100.00,,
12.030211966,11189619017,,instructions,802001878,100.00,3.72,insn per cycle
12.030211966,3007517546,,cycles,802007348,100.00,,
12.130465369,30432,,rD044,801970656,100.00,,
12.130465369,74430999,,rFF44,801977030,100.00,,
12.130465369,11466480856,,instructions,801967680,100.00,3.81,insn per cycle
12.130465369,3007335872,,cycles,801965014,100.00,,
12.230719232,32284,,rD044,802016878,100.00,,
12.230719232,69738744,,rFF44,802017528,100.00,,
12.230719232,10891557146,,instructions,802033898,100.00,3.62,insn per cycle
12.230719232,3007657976,,cycles,802045004,100.00,,
12.330974576,30198,,rD044,801946977,100.00,,
12.330974576,74442165,,rFF44,801927527,100.00,,
12.330974576,11469673293,,instructions,801902447,100.00,3.81,insn per cycle
12.330974576,3007021107,,cycles,801888077,100.00,,
12.431219829,32171,,rD044,801974747,100.00,,
12.431219829,70774720,,rFF44,801977838,100.00,,
12.431219829,11017513170,,instructions,801988858,100.00,3.66,insn per cycle
12.431219829,3007455573,,cycles,801990868,100.00,,
12.531470402,29613,,rD044,801947971,100.00,,
12.531470402,74463735,,rFF44,801954280,100.00,,
12.531470402,11478047145,,instructions,801955930,100.00,3.82,insn per cycle
12.531470402,3007325136,,cycles,801961608,100.00,,
12.631726225,31353,,rD044,802044258,100.00,,
12.631726225,67559452,,rFF44,802055498,100.00,,
12.631726225,10619239046,,instructions,802063798,100.00,3.53,insn per cycle
12.631726225,3007715740,,cycles,802060520,100.00,,
12.731979039,29660,,rD044,801942738,100.00,,
12.731979039,74658111,,rFF44,801917568,100.00,,
12.731979039,11509219562,,instructions,801903518,100.00,3.83,insn per cycle
12.731979039,3007077613,,cycles,801896088,100.00,,
12.832227222,31918,,rD044,801982898,100.00,,
12.832227222,69332158,,rFF44,801995488,100.00,,
12.832227222,10845136191,,instructions,802008608,100.00,3.61,insn per cycle
12.832227222,3007526708,,cycles,802009928,100.00,,
12.932481285,31524,,rD044,801864350,100.00,,
12.932481285,74259307,,rFF44,801850940,100.00,,
12.932481285,11463001263,,instructions,801840088,100.00,3.81,insn per cycle
12.932481285,3006659747,,cycles,801839128,100.00,,
13.032728849,31298,,rD044,801981308,100.00,,
13.032728849,73293722,,rFF44,801992778,100.00,,
13.032728849,11357061389,,instructions,801995730,100.00,3.78,insn per cycle
13.032728849,3007514025,,cycles,802006440,100.00,,
13.132981592,32704,,rD044,802014248,100.00,,
13.132981592,71160874,,rFF44,802016328,100.00,,
13.132981592,11064254234,,instructions,802025998,100.00,3.68,insn per cycle
13.132981592,3007588766,,cycles,802026708,100.00,,
13.233234805,28760,,rD044,801966838,100.00,,
13.233234805,74390066,,rFF44,801972528,100.00,,
13.233234805,11475149110,,instructions,801963968,100.00,3.82,insn per cycle
13.233234805,3007326078,,cycles,801961358,100.00,,
13.333486598,32564,,rD044,801978450,100.00,,
13.333486598,70070796,,rFF44,801983357,100.00,,
13.333486598,10912596543,,instructions,801987878,100.00,3.63,insn per cycle
13.333486598,3007385545,,cycles,801979728,100.00,,
13.433736942,29985,,rD044,801925778,100.00,,
13.433736942,74354454,,rFF44,801914791,100.00,,
13.433736942,11469531782,,instructions,801912870,100.00,3.81,insn per cycle
13.433736942,3007172943,,cycles,801920940,100.00,,
13.533991415,33792,,rD044,802052148,100.00,,
13.533991415,71345208,,rFF44,802059918,100.00,,
13.533991415,11092050609,,instructions,802060138,100.00,3.69,insn per cycle
13.533991415,3007684740,,cycles,802051808,100.00,,
13.634243138,28952,,rD044,801923428,100.00,,
13.634243138,74485264,,rFF44,801911798,100.00,,
13.634243138,11486049574,,instructions,801910818,100.00,3.82,insn per cycle
13.634243138,3007158820,,cycles,801917068,100.00,,
13.734496222,31803,,rD044,802020004,100.00,,
13.734496222,69256068,,rFF44,802032038,100.00,,
13.734496222,10813102436,,instructions,802037528,100.00,3.60,insn per cycle
13.734496222,3007654165,,cycles,802044148,100.00,,
13.834750675,28467,,rD044,801961834,100.00,,
13.834750675,73832860,,rFF44,801954830,100.00,,
13.834750675,11382958149,,instructions,801951330,100.00,3.79,insn per cycle
13.834750675,3007287643,,cycles,801951136,100.00,,
13.935003828,31508,,rD044,802010338,100.00,,
13.935003828,66136742,,rFF44,802003078,100.00,,
13.935003828,10449254953,,instructions,802003018,100.00,3.47,insn per cycle
13.935003828,3007470886,,cycles,801995152,100.00,,
14.035253682,29209,,rD044,801929327,100.00,,
14.035253682,73376856,,rFF44,801928067,100.00,,
14.035253682,11311888783,,instructions,801933027,100.00,3.76,insn per cycle
14.035253682,3007218573,,cycles,801932627,100.00,,
14.135505785,31064,,rD044,802025588,100.00,,
14.135505785,65939474,,rFF44,802031618,100.00,,
14.135505785,10416853657,,instructions,802021918,100.00,3.46,insn per cycle
14.135505785,3007569560,,cycles,802021648,100.00,,
14.235754858,29173,,rD044,801918030,100.00,,
14.235754858,74706128,,rFF44,801922120,100.00,,
14.235754858,11518352203,,instructions,801925583,100.00,3.83,insn per cycle
14.235754858,3007170319,,cycles,801920348,100.00,,
14.336009691,33186,,rD044,802003968,100.00,,
14.336009691,70751363,,rFF44,801993558,100.00,,
14.336009691,11012438180,,instructions,801990595,100.00,3.66,insn per cycle
14.336009691,3007465595,,cycles,802001800,100.00,,
14.436262355,29416,,rD044,801977478,100.00,,
14.436262355,74902292,,rFF44,801984718,100.00,,
14.436262355,11543813941,,instructions,801989398,100.00,3.84,insn per cycle
14.436262355,3007419461,,cycles,801986748,100.00,,
14.536515228,32526,,rD044,802004138,100.00,,
14.536515228,71994576,,rFF44,802008738,100.00,,
14.536515228,11177753496,,instructions,802006088,100.00,3.72,insn per cycle
14.536515228,3007483302,,cycles,801998258,100.00,,
14.636761581,29135,,rD044,801909290,100.00,,
14.636761581,74849799,,rFF44,801910952,100.00,,
14.636761581,11529990122,,instructions,801905648,100.00,3.83,insn per cycle
14.636761581,3007100029,,cycles,801901898,100.00,,
14.737012245,32021,,rD044,801995128,100.00,,
14.737012245,68530033,,rFF44,801993646,100.00,,
14.737012245,10749721485,,instructions,802006930,100.00,3.57,insn per cycle
14.737012245,3007587316,,cycles,802025640,100.00,,
14.837267788,28555,,rD044,801973458,100.00,,
14.837267788,73660222,,rFF44,801970238,100.00,,
14.837267788,11347308339,,instructions,801965078,100.00,3.77,insn per cycle
14.837267788,3007278543,,cycles,801949258,100.00,,
14.937518521,32312,,rD044,802003988,100.00,,
14.937518521,69366917,,rFF44,802007378,100.00,,
14.937518521,10857302472,,instructions,802001658,100.00,3.61,insn per cycle
14.937518521,3007508476,,cycles,802004988,100.00,,
15.037768374,28818,,rD044,801913960,100.00,,
15.037768374,74317415,,rFF44,801907938,100.00,,
15.037768374,11444224256,,instructions,801915058,100.00,3.81,insn per cycle
15.037768374,3007139227,,cycles,801911718,100.00,,
15.138017128,32280,,rD044,801993428,100.00,,
15.138017128,70252576,,rFF44,801989830,100.00,,
15.138017128,10953902966,,instructions,801991850,100.00,3.64,insn per cycle
15.138017128,3007469893,,cycles,801995210,100.00,,
15.238266891,29373,,rD044,801917278,100.00,,
15.238266891,75028016,,rFF44,801915688,100.00,,
15.238266891,11555119621,,instructions,801903518,100.00,3.84,insn per cycle
15.238266891,3007095585,,cycles,801899958,100.00,,
15.338515084,33433,,rD044,801957718,100.00,,
15.338515084,72561207,,rFF44,801966928,100.00,,
15.338515084,11256854832,,instructions,801986558,100.00,3.74,insn per cycle
15.338515084,3007444238,,cycles,801995708,100.00,,
15.438766648,29361,,rD044,801950401,100.00,,
15.438766648,74577665,,rFF44,801947258,100.00,,
15.438766648,11490507590,,instructions,801935388,100.00,3.82,insn per cycle
15.438766648,3007216601,,cycles,801932508,100.00,,
15.539018981,33176,,rD044,802031597,100.00,,
15.539018981,72320755,,rFF44,802049070,100.00,,
15.539018981,11213012138,,instructions,802058040,100.00,3.73,insn per cycle
15.539018981,3007706626,,cycles,802058084,100.00,,
15.639274055,30103,,rD044,801969607,100.00,,
15.639274055,74009753,,rFF44,801938797,100.00,,
15.639274055,11407825840,,instructions,801909897,100.00,3.79,insn per cycle
15.639274055,3007140599,,cycles,801913353,100.00,,
15.739524114,32881,,rD044,802000428,100.00,,
15.739524114,71771456,,rFF44,802024918,100.00,,
15.739524114,11138788684,,instructions,802062728,100.00,3.70,insn per cycle
15.739524114,3007731011,,cycles,802064378,100.00,,
15.839782213,29007,,rD044,802052668,100.00,,
15.839782213,74037554,,rFF44,802040428,100.00,,
15.839782213,11413395233,,instructions,802024218,100.00,3.79,insn per cycle
15.839782213,3007605105,,cycles,802030698,100.00,,
15.940046222,33013,,rD044,802023900,100.00,,
15.940046222,70452649,,rFF44,802007400,100.00,,
15.940046222,10998067003,,instructions,801998277,100.00,3.66,insn per cycle
15.940046222,3007448453,,cycles,801993958,100.00,,
16.040294721,30024,,rD044,801989388,100.00,,
16.040294721,71593535,,rFF44,802003388,100.00,,
16.040294721,11108287887,,instructions,802014381,100.00,3.69,insn per cycle
16.040294721,3007554030,,cycles,802017420,100.00,,
16.140548180,31985,,rD044,801954028,100.00,,
16.140548180,74173251,,rFF44,801961098,100.00,,
16.140548180,11442745150,,instructions,801962978,100.00,3.80,insn per cycle
16.140548180,3007294247,,cycles,801952538,100.00,,
16.240799889,31666,,rD044,802022628,100.00,,
16.240799889,70403586,,rFF44,802024718,100.00,,
16.240799889,10996728817,,instructions,802009038,100.00,3.66,insn per cycle
16.240799889,3007520018,,cycles,802008588,100.00,,
16.341056919,29732,,rD044,801950800,100.00,,
16.341056919,74813934,,rFF44,801942748,100.00,,
16.341056919,11541103446,,instructions,801955528,100.00,3.84,insn per cycle
16.341056919,3007324689,,cycles,801968998,100.00,,
16.441310928,33576,,rD044,802022918,100.00,,
16.441310928,71821942,,rFF44,802030360,100.00,,
16.441310928,11160236606,,instructions,802033120,100.00,3.71,insn per cycle
16.441310928,3007606659,,cycles,802030880,100.00,,
16.541567057,29205,,rD044,802010818,100.00,,
16.541567057,74915219,,rFF44,802006638,100.00,,
16.541567057,11554923140,,instructions,802009868,100.00,3.84,insn per cycle
16.541567057,3007478321,,cycles,802002728,100.00,,
16.641822186,33069,,rD044,802016758,100.00,,
16.641822186,71982718,,rFF44,802018188,100.00,,
16.641822186,11171556261,,instructions,802024878,100.00,3.71,insn per cycle
16.641822186,3007591535,,cycles,802027358,100.00,,
16.742082085,29928,,rD044,802023798,100.00,,
16.742082085,74768603,,rFF44,802027428,100.00,,
16.742082085,11525595048,,instructions,802004438,100.00,3.83,insn per cycle
16.742082085,3007475651,,cycles,802001908,100.00,,
16.842335704,31971,,rD044,802004620,100.00,,
16.842335704,71009849,,rFF44,801991910,100.00,,
16.842335704,11063742176,,instructions,802004245,100.00,3.68,insn per cycle
16.842335704,3007517016,,cycles,802007718,100.00,,
16.942586833,29585,,rD044,801882518,100.00,,
16.942586833,74484658,,rFF44,801887338,100.00,,
16.942586833,11477596385,,instructions,801876663,100.00,3.82,insn per cycle
16.942586833,3006813036,,cycles,801876120,100.00,,
17.042839382,32245,,rD044,802003418,100.00,,
17.042839382,70873679,,rFF44,802004678,100.00,,
17.042839382,11028275366,,instructions,802006298,100.00,3.67,insn per cycle
17.042839382,3007691361,,cycles,802054298,100.00,,
17.143095892,30126,,rD044,801985917,100.00,,
17.143095892,74239119,,rFF44,801980167,100.00,,
17.143095892,11437821184,,instructions,801983307,100.00,3.80,insn per cycle
17.143095892,3007214253,,cycles,801932167,100.00,,
17.243348581,32791,,rD044,802022250,100.00,,
17.243348581,69684768,,rFF44,802036977,100.00,,
17.243348581,10909924839,,instructions,802044178,100.00,3.63,insn per cycle
17.243348581,3007662550,,cycles,802046208,100.00,,
17.343606130,29192,,rD044,801972548,100.00,,
17.343606130,74126006,,rFF44,801971401,100.00,,
17.343606130,11417878404,,instructions,801952990,100.00,3.80,insn per cycle
17.343606130,3007242484,,cycles,801947270,100.00,,
17.443860519,31757,,rD044,802017538,100.00,,
17.443860519,69236424,,rFF44,802017228,100.00,,
17.443860519,10834075281,,instructions,802096298,100.00,3.60,insn per cycle
17.443860519,3008562189,,cycles,802286058,100.00,,
17.544140458,29546,,rD044,802185898,100.00,,
17.544140458,74816151,,rFF44,802181638,100.00,,
17.544140458,11520689807,,instructions,802110518,100.00,3.83,insn per cycle
17.544140458,3007196847,,cycles,801927988,100.00,,
17.644392977,33150,,rD044,801998748,100.00,,
17.644392977,70787956,,rFF44,801988108,100.00,,
17.644392977,11031153189,,instructions,801994588,100.00,3.67,insn per cycle
17.644392977,3007445239,,cycles,801988378,100.00,,
17.744640986,29214,,rD044,801921520,100.00,,
17.744640986,74287593,,rFF44,801928540,100.00,,
17.744640986,11442452162,,instructions,801909147,100.00,3.81,insn per cycle
17.744640986,3007108994,,cycles,801905038,100.00,,
17.844891926,32799,,rD044,802013388,100.00,,
17.844891926,69891585,,rFF44,802058168,100.00,,
17.844891926,10913374334,,instructions,802071421,100.00,3.63,insn per cycle
17.844891926,3007769736,,cycles,802074500,100.00,,
17.945147835,29332,,rD044,801981147,100.00,,
17.945147835,74141156,,rFF44,801942167,100.00,,
17.945147835,11421692526,,instructions,801949097,100.00,3.80,insn per cycle
17.945147835,3007282217,,cycles,801950437,100.00,,
18.045400634,31955,,rD044,802006358,100.00,,
18.045400634,70566649,,rFF44,802000228,100.00,,
18.045400634,11006185845,,instructions,801989938,100.00,3.66,insn per cycle
18.045400634,3007437612,,cycles,801986048,100.00,,
18.145648253,29484,,rD044,801921419,100.00,,
18.145648253,74645732,,rFF44,801928606,100.00,,
18.145648253,11500547129,,instructions,801933007,100.00,3.82,insn per cycle
18.145648253,3007251900,,cycles,801942157,100.00,,
18.245905362,32027,,rD044,802081338,100.00,,
18.245905362,70890009,,rFF44,802097301,100.00,,
18.245905362,11033202737,,instructions,802104490,100.00,3.67,insn per cycle
18.245905362,3007885277,,cycles,802105462,100.00,,
18.346165861,29384,,rD044,801950398,100.00,,
18.346165861,74770334,,rFF44,801932488,100.00,,
18.346165861,11525775818,,instructions,801929588,100.00,3.83,insn per cycle
18.346165861,3007154908,,cycles,801924076,100.00,,
18.446420670,32250,,rD044,802040118,100.00,,
18.446420670,70750773,,rFF44,802042628,100.00,,
18.446420670,11018910550,,instructions,802033238,100.00,3.66,insn per cycle
18.446420670,3007613700,,cycles,802032998,100.00,,
18.546671229,30976,,rD044,801921106,100.00,,
18.546671229,74078031,,rFF44,801913757,100.00,,
18.546671229,11433029761,,instructions,801926117,100.00,3.80,insn per cycle
18.546671229,3007165402,,cycles,801918867,100.00,,
18.646922238,31447,,rD044,802086311,100.00,,
18.646922238,70946292,,rFF44,802086670,100.00,,
18.646922238,11044974552,,instructions,802080625,100.00,3.67,insn per cycle
18.646922238,3007777807,,cycles,802076868,100.00,,
18.747184418,30191,,rD044,801998578,100.00,,
18.747184418,70048995,,rFF44,801992528,100.00,,
18.747184418,10928040121,,instructions,801998293,100.00,3.63,insn per cycle
18.747184418,3007475470,,cycles,801997790,100.00,,
18.847431617,32334,,rD044,801935747,100.00,,
18.847431617,73739741,,rFF44,801938797,100.00,,
18.847431617,11395353431,,instructions,801934767,100.00,3.79,insn per cycle
18.847431617,3007283800,,cycles,801951567,100.00,,
18.947688186,33253,,rD044,802043508,100.00,,
18.947688186,71416682,,rFF44,802052798,100.00,,
18.947688186,11094670278,,instructions,802045458,100.00,3.69,insn per cycle
18.947688186,3007633661,,cycles,802038528,100.00,,
19.047940135,29729,,rD044,801942150,100.00,,
19.047940135,74344965,,rFF44,801942044,100.00,,
19.047940135,11467985614,,instructions,801950568,100.00,3.81,insn per cycle
19.047940135,3007293734,,cycles,801953038,100.00,,
19.148193554,31496,,rD044,802027468,100.00,,
19.148193554,67707472,,rFF44,802031084,100.00,,
19.148193554,10621657702,,instructions,802038450,100.00,3.53,insn per cycle
19.148193554,3007623728,,cycles,802036000,100.00,,
19.248447233,29312,,rD044,801951108,100.00,,
19.248447233,74050289,,rFF44,801943348,100.00,,
19.248447233,11421879596,,instructions,801920298,100.00,3.80,insn per cycle
19.248447233,3007146599,,cycles,801913808,100.00,,
19.348699652,33624,,rD044,801983098,100.00,,
19.348699652,72946832,,rFF44,801981518,100.00,,
19.348699652,11308487560,,instructions,802000338,100.00,3.76,insn per cycle
19.348699652,3007498707,,cycles,802010278,100.00,,
19.448951091,29953,,rD044,801951332,100.00,,
19.448951091,74391061,,rFF44,801956418,100.00,,
19.448951091,11471436532,,instructions,801948668,100.00,3.81,insn per cycle
19.448951091,3007228679,,cycles,801936978,100.00,,
19.549206230,33806,,rD044,802029376,100.00,,
19.549206230,72848048,,rFF44,802023500,100.00,,
19.549206230,11300395354,,instructions,802023430,100.00,3.76,insn per cycle
19.549206230,3007604257,,cycles,802030393,100.00,,
19.649460050,28593,,rD044,801977308,100.00,,
19.649460050,74310487,,rFF44,801977028,100.00,,
19.649460050,11453454993,,instructions,801986118,100.00,3.81,insn per cycle
19.649460050,3007434868,,cycles,801990875,100.00,,
19.749716739,31701,,rD044,802037368,100.00,,
19.749716739,67539125,,rFF44,802036758,100.00,,
19.749716739,10639501134,,instructions,802028058,100.00,3.54,insn per cycle
19.749716739,3007596185,,cycles,802028748,100.00,,
19.849969148,30665,,rD044,801955708,100.00,,
19.849969148,75255174,,rFF44,801963118,100.00,,
19.849969148,11598064834,,instructions,801970678,100.00,3.86,insn per cycle
19.849969148,3007343524,,cycles,801967248,100.00,,
19.950221807,33109,,rD044,802017960,100.00,,
19.950221807,71749043,,rFF44,802026030,100.00,,
19.950221807,11127028548,,instructions,802023857,100.00,3.70,insn per cycle
19.950221807,3007578160,,cycles,802023748,100.00,,
20.050475056,29272,,rD044,801936798,100.00,,
20.050475056,74518369,,rFF44,801914488,100.00,,
20.050475056,11478369368,,instructions,801998651,100.00,3.82,insn per cycle
20.050475056,3007498882,,cycles,802008260,100.00,,
20.150735685,32332,,rD044,802099918,100.00,,
20.150735685,72460717,,rFF44,802106818,100.00,,
20.150735685,11237518777,,instructions,802009518,100.00,3.74,insn per cycle
20.150735685,3007471125,,cycles,801995258,100.00,,
20.250984594,29314,,rD044,801909858,100.00,,
20.250984594,74775229,,rFF44,801919678,100.00,,
20.250984594,11513716992,,instructions,801932998,100.00,3.83,insn per cycle
20.250984594,3007215109,,cycles,801932088,100.00,,
20.351237633,33732,,rD044,801999230,100.00,,
20.351237633,73200913,,rFF44,801994367,100.00,,
20.351237633,11326999433,,instructions,801996438,100.00,3.77,insn per cycle
20.351237633,3007470195,,cycles,802002798,100.00,,
20.451490282,29760,,rD044,801955178,100.00,,
20.451490282,74428330,,rFF44,801954601,100.00,,
20.451490282,11465140392,,instructions,801948610,100.00,3.81,insn per cycle
20.451490282,3007234664,,cycles,801937320,100.00,,
20.551740122,32409,,rD044,801980298,100.00,,
20.551740122,69960953,,rFF44,801979128,100.00,,
20.551740122,10951846263,,instructions,801982278,100.00,3.64,insn per cycle
20.551740122,3007489172,,cycles,801999928,100.00,,
20.651994301,29433,,rD044,801972768,100.00,,
20.651994301,74446644,,rFF44,801972098,100.00,,
20.651994301,11469755128,,instructions,801974278,100.00,3.81,insn per cycle
20.651994301,3007330179,,cycles,801962598,100.00,,
20.752246240,32798,,rD044,802004985,100.00,,
20.752246240,70959323,,rFF44,802013178,100.00,,
20.752246240,11049473046,,instructions,802006158,100.00,3.67,insn per cycle
20.752246240,3007513481,,cycles,802006148,100.00,,
20.852510039,29169,,rD044,801947493,100.00,,
20.852510039,74491305,,rFF44,801924080,100.00,,
20.852510039,11480645833,,instructions,801921290,100.00,3.82,insn per cycle
20.852510039,3006957791,,cycles,801917247,100.00,,
20.952753148,34092,,rD044,801970758,100.00,,
20.952753148,72040382,,rFF44,801999448,100.00,,
20.952753148,11188845632,,instructions,802020938,100.00,3.72,insn per cycle
20.952753148,3007600975,,cycles,802030061,100.00,,
21.053008297,29859,,rD044,801946828,100.00,,
21.053008297,75245264,,rFF44,801922158,100.00,,
21.053008297,11602538537,,instructions,801899888,100.00,3.86,insn per cycle
21.053008297,3007055772,,cycles,801890418,100.00,,
21.153257206,32258,,rD044,801997138,100.00,,
21.153257206,72132541,,rFF44,802019138,100.00,,
21.153257206,11204461511,,instructions,802037508,100.00,3.73,insn per cycle
21.153257206,3007690235,,cycles,802053398,100.00,,
21.253514005,33536,,rD044,801971750,100.00,,
21.253514005,73380859,,rFF44,801965000,100.00,,
21.253514005,11344205773,,instructions,801959567,100.00,3.77,insn per cycle
21.253514005,3007268027,,cycles,801945998,100.00,,
21.353767684,28945,,rD044,802014158,100.00,,
21.353767684,74198246,,rFF44,802027858,100.00,,
21.353767684,11445352055,,instructions,802038431,100.00,3.81,insn per cycle
21.353767684,3007608804,,cycles,802039690,100.00,,
21.454072874,32770,,rD044,802436898,100.00,,
21.454072874,70264821,,rFF44,802424678,100.00,,
21.454072874,10957540302,,instructions,802406098,100.00,3.64,insn per cycle
21.454072874,3009030815,,cycles,802410968,100.00,,
21.554329523,29497,,rD044,801976438,100.00,,
21.554329523,74514746,,rFF44,801977268,100.00,,
21.554329523,11493636756,,instructions,801988638,100.00,3.82,insn per cycle
21.554329523,3007415161,,cycles,801985418,100.00,,
21.654585422,33140,,rD044,802034248,100.00,,
21.654585422,71942158,,rFF44,802029848,100.00,,
21.654585422,11175782740,,instructions,802012788,100.00,3.72,insn per cycle
21.654585422,3007570115,,cycles,802021608,100.00,,
21.754838082,28518,,rD044,801954969,100.00,,
21.754838082,73906772,,rFF44,801955324,100.00,,
21.754838082,11395932209,,instructions,801960227,100.00,3.79,insn per cycle
21.754838082,3007542225,,cycles,802019557,100.00,,
21.855103441,33125,,rD044,802118378,100.00,,
21.855103441,71443529,,rFF44,802124473,100.00,,
21.855103441,11111040232,,instructions,802137810,100.00,3.69,insn per cycle
21.855103441,3007784483,,cycles,802078741,100.00,,
21.955359810,29933,,rD044,801995567,100.00,,
21.955359810,74508356,,rFF44,801979057,100.00,,
21.955359810,11484329403,,instructions,801962097,100.00,3.82,insn per cycle
21.955359810,3007282269,,cycles,801950006,100.00,,
22.055609399,32482,,rD044,801970688,100.00,,
22.055609399,71114411,,rFF44,801975598,100.00,,
22.055609399,11067462677,,instructions,801979038,100.00,3.68,insn per cycle
22.055609399,3007432903,,cycles,801985098,100.00,,
22.155861198,29002,,rD044,801954296,100.00,,
22.155861198,74251993,,rFF44,801966918,100.00,,
22.155861198,11440377640,,instructions,802020968,100.00,3.80,insn per cycle
22.155861198,3007608088,,cycles,802037158,100.00,,
22.256119667,32514,,rD044,802044062,100.00,,
22.256119667,68689457,,rFF44,802030890,100.00,,
22.256119667,10782177209,,instructions,801972462,100.00,3.59,insn per cycle
22.256119667,3007294635,,cycles,801956018,100.00,,
22.356373306,29557,,rD044,801959108,100.00,,
22.356373306,74252088,,rFF44,801947288,100.00,,
22.356373306,11437621316,,instructions,801944166,100.00,3.80,insn per cycle
22.356373306,3007246469,,cycles,801940380,100.00,,
22.456619345,30928,,rD044,801985518,100.00,,
22.456619345,66158903,,rFF44,802011778,100.00,,
22.456619345,10455170971,,instructions,802028128,100.00,3.48,insn per cycle
22.456619345,3007628632,,cycles,802037368,100.00,,
22.556879824,29533,,rD044,802010788,100.00,,
22.556879824,74370032,,rFF44,802034708,100.00,,
22.556879824,11456635184,,instructions,802042028,100.00,3.81,insn per cycle
22.556879824,3007652630,,cycles,802049048,100.00,,
22.657137824,31283,,rD044,802043160,100.00,,
22.657137824,67136862,,rFF44,802003715,100.00,,
22.657137824,10578722548,,instructions,801988598,100.00,3.52,insn per cycle
22.657137824,3007434432,,cycles,801985568,100.00,,
22.757386883,29597,,rD044,801939398,100.00,,
22.757386883,74860744,,rFF44,801932043,100.00,,
22.757386883,11532129834,,instructions,801925070,100.00,3.83,insn per cycle
22.757386883,3007127721,,cycles,801908810,100.00,,
22.857632662,32642,,rD044,801959768,100.00,,
22.857632662,70150161,,rFF44,801972328,100.00,,
22.857632662,10943720950,,instructions,801981078,100.00,3.64,insn per cycle
22.857632662,3007483487,,cycles,801997828,100.00,,
22.957885061,29293,,rD044,801937928,100.00,,
22.957885061,74216061,,rFF44,801980388,100.00,,
22.957885061,11429208102,,instructions,801991368,100.00,3.80,insn per cycle
22.957885061,3007414136,,cycles,801985448,100.00,,
23.058141960,33217,,rD044,802052702,100.00,,
23.058141960,70006619,,rFF44,802012638,100.00,,
23.058141960,10942471753,,instructions,802011478,100.00,3.64,insn per cycle
23.058141960,3007551652,,cycles,802016698,100.00,,
23.158393819,28849,,rD044,801945786,100.00,,
23.158393819,74286182,,rFF44,801940920,100.00,,
23.158393819,11440299158,,instructions,801935280,100.00,3.80,insn per cycle
23.158393819,3007186241,,cycles,801924641,100.00,,
23.258646408,32903,,rD044,802026538,100.00,,
23.258646408,70870868,,rFF44,802042558,100.00,,
23.258646408,11039485977,,instructions,802048128,100.00,3.67,insn per cycle
23.258646408,3007686462,,cycles,802052967,100.00,,
23.358898337,29574,,rD044,801957717,100.00,,
23.358898337,74826782,,rFF44,802141207,100.00,,
23.358898337,11526030480,,instructions,802135437,100.00,3.83,insn per cycle
23.358898337,3007972046,,cycles,802141187,100.00,,
23.459179927,32784,,rD044,802235468,100.00,,
23.459179927,71290535,,rFF44,802044838,100.00,,
23.459179927,11064006682,,instructions,802052178,100.00,3.68,insn per cycle
23.459179927,3007672683,,cycles,802048868,100.00,,
23.559434376,28606,,rD044,801965259,100.00,,
23.559434376,73239336,,rFF44,801962175,100.00,,
23.559434376,11285448729,,instructions,801957357,100.00,3.75,insn per cycle
23.559434376,3007303461,,cycles,801956147,100.00,,
23.659687745,32347,,rD044,802024808,100.00,,
23.659687745,68871040,,rFF44,802023262,100.00,,
23.659687745,10764176126,,instructions,802018460,100.00,3.58,insn per cycle
23.659687745,3007592841,,cycles,802027250,100.00,,
23.759942124,29358,,rD044,801943498,100.00,,
23.759942124,74829803,,rFF44,801933148,100.00,,
23.759942124,11532809590,,instructions,801944398,100.00,3.84,insn per cycle
23.759942124,3007234374,,cycles,801937488,100.00,,
23.860192843,31594,,rD044,802004598,100.00,,
23.860192843,69629830,,rFF44,802011988,100.00,,
23.860192843,10886612391,,instructions,801992258,100.00,3.62,insn per cycle
23.860192843,3007419767,,cycles,801981478,100.00,,
23.960443062,29970,,rD044,801955273,100.00,,
23.960443062,74225010,,rFF44,801957578,100.00,,
23.960443062,11441350282,,instructions,801969428,100.00,3.80,insn per cycle
23.960443062,3007348430,,cycles,801969388,100.00,,
24.060696681,32862,,rD044,802016795,100.00,,
24.060696681,70921528,,rFF44,802017580,100.00,,
24.060696681,11038704698,,instructions,802011930,100.00,3.67,insn per cycle
24.060696681,3007539380,,cycles,802013303,100.00,,
24.160946420,30223,,rD044,801934388,100.00,,
24.160946420,72462226,,rFF44,801892138,100.00,,
24.160946420,11240667815,,instructions,801883378,100.00,3.74,insn per cycle
24.160946420,3007043148,,cycles,801886855,100.00,,
24.261192539,30893,,rD044,801972348,100.00,,
24.261192539,72512232,,rFF44,802014978,100.00,,
24.261192539,11256149791,,instructions,802028338,100.00,3.74,insn per cycle
24.261192539,3007593829,,cycles,802028608,100.00,,
24.361447259,32530,,rD044,802003766,100.00,,
24.361447259,70755840,,rFF44,802000288,100.00,,
24.361447259,11019983657,,instructions,801991428,100.00,3.66,insn per cycle
24.361447259,3007391227,,cycles,801981918,100.00,,
24.461693868,29040,,rD044,801925962,100.00,,
24.461693868,73919744,,rFF44,801932760,100.00,,
24.461693868,11401306198,,instructions,801942290,100.00,3.79,insn per cycle
24.461693868,3007282827,,cycles,801949517,100.00,,
24.561947967,32201,,rD044,802019628,100.00,,
24.561947967,68316153,,rFF44,802016588,100.00,,
24.561947967,10712918906,,instructions,802008408,100.00,3.56,insn per cycle
24.561947967,3007521604,,cycles,802009731,100.00,,
24.662202096,28827,,rD044,801973268,100.00,,
24.662202096,74464994,,rFF44,801964988,100.00,,
24.662202096,11486817488,,instructions,801963228,100.00,3.82,insn per cycle
24.662202096,3007327346,,cycles,801962148,100.00,,
24.762449825,33519,,rD044,801980028,100.00,,
24.762449825,73038247,,rFF44,801994238,100.00,,
24.762449825,11320925067,,instructions,802000918,100.00,3.76,insn per cycle
24.762449825,3007500405,,cycles,802002828,100.00,,
24.862709674,29598,,rD044,801905440,100.00,,
24.862709674,74785090,,rFF44,801888900,100.00,,
24.862709674,11534311905,,instructions,801896037,100.00,3.84,insn per cycle
24.862709674,3006899761,,cycles,801902628,100.00,,
24.962963143,33495,,rD044,802031108,100.00,,
24.962963143,72203040,,rFF44,802025738,100.00,,
24.962963143,11206011839,,instructions,802016201,100.00,3.73,insn per cycle
24.962963143,3007546593,,cycles,802015260,100.00,,
25.063211152,29861,,rD044,801922187,100.00,,
25.063211152,74240964,,rFF44,801927227,100.00,,
25.063211152,11444331803,,instructions,801911237,100.00,3.81,insn per cycle
25.063211152,3007089965,,cycles,801898637,100.00,,
25.163459651,33279,,rD044,801969498,100.00,,
25.163459651,73012797,,rFF44,801973778,100.00,,
25.163459651,11313612097,,instructions,801999168,100.00,3.76,insn per cycle
25.163459651,3007547095,,cycles,802015438,100.00,,
25.263713460,29384,,rD044,801965420,100.00,,
25.263713460,73809017,,rFF44,801966115,100.00,,
25.263713460,11370757294,,instructions,801953248,100.00,3.78,insn per cycle
25.263713460,3007232754,,cycles,801944228,100.00,,
25.363965739,31928,,rD044,802013448,100.00,,
25.363965739,68773686,,rFF44,802018553,100.00,,
25.363965739,10764994382,,instructions,802018300,100.00,3.58,insn per cycle
25.363965739,3007565644,,cycles,802020230,100.00,,
25.464216178,28886,,rD044,801922278,100.00,,
25.464216178,74471042,,rFF44,801919748,100.00,,
25.464216178,11473578821,,instructions,801915938,100.00,3.82,insn per cycle
25.464216178,3007133180,,cycles,801910498,100.00,,
25.564465988,32689,,rD044,802005598,100.00,,
25.564465988,70771215,,rFF44,802012608,100.00,,
25.564465988,11042803168,,instructions,802020488,100.00,3.67,insn per cycle
25.564465988,3007574430,,cycles,802022908,100.00,,
25.664716847,29833,,rD044,801948701,100.00,,
25.664716847,74783525,,rFF44,801945718,100.00,,
25.664716847,11517092378,,instructions,801938928,100.00,3.83,insn per cycle
25.664716847,3007245392,,cycles,801939568,100.00,,
25.764969586,32908,,rD044,801995757,100.00,,
25.764969586,72338679,,rFF44,801981480,100.00,,
25.764969586,11211147336,,instructions,801989970,100.00,3.73,insn per cycle
25.764969586,3007453202,,cycles,801990550,100.00,,
25.865219135,29835,,rD044,801943847,100.00,,
25.865219135,74521082,,rFF44,801962997,100.00,,
25.865219135,11478718808,,instructions,801974617,100.00,3.82,insn per cycle
25.865219135,3007389503,,cycles,801978887,100.00,,
25.965475234,32395,,rD044,802036858,100.00,,
25.965475234,70338798,,rFF44,802024498,100.00,,
25.965475234,10947233614,,instructions,802009248,100.00,3.64,insn per cycle
25.965475234,3007498241,,cycles,802002568,100.00,,
26.065726423,29423,,rD044,801939846,100.00,,
26.065726423,73814336,,rFF44,801941078,100.00,,
26.065726423,11372239966,,instructions,801937338,100.00,3.78,insn per cycle
26.065726423,3007266626,,cycles,801945698,100.00,,
26.165977822,31305,,rD044,801993332,100.00,,
26.165977822,67309802,,rFF44,801993320,100.00,,
26.165977822,10604053143,,instructions,802008150,100.00,3.53,insn per cycle
26.165977822,3007521414,,cycles,802008598,100.00,,
26.266226751,29538,,rD044,801921028,100.00,,
26.266226751,74079937,,rFF44,801922038,100.00,,
26.266226751,11410894035,,instructions,801911348,100.00,3.79,insn per cycle
26.266226751,3007088381,,cycles,801898450,100.00,,
26.366474530,31429,,rD044,801972628,100.00,,
26.366474530,68195362,,rFF44,801985178,100.00,,
26.366474530,10726855157,,instructions,801997688,100.00,3.57,insn per cycle
26.366474530,3007488809,,cycles,802006898,100.00,,
26.466729539,29523,,rD044,801964757,100.00,,
26.466729539,73900148,,rFF44,801953187,100.00,,
26.466729539,11388079033,,instructions,801933127,100.00,3.79,insn per cycle
26.466729539,3007190434,,cycles,801925987,100.00,,
26.566984379,32525,,rD044,802020800,100.00,,
26.566984379,70431242,,rFF44,802013200,100.00,,
26.566984379,10984907068,,instructions,802021806,100.00,3.65,insn per cycle
26.566984379,3007578705,,cycles,802023928,100.00,,
26.667233987,29755,,rD044,801924267,100.00,,
26.667233987,74931786,,rFF44,801924507,100.00,,
26.667233987,11548751250,,instructions,801928391,100.00,3.84,insn per cycle
26.667233987,3007222125,,cycles,801934329,100.00,,
26.767490337,33209,,rD044,802046728,100.00,,
26.767490337,72765495,,rFF44,802061058,100.00,,
26.767490337,11268576037,,instructions,802061278,100.00,3.75,insn per cycle
26.767490337,3007691203,,cycles,802054208,100.00,,
26.867741056,29974,,rD044,801944158,100.00,,
26.867741056,73809157,,rFF44,801930708,100.00,,
26.867741056,11379089886,,instructions,801930758,100.00,3.78,insn per cycle
26.867741056,3007226269,,cycles,801935228,100.00,,
26.967993645,32921,,rD044,802014530,100.00,,
26.967993645,72099256,,rFF44,802025976,100.00,,
26.967993645,11200835583,,instructions,802024808,100.00,3.72,insn per cycle
26.967993645,3007570560,,cycles,802020988,100.00,,
27.068246524,32340,,rD044,802020898,100.00,,
27.068246524,70618689,,rFF44,802026232,100.00,,
27.068246524,10992535673,,instructions,802026500,100.00,3.65,insn per cycle
27.068246524,3007575216,,cycles,802023450,100.00,,
27.168501313,29588,,rD044,801962258,100.00,,
27.168501313,74844935,,rFF44,801951328,100.00,,
27.168501313,11544349497,,instructions,801945048,100.00,3.84,insn per cycle
27.168501313,3007281033,,cycles,801949698,100.00,,
27.268753022,33206,,rD044,802013968,100.00,,
27.268753022,72386241,,rFF44,802022718,100.00,,
27.268753022,11234879691,,instructions,802018888,100.00,3.74,insn per cycle
27.268753022,3007591956,,cycles,802027708,100.00,,
27.369007541,29778,,rD044,801953105,100.00,,
27.369007541,74603110,,rFF44,801943418,100.00,,
27.369007541,11507707067,,instructions,801958398,100.00,3.83,insn per cycle
27.369007541,3007301217,,cycles,801963108,100.00,,
27.469262480,32137,,rD044,802034573,100.00,,
27.469262480,69178427,,rFF44,802040520,100.00,,
27.469262480,10820326073,,instructions,802024580,100.00,3.60,insn per cycle
27.469262480,3007500905,,cycles,802002806,100.00,,
27.569508439,29329,,rD044,801929498,100.00,,
27.569508439,74674143,,rFF44,801932528,100.00,,
27.569508439,11517392795,,instructions,801934798,100.00,3.83,insn per cycle
27.569508439,3007262733,,cycles,801945402,100.00,,
27.669764799,33019,,rD044,802028638,100.00,,
27.669764799,71875321,,rFF44,802018248,100.00,,
27.669764799,11162063115,,instructions,802024428,100.00,3.71,insn per cycle
27.669764799,3007610884,,cycles,802032398,100.00,,
27.770018698,29750,,rD044,801944878,100.00,,
27.770018698,74731074,,rFF44,801936928,100.00,,
27.770018698,11519376254,,instructions,801940908,100.00,3.83,insn per cycle
27.770018698,3007215004,,cycles,801932458,100.00,,
27.870266837,33721,,rD044,802002170,100.00,,
27.870266837,70689992,,rFF44,802024710,100.00,,
27.870266837,11000721119,,instructions,802022866,100.00,3.66,insn per cycle
27.870266837,3007554434,,cycles,802017098,100.00,,
27.970517576,29125,,rD044,801921907,100.00,,
27.970517576,73927669,,rFF44,801901697,100.00,,
27.970517576,11392957133,,instructions,801898691,100.00,3.79,insn per cycle
27.970517576,3007088008,,cycles,801898459,100.00,,
28.070768375,31759,,rD044,802012728,100.00,,
28.070768375,66991255,,rFF44,802027028,100.00,,
28.070768375,10529125529,,instructions,802037088,100.00,3.50,insn per cycle
28.070768375,3007653085,,cycles,802044048,100.00,,
28.171025714,29200,,rD044,801988578,100.00,,
28.171025714,73760588,,rFF44,801988158,100.00,,
28.171025714,11368243958,,instructions,801978178,100.00,3.78,insn per cycle
28.171025714,3007365203,,cycles,801971848,100.00,,
28.271279433,30906,,rD044,801990480,100.00,,
28.271279433,66597075,,rFF44,801986155,100.00,,
28.271279433,10489725277,,instructions,801984248,100.00,3.49,insn per cycle
28.271279433,3007467620,,cycles,802003018,100.00,,
28.371533012,29610,,rD044,801978258,100.00,,
28.371533012,74975386,,rFF44,801979803,100.00,,
28.371533012,11552449367,,instructions,801983970,100.00,3.84,insn per cycle
28.371533012,3007383244,,cycles,801977100,100.00,,
28.471785761,33159,,rD044,802010968,100.00,,
28.471785761,71601188,,rFF44,802006448,100.00,,
28.471785761,11134456022,,instructions,802007618,100.00,3.70,insn per cycle
28.471785761,3007485251,,cycles,801998998,100.00,,
28.572045210,29852,,rD044,802007978,100.00,,
28.572045210,74250454,,rFF44,802003158,100.00,,
28.572045210,11437552705,,instructions,801997578,100.00,3.80,insn per cycle
28.572045210,3007471118,,cycles,802001198,100.00,,
28.672296420,32779,,rD044,801999114,100.00,,
28.672296420,70518480,,rFF44,802000128,100.00,,
28.672296420,10999397744,,instructions,802008668,100.00,3.66,insn per cycle
28.672296420,3007539692,,cycles,802013108,100.00,,
28.772544839,29170,,rD044,801938204,100.00,,
28.772544839,73824755,,rFF44,801948030,100.00,,
28.772544839,11368731125,,instructions,801939460,100.00,3.78,insn per cycle
28.772544839,3007243865,,cycles,801939976,100.00,,
28.872810518,33050,,rD044,802009048,100.00,,
28.872810518,71282025,,rFF44,801997288,100.00,,
28.872810518,11096502445,,instructions,801999958,100.00,3.69,insn per cycle
28.872810518,3007295789,,cycles,802002122,100.00,,
28.973064817,29515,,rD044,801984558,100.00,,
28.973064817,74145552,,rFF44,801990248,100.00,,
28.973064817,11418875178,,instructions,801995568,100.00,3.80,insn per cycle
28.973064817,3007420542,,cycles,801987628,100.00,,
29.073317016,32572,,rD044,802002808,100.00,,
29.073317016,70642601,,rFF44,802019758,100.00,,
29.073317016,11013091975,,instructions,802017268,100.00,3.66,insn per cycle
29.073317016,3007557727,,cycles,802017988,100.00,,
29.173568175,29157,,rD044,801936430,100.00,,
29.173568175,74845171,,rFF44,801918541,100.00,,
29.173568175,11528680815,,instructions,801914268,100.00,3.83,insn per cycle
29.173568175,3007153886,,cycles,801916468,100.00,,
29.273817834,33938,,rD044,801988258,100.00,,
29.273817834,72933950,,rFF44,801995887,100.00,,
29.273817834,11290569306,,instructions,802008370,100.00,3.75,insn per cycle
29.273817834,3007514159,,cycles,802006450,100.00,,
29.374099054,31596,,rD044,802164538,100.00,,
29.374099054,74522177,,rFF44,802172548,100.00,,
29.374099054,11483983693,,instructions,802169658,100.00,3.82,insn per cycle
29.374099054,3008067579,,cycles,802170658,100.00,,
29.474357483,33880,,rD044,802060348,100.00,,
29.474357483,72005539,,rFF44,802048568,100.00,,
29.474357483,11176223398,,instructions,802039698,100.00,3.72,insn per cycle
29.474357483,3007630889,,cycles,802037958,100.00,,
29.574607642,31359,,rD044,801924587,100.00,,
29.574607642,73913225,,rFF44,801919687,100.00,,
29.574607642,11400726053,,instructions,801919067,100.00,3.79,insn per cycle
29.574607642,3007174385,,cycles,801921557,100.00,,
29.674862961,30741,,rD044,801968290,100.00,,
29.674862961,68299587,,rFF44,801983210,100.00,,
29.674862961,10734365958,,instructions,802049288,100.00,3.57,insn per cycle
29.674862961,3007652612,,cycles,802051238,100.00,,
29.775133690,30694,,rD044,802146968,100.00,,
29.775133690,72929946,,rFF44,802131138,100.00,,
29.775133690,11251585525,,instructions,802067750,100.00,3.74,insn per cycle
29.775133690,3007715051,,cycles,802060520,100.00,,
29.875387530,30157,,rD044,801965097,100.00,,
29.875387530,70256981,,rFF44,801982637,100.00,,
29.875387530,10951883331,,instructions,801981517,100.00,3.64,insn per cycle
29.875387530,3007384103,,cycles,801976777,100.00,,
29.975641269,43112,,rD044,800300621,100.00,,
29.975641269,70579550,,rFF44,800232321,100.00,,
29.975641269,10989857781,,instructions,800185661,100.00,3.66,insn per cycle
29.975641269,3000486030,,cycles,800146121,100.00,,
29.992422778,180226,,rD044,112671969,100.00,,
29.992422778,1459415,,rFF44,112513569,100.00,,
29.992422778,351354069,,instructions,112394499,100.00,0.83,insn per cycle
29.992422778,420899185,,cycles,112276929,100.00,,
