0.100120195,4444560,,rD044,89609120,100.00,,
0.100120195,19674892,,rFF44,89615850,100.00,,
0.100120195,427034553,,instructions,89620700,100.00,1.29,insn per cycle
0.100120195,332099469,,cycles,89625530,100.00,,
0.200369632,5499073,,rD044,100245355,100.00,,
0.200369632,24023862,,rFF44,100244535,100.00,,
0.200369632,506590927,,instructions,100245185,100.00,1.35,insn per cycle
0.200369632,375917157,,cycles,100245056,100.00,,
0.300556628,5507368,,rD044,100185916,100.00,,
0.300556628,23999097,,rFF44,100185456,100.00,,
0.300556628,505202677,,instructions,100184476,100.00,1.34,insn per cycle
0.300556628,375691713,,cycles,100184695,100.00,,
0.400740294,6757264,,rD044,100183036,100.00,,
0.400740294,28687630,,rFF44,100183876,100.00,,
0.400740294,92539863,,instructions,100184476,100.00,0.25,insn per cycle
0.400740294,375691509,,cycles,100184746,100.00,,
0.500934290,6953332,,rD044,100192315,100.00,,
0.500934290,29599489,,rFF44,100192255,100.00,,
0.500934290,36943876,,instructions,100191905,100.00,0.10,insn per cycle
0.500934290,375715673,,cycles,100191315,100.00,,
0.601145006,3669270,,rD044,3087997684,100.00,,
0.601145006,290071085,,rFF44,3102987636,100.00,,
0.601145006,42798816961,,instructions,3115033599,100.00,3.65,insn per cycle
0.601145006,11723077165,,cycles,3127290564,100.00,,
0.702181462,422015,,rD044,6464699976,100.00,,
0.702181462,558063738,,rFF44,6463304831,100.00,,
0.702181462,87402956156,,instructions,6462833503,100.00,3.61,insn per cycle
0.702181462,24234860439,,cycles,6462662893,100.00,,
0.803138106,376794,,rD044,6460662500,100.00,,
0.803138106,564690686,,rFF44,6459242657,100.00,,
0.803138106,88097568760,,instructions,6457840692,100.00,3.64,insn per cycle
0.803138106,24207883129,,cycles,6455464523,100.00,,
0.903984120,378675,,rD044,6453101601,100.00,,
0.903984120,561125801,,rFF44,6451873222,100.00,,
0.903984120,87722141069,,instructions,6450897552,100.00,3.63,insn per cycle
0.903984120,24188885904,,cycles,6450409093,100.00,,
1.004767403,367937,,rD044,6450496098,100.00,,
1.004767403,559850978,,rFF44,6450901598,100.00,,
1.004767403,87598802498,,instructions,6451283342,100.00,3.62,insn per cycle
1.004767403,24193061565,,cycles,6451507045,100.00,,
1.105583786,405540,,rD044,6453191276,100.00,,
1.105583786,566135531,,rFF44,6455275392,100.00,,
1.105583786,88538176037,,instructions,6456957373,100.00,3.66,insn per cycle
1.105583786,24221702232,,cycles,6459146129,100.00,,
1.206521901,374513,,rD044,6459875620,100.00,,
1.206521901,568473018,,rFF44,6460032502,100.00,,
1.206521901,88709115699,,instructions,6459818381,100.00,3.66,insn per cycle
1.206521901,24221173958,,cycles,6459002180,100.00,,
1.307442695,371054,,rD044,6459457613,100.00,,
1.307442695,561362231,,rFF44,6459671776,100.00,,
1.307442695,87827724746,,instructions,6460410342,100.00,3.62,insn per cycle
1.307442695,24228658946,,cycles,6461005486,100.00,,
1.408401510,377555,,rD044,6461027458,100.00,,
1.408401510,565325506,,rFF44,6460742083,100.00,,
1.408401510,88295998065,,instructions,6460541128,100.00,3.64,insn per cycle
1.408401510,24226652841,,cycles,6460465237,100.00,,
1.509345375,372570,,rD044,6460073628,100.00,,
1.509345375,566721260,,rFF44,6459981231,100.00,,
1.509345375,88436324297,,instructions,6459654827,100.00,3.65,insn per cycle
1.509345375,24221229799,,cycles,6459025412,100.00,,
1.610272789,376440,,rD044,6459426907,100.00,,
1.610272789,560018596,,rFF44,6459509892,100.00,,
1.610272789,87654252156,,instructions,6459764968,100.00,3.62,insn per cycle
1.610272789,24227336483,,cycles,6460662391,100.00,,
1.711218574,378093,,rD044,6459842479,100.00,,
1.711218574,560264673,,rFF44,6459044092,100.00,,
1.711218574,87656576650,,instructions,6458519584,100.00,3.62,insn per cycle
1.711218574,24219603569,,cycles,6458600471,100.00,,
1.812140669,383647,,rD044,6459397063,100.00,,
1.812140669,566096762,,rFF44,6460320365,100.00,,
1.812140669,88386827410,,instructions,6460636447,100.00,3.65,insn per cycle
1.812140669,24225789247,,cycles,6460263941,100.00,,
1.913094043,376961,,rD044,6460609317,100.00,,
1.913094043,569756185,,rFF44,6460216422,100.00,,
1.913094043,88847687582,,instructions,6459889381,100.00,3.67,insn per cycle
1.913094043,24224625236,,cycles,6459929928,100.00,,
2.014026508,361577,,rD044,6459015377,100.00,,
2.014026508,565400619,,rFF44,6458872274,100.00,,
2.014026508,88343199231,,instructions,6459125992,100.00,3.65,insn per cycle
2.014026508,24221271335,,cycles,6459056532,100.00,,
2.114961123,373848,,rD044,6460102283,100.00,,
2.114961123,565840328,,rFF44,6460187570,100.00,,
2.114961123,88393738887,,instructions,6459963413,100.00,3.65,insn per cycle
2.114961123,24225350199,,cycles,6460124582,100.00,,
2.215888567,378435,,rD044,6458680713,100.00,,
2.215888567,565593887,,rFF44,6458210451,100.00,,
2.215888567,88339382013,,instructions,6458620982,100.00,3.65,insn per cycle
2.215888567,24219708291,,cycles,6458619696,100.00,,
2.316803552,370624,,rD044,6459286145,100.00,,
2.316803552,564917100,,rFF44,6459598247,100.00,,
2.316803552,88261072395,,instructions,6459366304,100.00,3.64,insn per cycle
2.316803552,24220155870,,cycles,6458731978,100.00,,
2.417722216,368456,,rD044,6458541580,100.00,,
2.417722216,567488096,,rFF44,6458490067,100.00,,
2.417722216,88561830143,,instructions,6458660322,100.00,3.66,insn per cycle
2.417722216,24219498784,,cycles,6458561755,100.00,,
2.518638840,378783,,rD044,6458530550,100.00,,
2.518638840,572709072,,rFF44,6458576156,100.00,,
2.518638840,89217433926,,instructions,6458449472,100.00,3.68,insn per cycle
2.518638840,24221892580,,cycles,6459193134,100.00,,
2.619572735,381058,,rD044,6459334713,100.00,,
2.619572735,573118588,,rFF44,6460008620,100.00,,
2.619572735,89300239447,,instructions,6460336269,100.00,3.69,insn per cycle
2.619572735,24224312719,,cycles,6459923339,100.00,,
2.720511510,373468,,rD044,6460325719,100.00,,
2.720511510,570359415,,rFF44,6460620783,100.00,,
2.720511510,88949567242,,instructions,6460422546,100.00,3.67,insn per cycle
2.720511510,24227908794,,cycles,6460811183,100.00,,
2.821462934,375224,,rD044,6460912245,100.00,,
2.821462934,572088605,,rFF44,6461070627,100.00,,
2.821462934,89159074666,,instructions,6462301234,100.00,3.68,insn per cycle
2.821462934,24231924116,,cycles,6461895569,100.00,,
2.922429179,377905,,rD044,6461732522,100.00,,
2.922429179,564230248,,rFF44,6461234601,100.00,,
2.922429179,88175431115,,instructions,6460667432,100.00,3.64,insn per cycle
2.922429179,24229519276,,cycles,6461227955,100.00,,
3.023389554,382779,,rD044,6460618914,100.00,,
3.023389554,565580950,,rFF44,6459354606,100.00,,
3.023389554,88242174555,,instructions,6457757470,100.00,3.64,insn per cycle
3.023389554,24209835509,,cycles,6456000633,100.00,,
3.124252628,373990,,rD044,6454028789,100.00,,
3.124252628,560959632,,rFF44,6452694633,100.00,,
3.124252628,87695759875,,instructions,6451668272,100.00,3.63,insn per cycle
3.124252628,24191901165,,cycles,6451197984,100.00,,
3.225043321,368111,,rD044,6450591249,100.00,,
3.225043321,559603492,,rFF44,6450387351,100.00,,
3.225043321,87566044604,,instructions,6450242009,100.00,3.62,insn per cycle
3.225043321,24188827326,,cycles,6450384086,100.00,,
3.325848464,370590,,rD044,6450238665,100.00,,
3.325848464,560620860,,rFF44,6454117010,100.00,,
3.325848464,87856400867,,instructions,6456572121,100.00,3.63,insn per cycle
3.325848464,24217601839,,cycles,6458354453,100.00,,
3.426780599,408134,,rD044,6461399164,100.00,,
3.426780599,571231624,,rFF44,6459714425,100.00,,
3.426780599,89062194108,,instructions,6459612113,100.00,3.68,insn per cycle
3.426780599,24222928678,,cycles,6459478873,100.00,,
3.527706333,379819,,rD044,6459199059,100.00,,
3.527706333,564553496,,rFF44,6458977047,100.00,,
3.527706333,88206024475,,instructions,6458756979,100.00,3.64,insn per cycle
3.527706333,24221079275,,cycles,6458999331,100.00,,
3.628641678,376881,,rD044,6460061273,100.00,,
3.628641678,566679580,,rFF44,6460573375,100.00,,
3.628641678,88480994469,,instructions,6460279924,100.00,3.65,insn per cycle
3.628641678,24225763068,,cycles,6460242778,100.00,,
3.729576433,377641,,rD044,6459519638,100.00,,
3.729576433,567389717,,rFF44,6462322500,100.00,,
3.729576433,88577341750,,instructions,6462437471,100.00,3.66,insn per cycle
3.729576433,24233142267,,cycles,6462220062,100.00,,
3.830550868,371000,,rD044,6462580027,100.00,,
3.830550868,561519100,,rFF44,6461314765,100.00,,
3.830550868,87856125118,,instructions,6462030670,100.00,3.63,insn per cycle
3.830550868,24232281900,,cycles,6461990755,100.00,,
3.931525823,376004,,rD044,6461882552,100.00,,
3.931525823,573691245,,rFF44,6460698329,100.00,,
3.931525823,89315563859,,instructions,6460248832,100.00,3.69,insn per cycle
3.931525823,24225860563,,cycles,6460289261,100.00,,
4.032465487,372407,,rD044,6459547734,100.00,,
4.032465487,561098006,,rFF44,6459468135,100.00,,
4.032465487,87781488391,,instructions,6459909336,100.00,3.62,insn per cycle
4.032465487,24224076423,,cycles,6459782910,100.00,,
4.133405002,375948,,rD044,6460368528,100.00,,
4.133405002,571335357,,rFF44,6460099148,100.00,,
4.133405002,89065483681,,instructions,6459851544,100.00,3.68,insn per cycle
4.133405002,24225222301,,cycles,6460093421,100.00,,
4.234343237,376296,,rD044,6459695248,100.00,,
4.234343237,569847071,,rFF44,6459662272,100.00,,
4.234343237,88876261616,,instructions,6459781787,100.00,3.67,insn per cycle
4.234343237,24224857934,,cycles,6459989519,100.00,,
4.335283111,376978,,rD044,6460735561,100.00,,
4.335283111,559748906,,rFF44,6461255928,100.00,,
4.335283111,87612241135,,instructions,6461118474,100.00,3.62,insn per cycle
4.335283111,24227420940,,cycles,6460669029,100.00,,
4.369493413,249154,,rD044,1940975979,100.00,,
4.369493413,70886105,,rFF44,1927144598,100.00,,
4.369493413,13986531064,,instructions,1915490360,100.00,1.96,insn per cycle
4.369493413,7141235732,,cycles,1904473736,100.00,,
