0.100125323,4567754,,rD044,92090842,100.00,,
0.100125323,20189204,,rFF44,92096482,100.00,,
0.100125323,438179601,,instructions,92101962,100.00,1.28,insn per cycle
0.100125323,341215927,,cycles,92106952,100.00,,
0.200348308,5509823,,rD044,100218925,100.00,,
0.200348308,24006669,,rFF44,100219405,100.00,,
0.200348308,505478556,,instructions,100219635,100.00,1.34,insn per cycle
0.200348308,375822801,,cycles,100219765,100.00,,
0.300544343,5497822,,rD044,100194356,100.00,,
0.300544343,24029838,,rFF44,100193816,100.00,,
0.300544343,506599267,,instructions,100192656,100.00,1.35,insn per cycle
0.300544343,375718415,,cycles,100192106,100.00,,
0.400735647,6780566,,rD044,100190435,100.00,,
0.400735647,29301299,,rFF44,100190855,100.00,,
0.400735647,82737975,,instructions,100191195,100.00,0.22,insn per cycle
0.400735647,375717613,,cycles,100191725,100.00,,
0.500926852,6937305,,rD044,100190466,100.00,,
0.500926852,29976992,,rFF44,100190216,100.00,,
0.500926852,37438135,,instructions,100190526,100.00,0.10,insn per cycle
0.500926852,375712583,,cycles,100190376,100.00,,
0.601126676,3051415,,rD044,489414795,100.00,,
0.601126676,54759558,,rFF44,489657199,100.00,,
0.601126676,6396062606,,instructions,489837559,100.00,3.48,insn per cycle
0.601126676,1836899901,,cycles,490017969,100.00,,
0.701435462,30718,,rD044,802439235,100.00,,
0.701435462,74118815,,rFF44,802440698,100.00,,
0.701435462,11430328374,,instructions,802435418,100.00,3.80,insn per cycle
0.701435462,3009082257,,cycles,802425058,100.00,,
0.801737208,34121,,rD044,802409627,100.00,,
0.801737208,70317207,,rFF44,802400275,100.00,,
0.801737208,10973918540,,instructions,802395308,100.00,3.65,insn per cycle
0.801737208,3008962831,,cycles,802393748,100.00,,
0.902040394,30113,,rD044,802389618,100.00,,
0.902040394,75396642,,rFF44,802396993,100.00,,
0.902040394,11632110062,,instructions,802399387,100.00,3.87,insn per cycle
0.902040394,3008967972,,cycles,802401718,100.00,,
1.002338299,33908,,rD044,802266698,100.00,,
1.002338299,71484085,,rFF44,802257058,100.00,,
1.002338299,11114324626,,instructions,802250241,100.00,3.69,insn per cycle
1.002338299,3008343484,,cycles,802242826,100.00,,
1.102626115,29859,,rD044,802315068,100.00,,
1.102626115,74070881,,rFF44,802329798,100.00,,
1.102626115,11424181020,,instructions,802334098,100.00,3.80,insn per cycle
1.102626115,3008765260,,cycles,802341042,100.00,,
1.202924631,32862,,rD044,802364978,100.00,,
1.202924631,70454778,,rFF44,802340448,100.00,,
1.202924631,10984288439,,instructions,802337298,100.00,3.65,insn per cycle
1.202924631,3008763808,,cycles,802339868,100.00,,
1.303218716,31683,,rD044,802352888,100.00,,
1.303218716,74323113,,rFF44,802364998,100.00,,
1.303218716,11460877196,,instructions,802365218,100.00,3.81,insn per cycle
1.303218716,3008834073,,cycles,802360278,100.00,,
1.403518032,32500,,rD044,802383558,100.00,,
1.403518032,70756304,,rFF44,802371288,100.00,,
1.403518032,11019335299,,instructions,802364998,100.00,3.66,insn per cycle
1.403518032,3008830586,,cycles,802357638,100.00,,
1.503802098,29582,,rD044,802266098,100.00,,
1.503802098,73973733,,rFF44,802272618,100.00,,
1.503802098,11408697609,,instructions,802279518,100.00,3.79,insn per cycle
1.503802098,3008545471,,cycles,802281478,100.00,,
1.604131804,34134,,rD044,802643598,100.00,,
1.604131804,72162726,,rFF44,802646248,100.00,,
1.604131804,11213049147,,instructions,802644898,100.00,3.73,insn per cycle
1.604131804,3009932972,,cycles,802651878,100.00,,
1.704423189,34437,,rD044,802314328,100.00,,
1.704423189,73362928,,rFF44,802311178,100.00,,
1.704423189,11354365950,,instructions,802313518,100.00,3.77,insn per cycle
1.704423189,3008675539,,cycles,802316358,100.00,,
1.804718865,29577,,rD044,802366398,100.00,,
1.804718865,74694584,,rFF44,802367518,100.00,,
1.804718865,11507807978,,instructions,802366158,100.00,3.82,insn per cycle
1.804718865,3008837475,,cycles,802359138,100.00,,
1.905006421,32881,,rD044,802248388,100.00,,
1.905006421,70758133,,rFF44,802235268,100.00,,
1.905006421,11013803511,,instructions,802234118,100.00,3.66,insn per cycle
1.905006421,3008346311,,cycles,802235948,100.00,,
2.005295846,28974,,rD044,802315753,100.00,,
2.005295846,74125868,,rFF44,802326678,100.00,,
2.005295846,11418882182,,instructions,802329258,100.00,3.80,insn per cycle
2.005295846,3008716102,,cycles,802335518,100.00,,
2.105585102,32056,,rD044,802233345,100.00,,
2.105585102,66175228,,rFF44,802227531,100.00,,
2.105585102,10450829757,,instructions,802229318,100.00,3.47,insn per cycle
2.105585102,3008282700,,cycles,802217738,100.00,,
2.205876448,30299,,rD044,802240578,100.00,,
2.205876448,74489836,,rFF44,802272427,100.00,,
2.205876448,11471706746,,instructions,802267171,100.00,3.81,insn per cycle
2.205876448,3008322210,,cycles,802273728,100.00,,
2.306168403,34723,,rD044,802310098,100.00,,
2.306168403,72019022,,rFF44,802284228,100.00,,
2.306168403,11202363071,,instructions,802287707,100.00,3.72,insn per cycle
2.306168403,3008594625,,cycles,802294400,100.00,,
2.406460779,29420,,rD044,802352128,100.00,,
2.406460779,74680711,,rFF44,802360048,100.00,,
2.406460779,11500619572,,instructions,802357078,100.00,3.82,insn per cycle
2.406460779,3008767363,,cycles,802340958,100.00,,
2.506745994,32060,,rD044,802272628,100.00,,
2.506745994,68682268,,rFF44,802263078,100.00,,
2.506745994,10772632970,,instructions,802258868,100.00,3.58,insn per cycle
2.506745994,3008483459,,cycles,802265208,100.00,,
2.607045570,30005,,rD044,802381588,100.00,,
2.607045570,74723220,,rFF44,802379838,100.00,,
2.607045570,11509144497,,instructions,802386858,100.00,3.83,insn per cycle
2.607045570,3008923760,,cycles,802390098,100.00,,
2.707334666,33613,,rD044,802306338,100.00,,
2.707334666,72071589,,rFF44,802320248,100.00,,
2.707334666,11192360149,,instructions,802318408,100.00,3.72,insn per cycle
2.707334666,3008690425,,cycles,802320368,100.00,,
2.807632841,30185,,rD044,802387008,100.00,,
2.807632841,74266310,,rFF44,802382658,100.00,,
2.807632841,11441698906,,instructions,802387968,100.00,3.80,insn per cycle
2.807632841,3008932271,,cycles,802385028,100.00,,
2.907923047,32264,,rD044,802263118,100.00,,
2.907923047,68002194,,rFF44,802255098,100.00,,
2.907923047,10692580882,,instructions,802255278,100.00,3.55,insn per cycle
2.907923047,3008444757,,cycles,802271128,100.00,,
3.008212023,29548,,rD044,802224296,100.00,,
3.008212023,74330961,,rFF44,802233027,100.00,,
3.008212023,11457581481,,instructions,802234137,100.00,3.81,insn per cycle
3.008212023,3008270868,,cycles,802215037,100.00,,
3.108499548,34263,,rD044,802302461,100.00,,
3.108499548,69904005,,rFF44,802298348,100.00,,
3.108499548,10916641653,,instructions,802302308,100.00,3.63,insn per cycle
3.108499548,3008605940,,cycles,802300508,100.00,,
3.208789594,29895,,rD044,802311088,100.00,,
3.208789594,74019009,,rFF44,802306000,100.00,,
3.208789594,11411569629,,instructions,802304287,100.00,3.79,insn per cycle
3.208789594,3008639500,,cycles,802308678,100.00,,
3.309091850,33622,,rD044,802419208,100.00,,
3.309091850,70849476,,rFF44,802424528,100.00,,
3.309091850,11029999929,,instructions,802413271,100.00,3.67,insn per cycle
3.309091850,3009012034,,cycles,802405868,100.00,,
3.409381575,29323,,rD044,802309348,100.00,,
3.409381575,74137626,,rFF44,802303228,100.00,,
3.409381575,11430755043,,instructions,802311538,100.00,3.80,insn per cycle
3.409381575,3008716322,,cycles,802327180,100.00,,
3.509674491,32087,,rD044,802341828,100.00,,
3.509674491,69939044,,rFF44,802346478,100.00,,
3.509674491,10900867712,,instructions,802329558,100.00,3.62,insn per cycle
3.509674491,3008670548,,cycles,802314948,100.00,,
3.609961416,30198,,rD044,802283888,100.00,,
3.609961416,74079052,,rFF44,802287438,100.00,,
3.609961416,11424759152,,instructions,802290028,100.00,3.80,insn per cycle
3.609961416,3008611017,,cycles,802299228,100.00,,
3.710254622,33097,,rD044,802333078,100.00,,
3.710254622,71606638,,rFF44,802321608,100.00,,
3.710254622,11147373395,,instructions,802329018,100.00,3.71,insn per cycle
3.710254622,3008715521,,cycles,802326908,100.00,,
3.810543978,29871,,rD044,802318898,100.00,,
3.810543978,74677836,,rFF44,802324548,100.00,,
3.810543978,11520291561,,instructions,802324768,100.00,3.83,insn per cycle
3.810543978,3008698202,,cycles,802322078,100.00,,
3.910836673,33813,,rD044,802324598,100.00,,
3.910836673,73663697,,rFF44,802317168,100.00,,
3.910836673,11396708383,,instructions,802353208,100.00,3.79,insn per cycle
3.910836673,3008956631,,cycles,802391518,100.00,,
4.011133629,29820,,rD044,802282657,100.00,,
4.011133629,74332033,,rFF44,802280627,100.00,,
4.011133629,11462057711,,instructions,802246317,100.00,3.81,insn per cycle
4.011133629,3008214883,,cycles,802206667,100.00,,
4.111426765,33300,,rD044,802352047,100.00,,
4.111426765,71122384,,rFF44,802365438,100.00,,
4.111426765,11055431175,,instructions,802364828,100.00,3.67,insn per cycle
4.111426765,3008870062,,cycles,802368368,100.00,,
4.211715180,29339,,rD044,802291651,100.00,,
4.211715180,74483481,,rFF44,802293388,100.00,,
4.211715180,11481350852,,instructions,802297568,100.00,3.82,insn per cycle
4.211715180,3008631369,,cycles,802304578,100.00,,
4.312010646,31945,,rD044,802366338,100.00,,
4.312010646,70256118,,rFF44,802369601,100.00,,
4.312010646,10980099654,,instructions,802376118,100.00,3.65,insn per cycle
4.312010646,3008880773,,cycles,802370658,100.00,,
4.412302142,30492,,rD044,802307938,100.00,,
4.412302142,72105888,,rFF44,802291967,100.00,,
4.412302142,11172861778,,instructions,802284150,100.00,3.71,insn per cycle
4.412302142,3008542068,,cycles,802281106,100.00,,
4.512592237,31976,,rD044,802327838,100.00,,
4.512592237,72662694,,rFF44,802341778,100.00,,
4.512592237,11260062711,,instructions,802340908,100.00,3.74,insn per cycle
4.512592237,3008772240,,cycles,802342032,100.00,,
4.612880133,34350,,rD044,802298378,100.00,,
4.612880133,72845882,,rFF44,802333998,100.00,,
4.612880133,11288806236,,instructions,802336298,100.00,3.75,insn per cycle
4.612880133,3008790158,,cycles,802346918,100.00,,
4.713183009,29899,,rD044,802411828,100.00,,
4.713183009,74430929,,rFF44,802372658,100.00,,
4.713183009,11467263037,,instructions,802368758,100.00,3.81,insn per cycle
4.713183009,3008816524,,cycles,802354118,100.00,,
4.813467704,32250,,rD044,802270748,100.00,,
4.813467704,68623515,,rFF44,802270948,100.00,,
4.813467704,10777850052,,instructions,802270248,100.00,3.58,insn per cycle
4.813467704,3008503668,,cycles,802270328,100.00,,
4.913762070,29804,,rD044,802342258,100.00,,
4.913762070,74953769,,rFF44,802337778,100.00,,
4.913762070,11544125147,,instructions,802327668,100.00,3.84,insn per cycle
4.913762070,3008694473,,cycles,802321488,100.00,,
5.014053225,33197,,rD044,802241648,100.00,,
5.014053225,72261165,,rFF44,802240408,100.00,,
5.014053225,11218355794,,instructions,802250038,100.00,3.73,insn per cycle
5.014053225,3008439934,,cycles,802264218,100.00,,
5.114349581,29483,,rD044,802374578,100.00,,
5.114349581,74329613,,rFF44,802371778,100.00,,
5.114349581,11446717513,,instructions,802371788,100.00,3.80,insn per cycle
5.114349581,3008871449,,cycles,802369068,100.00,,
5.214636787,32907,,rD044,802280036,100.00,,
5.214636787,70401365,,rFF44,802288518,100.00,,
5.214636787,10969262128,,instructions,802292658,100.00,3.65,insn per cycle
5.214636787,3008561294,,cycles,802285918,100.00,,
5.314930082,30463,,rD044,802341312,100.00,,
5.314930082,74379398,,rFF44,802333938,100.00,,
5.314930082,11456138019,,instructions,802326028,100.00,3.81,insn per cycle
5.314930082,3008703619,,cycles,802323818,100.00,,
5.415217508,33303,,rD044,802271658,100.00,,
5.415217508,71246012,,rFF44,802281880,100.00,,
5.415217508,11087378027,,instructions,802296666,100.00,3.69,insn per cycle
5.415217508,3008610436,,cycles,802313768,100.00,,
5.515516874,29529,,rD044,802372668,100.00,,
5.515516874,74499381,,rFF44,802365318,100.00,,
5.515516874,11479072370,,instructions,802363172,100.00,3.82,insn per cycle
5.515516874,3008837712,,cycles,802359437,100.00,,
5.615805069,32388,,rD044,802297238,100.00,,
5.615805069,69356205,,rFF44,802289758,100.00,,
5.615805069,10853472400,,instructions,802286828,100.00,3.61,insn per cycle
5.615805069,3008531923,,cycles,802278151,100.00,,
5.716100055,29729,,rD044,802358618,100.00,,
5.716100055,74518374,,rFF44,802363448,100.00,,
5.716100055,11484807305,,instructions,802360328,100.00,3.82,insn per cycle
5.716100055,3008912631,,cycles,802379818,100.00,,
5.816390211,34271,,rD044,802321468,100.00,,
5.816390211,71426748,,rFF44,802323798,100.00,,
5.816390211,11120864833,,instructions,802326798,100.00,3.70,insn per cycle
5.816390211,3008647773,,cycles,802308988,100.00,,
5.916679206,29469,,rD044,802304478,100.00,,
5.916679206,74251608,,rFF44,802312108,100.00,,
5.916679206,11447656825,,instructions,802311318,100.00,3.80,insn per cycle
5.916679206,3008651893,,cycles,802309808,100.00,,
6.016963602,32002,,rD044,802128728,100.00,,
6.016963602,67083155,,rFF44,802107258,100.00,,
6.016963602,10578191985,,instructions,802096348,100.00,3.52,insn per cycle
6.016963602,3007772614,,cycles,802091588,100.00,,
6.117246277,29073,,rD044,802267508,100.00,,
6.117246277,74454339,,rFF44,802285068,100.00,,
6.117246277,11480265004,,instructions,802299938,100.00,3.82,insn per cycle
6.117246277,3008628874,,cycles,802304318,100.00,,
6.217539213,33985,,rD044,802247886,100.00,,
6.217539213,72373960,,rFF44,802244327,100.00,,
6.217539213,11221766760,,instructions,802239657,100.00,3.73,insn per cycle
6.217539213,3008230101,,cycles,802250887,100.00,,
6.317830258,30004,,rD044,802329182,100.00,,
6.317830258,74112166,,rFF44,802333768,100.00,,
6.317830258,11431915806,,instructions,802351548,100.00,3.80,insn per cycle
6.317830258,3009023460,,cycles,802409028,100.00,,
6.418132874,33271,,rD044,802402287,100.00,,
6.418132874,70572140,,rFF44,802397033,100.00,,
6.418132874,11007211246,,instructions,802375788,100.00,3.66,insn per cycle
6.418132874,3008647709,,cycles,802309758,100.00,,
6.518422610,29474,,rD044,802317608,100.00,,
6.518422610,74180810,,rFF44,802318065,100.00,,
6.518422610,11442872648,,instructions,802325071,100.00,3.80,insn per cycle
6.518422610,3008680182,,cycles,802317308,100.00,,
6.618713536,33064,,rD044,802344908,100.00,,
6.618713536,71936061,,rFF44,802360918,100.00,,
6.618713536,11183814663,,instructions,802358347,100.00,3.72,insn per cycle
6.618713536,3008874413,,cycles,802369591,100.00,,
6.719008381,29624,,rD044,802339738,100.00,,
6.719008381,73898295,,rFF44,802329258,100.00,,
6.719008381,11395513152,,instructions,802320388,100.00,3.79,insn per cycle
6.719008381,3008661836,,cycles,802312447,100.00,,
6.819298757,32308,,rD044,802325788,100.00,,
6.819298757,68144120,,rFF44,802325388,100.00,,
6.819298757,10686615927,,instructions,802317988,100.00,3.55,insn per cycle
6.819298757,3008699338,,cycles,802322878,100.00,,
6.919592572,29362,,rD044,802316068,100.00,,
6.919592572,74271943,,rFF44,802305818,100.00,,
6.919592572,11452816958,,instructions,802322548,100.00,3.81,insn per cycle
6.919592572,3008706544,,cycles,802324478,100.00,,
7.019886628,32597,,rD044,802309558,100.00,,
7.019886628,68561325,,rFF44,802350598,100.00,,
7.019886628,10748770103,,instructions,802342788,100.00,3.57,insn per cycle
7.019886628,3008720955,,cycles,802335978,100.00,,
7.120181564,29151,,rD044,802319078,100.00,,
7.120181564,73799458,,rFF44,802279688,100.00,,
7.120181564,11374730215,,instructions,802278168,100.00,3.78,insn per cycle
7.120181564,3008526144,,cycles,802276728,100.00,,
7.220469659,32200,,rD044,802305348,100.00,,
7.220469659,67956094,,rFF44,802308508,100.00,,
7.220469659,10688561513,,instructions,802311608,100.00,3.55,insn per cycle
7.220469659,3008670546,,cycles,802314698,100.00,,
7.320754285,30120,,rD044,802267207,100.00,,
7.320754285,74816572,,rFF44,802274148,100.00,,
7.320754285,11539385039,,instructions,802269768,100.00,3.84,insn per cycle
7.320754285,3008527848,,cycles,802277218,100.00,,
7.421060491,32705,,rD044,802447015,100.00,,
7.421060491,71290137,,rFF44,802461958,100.00,,
7.421060491,11089544999,,instructions,802477248,100.00,3.69,insn per cycle
7.421060491,3009255674,,cycles,802470848,100.00,,
7.521349566,33744,,rD044,802297044,100.00,,
7.521349566,72049512,,rFF44,802272363,100.00,,
7.521349566,11196097534,,instructions,802261668,100.00,3.72,insn per cycle
7.521349566,3008439047,,cycles,802253318,100.00,,
7.621640432,29719,,rD044,802321128,100.00,,
7.621640432,74873198,,rFF44,802332265,100.00,,
7.621640432,11535901966,,instructions,802331983,100.00,3.83,insn per cycle
7.621640432,3008749680,,cycles,802344438,100.00,,
7.721928168,33773,,rD044,802287008,100.00,,
7.721928168,72145009,,rFF44,802280728,100.00,,
7.721928168,11200096369,,instructions,802284575,100.00,3.72,insn per cycle
7.721928168,3008549527,,cycles,802282880,100.00,,
7.822220983,29697,,rD044,802320208,100.00,,
7.822220983,74851264,,rFF44,802308768,100.00,,
7.822220983,11527574868,,instructions,802302128,100.00,3.83,insn per cycle
7.822220983,3008621052,,cycles,802301958,100.00,,
7.922504189,33870,,rD044,802266128,100.00,,
7.922504189,71970243,,rFF44,802279498,100.00,,
7.922504189,11178334113,,instructions,802280928,100.00,3.72,insn per cycle
7.922504189,3008544933,,cycles,802282158,100.00,,
8.022797254,29453,,rD044,802260908,100.00,,
8.022797254,74605845,,rFF44,802261248,100.00,,
8.022797254,11488830440,,instructions,802258818,100.00,3.82,insn per cycle
8.022797254,3008397971,,cycles,802256978,100.00,,
8.123090440,33663,,rD044,802328488,100.00,,
8.123090440,71119411,,rFF44,802320248,100.00,,
8.123090440,11074803445,,instructions,802322418,100.00,3.68,insn per cycle
8.123090440,3008699523,,cycles,802322608,100.00,,
8.223386106,29820,,rD044,802363468,100.00,,
8.223386106,74875719,,rFF44,802373478,100.00,,
8.223386106,11533887415,,instructions,802376198,100.00,3.83,insn per cycle
8.223386106,3008894098,,cycles,802374738,100.00,,
8.323672341,34488,,rD044,802285098,100.00,,
8.323672341,72941314,,rFF44,802291848,100.00,,
8.323672341,11307606905,,instructions,802294088,100.00,3.76,insn per cycle
8.323672341,3008592014,,cycles,802293828,100.00,,
8.423966887,29771,,rD044,802339996,100.00,,
8.423966887,73930328,,rFF44,802319298,100.00,,
8.423966887,11394172869,,instructions,802314188,100.00,3.79,insn per cycle
8.423966887,3008672085,,cycles,802315488,100.00,,
8.524249253,32090,,rD044,802261412,100.00,,
8.524249253,68265089,,rFF44,802286396,100.00,,
8.524249253,10713757120,,instructions,802289908,100.00,3.56,insn per cycle
8.524249253,3008556870,,cycles,802284828,100.00,,
8.624538471,30127,,rD044,802300538,100.00,,
8.624538471,74757608,,rFF44,802291862,100.00,,
8.624538471,11524496466,,instructions,802293323,100.00,3.83,insn per cycle
8.624538471,3008607748,,cycles,802306608,100.00,,
8.724831500,33672,,rD044,802340438,100.00,,
8.724831500,71652655,,rFF44,802338618,100.00,,
8.724831500,11140459959,,instructions,802365705,100.00,3.70,insn per cycle
8.724831500,3008989479,,cycles,802399685,100.00,,
8.825130719,29237,,rD044,802384578,100.00,,
8.825130719,74694281,,rFF44,802382318,100.00,,
8.825130719,11518400721,,instructions,802365918,100.00,3.83,insn per cycle
8.825130719,3008744686,,cycles,802335003,100.00,,
8.925425638,34093,,rD044,801158053,100.00,,
8.925425638,73414149,,rFF44,801155123,100.00,,
8.925425638,11357264309,,instructions,801138353,100.00,3.78,insn per cycle
8.925425638,3004186294,,cycles,801126693,100.00,,
9.025713918,30006,,rD044,802234617,100.00,,
9.025713918,73953788,,rFF44,802243547,100.00,,
9.025713918,11407201099,,instructions,802251267,100.00,3.79,insn per cycle
9.025713918,3008444692,,cycles,802261057,100.00,,
9.126011357,33387,,rD044,802353298,100.00,,
9.126011357,72297067,,rFF44,802350398,100.00,,
9.126011357,11225899736,,instructions,802344248,100.00,3.73,insn per cycle
9.126011357,3008741884,,cycles,802340088,100.00,,
9.226302176,28953,,rD044,802322918,100.00,,
9.226302176,73623772,,rFF44,802322498,100.00,,
9.226302176,11354798676,,instructions,802328648,100.00,3.77,insn per cycle
9.226302176,3008698768,,cycles,802322388,100.00,,
9.326594335,33486,,rD044,802323768,100.00,,
9.326594335,71979744,,rFF44,802310608,100.00,,
9.326594335,11193017668,,instructions,802290268,100.00,3.72,insn per cycle
9.326594335,3008554350,,cycles,802284148,100.00,,
9.426880334,28670,,rD044,802315998,100.00,,
9.426880334,74113502,,rFF44,802377858,100.00,,
9.426880334,11426548441,,instructions,802388308,100.00,3.80,insn per cycle
9.426880334,3008981290,,cycles,802397878,100.00,,
9.527187174,32368,,rD044,802416167,100.00,,
9.527187174,68582823,,rFF44,802359718,100.00,,
9.527187174,10752615940,,instructions,802363558,100.00,3.57,insn per cycle
9.527187174,3008823876,,cycles,802355718,100.00,,
9.627472643,29273,,rD044,802267331,100.00,,
9.627472643,74208151,,rFF44,802264537,100.00,,
9.627472643,11441047301,,instructions,802267538,100.00,3.80,insn per cycle
9.627472643,3008513968,,cycles,802273428,100.00,,
9.727762522,32455,,rD044,802329308,100.00,,
9.727762522,69465609,,rFF44,802338961,100.00,,
9.727762522,10884680311,,instructions,802336856,100.00,3.62,insn per cycle
9.727762522,3008746519,,cycles,802334968,100.00,,
9.828057771,29825,,rD044,802337938,100.00,,
9.828057771,73377173,,rFF44,802321178,100.00,,
9.828057771,11358946637,,instructions,802325902,100.00,3.78,insn per cycle
9.828057771,3008702710,,cycles,802323854,100.00,,
9.928346450,33364,,rD044,802316938,100.00,,
9.928346450,72895955,,rFF44,802334888,100.00,,
9.928346450,11289270612,,instructions,802330218,100.00,3.75,insn per cycle
9.928346450,3008708457,,cycles,802324934,100.00,,
10.028630480,32146,,rD044,802181637,100.00,,
10.028630480,69343473,,rFF44,802178777,100.00,,
10.028630480,10849115425,,instructions,802181447,100.00,3.61,insn per cycle
10.028630480,3008176240,,cycles,802190717,100.00,,
10.128922929,29362,,rD044,802323227,100.00,,
10.128922929,74394612,,rFF44,802321057,100.00,,
10.128922929,11460816657,,instructions,802319637,100.00,3.81,insn per cycle
10.128922929,3008697892,,cycles,802327307,100.00,,
10.229215848,32289,,rD044,802235818,100.00,,
10.229215848,69583935,,rFF44,802222758,100.00,,
10.229215848,10899453632,,instructions,802233688,100.00,3.62,insn per cycle
10.229215848,3008120166,,cycles,802223518,100.00,,
10.329506167,30750,,rD044,802331198,100.00,,
10.329506167,74895411,,rFF44,802343238,100.00,,
10.329506167,11536399221,,instructions,802335188,100.00,3.83,insn per cycle
10.329506167,3008751904,,cycles,802336938,100.00,,
10.429792856,32804,,rD044,802283508,100.00,,
10.429792856,69331829,,rFF44,802285318,100.00,,
10.429792856,10833985689,,instructions,802287668,100.00,3.60,insn per cycle
10.429792856,3008564941,,cycles,802286628,100.00,,
10.530129366,30206,,rD044,802694618,100.00,,
10.530129366,74187953,,rFF44,802694658,100.00,,
10.530129366,11424719864,,instructions,802694208,100.00,3.80,insn per cycle
10.530129366,3010119094,,cycles,802701368,100.00,,
10.630416335,34054,,rD044,802274118,100.00,,
10.630416335,70229472,,rFF44,802261848,100.00,,
10.630416335,10949410954,,instructions,802255678,100.00,3.64,insn per cycle
10.630416335,3008403070,,cycles,802243548,100.00,,
10.730707264,29243,,rD044,802329744,100.00,,
10.730707264,74534059,,rFF44,802336768,100.00,,
10.730707264,11477891468,,instructions,802339938,100.00,3.81,insn per cycle
10.730707264,3008817471,,cycles,802354088,100.00,,
10.830994064,33335,,rD044,802294104,100.00,,
10.830994064,71039039,,rFF44,802307884,100.00,,
10.830994064,11070363931,,instructions,802318898,100.00,3.68,insn per cycle
10.830994064,3008660522,,cycles,802312518,100.00,,
10.931292783,29746,,rD044,802378548,100.00,,
10.931292783,74311357,,rFF44,802371694,100.00,,
10.931292783,11446212978,,instructions,802355174,100.00,3.80,insn per cycle
10.931292783,3008781302,,cycles,802344478,100.00,,
11.031580082,32381,,rD044,802220218,100.00,,
11.031580082,69029602,,rFF44,802216438,100.00,,
11.031580082,10812616797,,instructions,802223914,100.00,3.59,insn per cycle
11.031580082,3008336847,,cycles,802233401,100.00,,
11.131873071,29327,,rD044,802312458,100.00,,
11.131873071,74061801,,rFF44,802336058,100.00,,
11.131873071,11411171991,,instructions,802329208,100.00,3.79,insn per cycle
11.131873071,3008717332,,cycles,802333767,100.00,,
11.232165171,32158,,rD044,802321038,100.00,,
11.232165171,69302544,,rFF44,802290328,100.00,,
11.232165171,10835469746,,instructions,802293788,100.00,3.60,insn per cycle
11.232165171,3008599336,,cycles,802295868,100.00,,
11.332450300,29521,,rD044,802286668,100.00,,
11.332450300,74835998,,rFF44,802289418,100.00,,
11.332450300,11534121401,,instructions,802295718,100.00,3.83,insn per cycle
11.332450300,3008616280,,cycles,802300618,100.00,,
11.432741099,33284,,rD044,802324868,100.00,,
11.432741099,71999840,,rFF44,802333438,100.00,,
11.432741099,11180686826,,instructions,802328478,100.00,3.72,insn per cycle
11.432741099,3008734860,,cycles,802331958,100.00,,
11.533077009,30759,,rD044,802684118,100.00,,
11.533077009,74490526,,rFF44,802686928,100.00,,
11.533077009,11483222204,,instructions,802689468,100.00,3.81,insn per cycle
11.533077009,3010039205,,cycles,802680788,100.00,,
11.633370258,32346,,rD044,802338388,100.00,,
11.633370258,69251324,,rFF44,802331208,100.00,,
11.633370258,10849704718,,instructions,802323228,100.00,3.61,insn per cycle
11.633370258,3008670378,,cycles,802315168,100.00,,
11.733659947,29335,,rD044,802321768,100.00,,
11.733659947,74283580,,rFF44,802324068,100.00,,
11.733659947,11453814660,,instructions,802326128,100.00,3.81,insn per cycle
11.733659947,3008706051,,cycles,802324278,100.00,,
11.833951516,33378,,rD044,802311888,100.00,,
11.833951516,71309815,,rFF44,802311848,100.00,,
11.833951516,11092068249,,instructions,802313598,100.00,3.69,insn per cycle
11.833951516,3008694568,,cycles,802321508,100.00,,
11.934240425,29243,,rD044,802301944,100.00,,
11.934240425,74417968,,rFF44,802309248,100.00,,
11.934240425,11479542351,,instructions,802307208,100.00,3.82,insn per cycle
11.934240425,3008620927,,cycles,802301778,100.00,,
12.034533994,32665,,rD044,802277284,100.00,,
12.034533994,68598456,,rFF44,802280417,100.00,,
12.034533994,10768107267,,instructions,802283788,100.00,3.58,insn per cycle
12.034533994,3008542919,,cycles,802287778,100.00,,
12.134827564,29184,,rD044,802315478,100.00,,
12.134827564,74034759,,rFF44,802313601,100.00,,
12.134827564,11420184127,,instructions,802321846,100.00,3.80,insn per cycle
12.134827564,3008924916,,cycles,802389668,100.00,,
12.235130293,33482,,rD044,802421408,100.00,,
12.235130293,71267944,,rFF44,802411948,100.00,,
12.235130293,11067024010,,instructions,802407712,100.00,3.68,insn per cycle
12.235130293,3008760861,,cycles,802339438,100.00,,
12.335422832,29886,,rD044,802333788,100.00,,
12.335422832,74362152,,rFF44,802337788,100.00,,
12.335422832,11469406705,,instructions,802324348,100.00,3.81,insn per cycle
12.335422832,3008647324,,cycles,802308590,100.00,,
12.435716842,32398,,rD044,802334748,100.00,,
12.435716842,70360765,,rFF44,802331488,100.00,,
12.435716842,10993331894,,instructions,802352428,100.00,3.65,insn per cycle
12.435716842,3008835575,,cycles,802359258,100.00,,
12.536002981,30051,,rD044,802278468,100.00,,
12.536002981,74010873,,rFF44,802272908,100.00,,
12.536002981,11413008321,,instructions,802264368,100.00,3.79,insn per cycle
12.536002981,3008511027,,cycles,802272348,100.00,,
12.636294530,32451,,rD044,802343838,100.00,,
12.636294530,70327283,,rFF44,802352528,100.00,,
12.636294530,10960781722,,instructions,802345218,100.00,3.64,insn per cycle
12.636294530,3008782591,,cycles,802344608,100.00,,
12.736581429,29374,,rD044,802284878,100.00,,
12.736581429,73380943,,rFF44,802282888,100.00,,
12.736581429,11310808626,,instructions,802295678,100.00,3.76,insn per cycle
12.736581429,3008598208,,cycles,802295908,100.00,,
12.836876268,33733,,rD044,802394698,100.00,,
12.836876268,70651024,,rFF44,802439848,100.00,,
12.836876268,11028041627,,instructions,802432458,100.00,3.66,insn per cycle
12.836876268,3009109024,,cycles,802431978,100.00,,
12.937175178,32521,,rD044,802339868,100.00,,
12.937175178,73146834,,rFF44,802295068,100.00,,
12.937175178,11327449589,,instructions,802301488,100.00,3.77,insn per cycle
12.937175178,3008589721,,cycles,802293428,100.00,,
13.037468337,30233,,rD044,802268217,100.00,,
13.037468337,74488963,,rFF44,802268218,100.00,,
13.037468337,11479874985,,instructions,802261548,100.00,3.82,insn per cycle
13.037468337,3008451455,,cycles,802263868,100.00,,
13.137753836,32975,,rD044,802285281,100.00,,
13.137753836,71924938,,rFF44,802294778,100.00,,
13.137753836,11163833608,,instructions,802291828,100.00,3.71,insn per cycle
13.137753836,3008607321,,cycles,802297798,100.00,,
13.238061065,29552,,rD044,802419638,100.00,,
13.238061065,74010165,,rFF44,802398473,100.00,,
13.238061065,11401377516,,instructions,802402428,100.00,3.79,insn per cycle
13.238061065,3009016079,,cycles,802414078,100.00,,
13.338350124,32515,,rD044,802319168,100.00,,
13.338350124,67567986,,rFF44,802333635,100.00,,
13.338350124,10620388018,,instructions,802328771,100.00,3.53,insn per cycle
13.338350124,3008622050,,cycles,802302398,100.00,,
13.438641574,30219,,rD044,802326368,100.00,,
13.438641574,74657611,,rFF44,802314288,100.00,,
13.438641574,11498499365,,instructions,802316327,100.00,3.82,insn per cycle
13.438641574,3008750453,,cycles,802336230,100.00,,
13.538928683,32917,,rD044,802282158,100.00,,
13.538928683,70295289,,rFF44,802292718,100.00,,
13.538928683,10973990355,,instructions,802299658,100.00,3.65,insn per cycle
13.538928683,3008599532,,cycles,802296018,100.00,,
13.639223872,30475,,rD044,802369938,100.00,,
13.639223872,74678041,,rFF44,802365948,100.00,,
13.639223872,11499664770,,instructions,802359938,100.00,3.82,insn per cycle
13.639223872,3008815051,,cycles,802353668,100.00,,
13.739511131,32813,,rD044,802271868,100.00,,
13.739511131,69529242,,rFF44,802270808,100.00,,
13.739511131,10865598583,,instructions,802269108,100.00,3.61,insn per cycle
13.739511131,3008521199,,cycles,802274958,100.00,,
13.839805301,29181,,rD044,802357538,100.00,,
13.839805301,74112644,,rFF44,802360438,100.00,,
13.839805301,11414377362,,instructions,802363198,100.00,3.79,insn per cycle
13.839805301,3008868577,,cycles,802368058,100.00,,
13.940098880,32409,,rD044,802332688,100.00,,
13.940098880,68827664,,rFF44,802330378,100.00,,
13.940098880,10802315824,,instructions,802327278,100.00,3.59,insn per cycle
13.940098880,3008712393,,cycles,802326168,100.00,,
14.040391639,29509,,rD044,802273258,100.00,,
14.040391639,74597892,,rFF44,802279398,100.00,,
14.040391639,11489376166,,instructions,802280888,100.00,3.82,insn per cycle
14.040391639,3008461222,,cycles,802266918,100.00,,
14.140681698,32286,,rD044,802300946,100.00,,
14.140681698,68898949,,rFF44,802295238,100.00,,
14.140681698,10811884789,,instructions,802288708,100.00,3.59,insn per cycle
14.140681698,3008577461,,cycles,802289818,100.00,,
14.240970387,30045,,rD044,802203412,100.00,,
14.240970387,74900834,,rFF44,802201468,100.00,,
14.240970387,11540264212,,instructions,802213148,100.00,3.84,insn per cycle
14.240970387,3008083019,,cycles,802217538,100.00,,
14.341257136,32749,,rD044,802303008,100.00,,
14.341257136,70549255,,rFF44,802308550,100.00,,
14.341257136,10999718716,,instructions,802298585,100.00,3.66,insn per cycle
14.341257136,3008606557,,cycles,802297908,100.00,,
14.441544706,29837,,rD044,802278388,100.00,,
14.441544706,74178548,,rFF44,802272278,100.00,,
14.441544706,11433001058,,instructions,802285283,100.00,3.80,insn per cycle
14.441544706,3008582096,,cycles,802291320,100.00,,
14.541835405,33223,,rD044,802345878,100.00,,
14.541835405,70020971,,rFF44,802360798,100.00,,
14.541835405,10940062506,,instructions,802407438,100.00,3.64,insn per cycle
14.541835405,3009078722,,cycles,802423948,100.00,,
14.642138434,30020,,rD044,802393758,100.00,,
14.642138434,74594282,,rFF44,802375178,100.00,,
14.642138434,11499780484,,instructions,802317768,100.00,3.82,insn per cycle
14.642138434,3008592949,,cycles,802294398,100.00,,
14.742428253,33180,,rD044,802319578,100.00,,
14.742428253,71635044,,rFF44,802331928,100.00,,
14.742428253,11145421349,,instructions,802339218,100.00,3.70,insn per cycle
14.742428253,3008769087,,cycles,802341448,100.00,,
14.842719923,29939,,rD044,802336778,100.00,,
14.842719923,74596378,,rFF44,802338298,100.00,,
14.842719923,11505442262,,instructions,802332718,100.00,3.82,insn per cycle
14.842719923,3008738740,,cycles,802332698,100.00,,
14.943013332,33516,,rD044,802326648,100.00,,
14.943013332,72580441,,rFF44,802312498,100.00,,
14.943013332,11274044637,,instructions,802320858,100.00,3.75,insn per cycle
14.943013332,3008706204,,cycles,802324718,100.00,,
15.043300101,28944,,rD044,802213228,100.00,,
15.043300101,74270485,,rFF44,802219698,100.00,,
15.043300101,11456673384,,instructions,802214208,100.00,3.81,insn per cycle
15.043300101,3008250144,,cycles,802210198,100.00,,
15.143592270,32873,,rD044,802336878,100.00,,
15.143592270,70730219,,rFF44,802341398,100.00,,
15.143592270,11020162329,,instructions,802336208,100.00,3.66,insn per cycle
15.143592270,3008745694,,cycles,802335218,100.00,,
15.243878219,30018,,rD044,802273362,100.00,,
15.243878219,74653687,,rFF44,802310658,100.00,,
15.243878219,11515431440,,instructions,802316338,100.00,3.83,insn per cycle
15.243878219,3008703346,,cycles,802330548,100.00,,
15.344182359,33541,,rD044,802417836,100.00,,
15.344182359,71031658,,rFF44,802384177,100.00,,
15.344182359,11058449338,,instructions,802383398,100.00,3.68,insn per cycle
15.344182359,3008919446,,cycles,802381228,100.00,,
15.444476228,29379,,rD044,802339848,100.00,,
15.444476228,74061329,,rFF44,802331771,100.00,,
15.444476228,11417231672,,instructions,802326076,100.00,3.79,insn per cycle
15.444476228,3008682399,,cycles,802318468,100.00,,
15.544773317,32492,,rD044,802375778,100.00,,
15.544773317,70104586,,rFF44,802375588,100.00,,
15.544773317,10956031974,,instructions,802391222,100.00,3.64,insn per cycle
15.544773317,3008972322,,cycles,802395417,100.00,,
15.645067356,30519,,rD044,802322678,100.00,,
15.645067356,74207775,,rFF44,802313698,100.00,,
15.645067356,11444985379,,instructions,802303318,100.00,3.80,insn per cycle
15.645067356,3008580227,,cycles,802290541,100.00,,
15.745355616,32931,,rD044,802318398,100.00,,
15.745355616,71213160,,rFF44,802326558,100.00,,
15.745355616,11086227372,,instructions,802325458,100.00,3.68,insn per cycle
15.745355616,3008752233,,cycles,802336998,100.00,,
15.845642225,30361,,rD044,802283658,100.00,,
15.845642225,70208670,,rFF44,802274458,100.00,,
15.845642225,10942280542,,instructions,802275908,100.00,3.64,insn per cycle
15.845642225,3008498244,,cycles,802268938,100.00,,
15.945932434,32001,,rD044,802316348,100.00,,
15.945932434,73974600,,rFF44,802328678,100.00,,
15.945932434,11412481839,,instructions,802322068,100.00,3.79,insn per cycle
15.945932434,3008686013,,cycles,802319248,100.00,,
16.046212913,32482,,rD044,802157437,100.00,,
16.046212913,69187971,,rFF44,802153607,100.00,,
16.046212913,10813706640,,instructions,802158527,100.00,3.59,insn per cycle
16.046212913,3008052227,,cycles,802157987,100.00,,
16.146503882,28961,,rD044,802323988,100.00,,
16.146503882,74361472,,rFF44,802324618,100.00,,
16.146503882,11457078311,,instructions,802328828,100.00,3.81,insn per cycle
16.146503882,3008776164,,cycles,802342858,100.00,,
16.246792681,32545,,rD044,802270626,100.00,,
16.246792681,69646851,,rFF44,802272558,100.00,,
16.246792681,10877345541,,instructions,802268728,100.00,3.62,insn per cycle
16.246792681,3008437557,,cycles,802260778,100.00,,
16.347092921,29928,,rD044,802410854,100.00,,
16.347092921,74973767,,rFF44,802409038,100.00,,
16.347092921,11548249224,,instructions,802406288,100.00,3.84,insn per cycle
16.347092921,3009018356,,cycles,802407778,100.00,,
16.447380690,33261,,rD044,802296066,100.00,,
16.447380690,71225539,,rFF44,802302030,100.00,,
16.447380690,11087881143,,instructions,802308648,100.00,3.69,insn per cycle
16.447380690,3008657514,,cycles,802311358,100.00,,
16.547680819,29224,,rD044,802395838,100.00,,
16.547680819,74322225,,rFF44,802389298,100.00,,
16.547680819,11445351019,,instructions,802391261,100.00,3.80,insn per cycle
16.547680819,3008963830,,cycles,802393398,100.00,,
16.647970258,33821,,rD044,802313308,100.00,,
16.647970258,70446025,,rFF44,802328698,100.00,,
16.647970258,10988736144,,instructions,802328727,100.00,3.65,insn per cycle
16.647970258,3008680616,,cycles,802318410,100.00,,
16.748266388,30359,,rD044,802348488,100.00,,
16.748266388,74997334,,rFF44,802338228,100.00,,
16.748266388,11550781322,,instructions,802336168,100.00,3.84,insn per cycle
16.748266388,3008751970,,cycles,802345118,100.00,,
16.848557277,32935,,rD044,802315038,100.00,,
16.848557277,71199502,,rFF44,802312138,100.00,,
16.848557277,11074546445,,instructions,802302248,100.00,3.68,insn per cycle
16.848557277,3008605429,,cycles,802297598,100.00,,
16.948844026,29321,,rD044,802307888,100.00,,
16.948844026,74440112,,rFF44,802319398,100.00,,
16.948844026,11469847896,,instructions,802388488,100.00,3.81,insn per cycle
16.948844026,3008950094,,cycles,802389408,100.00,,
17.049142885,33029,,rD044,802287468,100.00,,
17.049142885,69911400,,rFF44,802267928,100.00,,
17.049142885,10914516612,,instructions,802201468,100.00,3.63,insn per cycle
17.049142885,3008182679,,cycles,802192828,100.00,,
17.149427624,29092,,rD044,802271628,100.00,,
17.149427624,74307556,,rFF44,802282708,100.00,,
17.149427624,11453261712,,instructions,802287568,100.00,3.81,insn per cycle
17.149427624,3008567609,,cycles,802287348,100.00,,
17.249717304,33433,,rD044,802299538,100.00,,
17.249717304,71490606,,rFF44,802305698,100.00,,
17.249717304,11112006291,,instructions,802303878,100.00,3.69,insn per cycle
17.249717304,3008616124,,cycles,802307418,100.00,,
17.350005893,29900,,rD044,802287375,100.00,,
17.350005893,73666510,,rFF44,802274458,100.00,,
17.350005893,11358408198,,instructions,802276458,100.00,3.78,insn per cycle
17.350005893,3008555387,,cycles,802284248,100.00,,
17.450298042,32497,,rD044,802338133,100.00,,
17.450298042,69357512,,rFF44,802337818,100.00,,
17.450298042,10849766908,,instructions,802334868,100.00,3.61,insn per cycle
17.450298042,3008720196,,cycles,802328278,100.00,,
17.550583881,29064,,rD044,802287368,100.00,,
17.550583881,73832485,,rFF44,802292300,100.00,,
17.550583881,11383819331,,instructions,802295494,100.00,3.78,insn per cycle
17.550583881,3008584490,,cycles,802292158,100.00,,
17.650875400,34051,,rD044,802334048,100.00,,
17.650875400,72788326,,rFF44,802386598,100.00,,
17.650875400,11287829366,,instructions,802379324,100.00,3.75,insn per cycle
17.650875400,3008916994,,cycles,802380425,100.00,,
17.751170840,30007,,rD044,802349608,100.00,,
17.751170840,74408503,,rFF44,802300428,100.00,,
17.751170840,11478455186,,instructions,802310528,100.00,3.82,insn per cycle
17.751170840,3008682360,,cycles,802318163,100.00,,
17.851466539,32637,,rD044,802364008,100.00,,
17.851466539,69185742,,rFF44,802370388,100.00,,
17.851466539,10839011039,,instructions,802381428,100.00,3.60,insn per cycle
17.851466539,3008965118,,cycles,802393228,100.00,,
17.951760998,29533,,rD044,802343108,100.00,,
17.951760998,74385838,,rFF44,802339988,100.00,,
17.951760998,11474325059,,instructions,802324608,100.00,3.81,insn per cycle
17.951760998,3008662371,,cycles,802312758,100.00,,
18.052068748,33540,,rD044,802372998,100.00,,
18.052068748,72034111,,rFF44,802372098,100.00,,
18.052068748,11168620372,,instructions,802367048,100.00,3.71,insn per cycle
18.052068748,3008817153,,cycles,802361978,100.00,,
18.152355797,29513,,rD044,802293468,100.00,,
18.152355797,74514293,,rFF44,802295578,100.00,,
18.152355797,11492182608,,instructions,802302228,100.00,3.82,insn per cycle
18.152355797,3008608212,,cycles,802298578,100.00,,
18.252649466,33172,,rD044,802264027,100.00,,
18.252649466,70159405,,rFF44,802260747,100.00,,
18.252649466,10962030332,,instructions,802258027,100.00,3.64,insn per cycle
18.252649466,3008284134,,cycles,802263527,100.00,,
18.352939415,29349,,rD044,802292268,100.00,,
18.352939415,74014843,,rFF44,802282338,100.00,,
18.352939415,11410077306,,instructions,802282838,100.00,3.79,insn per cycle
18.352939415,3008522871,,cycles,802281648,100.00,,
18.453230945,32867,,rD044,802346118,100.00,,
18.453230945,71051359,,rFF44,802359528,100.00,,
18.453230945,11057512350,,instructions,802360548,100.00,3.68,insn per cycle
18.453230945,3008827635,,cycles,802356778,100.00,,
18.553520934,28317,,rD044,802291441,100.00,,
18.553520934,72442512,,rFF44,802285888,100.00,,
18.553520934,11201950753,,instructions,802290668,100.00,3.72,insn per cycle
18.553520934,3008576090,,cycles,802289418,100.00,,
18.653815413,33113,,rD044,802353737,100.00,,
18.653815413,71410510,,rFF44,802351921,100.00,,
18.653815413,11114150745,,instructions,802345068,100.00,3.69,insn per cycle
18.653815413,3008950564,,cycles,802389708,100.00,,
18.754106393,33734,,rD044,802322228,100.00,,
18.754106393,71939479,,rFF44,802333507,100.00,,
18.754106393,11181941280,,instructions,802334280,100.00,3.72,insn per cycle
18.754106393,3008629735,,cycles,802304378,100.00,,
18.854404592,29338,,rD044,802363288,100.00,,
18.854404592,74307652,,rFF44,802345068,100.00,,
18.854404592,11449471506,,instructions,802346788,100.00,3.81,insn per cycle
18.854404592,3008732932,,cycles,802332020,100.00,,
18.954689781,32627,,rD044,802295598,100.00,,
18.954689781,70941599,,rFF44,802314118,100.00,,
18.954689781,11044711609,,instructions,802314408,100.00,3.67,insn per cycle
18.954689781,3008704467,,cycles,802323948,100.00,,
19.054984950,28946,,rD044,802275648,100.00,,
19.054984950,74445493,,rFF44,802260628,100.00,,
19.054984950,11466207495,,instructions,802250578,100.00,3.81,insn per cycle
19.054984950,3008382088,,cycles,802245528,100.00,,
19.155272999,31693,,rD044,802291608,100.00,,
19.155272999,67692334,,rFF44,802289818,100.00,,
19.155272999,10651711013,,instructions,802294198,100.00,3.54,insn per cycle
19.155272999,3008628384,,cycles,802304058,100.00,,
19.255565159,30075,,rD044,801148994,100.00,,
19.255565159,74508663,,rFF44,801155814,100.00,,
19.255565159,11475065627,,instructions,801166474,100.00,3.82,insn per cycle
19.255565159,3004318079,,cycles,801160414,100.00,,
19.355853018,32625,,rD044,802278117,100.00,,
19.355853018,68795937,,rFF44,802310497,100.00,,
19.355853018,10786116456,,instructions,802355007,100.00,3.58,insn per cycle
19.355853018,3008827427,,cycles,802362627,100.00,,
19.456159587,30282,,rD044,802446858,100.00,,
19.456159587,74782515,,rFF44,802409228,100.00,,
19.456159587,11514579472,,instructions,802356068,100.00,3.83,insn per cycle
19.456159587,3008793554,,cycles,802347908,100.00,,
19.556446096,33555,,rD044,802274148,100.00,,
19.556446096,71349843,,rFF44,802265328,100.00,,
19.556446096,11100457210,,instructions,802263908,100.00,3.69,insn per cycle
19.556446096,3008470406,,cycles,802261808,100.00,,
19.656734396,29732,,rD044,802304160,100.00,,
19.656734396,74182138,,rFF44,802304348,100.00,,
19.656734396,11425668313,,instructions,802304458,100.00,3.80,insn per cycle
19.656734396,3008631338,,cycles,802304178,100.00,,
19.757027365,34096,,rD044,802341688,100.00,,
19.757027365,72041894,,rFF44,802349670,100.00,,
19.757027365,11193457054,,instructions,802352288,100.00,3.72,insn per cycle
19.757027365,3008819651,,cycles,802355118,100.00,,
19.857314244,30132,,rD044,802301148,100.00,,
19.857314244,74617669,,rFF44,802307318,100.00,,
19.857314244,11497061000,,instructions,802312940,100.00,3.82,insn per cycle
19.857314244,3008652001,,cycles,802309526,100.00,,
19.957604973,33941,,rD044,802304508,100.00,,
19.957604973,71995722,,rFF44,802293638,100.00,,
19.957604973,11182446636,,instructions,802284538,100.00,3.72,insn per cycle
19.957604973,3008600496,,cycles,802296512,100.00,,
20.057893842,29211,,rD044,802292028,100.00,,
20.057893842,74475385,,rFF44,802313918,100.00,,
20.057893842,11482210451,,instructions,802313228,100.00,3.82,insn per cycle
20.057893842,3008604046,,cycles,802305048,100.00,,
20.158192552,33226,,rD044,802318278,100.00,,
20.158192552,71354757,,rFF44,802299058,100.00,,
20.158192552,11110454328,,instructions,802304438,100.00,3.69,insn per cycle
20.158192552,3008666856,,cycles,802313838,100.00,,
20.258482671,29842,,rD044,802327958,100.00,,
20.258482671,74560277,,rFF44,802344928,100.00,,
20.258482671,11497876854,,instructions,802359818,100.00,3.82,insn per cycle
20.258482671,3008834634,,cycles,802358698,100.00,,
20.358778430,33192,,rD044,802338538,100.00,,
20.358778430,69617506,,rFF44,802335038,100.00,,
20.358778430,10885471791,,instructions,802318158,100.00,3.62,insn per cycle
20.358778430,3008636990,,cycles,802313168,100.00,,
20.459081549,29319,,rD044,802408338,100.00,,
20.459081549,73890814,,rFF44,802397768,100.00,,
20.459081549,11395603601,,instructions,802406768,100.00,3.79,insn per cycle
20.459081549,3009024085,,cycles,802409108,100.00,,
20.559375029,33238,,rD044,802354128,100.00,,
20.559375029,71305529,,rFF44,802367998,100.00,,
20.559375029,11105908899,,instructions,802363308,100.00,3.69,insn per cycle
20.559375029,3008812625,,cycles,802353328,100.00,,
20.659665728,29776,,rD044,802334978,100.00,,
20.659665728,73934945,,rFF44,802333698,100.00,,
20.659665728,11404214133,,instructions,802334808,100.00,3.79,insn per cycle
20.659665728,3008784901,,cycles,802345618,100.00,,
20.759967337,33884,,rD044,802384595,100.00,,
20.759967337,71120314,,rFF44,802374928,100.00,,
20.759967337,11058166142,,instructions,802371018,100.00,3.68,insn per cycle
20.759967337,3008856854,,cycles,802364398,100.00,,
20.860255476,29217,,rD044,802297393,100.00,,
20.860255476,73482866,,rFF44,802294345,100.00,,
20.860255476,11333753902,,instructions,802297758,100.00,3.77,insn per cycle
20.860255476,3008625990,,cycles,802302928,100.00,,
20.960548826,31839,,rD044,802346538,100.00,,
20.960548826,67809676,,rFF44,802350833,100.00,,
20.960548826,10660079783,,instructions,802342664,100.00,3.54,insn per cycle
20.960548826,3008715137,,cycles,802327268,100.00,,
21.060835765,29336,,rD044,802207308,100.00,,
21.060835765,74192544,,rFF44,802203628,100.00,,
21.060835765,11445131280,,instructions,802269544,100.00,3.80,insn per cycle
21.060835765,3008658089,,cycles,802319106,100.00,,
21.161145324,32591,,rD044,802475898,100.00,,
21.161145324,70106137,,rFF44,802491068,100.00,,
21.161145324,10951646644,,instructions,802430198,100.00,3.64,insn per cycle
21.161145324,3008954765,,cycles,802390712,100.00,,
21.261439603,30485,,rD044,802345518,100.00,,
21.261439603,74265211,,rFF44,802328918,100.00,,
21.261439603,11452323854,,instructions,802323458,100.00,3.81,insn per cycle
21.261439603,3008652292,,cycles,802310168,100.00,,
21.361732182,33299,,rD044,802316748,100.00,,
21.361732182,72604637,,rFF44,802316178,100.00,,
21.361732182,11268080824,,instructions,802318588,100.00,3.75,insn per cycle
21.361732182,3008717897,,cycles,802334288,100.00,,
21.462025582,31193,,rD044,802322038,100.00,,
21.462025582,72239223,,rFF44,802310928,100.00,,
21.462025582,11188708378,,instructions,802306118,100.00,3.72,insn per cycle
21.462025582,3008588981,,cycles,802292878,100.00,,
21.562313261,31158,,rD044,802328638,100.00,,
21.562313261,71784148,,rFF44,802353058,100.00,,
21.562313261,11162739071,,instructions,802359018,100.00,3.71,insn per cycle
21.562313261,3008900125,,cycles,802376548,100.00,,
21.662605700,33806,,rD044,802320298,100.00,,
21.662605700,71307577,,rFF44,802313708,100.00,,
21.662605700,11090503156,,instructions,802312668,100.00,3.69,insn per cycle
21.662605700,3008625019,,cycles,802302718,100.00,,
21.762899639,30194,,rD044,802378948,100.00,,
21.762899639,74240046,,rFF44,802382768,100.00,,
21.762899639,11438946911,,instructions,802392718,100.00,3.80,insn per cycle
21.762899639,3008952008,,cycles,802390788,100.00,,
21.863217239,34011,,rD044,802490728,100.00,,
21.863217239,71610722,,rFF44,802483888,100.00,,
21.863217239,11137405613,,instructions,802485058,100.00,3.70,insn per cycle
21.863217239,3009337870,,cycles,802493168,100.00,,
21.963508858,29645,,rD044,802320687,100.00,,
21.963508858,74292590,,rFF44,802318678,100.00,,
21.963508858,11444107858,,instructions,802305458,100.00,3.80,insn per cycle
21.963508858,3008589322,,cycles,802293578,100.00,,
22.063792847,34310,,rD044,802205200,100.00,,
22.063792847,70708287,,rFF44,802216047,100.00,,
22.063792847,11024902234,,instructions,802217577,100.00,3.66,insn per cycle
22.063792847,3008300997,,cycles,802223377,100.00,,
22.164096737,29374,,rD044,802410588,100.00,,
22.164096737,74068326,,rFF44,802396620,100.00,,
22.164096737,11405401146,,instructions,802395038,100.00,3.79,insn per cycle
22.164096737,3009005184,,cycles,802404208,100.00,,
22.264386696,34466,,rD044,802227837,100.00,,
22.264386696,71799787,,rFF44,802236607,100.00,,
22.264386696,11161653727,,instructions,802235729,100.00,3.71,insn per cycle
22.264386696,3008127982,,cycles,802222476,100.00,,
22.364677225,29589,,rD044,802296818,100.00,,
22.364677225,74995215,,rFF44,802294768,100.00,,
22.364677225,11552161767,,instructions,802308768,100.00,3.84,insn per cycle
22.364677225,3008647199,,cycles,802314641,100.00,,
22.464962004,32965,,rD044,802268108,100.00,,
22.464962004,70623407,,rFF44,802253408,100.00,,
22.464962004,11000670295,,instructions,802244548,100.00,3.66,insn per cycle
22.464962004,3008457538,,cycles,802258388,100.00,,
22.565249613,29008,,rD044,802318648,100.00,,
22.565249613,74410622,,rFF44,802331588,100.00,,
22.565249613,11464850425,,instructions,802338428,100.00,3.81,insn per cycle
22.565249613,3008737785,,cycles,802332838,100.00,,
22.665541222,33776,,rD044,802328848,100.00,,
22.665541222,71382695,,rFF44,802339098,100.00,,
22.665541222,11107313584,,instructions,802335258,100.00,3.69,insn per cycle
22.665541222,3008698798,,cycles,802322138,100.00,,
22.765835922,29285,,rD044,802341298,100.00,,
22.765835922,74239160,,rFF44,802336488,100.00,,
22.765835922,11445560953,,instructions,802414008,100.00,3.80,insn per cycle
22.765835922,3009168786,,cycles,802447888,100.00,,
22.866141421,32384,,rD044,802437668,100.00,,
22.866141421,68189039,,rFF44,802446748,100.00,,
22.866141421,10707724962,,instructions,802372788,100.00,3.56,insn per cycle
22.866141421,3008817040,,cycles,802354458,100.00,,
22.966436370,29176,,rD044,802350638,100.00,,
22.966436370,73756855,,rFF44,802337378,100.00,,
22.966436370,11369904450,,instructions,802332018,100.00,3.78,insn per cycle
22.966436370,3008705475,,cycles,802324138,100.00,,
23.066728140,32660,,rD044,802247387,100.00,,
23.066728140,71189663,,rFF44,802244527,100.00,,
23.066728140,11083837729,,instructions,802248447,100.00,3.68,insn per cycle
23.066728140,3008389515,,cycles,802247317,100.00,,
23.167027829,29896,,rD044,802386243,100.00,,
23.167027829,74438043,,rFF44,802379398,100.00,,
23.167027829,11477746729,,instructions,802367538,100.00,3.81,insn per cycle
23.167027829,3008831950,,cycles,802357968,100.00,,
23.267315358,34695,,rD044,802301155,100.00,,
23.267315358,73173742,,rFF44,802306522,100.00,,
23.267315358,11328673103,,instructions,802312098,100.00,3.77,insn per cycle
23.267315358,3008661790,,cycles,802312368,100.00,,
23.367603747,30450,,rD044,802303828,100.00,,
23.367603747,73729229,,rFF44,802312026,100.00,,
23.367603747,11371756474,,instructions,802308610,100.00,3.78,insn per cycle
23.367603747,3008639965,,cycles,802308858,100.00,,
23.467895056,33437,,rD044,802360768,100.00,,
23.467895056,70361505,,rFF44,802373708,100.00,,
23.467895056,10965301936,,instructions,802371928,100.00,3.64,insn per cycle
23.467895056,3008872977,,cycles,802375980,100.00,,
23.568190076,29581,,rD044,802312828,100.00,,
23.568190076,74155618,,rFF44,802302838,100.00,,
23.568190076,11438993075,,instructions,802308238,100.00,3.80,insn per cycle
23.568190076,3008665085,,cycles,802313538,100.00,,
23.668485925,33065,,rD044,802351238,100.00,,
23.668485925,69871274,,rFF44,802349178,100.00,,
23.668485925,10927569508,,instructions,802354388,100.00,3.63,insn per cycle
23.668485925,3008859149,,cycles,802365448,100.00,,
23.768772814,29855,,rD044,802276698,100.00,,
23.768772814,73978461,,rFF44,802267598,100.00,,
23.768772814,11408978817,,instructions,802267078,100.00,3.79,insn per cycle
23.768772814,3008408628,,cycles,802244798,100.00,,
23.869074293,32743,,rD044,802413888,100.00,,
23.869074293,69526943,,rFF44,802419578,100.00,,
23.869074293,10869449614,,instructions,802414058,100.00,3.61,insn per cycle
23.869074293,3009075914,,cycles,802423458,100.00,,
23.969360682,28903,,rD044,802187918,100.00,,
23.969360682,74650703,,rFF44,802173168,100.00,,
23.969360682,11513270729,,instructions,802177368,100.00,3.83,insn per cycle
23.969360682,3008141531,,cycles,802181148,100.00,,
24.069652472,32595,,rD044,802347848,100.00,,
24.069652472,70613672,,rFF44,802365088,100.00,,
24.069652472,11011842442,,instructions,802365208,100.00,3.66,insn per cycle
24.069652472,3008860845,,cycles,802365858,100.00,,
24.169942021,29144,,rD044,802285847,100.00,,
24.169942021,73180162,,rFF44,802261078,100.00,,
24.169942021,11295437845,,instructions,802248618,100.00,3.75,insn per cycle
24.169942021,3008381777,,cycles,802237718,100.00,,
24.270228860,32937,,rD044,802320641,100.00,,
24.270228860,71726649,,rFF44,802338948,100.00,,
24.270228860,11159342339,,instructions,802347488,100.00,3.71,insn per cycle
24.270228860,3008840705,,cycles,802360548,100.00,,
24.370519079,33109,,rD044,802297998,100.00,,
24.370519079,71010677,,rFF44,802291670,100.00,,
24.370519079,11048915856,,instructions,802295016,100.00,3.67,insn per cycle
24.370519079,3008548985,,cycles,802282618,100.00,,
24.470812829,29375,,rD044,802321168,100.00,,
24.470812829,74296231,,rFF44,802328108,100.00,,
24.470812829,11449118808,,instructions,802324382,100.00,3.81,insn per cycle
24.470812829,3008791040,,cycles,802354204,100.00,,
24.571105178,31982,,rD044,802337718,100.00,,
24.571105178,67459064,,rFF44,802339198,100.00,,
24.571105178,10608833483,,instructions,802338208,100.00,3.53,insn per cycle
24.571105178,3008683909,,cycles,802318584,100.00,,
24.671400317,29637,,rD044,802356348,100.00,,
24.671400317,74501913,,rFF44,802345688,100.00,,
24.671400317,11479221293,,instructions,802348488,100.00,3.82,insn per cycle
24.671400317,3008771238,,cycles,802342028,100.00,,
24.771685066,31993,,rD044,802273848,100.00,,
24.771685066,68160964,,rFF44,802291328,100.00,,
24.771685066,10690180303,,instructions,802286048,100.00,3.55,insn per cycle
24.771685066,3008534116,,cycles,802278548,100.00,,
24.871976745,29476,,rD044,802319358,100.00,,
24.871976745,74121695,,rFF44,802301388,100.00,,
24.871976745,11416812326,,instructions,802298948,100.00,3.79,insn per cycle
24.871976745,3008649556,,cycles,802309348,100.00,,
24.972261544,32942,,rD044,802277708,100.00,,
24.972261544,69455805,,rFF44,802283458,100.00,,
24.972261544,10849120311,,instructions,802292958,100.00,3.61,insn per cycle
24.972261544,3008546749,,cycles,802282098,100.00,,
25.072554764,29813,,rD044,802258078,100.00,,
25.072554764,74401136,,rFF44,802257618,100.00,,
25.072554764,11459137196,,instructions,802258058,100.00,3.81,insn per cycle
25.072554764,3008523563,,cycles,802283498,100.00,,
25.172843993,31951,,rD044,802310858,100.00,,
25.172843993,68692127,,rFF44,802319568,100.00,,
25.172843993,10764243811,,instructions,802407658,100.00,3.58,insn per cycle
25.172843993,3008970763,,cycles,802395168,100.00,,
25.273146032,30465,,rD044,802415975,100.00,,
25.273146032,74594287,,rFF44,802410558,100.00,,
25.273146032,11485508834,,instructions,802321168,100.00,3.82,insn per cycle
25.273146032,3008667569,,cycles,802313928,100.00,,
25.373432891,33615,,rD044,802284513,100.00,,
25.373432891,71804390,,rFF44,802290854,100.00,,
25.373432891,11154337636,,instructions,802289628,100.00,3.71,insn per cycle
25.373432891,3008549395,,cycles,802282998,100.00,,
25.473718670,29349,,rD044,802268018,100.00,,
25.473718670,74247198,,rFF44,802259364,100.00,,
25.473718670,11435323654,,instructions,802258960,100.00,3.80,insn per cycle
25.473718670,3008507382,,cycles,802278948,100.00,,
25.574008500,32443,,rD044,802300808,100.00,,
25.574008500,69731293,,rFF44,802296388,100.00,,
25.574008500,10895240254,,instructions,802305578,100.00,3.62,insn per cycle
25.574008500,3008639579,,cycles,802306740,100.00,,
25.674298169,29801,,rD044,802338948,100.00,,
25.674298169,74602970,,rFF44,802358648,100.00,,
25.674298169,11493796836,,instructions,802348038,100.00,3.82,insn per cycle
25.674298169,3008744561,,cycles,802334668,100.00,,
25.774591418,33110,,rD044,802326268,100.00,,
25.774591418,69602753,,rFF44,802321448,100.00,,
25.774591418,10882994289,,instructions,802337818,100.00,3.62,insn per cycle
25.774591418,3008774840,,cycles,802343108,100.00,,
25.874884307,29046,,rD044,802342678,100.00,,
25.874884307,74506542,,rFF44,802357448,100.00,,
25.874884307,11482117333,,instructions,802332428,100.00,3.82,insn per cycle
25.874884307,3008726402,,cycles,802329988,100.00,,
25.975181807,32199,,rD044,802366208,100.00,,
25.975181807,68586421,,rFF44,802344728,100.00,,
25.975181807,10748104211,,instructions,802356438,100.00,3.57,insn per cycle
25.975181807,3008865959,,cycles,802366688,100.00,,
26.075471286,30002,,rD044,802202608,100.00,,
26.075471286,73844420,,rFF44,802194988,100.00,,
26.075471286,11381900676,,instructions,802200598,100.00,3.78,insn per cycle
26.075471286,3008191994,,cycles,802194668,100.00,,
26.175760555,33165,,rD044,802326478,100.00,,
26.175760555,71601133,,rFF44,802332088,100.00,,
26.175760555,11118234516,,instructions,802332898,100.00,3.70,insn per cycle
26.175760555,3008752031,,cycles,802336768,100.00,,
26.276060834,29998,,rD044,802325428,100.00,,
26.276060834,74547727,,rFF44,802345068,100.00,,
26.276060834,11493493998,,instructions,802352868,100.00,3.82,insn per cycle
26.276060834,3008608758,,cycles,802349188,100.00,,
26.376359354,34432,,rD044,802373114,100.00,,
26.376359354,70757482,,rFF44,802349478,100.00,,
26.376359354,11030447961,,instructions,802337468,100.00,3.67,insn per cycle
26.376359354,3008713279,,cycles,802328088,100.00,,
26.476645673,29300,,rD044,802262064,100.00,,
26.476645673,74248064,,rFF44,802273973,100.00,,
26.476645673,11450775143,,instructions,802268938,100.00,3.81,insn per cycle
26.476645673,3008519094,,cycles,802281238,100.00,,
26.576941462,32955,,rD044,802367308,100.00,,
26.576941462,70272508,,rFF44,802363365,100.00,,
26.576941462,10963227312,,instructions,802367773,100.00,3.64,insn per cycle
26.576941462,3008857314,,cycles,802364438,100.00,,
26.677227961,29639,,rD044,802281468,100.00,,
26.677227961,74265077,,rFF44,802278438,100.00,,
26.677227961,11455904846,,instructions,802279165,100.00,3.81,insn per cycle
26.677227961,3008530165,,cycles,802278000,100.00,,
26.777518190,32683,,rD044,802311688,100.00,,
26.777518190,69740771,,rFF44,802308298,100.00,,
26.777518190,10886947908,,instructions,802299688,100.00,3.62,insn per cycle
26.777518190,3008589245,,cycles,802292808,100.00,,
26.877803069,30263,,rD044,802279618,100.00,,
26.877803069,74146890,,rFF44,802283908,100.00,,
26.877803069,11437826658,,instructions,802299348,100.00,3.80,insn per cycle
26.877803069,3008618502,,cycles,802302578,100.00,,
26.978130239,32497,,rD044,802525858,100.00,,
26.978130239,69011453,,rFF44,802523598,100.00,,
26.978130239,10810055128,,instructions,802511478,100.00,3.59,insn per cycle
26.978130239,3009366446,,cycles,802508238,100.00,,
27.078416858,29037,,rD044,802272978,100.00,,
27.078416858,74454507,,rFF44,802267438,100.00,,
27.078416858,11484667805,,instructions,802265918,100.00,3.82,insn per cycle
27.078416858,3008490180,,cycles,802266918,100.00,,
27.178711857,33392,,rD044,802382418,100.00,,
27.178711857,71001077,,rFF44,802403408,100.00,,
27.178711857,11048463022,,instructions,802413298,100.00,3.67,insn per cycle
27.178711857,3009069738,,cycles,802421098,100.00,,
27.279004167,30195,,rD044,802315698,100.00,,
27.279004167,74639092,,rFF44,802302868,100.00,,
27.279004167,11509002946,,instructions,802296198,100.00,3.83,insn per cycle
27.279004167,3008573949,,cycles,802289358,100.00,,
27.379299066,32536,,rD044,802355618,100.00,,
27.379299066,71279034,,rFF44,802355738,100.00,,
27.379299066,11098244038,,instructions,802355608,100.00,3.69,insn per cycle
27.379299066,3008828321,,cycles,802357118,100.00,,
27.479582305,28541,,rD044,802227826,100.00,,
27.479582305,72828208,,rFF44,802220648,100.00,,
27.479582305,11261766030,,instructions,802219458,100.00,3.74,insn per cycle
27.479582305,3008295114,,cycles,802221618,100.00,,
27.579868144,32211,,rD044,802309412,100.00,,
27.579868144,69361053,,rFF44,802374938,100.00,,
27.579868144,10867781072,,instructions,802382138,100.00,3.61,insn per cycle
27.579868144,3008917814,,cycles,802380598,100.00,,
27.680162813,33892,,rD044,802334988,100.00,,
27.680162813,72516249,,rFF44,802275930,100.00,,
27.680162813,11247633866,,instructions,802281906,100.00,3.74,insn per cycle
27.680162813,3008549428,,cycles,802282808,100.00,,
27.780458333,29569,,rD044,802369888,100.00,,
27.780458333,74860414,,rFF44,802361948,100.00,,
27.780458333,11535680994,,instructions,802346922,100.00,3.83,insn per cycle
27.780458333,3008761180,,cycles,802339214,100.00,,
27.880746302,33131,,rD044,802282558,100.00,,
27.880746302,71901315,,rFF44,802292918,100.00,,
27.880746302,11164621084,,instructions,802305798,100.00,3.71,insn per cycle
27.880746302,3008659807,,cycles,802312344,100.00,,
27.981048841,29635,,rD044,802418658,100.00,,
27.981048841,74596636,,rFF44,802420308,100.00,,
27.981048841,11489493892,,instructions,802413528,100.00,3.82,insn per cycle
27.981048841,3009038505,,cycles,802413008,100.00,,
28.081336070,32948,,rD044,802199027,100.00,,
28.081336070,72095664,,rFF44,802192857,100.00,,
28.081336070,11197704674,,instructions,802187637,100.00,3.72,insn per cycle
28.081336070,3008131602,,cycles,802179057,100.00,,
28.181618919,29953,,rD044,802281868,100.00,,
28.181618919,75061630,,rFF44,802291698,100.00,,
28.181618919,11558323139,,instructions,802288428,100.00,3.84,insn per cycle
28.181618919,3008580865,,cycles,802291138,100.00,,
28.281907209,33014,,rD044,802365138,100.00,,
28.281907209,70332537,,rFF44,802364868,100.00,,
28.281907209,10976551105,,instructions,802374198,100.00,3.65,insn per cycle
28.281907209,3008920110,,cycles,802381438,100.00,,
28.382203698,29487,,rD044,802278418,100.00,,
28.382203698,74334335,,rFF44,802271708,100.00,,
28.382203698,11449798712,,instructions,802268298,100.00,3.81,insn per cycle
28.382203698,3008452976,,cycles,802257008,100.00,,
28.482490437,33549,,rD044,802293868,100.00,,
28.482490437,71433887,,rFF44,802286818,100.00,,
28.482490437,11116236521,,instructions,802284718,100.00,3.69,insn per cycle
28.482490437,3008553968,,cycles,802283928,100.00,,
28.582776246,30052,,rD044,802263039,100.00,,
28.582776246,74153269,,rFF44,802268527,100.00,,
28.582776246,11426132716,,instructions,802276857,100.00,3.80,insn per cycle
28.582776246,3008556663,,cycles,802291957,100.00,,
28.683106786,33316,,rD044,802656132,100.00,,
28.683106786,70980810,,rFF44,802665338,100.00,,
28.683106786,11063656347,,instructions,802662288,100.00,3.68,insn per cycle
28.683106786,3009961126,,cycles,802659078,100.00,,
28.783398775,29160,,rD044,802325624,100.00,,
28.783398775,74114471,,rFF44,802313745,100.00,,
28.783398775,11424385951,,instructions,802304258,100.00,3.80,insn per cycle
28.783398775,3008644975,,cycles,802308078,100.00,,
28.883692254,32299,,rD044,802344188,100.00,,
28.883692254,68984652,,rFF44,802350293,100.00,,
28.883692254,10799789793,,instructions,802359595,100.00,3.59,insn per cycle
28.883692254,3008845531,,cycles,802361868,100.00,,
28.983984063,29092,,rD044,802314668,100.00,,
28.983984063,74445008,,rFF44,802310738,100.00,,
28.983984063,11476614730,,instructions,802305953,100.00,3.81,insn per cycle
28.983984063,3008582111,,cycles,802291241,100.00,,
29.084277033,32544,,rD044,802249937,100.00,,
29.084277033,69496334,,rFF44,802255167,100.00,,
29.084277033,10871274027,,instructions,802253207,100.00,3.61,insn per cycle
29.084277033,3008421837,,cycles,802255526,100.00,,
29.184562832,29404,,rD044,802281558,100.00,,
29.184562832,74325876,,rFF44,802272868,100.00,,
29.184562832,11460996574,,instructions,802275928,100.00,3.81,insn per cycle
29.184562832,3008529000,,cycles,802277398,100.00,,
29.284854831,33354,,rD044,802334158,100.00,,
29.284854831,72583202,,rFF44,802385788,100.00,,
29.284854831,11249645246,,instructions,802431108,100.00,3.74,insn per cycle
29.284854831,3009194723,,cycles,802454198,100.00,,
29.385157600,29874,,rD044,802405848,100.00,,
29.385157600,73637050,,rFF44,802356958,100.00,,
29.385157600,11357442659,,instructions,802308868,100.00,3.78,insn per cycle
29.385157600,3008542094,,cycles,802280858,100.00,,
29.485448819,33255,,rD044,801153934,100.00,,
29.485448819,71579680,,rFF44,801164784,100.00,,
29.485448819,11129756437,,instructions,801178704,100.00,3.70,insn per cycle
29.485448819,3004427495,,cycles,801191064,100.00,,
29.585742009,29175,,rD044,802308488,100.00,,
29.585742009,74031964,,rFF44,802294908,100.00,,
29.585742009,11418317065,,instructions,802288328,100.00,3.80,insn per cycle
29.585742009,3008568937,,cycles,802294178,100.00,,
29.686052108,34080,,rD044,802485858,100.00,,
29.686052108,72600829,,rFF44,802491798,100.00,,
29.686052108,11257888388,,instructions,802491508,100.00,3.74,insn per cycle
29.686052108,3009273477,,cycles,802475868,100.00,,
29.786340417,28815,,rD044,802283148,100.00,,
29.786340417,74546970,,rFF44,802274988,100.00,,
29.786340417,11495789982,,instructions,802283968,100.00,3.82,insn per cycle
29.786340417,3008567829,,cycles,802287398,100.00,,
29.886636777,32070,,rD044,802374303,100.00,,
29.886636777,69053484,,rFF44,802376868,100.00,,
29.886636777,10827281258,,instructions,802367098,100.00,3.60,insn per cycle
29.886636777,3008876182,,cycles,802369958,100.00,,
29.986921866,30506,,rD044,802186785,100.00,,
29.986921866,74624484,,rFF44,802203151,100.00,,
29.986921866,11502714939,,instructions,802209478,100.00,3.82,insn per cycle
29.986921866,3008233725,,cycles,802206878,100.00,,
30.013890115,196489,,rD044,191500530,100.00,,
30.013890115,4758050,,rFF44,191255949,100.00,,
30.013890115,978363558,,instructions,191074492,100.00,1.37,insn per cycle
30.013890115,715796432,,cycles,190906422,100.00,,
