0.100128038,4603464,,rD044,93104240,100.00,,
0.100128038,20394865,,rFF44,93109920,100.00,,
0.100128038,442499203,,instructions,93115210,100.00,1.28,insn per cycle
0.100128038,345293503,,cycles,93120340,100.00,,
0.200426519,5492039,,rD044,100294455,100.00,,
0.200426519,24015981,,rFF44,100295425,100.00,,
0.200426519,506104804,,instructions,100294985,100.00,1.35,insn per cycle
0.200426519,376104067,,cycles,100294965,100.00,,
0.300640799,5493996,,rD044,100213595,100.00,,
0.300640799,23955072,,rFF44,100212705,100.00,,
0.300640799,504881047,,instructions,100212295,100.00,1.34,insn per cycle
0.300640799,375785929,,cycles,100212805,100.00,,
0.400839018,6782309,,rD044,100196945,100.00,,
0.400839018,28705166,,rFF44,100196945,100.00,,
0.400839018,78269485,,instructions,100197225,100.00,0.21,insn per cycle
0.400839018,375733903,,cycles,100196205,100.00,,
0.501051848,6917745,,rD044,100184514,100.00,,
0.501051848,30070821,,rFF44,100184684,100.00,,
0.501051848,37489593,,instructions,100184824,100.00,0.10,insn per cycle
0.501051848,375655908,,cycles,100185044,100.00,,
0.601265028,3492483,,rD044,3307910409,100.00,,
0.601265028,303452240,,rFF44,3323133612,100.00,,
0.601265028,45304484714,,instructions,3335172766,100.00,3.61,insn per cycle
0.601265028,12547742646,,cycles,3347285126,100.00,,
0.702301077,418789,,rD044,6464805120,100.00,,
0.702301077,578228069,,rFF44,6462873464,100.00,,
0.702301077,89988824876,,instructions,6462137214,100.00,3.71,insn per cycle
0.702301077,24232760115,,cycles,6462113772,100.00,,
0.803263265,393339,,rD044,6461279597,100.00,,
0.803263265,575731291,,rFF44,6461000444,100.00,,
0.803263265,89670666542,,instructions,6460680887,100.00,3.70,insn per cycle
0.803263265,24224577914,,cycles,6459917251,100.00,,
0.904194382,386621,,rD044,6459859696,100.00,,
0.904194382,577702057,,rFF44,6460355594,100.00,,
0.904194382,89952344895,,instructions,6460354845,100.00,3.71,insn per cycle
0.904194382,24226039659,,cycles,6460327541,100.00,,
1.005153840,385564,,rD044,6461220663,100.00,,
1.005153840,584453017,,rFF44,6461264232,100.00,,
1.005153840,90786539738,,instructions,6461235187,100.00,3.75,insn per cycle
1.005153840,24229238041,,cycles,6461159772,100.00,,
1.106102198,364639,,rD044,6460373619,100.00,,
1.106102198,557618284,,rFF44,6460159543,100.00,,
1.106102198,87475116655,,instructions,6460144794,100.00,3.61,insn per cycle
1.106102198,24225236819,,cycles,6460113453,100.00,,
1.207037016,372956,,rD044,6458408263,100.00,,
1.207037016,575811710,,rFF44,6457411843,100.00,,
1.207037016,89691947165,,instructions,6457887540,100.00,3.70,insn per cycle
1.207037016,24215323142,,cycles,6457638029,100.00,,
1.307937463,373201,,rD044,6457980041,100.00,,
1.307937463,574482866,,rFF44,6457919777,100.00,,
1.307937463,89515184413,,instructions,6457566375,100.00,3.70,insn per cycle
1.307937463,24216386216,,cycles,6457746663,100.00,,
1.408847731,373185,,rD044,6457788631,100.00,,
1.408847731,581097818,,rFF44,6457292810,100.00,,
1.408847731,90244010142,,instructions,6455590876,100.00,3.73,insn per cycle
1.408847731,24201057005,,cycles,6453650471,100.00,,
1.509672157,388679,,rD044,6453444362,100.00,,
1.509672157,565867924,,rFF44,6455434580,100.00,,
1.509672157,88614874771,,instructions,6457620300,100.00,3.66,insn per cycle
1.509672157,24223750422,,cycles,6459729916,100.00,,
1.610621485,366610,,rD044,6460060378,100.00,,
1.610621485,581327610,,rFF44,6459710259,100.00,,
1.610621485,90362598585,,instructions,6459282329,100.00,3.73,insn per cycle
1.610621485,24220797828,,cycles,6458932282,100.00,,
1.711545652,373163,,rD044,6459245793,100.00,,
1.711545652,581854628,,rFF44,6459273213,100.00,,
1.711545652,90444290391,,instructions,6459517448,100.00,3.73,insn per cycle
1.711545652,24222570828,,cycles,6459403339,100.00,,
1.812476090,359853,,rD044,6459179998,100.00,,
1.812476090,574416008,,rFF44,6458670499,100.00,,
1.812476090,89507994019,,instructions,6458935784,100.00,3.70,insn per cycle
1.812476090,24223046199,,cycles,6459537012,100.00,,
1.913411288,376535,,rD044,6460185800,100.00,,
1.913411288,580899630,,rFF44,6460727498,100.00,,
1.913411288,90317820267,,instructions,6460463848,100.00,3.73,insn per cycle
1.913411288,24227110842,,cycles,6460608462,100.00,,
2.014387386,368888,,rD044,6462307447,100.00,,
2.014387386,582313357,,rFF44,6462106746,100.00,,
2.014387386,90532603489,,instructions,6462121887,100.00,3.74,insn per cycle
2.014387386,24232919349,,cycles,6462160715,100.00,,
2.115321194,369829,,rD044,6459294648,100.00,,
2.115321194,578453909,,rFF44,6459200516,100.00,,
2.115321194,90043380243,,instructions,6458963820,100.00,3.72,insn per cycle
2.115321194,24221696893,,cycles,6459208821,100.00,,
2.216268631,367191,,rD044,6459409420,100.00,,
2.216268631,569640859,,rFF44,6457267062,100.00,,
2.216268631,88771776256,,instructions,6455278346,100.00,3.67,insn per cycle
2.216268631,24195485453,,cycles,6452227172,100.00,,
2.317059848,400828,,rD044,6451102470,100.00,,
2.317059848,577895193,,rFF44,6453126656,100.00,,
2.317059848,90064499831,,instructions,6454887539,100.00,3.72,insn per cycle
2.317059848,24213259841,,cycles,6456949261,100.00,,
2.417969875,357616,,rD044,6458135231,100.00,,
2.417969875,573908065,,rFF44,6458899857,100.00,,
2.417969875,89449348780,,instructions,6459721207,100.00,3.69,insn per cycle
2.417969875,24225837444,,cycles,6460315690,100.00,,
2.518923053,372466,,rD044,6461261737,100.00,,
2.518923053,582851448,,rFF44,6460507171,100.00,,
2.518923053,90549572163,,instructions,6460003164,100.00,3.74,insn per cycle
2.518923053,24223691829,,cycles,6459738302,100.00,,
2.619860271,372162,,rD044,6459588045,100.00,,
2.619860271,580525531,,rFF44,6459179169,100.00,,
2.619860271,90304188323,,instructions,6458946128,100.00,3.73,insn per cycle
2.619860271,24221048063,,cycles,6459066806,100.00,,
2.720783638,367526,,rD044,6459239906,100.00,,
2.720783638,578768782,,rFF44,6459831707,100.00,,
2.720783638,90076275089,,instructions,6459792631,100.00,3.72,insn per cycle
2.720783638,24223455047,,cycles,6459640088,100.00,,
2.821718036,364434,,rD044,6459234128,100.00,,
2.821718036,573571096,,rFF44,6459998482,100.00,,
2.821718036,89418300119,,instructions,6460471406,100.00,3.69,insn per cycle
2.821718036,24225474216,,cycles,6460201550,100.00,,
2.922664924,370003,,rD044,6460673971,100.00,,
2.922664924,570196998,,rFF44,6460610073,100.00,,
2.922664924,89012613169,,instructions,6460472546,100.00,3.67,insn per cycle
2.922664924,24227741851,,cycles,6460763082,100.00,,
3.023607331,367964,,rD044,6459448559,100.00,,
3.023607331,577080651,,rFF44,6457235740,100.00,,
3.023607331,89710308982,,instructions,6455672117,100.00,3.71,insn per cycle
3.023607331,24201212900,,cycles,6453693070,100.00,,
3.124444388,388228,,rD044,6454530267,100.00,,
3.124444388,577682734,,rFF44,6456242737,100.00,,
3.124444388,90049645341,,instructions,6458370037,100.00,3.72,insn per cycle
3.124444388,24234133739,,cycles,6462500427,100.00,,
3.225422976,366506,,rD044,6462101647,100.00,,
3.225422976,574637986,,rFF44,6461777832,100.00,,
3.225422976,89555471846,,instructions,6461273918,100.00,3.70,insn per cycle
3.225422976,24220905707,,cycles,6458967411,100.00,,
3.326348674,382488,,rD044,6459455056,100.00,,
3.326348674,579721177,,rFF44,6459838536,100.00,,
3.326348674,90176468467,,instructions,6459508485,100.00,3.72,insn per cycle
3.326348674,24223811834,,cycles,6459737542,100.00,,
3.427287021,369445,,rD044,6459885020,100.00,,
3.427287021,578509132,,rFF44,6459645906,100.00,,
3.427287021,90019735893,,instructions,6459447722,100.00,3.72,insn per cycle
3.427287021,24222396825,,cycles,6459338910,100.00,,
3.528211949,376534,,rD044,6459318273,100.00,,
3.528211949,583118526,,rFF44,6459202586,100.00,,
3.528211949,90605801594,,instructions,6459561511,100.00,3.74,insn per cycle
3.528211949,24223320873,,cycles,6459629535,100.00,,
3.629147227,375146,,rD044,6459431413,100.00,,
3.629147227,582401522,,rFF44,6459730473,100.00,,
3.629147227,90530338338,,instructions,6459904994,100.00,3.74,insn per cycle
3.629147227,24223594183,,cycles,6459670413,100.00,,
3.730086534,378185,,rD044,6458885036,100.00,,
3.730086534,579117512,,rFF44,6456584392,100.00,,
3.730086534,89962859673,,instructions,6454181199,100.00,3.72,insn per cycle
3.730086534,24194691658,,cycles,6451953902,100.00,,
3.830905611,394992,,rD044,6453734024,100.00,,
3.830905611,574880661,,rFF44,6455392442,100.00,,
3.830905611,89717962012,,instructions,6457419025,100.00,3.70,insn per cycle
3.830905611,24222893365,,cycles,6459477771,100.00,,
3.931822058,371130,,rD044,6459002429,100.00,,
3.931822058,582446706,,rFF44,6459334066,100.00,,
3.931822058,90494772955,,instructions,6459537523,100.00,3.74,insn per cycle
3.931822058,24222639630,,cycles,6459402514,100.00,,
4.032749136,372104,,rD044,6458687703,100.00,,
4.032749136,577088634,,rFF44,6458753989,100.00,,
4.032749136,89862319975,,instructions,6458957373,100.00,3.71,insn per cycle
4.032749136,24223009232,,cycles,6459503721,100.00,,
4.133681514,372090,,rD044,6459538757,100.00,,
4.133681514,577859985,,rFF44,6459802190,100.00,,
4.133681514,89956400311,,instructions,6460141534,100.00,3.71,insn per cycle
4.133681514,24225567096,,cycles,6460216937,100.00,,
4.234622451,370078,,rD044,6460253009,100.00,,
4.234622451,577984248,,rFF44,6460231220,100.00,,
4.234622451,89971802173,,instructions,6459101742,100.00,3.71,insn per cycle
4.234622451,24219091460,,cycles,6458461326,100.00,,
4.288018987,327787,,rD044,3135683623,100.00,,
4.288018987,188608475,,rFF44,3122211343,100.00,,
4.288018987,31993371974,,instructions,3111607352,100.00,2.75,insn per cycle
4.288018987,11627841561,,cycles,3100940524,100.00,,
