0.100125596,3529249,,rD044,92887697,100.00,,
0.100125596,16377193,,rFF44,92893277,100.00,,
0.100125596,357937268,,instructions,92898037,100.00,1.04,insn per cycle
0.100125596,344705210,,cycles,92902247,100.00,,
0.200402734,5491204,,rD044,100273025,100.00,,
0.200402734,23976807,,rFF44,100273905,100.00,,
0.200402734,505180305,,instructions,100273775,100.00,1.34,insn per cycle
0.200402734,376027524,,cycles,100274485,100.00,,
0.300616581,5491358,,rD044,100212755,100.00,,
0.300616581,23968736,,rFF44,100211735,100.00,,
0.300616581,505198137,,instructions,100211315,100.00,1.34,insn per cycle
0.300616581,375790502,,cycles,100211285,100.00,,
0.400828977,6551607,,rD044,100211475,100.00,,
0.400828977,27863049,,rFF44,100212145,100.00,,
0.400828977,157551125,,instructions,100212445,100.00,0.42,insn per cycle
0.400828977,375793967,,cycles,100212215,100.00,,
0.501042644,6922462,,rD044,100213085,100.00,,
0.501042644,30121738,,rFF44,100213275,100.00,,
0.501042644,37611550,,instructions,100213335,100.00,0.10,insn per cycle
0.501042644,375798590,,cycles,100213435,100.00,,
0.601325712,17789092,,rD044,4235942456,100.00,,
0.601325712,262054166,,rFF44,4365597542,100.00,,
0.601325712,38868392078,,instructions,4481436844,100.00,2.26,insn per cycle
0.601325712,17225517205,,cycles,4595755254,100.00,,
0.705706345,38529210,,rD044,13354892447,100.00,,
0.705706345,778085223,,rFF44,13338615330,100.00,,
0.705706345,121195240322,,instructions,13332017980,100.00,2.42,insn per cycle
0.705706345,49996571920,,cycles,13332498161,100.00,,
0.809784654,39261988,,rD044,13319503445,100.00,,
0.809784654,785688736,,rFF44,13316917576,100.00,,
0.809784654,121889232293,,instructions,13309221065,100.00,2.45,insn per cycle
0.809784654,49793935803,,cycles,13278521427,100.00,,
0.913421189,40403763,,rD044,13269821468,100.00,,
0.913421189,784233499,,rFF44,13276393021,100.00,,
0.913421189,121783556442,,instructions,13283610796,100.00,2.44,insn per cycle
0.913421189,49891613465,,cycles,13304511970,100.00,,
1.017400398,40024937,,rD044,13307102808,100.00,,
1.017400398,786337361,,rFF44,13308341113,100.00,,
1.017400398,122127792817,,instructions,13311632692,100.00,2.45,insn per cycle
1.017400398,49937800271,,cycles,13316917008,100.00,,
1.121446057,41571544,,rD044,13322411288,100.00,,
1.121446057,789395615,,rFF44,13323852808,100.00,,
1.121446057,122331914746,,instructions,13320187415,100.00,2.45,insn per cycle
1.121446057,49931951980,,cycles,13315275218,100.00,,
1.225399435,40897903,,rD044,13303276169,100.00,,
1.225399435,787141252,,rFF44,13303523121,100.00,,
1.225399435,122125924763,,instructions,13302343808,100.00,2.45,insn per cycle
1.225399435,49874506168,,cycles,13299947972,100.00,,
1.329371173,41374910,,rD044,13306119190,100.00,,
1.329371173,785869593,,rFF44,13298432374,100.00,,
1.329371173,121921377230,,instructions,13293002106,100.00,2.44,insn per cycle
1.329371173,49869988501,,cycles,13298766158,100.00,,
1.433303551,40213405,,rD044,13306500805,100.00,,
1.433303551,789066195,,rFF44,13313189930,100.00,,
1.433303551,122395996595,,instructions,13319421070,100.00,2.45,insn per cycle
1.433303551,49912531500,,cycles,13310090236,100.00,,
1.537176059,42277441,,rD044,13284564156,100.00,,
1.537176059,782351943,,rFF44,13273013414,100.00,,
1.537176059,121484607435,,instructions,13269467140,100.00,2.44,insn per cycle
1.537176059,49795934802,,cycles,13279595582,100.00,,
1.641028706,42161433,,rD044,13299229050,100.00,,
1.641028706,787029038,,rFF44,13302001599,100.00,,
1.641028706,121593121536,,instructions,13264008644,100.00,2.45,insn per cycle
1.641028706,49684554188,,cycles,13249306984,100.00,,
1.744474568,41670257,,rD044,13237916051,100.00,,
1.744474568,783616448,,rFF44,13242562259,100.00,,
1.744474568,122097280799,,instructions,13286646583,100.00,2.45,insn per cycle
1.744474568,49853537006,,cycles,13294336520,100.00,,
1.848382126,41143028,,rD044,13305433788,100.00,,
1.848382126,787355194,,rFF44,13310313723,100.00,,
1.848382126,122103028680,,instructions,13301753219,100.00,2.45,insn per cycle
1.848382126,49863445825,,cycles,13297018866,100.00,,
1.952163672,40331785,,rD044,13279155139,100.00,,
1.952163672,785368274,,rFF44,13268530871,100.00,,
1.952163672,121868715888,,instructions,13272831603,100.00,2.45,insn per cycle
1.952163672,49802029374,,cycles,13280674429,100.00,,
2.056149031,40727568,,rD044,13309976673,100.00,,
2.056149031,788184689,,rFF44,13318447684,100.00,,
2.056149031,122282423958,,instructions,13317715707,100.00,2.45,insn per cycle
2.056149031,49917906812,,cycles,13311521535,100.00,,
2.160090649,40813729,,rD044,13306507683,100.00,,
2.160090649,785626774,,rFF44,13304450511,100.00,,
2.160090649,121946989358,,instructions,13301216249,100.00,2.44,insn per cycle
2.160090649,49909077863,,cycles,13309192619,100.00,,
2.264034067,41489206,,rD044,13305051112,100.00,,
2.264034067,788737204,,rFF44,13309553334,100.00,,
2.264034067,122310565231,,instructions,13315139637,100.00,2.45,insn per cycle
2.264034067,49903666987,,cycles,13307753310,100.00,,
2.367952704,40759188,,rD044,13297191516,100.00,,
2.367952704,786962712,,rFF44,13290808694,100.00,,
2.367952704,122046366089,,instructions,13284507758,100.00,2.45,insn per cycle
2.367952704,49820263962,,cycles,13285490785,100.00,,
2.471727091,39739792,,rD044,13278698713,100.00,,
2.471727091,780323502,,rFF44,13225885621,100.00,,
2.471727091,120432706914,,instructions,13172849555,100.00,2.44,insn per cycle
2.471727091,49348995950,,cycles,13159817537,100.00,,
2.574524956,40860849,,rD044,13166990782,100.00,,
2.574524956,779135934,,rFF44,13221095611,100.00,,
2.574524956,121741214122,,instructions,13273803586,100.00,2.44,insn per cycle
2.574524956,49822672299,,cycles,13286168694,100.00,,
2.678381383,41422140,,rD044,13288265414,100.00,,
2.678381383,785366005,,rFF44,13285864450,100.00,,
2.678381383,121999185224,,instructions,13298928799,100.00,2.45,insn per cycle
2.678381383,49877634865,,cycles,13300929559,100.00,,
2.782229270,41148502,,rD044,13296164432,100.00,,
2.782229270,786750241,,rFF44,13294504139,100.00,,
2.782229270,121916887148,,instructions,13280495513,100.00,2.45,insn per cycle
2.782229270,49791849968,,cycles,13278063347,100.00,,
2.886016197,41702308,,rD044,13283536100,100.00,,
2.886016197,786979885,,rFF44,13288937987,100.00,,
2.886016197,122127986619,,instructions,13290571485,100.00,2.45,insn per cycle
2.886016197,49852998259,,cycles,13294280788,100.00,,
2.989949925,40279676,,rD044,13300111481,100.00,,
2.989949925,787044598,,rFF44,13296679818,100.00,,
2.989949925,122191893068,,instructions,13301270377,100.00,2.45,insn per cycle
2.989949925,49903485261,,cycles,13307855439,100.00,,
3.093973643,40889595,,rD044,13317425501,100.00,,
3.093973643,789639157,,rFF44,13318833974,100.00,,
3.093973643,122436371598,,instructions,13316751341,100.00,2.45,insn per cycle
3.093973643,49939753565,,cycles,13317482432,100.00,,
3.197890721,40859292,,rD044,13299048096,100.00,,
3.197890721,787867677,,rFF44,13298780760,100.00,,
3.197890721,122286040226,,instructions,13305069107,100.00,2.45,insn per cycle
3.197890721,49897419758,,cycles,13306148063,100.00,,
3.301894350,40395892,,rD044,13297102591,100.00,,
3.301894350,783911135,,rFF44,13261168494,100.00,,
3.301894350,121712437186,,instructions,13259847278,100.00,2.45,insn per cycle
3.301894350,49702632890,,cycles,13254167637,100.00,,
3.397347344,28935500,,rD044,11486282131,100.00,,
3.397347344,559622092,,rFF44,11407918427,100.00,,
3.397347344,91329115895,,instructions,11298462258,100.00,2.18,insn per cycle
3.397347344,41968703537,,cycles,11192117325,100.00,,
