0.100130348,4573596,,rD044,91714495,100.00,,
0.100130348,20173228,,rFF44,91720725,100.00,,
0.100130348,438052135,,instructions,91725595,100.00,1.29,insn per cycle
0.100130348,339968938,,cycles,91730145,100.00,,
0.200430189,5491281,,rD044,100226975,100.00,,
0.200430189,23953515,,rFF44,100227265,100.00,,
0.200430189,504618352,,instructions,100227535,100.00,1.34,insn per cycle
0.200430189,375798884,,cycles,100228015,100.00,,
0.300643649,5492340,,rD044,100148735,100.00,,
0.300643649,23953224,,rFF44,100148535,100.00,,
0.300643649,504437598,,instructions,100148265,100.00,1.34,insn per cycle
0.300643649,375494367,,cycles,100148005,100.00,,
0.400878159,6749307,,rD044,100121395,100.00,,
0.400878159,29178388,,rFF44,100120835,100.00,,
0.400878159,85334041,,instructions,100120685,100.00,0.23,insn per cycle
0.400878159,375351461,,cycles,100120965,100.00,,
0.501100288,6919934,,rD044,100155203,100.00,,
0.501100288,29818413,,rFF44,100156174,100.00,,
0.501100288,37315730,,instructions,100156674,100.00,0.10,insn per cycle
0.501100288,375523405,,cycles,100156584,100.00,,
0.601312778,6377799,,rD044,1711122500,100.00,,
0.601312778,153564663,,rFF44,1714697121,100.00,,
0.601312778,21706376410,,instructions,1717670331,100.00,3.36,insn per cycle
0.601312778,6450632568,,cycles,1720737763,100.00,,
0.701939252,6515980,,rD044,3221666715,100.00,,
0.701939252,270534434,,rFF44,3224388364,100.00,,
0.701939252,42040774077,,instructions,3226162683,100.00,3.47,insn per cycle
0.701939252,12101188034,,cycles,3227147723,100.00,,
0.802798639,6550523,,rD044,3226237547,100.00,,
0.802798639,268153227,,rFF44,3225050118,100.00,,
0.802798639,41683861527,,instructions,3224686486,100.00,3.45,insn per cycle
0.802798639,12092681033,,cycles,3224760462,100.00,,
0.903580145,6549944,,rD044,3225066341,100.00,,
0.903580145,270798304,,rFF44,3225243409,100.00,,
0.903580145,42025393752,,instructions,3225158278,100.00,3.48,insn per cycle
0.903580145,12093411918,,cycles,3224959176,100.00,,
1.004356321,6548402,,rD044,3225652337,100.00,,
1.004356321,270294921,,rFF44,3227378640,100.00,,
1.004356321,41990826892,,instructions,3228410563,100.00,3.47,insn per cycle
1.004356321,12112854896,,cycles,3230183050,100.00,,
1.105336689,6894781,,rD044,3230794786,100.00,,
1.105336689,270153842,,rFF44,3228870468,100.00,,
1.105336689,41946553151,,instructions,3227709943,100.00,3.47,insn per cycle
1.105336689,12099234367,,cycles,3226511026,100.00,,
1.206165855,6339694,,rD044,3225768317,100.00,,
1.206165855,270779832,,rFF44,3225643631,100.00,,
1.206165855,42035379434,,instructions,3225382575,100.00,3.48,insn per cycle
1.206165855,12092102999,,cycles,3224620777,100.00,,
1.306932211,6285641,,rD044,3223993856,100.00,,
1.306932211,272916234,,rFF44,3224127158,100.00,,
1.306932211,42308395756,,instructions,3224455510,100.00,3.50,insn per cycle
1.306932211,12095477636,,cycles,3225470500,100.00,,
1.407742417,6130923,,rD044,3225607665,100.00,,
1.407742417,273202635,,rFF44,3225184082,100.00,,
1.407742417,42347819971,,instructions,3224828124,100.00,3.50,insn per cycle
1.407742417,12091039052,,cycles,3224306400,100.00,,
1.508493023,6350447,,rD044,3223850176,100.00,,
1.508493023,273216827,,rFF44,3223914358,100.00,,
1.508493023,42348109013,,instructions,3224193295,100.00,3.50,insn per cycle
1.508493023,12091180190,,cycles,3224328765,100.00,,
1.609252739,6349619,,rD044,3224740053,100.00,,
1.609252739,273578835,,rFF44,3224865288,100.00,,
1.609252739,42399670078,,instructions,3225620180,100.00,3.50,insn per cycle
1.609252739,12099974232,,cycles,3226688358,100.00,,
1.710088315,6251538,,rD044,3226377889,100.00,,
1.710088315,273638359,,rFF44,3226456956,100.00,,
1.710088315,42385072753,,instructions,3225474273,100.00,3.51,insn per cycle
1.710088315,12091567880,,cycles,3224470097,100.00,,
1.810882321,6198505,,rD044,3225074869,100.00,,
1.810882321,273699479,,rFF44,3224719352,100.00,,
1.810882321,42401996512,,instructions,3224467052,100.00,3.51,insn per cycle
1.810882321,12089442744,,cycles,3223868710,100.00,,
1.911607387,6099113,,rD044,3223280136,100.00,,
1.911607387,273430229,,rFF44,3223453061,100.00,,
1.911607387,42368278156,,instructions,3223687218,100.00,3.50,insn per cycle
1.911607387,12089735879,,cycles,3223965582,100.00,,
2.012388933,6666957,,rD044,3225359833,100.00,,
2.012388933,273101512,,rFF44,3225564049,100.00,,
2.012388933,42322929662,,instructions,3225903835,100.00,3.50,insn per cycle
2.012388933,12096896839,,cycles,3225877990,100.00,,
2.113160829,6159873,,rD044,3224249491,100.00,,
2.113160829,273784174,,rFF44,3223848022,100.00,,
2.113160829,42407495844,,instructions,3223482305,100.00,3.51,insn per cycle
2.113160829,12087195675,,cycles,3223278780,100.00,,
2.213898194,6182437,,rD044,3223725453,100.00,,
2.213898194,274219542,,rFF44,3224005555,100.00,,
2.213898194,42472229670,,instructions,3224553376,100.00,3.51,insn per cycle
2.213898194,12096615834,,cycles,3225777690,100.00,,
2.314710520,6120241,,rD044,3225970549,100.00,,
2.314710520,274440279,,rFF44,3225840191,100.00,,
2.314710520,42491239551,,instructions,3225256574,100.00,3.51,insn per cycle
2.314710520,12089983428,,cycles,3224020284,100.00,,
2.415451746,6069979,,rD044,3223762733,100.00,,
2.415451746,274064033,,rFF44,3224586522,100.00,,
2.415451746,42470200051,,instructions,3226079703,100.00,3.51,insn per cycle
2.415451746,12097406771,,cycles,3225988020,100.00,,
2.516252612,5988497,,rD044,3225589228,100.00,,
2.516252612,273539110,,rFF44,3224880509,100.00,,
2.516252612,42365485307,,instructions,3223892139,100.00,3.50,insn per cycle
2.516252612,12093039775,,cycles,3224826240,100.00,,
2.617034278,6355163,,rD044,3226069186,100.00,,
2.617034278,271852459,,rFF44,3225752721,100.00,,
2.617034278,42169022630,,instructions,3224602098,100.00,3.49,insn per cycle
2.617034278,12090357990,,cycles,3224127311,100.00,,
2.717813114,6414465,,rD044,3223805089,100.00,,
2.717813114,275919746,,rFF44,3224207197,100.00,,
2.717813114,42698935470,,instructions,3225530847,100.00,3.53,insn per cycle
2.717813114,12096049714,,cycles,3225629499,100.00,,
2.818595950,6291437,,rD044,3225010270,100.00,,
2.818595950,272911793,,rFF44,3224595523,100.00,,
2.818595950,42295711156,,instructions,3223705473,100.00,3.50,insn per cycle
2.818595950,12086881477,,cycles,3223184956,100.00,,
2.919316475,6043135,,rD044,3223524287,100.00,,
2.919316475,273744188,,rFF44,3223831390,100.00,,
2.919316475,42417193514,,instructions,3224301380,100.00,3.51,insn per cycle
2.919316475,12092003579,,cycles,3224549422,100.00,,
3.020082001,6418032,,rD044,3224361186,100.00,,
3.020082001,273450257,,rFF44,3224308060,100.00,,
3.020082001,42366148971,,instructions,3223912763,100.00,3.50,insn per cycle
3.020082001,12090000890,,cycles,3224023939,100.00,,
3.120877777,6056718,,rD044,3224562173,100.00,,
3.120877777,273091346,,rFF44,3224698350,100.00,,
3.120877777,42344335449,,instructions,3225038467,100.00,3.50,insn per cycle
3.120877777,12094229247,,cycles,3225144920,100.00,,
3.221622012,6228252,,rD044,3224393835,100.00,,
3.221622012,272964635,,rFF44,3224517310,100.00,,
3.221622012,42298637019,,instructions,3224503855,100.00,3.50,insn per cycle
3.221622012,12090681128,,cycles,3224198547,100.00,,
3.322379638,5770796,,rD044,3224190760,100.00,,
3.322379638,258731992,,rFF44,3223947623,100.00,,
3.322379638,40571875084,,instructions,3224591635,100.00,3.35,insn per cycle
3.322379638,12092966298,,cycles,3224819283,100.00,,
3.423144254,5948927,,rD044,3224380824,100.00,,
3.423144254,272809814,,rFF44,3223878957,100.00,,
3.423144254,42289743645,,instructions,3222893961,100.00,3.50,insn per cycle
3.423144254,12085083408,,cycles,3222706267,100.00,,
3.523902980,6283713,,rD044,3224040981,100.00,,
3.523902980,272956307,,rFF44,3224719392,100.00,,
3.523902980,42324888111,,instructions,3225560319,100.00,3.50,insn per cycle
3.523902980,12096395572,,cycles,3225721556,100.00,,
3.624670345,6373786,,rD044,3225033329,100.00,,
3.624670345,273955023,,rFF44,3225050858,100.00,,
3.624670345,42438592004,,instructions,3225080705,100.00,3.51,insn per cycle
3.624670345,12096386552,,cycles,3225741942,100.00,,
3.725493392,5925833,,rD044,3226125193,100.00,,
3.725493392,273399566,,rFF44,3226516249,100.00,,
3.725493392,42362088192,,instructions,3226004821,100.00,3.50,insn per cycle
3.725493392,12093618548,,cycles,3224982268,100.00,,
3.826308838,6005542,,rD044,3225402612,100.00,,
3.826308838,273646239,,rFF44,3224469151,100.00,,
3.826308838,42393354437,,instructions,3223987765,100.00,3.51,insn per cycle
3.826308838,12091803242,,cycles,3224494342,100.00,,
3.927047724,6276178,,rD044,3224448041,100.00,,
3.927047724,274627482,,rFF44,3224856460,100.00,,
3.927047724,42521516775,,instructions,3225244924,100.00,3.52,insn per cycle
3.927047724,12094548194,,cycles,3225227868,100.00,,
4.027849050,6292442,,rD044,3225445783,100.00,,
4.027849050,273109307,,rFF44,3225587356,100.00,,
4.027849050,42332699092,,instructions,3225464781,100.00,3.50,insn per cycle
4.027849050,12099146432,,cycles,3226456239,100.00,,
4.128663266,6026967,,rD044,3226074586,100.00,,
4.128663266,272963996,,rFF44,3225777230,100.00,,
4.128663266,42323650555,,instructions,3225724115,100.00,3.50,insn per cycle
4.128663266,12091526321,,cycles,3224424451,100.00,,
4.229407212,6512794,,rD044,3223536828,100.00,,
4.229407212,272605383,,rFF44,3223741255,100.00,,
4.229407212,42281387574,,instructions,3224351125,100.00,3.50,insn per cycle
4.229407212,12092423409,,cycles,3224661421,100.00,,
4.330176217,5976274,,rD044,3224572434,100.00,,
4.330176217,272899716,,rFF44,3224490675,100.00,,
4.330176217,42316992732,,instructions,3224754033,100.00,3.50,insn per cycle
4.330176217,12094171510,,cycles,3225137375,100.00,,
4.430970174,6006479,,rD044,3225254109,100.00,,
4.430970174,272661010,,rFF44,3225054917,100.00,,
4.430970174,42278290761,,instructions,3224434137,100.00,3.50,insn per cycle
4.430970174,12090827822,,cycles,3224247928,100.00,,
4.531708559,6286422,,rD044,3223331888,100.00,,
4.531708559,272595296,,rFF44,3223164580,100.00,,
4.531708559,42263333888,,instructions,3223137590,100.00,3.50,insn per cycle
4.531708559,12088019853,,cycles,3223572404,100.00,,
4.632471155,6156825,,rD044,3225506014,100.00,,
4.632471155,272340947,,rFF44,3228292272,100.00,,
4.632471155,42265593560,,instructions,3228631452,100.00,3.49,insn per cycle
4.632471155,12106785429,,cycles,3228579400,100.00,,
4.733388152,6367563,,rD044,3227074329,100.00,,
4.733388152,274746032,,rFF44,3223026786,100.00,,
4.733388152,42493543887,,instructions,3221492679,100.00,3.52,insn per cycle
4.733388152,12074111165,,cycles,3219854737,100.00,,
4.833972236,6113713,,rD044,3219844653,100.00,,
4.833972236,272657453,,rFF44,3221434274,100.00,,
4.833972236,42313539961,,instructions,3222156281,100.00,3.50,insn per cycle
4.833972236,12086762452,,cycles,3223155374,100.00,,
4.934719171,6202669,,rD044,3225017180,100.00,,
4.934719171,273811177,,rFF44,3225803095,100.00,,
4.934719171,42441142569,,instructions,3227216429,100.00,3.51,insn per cycle
4.934719171,12102181908,,cycles,3227275121,100.00,,
5.035576458,6293708,,rD044,3226477421,100.00,,
5.035576458,273248983,,rFF44,3226620797,100.00,,
5.035576458,42354988647,,instructions,3226174691,100.00,3.50,insn per cycle
5.035576458,12098430631,,cycles,3226274271,100.00,,
5.136415215,6047467,,rD044,3226408299,100.00,,
5.136415215,271834462,,rFF44,3225598092,100.00,,
5.136415215,42185083201,,instructions,3225561199,100.00,3.49,insn per cycle
5.136415215,12094503714,,cycles,3225219296,100.00,,
5.237184751,6041719,,rD044,3224343957,100.00,,
5.237184751,271720021,,rFF44,3223726903,100.00,,
5.237184751,42159747739,,instructions,3222939946,100.00,3.49,insn per cycle
5.237184751,12088532667,,cycles,3223621854,100.00,,
5.337937266,6007643,,rD044,3223934207,100.00,,
5.337937266,271312298,,rFF44,3224059029,100.00,,
5.337937266,42125792638,,instructions,3224426230,100.00,3.48,insn per cycle
5.337937266,12092238139,,cycles,3224608508,100.00,,
5.438723032,6242392,,rD044,3225615634,100.00,,
5.438723032,272436310,,rFF44,3225875296,100.00,,
5.438723032,42265619278,,instructions,3226184583,100.00,3.49,insn per cycle
5.438723032,12094944385,,cycles,3225336452,100.00,,
5.539493348,6069662,,rD044,3224297361,100.00,,
5.539493348,270809322,,rFF44,3224280928,100.00,,
5.539493348,42056570614,,instructions,3224962131,100.00,3.48,insn per cycle
5.539493348,12097017275,,cycles,3225895352,100.00,,
5.640313425,6341613,,rD044,3225920474,100.00,,
5.640313425,271258252,,rFF44,3225379162,100.00,,
5.640313425,42091795896,,instructions,3223769515,100.00,3.48,insn per cycle
5.640313425,12087396950,,cycles,3223345898,100.00,,
5.741067400,5853329,,rD044,3224472673,100.00,,
5.741067400,270704198,,rFF44,3225177139,100.00,,
5.741067400,42059680612,,instructions,3226337185,100.00,3.48,insn per cycle
5.741067400,12099887186,,cycles,3226650926,100.00,,
5.841884047,5959382,,rD044,3226550539,100.00,,
5.841884047,271497101,,rFF44,3226725068,100.00,,
5.841884047,42140304148,,instructions,3226341276,100.00,3.48,insn per cycle
5.841884047,12096471728,,cycles,3225740511,100.00,,
5.942708343,6179475,,rD044,3225915975,100.00,,
5.942708343,270772321,,rFF44,3225540719,100.00,,
5.942708343,42044281265,,instructions,3225055411,100.00,3.48,insn per cycle
5.942708343,12091832352,,cycles,3224508199,100.00,,
6.043426548,6204789,,rD044,3222682344,100.00,,
6.043426548,270376692,,rFF44,3223190042,100.00,,
6.043426548,42005854483,,instructions,3223891069,100.00,3.47,insn per cycle
6.043426548,12090125677,,cycles,3224123574,100.00,,
6.144197454,6345432,,rD044,3224433499,100.00,,
6.144197454,271944132,,rFF44,3223739093,100.00,,
6.144197454,42185358440,,instructions,3222774984,100.00,3.49,insn per cycle
6.144197454,12090556785,,cycles,3224165925,100.00,,
6.244998400,6317782,,rD044,3225738097,100.00,,
6.244998400,271816130,,rFF44,3225754256,100.00,,
6.244998400,42202496236,,instructions,3226478976,100.00,3.49,insn per cycle
6.244998400,12097202556,,cycles,3225944770,100.00,,
6.345788436,6140481,,rD044,3225404521,100.00,,
6.345788436,271671092,,rFF44,3226631009,100.00,,
6.345788436,42165562536,,instructions,3226689384,100.00,3.48,insn per cycle
6.345788436,12100987248,,cycles,3226944040,100.00,,
6.446622883,6098796,,rD044,3227080421,100.00,,
6.446622883,271294180,,rFF44,3226426996,100.00,,
6.446622883,42121885543,,instructions,3226525776,100.00,3.48,insn per cycle
6.446622883,12097788359,,cycles,3226092084,100.00,,
6.547446869,6259943,,rD044,3226905032,100.00,,
6.547446869,271381033,,rFF44,3227518966,100.00,,
6.547446869,42138462403,,instructions,3226861228,100.00,3.48,insn per cycle
6.547446869,12096094766,,cycles,3225643939,100.00,,
6.648234585,6416261,,rD044,3224286410,100.00,,
6.648234585,275131140,,rFF44,3223830708,100.00,,
6.648234585,42596798597,,instructions,3224357033,100.00,3.52,insn per cycle
6.648234585,12094619056,,cycles,3225274723,100.00,,
6.749029891,6306417,,rD044,3225203920,100.00,,
6.749029891,270984516,,rFF44,3224810411,100.00,,
6.749029891,42077881136,,instructions,3224475344,100.00,3.48,insn per cycle
6.749029891,12089368111,,cycles,3223859996,100.00,,
6.849762997,6137583,,rD044,3223677518,100.00,,
6.849762997,271846312,,rFF44,3223765624,100.00,,
6.849762997,42185616355,,instructions,3223884765,100.00,3.49,insn per cycle
6.849762997,12089644570,,cycles,3223945082,100.00,,
6.950523362,6137789,,rD044,3223869200,100.00,,
6.950523362,272448211,,rFF44,3224288787,100.00,,
6.950523362,42265831571,,instructions,3224610471,100.00,3.50,insn per cycle
6.950523362,12092469349,,cycles,3224704878,100.00,,
7.051289958,6153391,,rD044,3224542456,100.00,,
7.051289958,270789916,,rFF44,3224281013,100.00,,
7.051289958,42050917267,,instructions,3224115915,100.00,3.48,insn per cycle
7.051289958,12091905279,,cycles,3224525235,100.00,,
7.152063814,6342334,,rD044,3224752175,100.00,,
7.152063814,271515043,,rFF44,3224178032,100.00,,
7.152063814,42137964011,,instructions,3223962089,100.00,3.49,insn per cycle
7.152063814,12090933444,,cycles,3224265875,100.00,,
7.252831230,6293829,,rD044,3224490835,100.00,,
7.252831230,270875046,,rFF44,3224849568,100.00,,
7.252831230,42071106953,,instructions,3224922780,100.00,3.48,insn per cycle
7.252831230,12090404907,,cycles,3224132635,100.00,,
7.353565045,6037800,,rD044,3223713478,100.00,,
7.353565045,271547947,,rFF44,3223970669,100.00,,
7.353565045,42138908598,,instructions,3223511890,100.00,3.49,insn per cycle
7.353565045,12087980373,,cycles,3223472374,100.00,,
7.454321261,6003849,,rD044,3224374717,100.00,,
7.454321261,271754496,,rFF44,3224726451,100.00,,
7.454321261,42193850297,,instructions,3226281200,100.00,3.48,insn per cycle
7.454321261,12109631977,,cycles,3229252974,100.00,,
7.555279439,6444512,,rD044,3230235589,100.00,,
7.555279439,271303584,,rFF44,3229675610,100.00,,
7.555279439,42115637668,,instructions,3228614372,100.00,3.48,insn per cycle
7.555279439,12101008760,,cycles,3226947699,100.00,,
7.656078745,6156950,,rD044,3225211558,100.00,,
7.656078745,270179492,,rFF44,3224915300,100.00,,
7.656078745,41980527551,,instructions,3225137147,100.00,3.47,insn per cycle
7.656078745,12094123155,,cycles,3225137350,100.00,,
7.756884211,6198467,,rD044,3225913043,100.00,,
7.756884211,272340571,,rFF44,3226114804,100.00,,
7.756884211,42245630152,,instructions,3226167022,100.00,3.49,insn per cycle
7.756884211,12094750448,,cycles,3225285128,100.00,,
7.857656077,6346330,,rD044,3224839247,100.00,,
7.857656077,271159245,,rFF44,3224783186,100.00,,
7.857656077,42101116780,,instructions,3224184258,100.00,3.48,insn per cycle
7.857656077,12092866446,,cycles,3224778056,100.00,,
7.958425843,6185269,,rD044,3224377583,100.00,,
7.958425843,271219969,,rFF44,3224350733,100.00,,
7.958425843,42111942212,,instructions,3224832441,100.00,3.48,insn per cycle
7.958425843,12096267995,,cycles,3225685314,100.00,,
8.059247109,6081404,,rD044,3226622197,100.00,,
8.059247109,271734852,,rFF44,3227006819,100.00,,
8.059247109,42172249862,,instructions,3226777026,100.00,3.49,insn per cycle
8.059247109,12098206350,,cycles,3226206873,100.00,,
8.160033415,5854104,,rD044,3224806468,100.00,,
8.160033415,271870657,,rFF44,3224576904,100.00,,
8.160033415,42199247303,,instructions,3224992575,100.00,3.49,insn per cycle
8.160033415,12091415903,,cycles,3224398783,100.00,,
8.260840282,6144869,,rD044,3226591662,100.00,,
8.260840282,271592517,,rFF44,3227407685,100.00,,
8.260840282,42156367031,,instructions,3227241380,100.00,3.48,insn per cycle
8.260840282,12100611094,,cycles,3226856380,100.00,,
8.361645808,5945984,,rD044,3226283151,100.00,,
8.361645808,271006917,,rFF44,3225016356,100.00,,
8.361645808,42072551414,,instructions,3224134821,100.00,3.48,insn per cycle
8.361645808,12089639253,,cycles,3223927340,100.00,,
8.431848425,3175545,,rD044,2120901792,100.00,,
8.431848425,141735014,,rFF44,2116532076,100.00,,
8.431848425,22941722527,,instructions,2113185355,100.00,2.90,insn per cycle
8.431848425,7909630489,,cycles,2109276329,100.00,,
