0.100128512,4629941,,rD044,92743091,100.00,,
0.100128512,20475531,,rFF44,92748681,100.00,,
0.100128512,444378941,,instructions,92753541,100.00,1.29,insn per cycle
0.100128512,343764879,,cycles,92758581,100.00,,
0.200447036,5490494,,rD044,100315195,100.00,,
0.200447036,23976685,,rFF44,100315816,100.00,,
0.200447036,505209309,,instructions,100315356,100.00,1.34,insn per cycle
0.200447036,376178444,,cycles,100314636,100.00,,
0.300660449,5494959,,rD044,100212185,100.00,,
0.300660449,23947698,,rFF44,100212264,100.00,,
0.300660449,504489731,,instructions,100212744,100.00,1.34,insn per cycle
0.300660449,375796661,,cycles,100212924,100.00,,
0.400873632,6775340,,rD044,100211825,100.00,,
0.400873632,29133343,,rFF44,100212535,100.00,,
0.400873632,78626854,,instructions,100212295,100.00,0.21,insn per cycle
0.400873632,375792449,,cycles,100211805,100.00,,
0.501084415,6930418,,rD044,100210035,100.00,,
0.501084415,29969889,,rFF44,100209315,100.00,,
0.501084415,37412303,,instructions,100209355,100.00,0.10,insn per cycle
0.501084415,375785694,,cycles,100210095,100.00,,
0.601285558,3059024,,rD044,927425536,100.00,,
0.601285558,95510837,,rFF44,928561496,100.00,,
0.601285558,12656050136,,instructions,929344661,100.00,3.63,insn per cycle
0.601285558,3486529132,,cycles,930058702,100.00,,
0.701708943,63178,,rD044,1606575635,100.00,,
0.701708943,146130297,,rFF44,1606432716,100.00,,
0.701708943,22674274959,,instructions,1606328441,100.00,3.76,insn per cycle
0.701708943,6023550375,,cycles,1606288780,100.00,,
0.802094238,63257,,rD044,1606138261,100.00,,
0.802094238,148273941,,rFF44,1606098513,100.00,,
0.802094238,22932117049,,instructions,1606097356,100.00,3.81,insn per cycle
0.802094238,6022863175,,cycles,1606104496,100.00,,
0.902481573,59209,,rD044,1606056676,100.00,,
0.902481573,146647035,,rFF44,1605939983,100.00,,
0.902481573,22712550735,,instructions,1605952630,100.00,3.77,insn per cycle
0.902481573,6022194522,,cycles,1605946935,100.00,,
1.002834867,57592,,rD044,1605664293,100.00,,
1.002834867,144784692,,rFF44,1605690346,100.00,,
1.002834867,22492561063,,instructions,1605681836,100.00,3.74,insn per cycle
1.002834867,6021177892,,cycles,1605658281,100.00,,
1.103190682,58463,,rD044,1605679063,100.00,,
1.103190682,147747382,,rFF44,1605653200,100.00,,
1.103190682,22866604026,,instructions,1605727130,100.00,3.80,insn per cycle
1.103190682,6021594709,,cycles,1605766456,100.00,,
1.203553937,57125,,rD044,1605825915,100.00,,
1.203553937,146338174,,rFF44,1605961616,100.00,,
1.203553937,22696959475,,instructions,1605915736,100.00,3.77,insn per cycle
1.203553937,6022093640,,cycles,1605899070,100.00,,
1.303927551,57202,,rD044,1605956421,100.00,,
1.303927551,146808987,,rFF44,1605871740,100.00,,
1.303927551,22742740415,,instructions,1605848049,100.00,3.78,insn per cycle
1.303927551,6021950094,,cycles,1605861746,100.00,,
1.404289966,57190,,rD044,1605886012,100.00,,
1.404289966,145681834,,rFF44,1605889966,100.00,,
1.404289966,22626682397,,instructions,1605892727,100.00,3.76,insn per cycle
1.404289966,6022001224,,cycles,1605874350,100.00,,
1.504656451,58827,,rD044,1605728204,100.00,,
1.504656451,142959901,,rFF44,1605690530,100.00,,
1.504656451,22245797268,,instructions,1605643773,100.00,3.69,insn per cycle
1.504656451,6021063776,,cycles,1605624626,100.00,,
1.605015355,61805,,rD044,1605738245,100.00,,
1.605015355,143508841,,rFF44,1605726406,100.00,,
1.605015355,22362357183,,instructions,1605766023,100.00,3.71,insn per cycle
1.605015355,6021649371,,cycles,1605783780,100.00,,
1.705378300,57673,,rD044,1605809681,100.00,,
1.705378300,145113503,,rFF44,1605823241,100.00,,
1.705378300,22537532624,,instructions,1605792506,100.00,3.74,insn per cycle
1.705378300,6021683477,,cycles,1605789276,100.00,,
1.805736144,58681,,rD044,1605663626,100.00,,
1.805736144,146143130,,rFF44,1605614165,100.00,,
1.805736144,22651348093,,instructions,1605593500,100.00,3.76,insn per cycle
1.805736144,6020773300,,cycles,1605560110,100.00,,
1.906075509,58051,,rD044,1605339840,100.00,,
1.906075509,147063078,,rFF44,1605365770,100.00,,
1.906075509,22773890421,,instructions,1605388712,100.00,3.78,insn per cycle
1.906075509,6020055313,,cycles,1605402606,100.00,,
2.006449763,58418,,rD044,1605867606,100.00,,
2.006449763,145190364,,rFF44,1605899956,100.00,,
2.006449763,22554315152,,instructions,1605929104,100.00,3.75,insn per cycle
2.006449763,6022214871,,cycles,1605974220,100.00,,
2.106813098,57743,,rD044,1605735680,100.00,,
2.106813098,146233332,,rFF44,1605750537,100.00,,
2.106813098,22659660180,,instructions,1605731666,100.00,3.76,insn per cycle
2.106813098,6021207098,,cycles,1605691266,100.00,,
2.207165573,56312,,rD044,1605684566,100.00,,
2.207165573,146274138,,rFF44,1605735679,100.00,,
2.207165573,22679389251,,instructions,1605851750,100.00,3.77,insn per cycle
2.207165573,6022218980,,cycles,1605931814,100.00,,
2.307545698,57601,,rD044,1606019330,100.00,,
2.307545698,146608640,,rFF44,1605933633,100.00,,
2.307545698,22704960986,,instructions,1605829416,100.00,3.77,insn per cycle
2.307545698,6021411597,,cycles,1605718132,100.00,,
2.407900872,56943,,rD044,1605685296,100.00,,
2.407900872,145244824,,rFF44,1605719373,100.00,,
2.407900872,22549436833,,instructions,1605727390,100.00,3.74,insn per cycle
2.407900872,6021517554,,cycles,1605746207,100.00,,
2.508252807,55930,,rD044,1605583130,100.00,,
2.508252807,144198316,,rFF44,1605603023,100.00,,
2.508252807,22407591980,,instructions,1605568666,100.00,3.72,insn per cycle
2.508252807,6021000347,,cycles,1605607779,100.00,,
2.608602851,57264,,rD044,1605604646,100.00,,
2.608602851,143613896,,rFF44,1605520303,100.00,,
2.608602851,22323912673,,instructions,1605526840,100.00,3.71,insn per cycle
2.608602851,6020610478,,cycles,1605507310,100.00,,
2.708953406,57093,,rD044,1605694390,100.00,,
2.708953406,145915306,,rFF44,1605822552,100.00,,
2.708953406,22616944643,,instructions,1605841046,100.00,3.76,insn per cycle
2.708953406,6021957369,,cycles,1605862036,100.00,,
2.809325870,57419,,rD044,1605888556,100.00,,
2.809325870,147208481,,rFF44,1605833614,100.00,,
2.809325870,22780559840,,instructions,1605853310,100.00,3.78,insn per cycle
2.809325870,6021845119,,cycles,1605833209,100.00,,
2.909693905,57403,,rD044,1605862322,100.00,,
2.909693905,148553641,,rFF44,1605843256,100.00,,
2.909693905,22959396454,,instructions,1605837216,100.00,3.81,insn per cycle
2.909693905,6021885759,,cycles,1605849667,100.00,,
3.010048340,59282,,rD044,1605550654,100.00,,
3.010048340,145452627,,rFF44,1605532730,100.00,,
3.010048340,22555509088,,instructions,1605527570,100.00,3.75,insn per cycle
3.010048340,6020643400,,cycles,1605538843,100.00,,
3.110407684,58848,,rD044,1605741903,100.00,,
3.110407684,146757168,,rFF44,1605827495,100.00,,
3.110407684,22748820763,,instructions,1605854245,100.00,3.78,insn per cycle
3.110407684,6021800193,,cycles,1605836992,100.00,,
3.210771879,58218,,rD044,1605693452,100.00,,
3.210771879,147185308,,rFF44,1605584410,100.00,,
3.210771879,22794646322,,instructions,1605518450,100.00,3.79,insn per cycle
3.210771879,6020571875,,cycles,1605505824,100.00,,
3.311125554,58011,,rD044,1605641165,100.00,,
3.311125554,146345522,,rFF44,1605719116,100.00,,
3.311125554,22672748271,,instructions,1605769296,100.00,3.77,insn per cycle
3.311125554,6021763402,,cycles,1605828282,100.00,,
3.411500498,57598,,rD044,1605857491,100.00,,
3.411500498,145340997,,rFF44,1605755600,100.00,,
3.411500498,22567684967,,instructions,1605733295,100.00,3.75,insn per cycle
3.411500498,6021345661,,cycles,1605714406,100.00,,
3.511853863,58756,,rD044,1605639049,100.00,,
3.511853863,147103556,,rFF44,1605716486,100.00,,
3.511853863,22762473319,,instructions,1605717261,100.00,3.78,insn per cycle
3.511853863,6021237137,,cycles,1605683500,100.00,,
3.612206657,56703,,rD044,1605603147,100.00,,
3.612206657,143044508,,rFF44,1605622350,100.00,,
3.612206657,22261750914,,instructions,1605670348,100.00,3.70,insn per cycle
3.612206657,6021299215,,cycles,1605699626,100.00,,
3.712575662,59619,,rD044,1605814941,100.00,,
3.712575662,143145738,,rFF44,1605774756,100.00,,
3.712575662,22286944155,,instructions,1605696018,100.00,3.70,insn per cycle
3.712575662,6021258697,,cycles,1605687580,100.00,,
3.812933917,57626,,rD044,1605711405,100.00,,
3.812933917,145107162,,rFF44,1605727330,100.00,,
3.812933917,22537046498,,instructions,1605751362,100.00,3.74,insn per cycle
3.812933917,6021392373,,cycles,1605725636,100.00,,
3.913330872,60446,,rD044,1606236366,100.00,,
3.913330872,144767677,,rFF44,1606198686,100.00,,
3.913330872,22478938065,,instructions,1606209874,100.00,3.73,insn per cycle
3.913330872,6023187727,,cycles,1606203021,100.00,,
4.013680916,57505,,rD044,1605494139,100.00,,
4.013680916,140425215,,rFF44,1605483596,100.00,,
4.013680916,21945956183,,instructions,1605560515,100.00,3.64,insn per cycle
4.013680916,6020942083,,cycles,1605615074,100.00,,
4.114037411,59959,,rD044,1605684035,100.00,,
4.114037411,143620733,,rFF44,1605662358,100.00,,
4.114037411,22345379953,,instructions,1605572919,100.00,3.71,insn per cycle
4.114037411,6020761046,,cycles,1605555849,100.00,,
4.214389995,59503,,rD044,1605613270,100.00,,
4.214389995,145033554,,rFF44,1605659918,100.00,,
4.214389995,22505817546,,instructions,1605665116,100.00,3.74,insn per cycle
4.214389995,6021091712,,cycles,1605642676,100.00,,
4.314748980,57606,,rD044,1605710656,100.00,,
4.314748980,143650384,,rFF44,1605766368,100.00,,
4.314748980,22337010359,,instructions,1605790830,100.00,3.71,insn per cycle
4.314748980,6021611134,,cycles,1605783344,100.00,,
4.415115965,57245,,rD044,1605618119,100.00,,
4.415115965,145146751,,rFF44,1605572113,100.00,,
4.415115965,22528344269,,instructions,1605523825,100.00,3.74,insn per cycle
4.415115965,6020676733,,cycles,1605544121,100.00,,
4.515482079,57776,,rD044,1605736956,100.00,,
4.515482079,146401185,,rFF44,1605673532,100.00,,
4.515482079,22693098721,,instructions,1605721780,100.00,3.77,insn per cycle
4.515482079,6021424994,,cycles,1605738249,100.00,,
4.615830114,57876,,rD044,1605559880,100.00,,
4.615830114,146052239,,rFF44,1605635165,100.00,,
4.615830114,22643670175,,instructions,1605619306,100.00,3.76,insn per cycle
4.615830114,6020845474,,cycles,1605578027,100.00,,
4.716186798,57684,,rD044,1605661485,100.00,,
4.716186798,145568702,,rFF44,1605657160,100.00,,
4.716186798,22578902300,,instructions,1605802659,100.00,3.75,insn per cycle
4.716186798,6023395663,,cycles,1606257385,100.00,,
4.816585503,57978,,rD044,1606370690,100.00,,
4.816585503,142806539,,rFF44,1606433186,100.00,,
4.816585503,22241480801,,instructions,1606275856,100.00,3.69,insn per cycle
4.816585503,6021683704,,cycles,1605800620,100.00,,
4.916951118,58329,,rD044,1605713396,100.00,,
4.916951118,144915247,,rFF44,1605612220,100.00,,
4.916951118,22508219947,,instructions,1605629271,100.00,3.74,insn per cycle
4.916951118,6021209840,,cycles,1605676746,100.00,,
5.017301353,59098,,rD044,1605671204,100.00,,
5.017301353,145423855,,rFF44,1605655726,100.00,,
5.017301353,22551099873,,instructions,1605617015,100.00,3.75,insn per cycle
5.017301353,6020923081,,cycles,1605610050,100.00,,
5.117665567,59442,,rD044,1605608662,100.00,,
5.117665567,148254610,,rFF44,1605606590,100.00,,
5.117665567,22917434500,,instructions,1605626401,100.00,3.81,insn per cycle
5.117665567,6021030155,,cycles,1605627706,100.00,,
5.218018002,59150,,rD044,1605668702,100.00,,
5.218018002,146961382,,rFF44,1605741825,100.00,,
5.218018002,22758298912,,instructions,1605734374,100.00,3.78,insn per cycle
5.218018002,6021228413,,cycles,1605683859,100.00,,
5.318376216,58067,,rD044,1605497941,100.00,,
5.318376216,144725593,,rFF44,1605454678,100.00,,
5.318376216,22477884602,,instructions,1605456271,100.00,3.73,insn per cycle
5.318376216,6020573088,,cycles,1605507964,100.00,,
5.418736741,59347,,rD044,1605696985,100.00,,
5.418736741,149782637,,rFF44,1605730556,100.00,,
5.418736741,23123880934,,instructions,1605763313,100.00,3.84,insn per cycle
5.418736741,6021578641,,cycles,1605778690,100.00,,
5.519105026,58927,,rD044,1605741991,100.00,,
5.519105026,147336012,,rFF44,1605680491,100.00,,
5.519105026,22793217455,,instructions,1605662686,100.00,3.79,insn per cycle
5.519105026,6021050760,,cycles,1605636446,100.00,,
5.619465180,58501,,rD044,1605748665,100.00,,
5.619465180,145744179,,rFF44,1605796354,100.00,,
5.619465180,22631675459,,instructions,1605797719,100.00,3.76,insn per cycle
5.619465180,6021745241,,cycles,1605818129,100.00,,
5.719835445,58086,,rD044,1605904580,100.00,,
5.719835445,146290090,,rFF44,1605877091,100.00,,
5.719835445,22681369215,,instructions,1605835706,100.00,3.77,insn per cycle
5.719835445,6021765569,,cycles,1605823066,100.00,,
5.820196710,60831,,rD044,1605673346,100.00,,
5.820196710,147319399,,rFF44,1605781555,100.00,,
5.820196710,22811484008,,instructions,1606355505,100.00,3.79,insn per cycle
5.820196710,6024024736,,cycles,1606447836,100.00,,
5.920595175,60182,,rD044,1606213108,100.00,,
5.920595175,147651398,,rFF44,1606117106,100.00,,
5.920595175,22851919023,,instructions,1605600371,100.00,3.80,insn per cycle
5.920595175,6020352649,,cycles,1605487730,100.00,,
6.020953859,59625,,rD044,1605572798,100.00,,
6.020953859,146465529,,rFF44,1605545890,100.00,,
6.020953859,22709727345,,instructions,1605513596,100.00,3.77,insn per cycle
6.020953859,6020680147,,cycles,1605572546,100.00,,
6.121317264,59418,,rD044,1605777932,100.00,,
6.121317264,147363862,,rFF44,1605834716,100.00,,
6.121317264,22801071454,,instructions,1605842180,100.00,3.79,insn per cycle
6.121317264,6021603182,,cycles,1605796530,100.00,,
6.221679328,58796,,rD044,1605707914,100.00,,
6.221679328,146571367,,rFF44,1605663850,100.00,,
6.221679328,22721594214,,instructions,1605660052,100.00,3.77,insn per cycle
6.221679328,6021107975,,cycles,1605652766,100.00,,
6.322033813,59142,,rD044,1605479452,100.00,,
6.322033813,142120307,,rFF44,1605560455,100.00,,
6.322033813,22144150062,,instructions,1605550903,100.00,3.68,insn per cycle
6.322033813,6020645771,,cycles,1605529759,100.00,,
6.422392138,60922,,rD044,1605669732,100.00,,
6.422392138,143984537,,rFF44,1605660989,100.00,,
6.422392138,22403574594,,instructions,1605671745,100.00,3.72,insn per cycle
6.422392138,6021197276,,cycles,1605675115,100.00,,
6.522751562,57050,,rD044,1605621224,100.00,,
6.522751562,144268672,,rFF44,1605590936,100.00,,
6.522751562,22416333342,,instructions,1605643050,100.00,3.72,insn per cycle
6.522751562,6021192227,,cycles,1605671520,100.00,,
6.623106187,57929,,rD044,1605658492,100.00,,
6.623106187,144725753,,rFF44,1605705040,100.00,,
6.623106187,22469845964,,instructions,1605667456,100.00,3.73,insn per cycle
6.623106187,6021232202,,cycles,1605681066,100.00,,
6.723474192,60768,,rD044,1604744330,100.00,,
6.723474192,147190837,,rFF44,1604744420,100.00,,
6.723474192,22794590063,,instructions,1604763394,100.00,3.79,insn per cycle
6.723474192,6017779314,,cycles,1604762634,100.00,,
6.823867207,57432,,rD044,1606245980,100.00,,
6.823867207,144927151,,rFF44,1606200056,100.00,,
6.823867207,22494668596,,instructions,1606204546,100.00,3.73,insn per cycle
6.823867207,6023231616,,cycles,1606202396,100.00,,
6.924232751,58133,,rD044,1605865536,100.00,,
6.924232751,148412483,,rFF44,1606048110,100.00,,
6.924232751,22944729092,,instructions,1606053534,100.00,3.81,insn per cycle
6.924232751,6022610482,,cycles,1606037416,100.00,,
7.024603166,58434,,rD044,1605886906,100.00,,
7.024603166,146809634,,rFF44,1605671676,100.00,,
7.024603166,22740724357,,instructions,1605609022,100.00,3.78,insn per cycle
7.024603166,6021024655,,cycles,1605613730,100.00,,
7.124953070,57134,,rD044,1605610810,100.00,,
7.124953070,144615647,,rFF44,1605672040,100.00,,
7.124953070,22462311486,,instructions,1605697312,100.00,3.73,insn per cycle
7.124953070,6021309973,,cycles,1605695126,100.00,,
7.225318865,57682,,rD044,1605700016,100.00,,
7.225318865,146152061,,rFF44,1605607935,100.00,,
7.225318865,22637082337,,instructions,1605633093,100.00,3.76,insn per cycle
7.225318865,6021092513,,cycles,1605647409,100.00,,
7.325672010,58523,,rD044,1605681559,100.00,,
7.325672010,146869034,,rFF44,1605739560,100.00,,
7.325672010,22740511422,,instructions,1605696204,100.00,3.78,insn per cycle
7.325672010,6021246721,,cycles,1605674556,100.00,,
7.426029894,56484,,rD044,1605772299,100.00,,
7.426029894,143609709,,rFF44,1605813716,100.00,,
7.426029894,22340892949,,instructions,1605801932,100.00,3.71,insn per cycle
7.426029894,6021727796,,cycles,1605801990,100.00,,
7.526393579,59036,,rD044,1605727787,100.00,,
7.526393579,145639201,,rFF44,1605658860,100.00,,
7.526393579,22560140709,,instructions,1605645496,100.00,3.75,insn per cycle
7.526393579,6020977587,,cycles,1605605666,100.00,,
7.626755553,58175,,rD044,1605814062,100.00,,
7.626755553,145796630,,rFF44,1605869766,100.00,,
7.626755553,22607182730,,instructions,1605871510,100.00,3.75,insn per cycle
7.626755553,6022073415,,cycles,1605893930,100.00,,
7.727108218,57906,,rD044,1605614524,100.00,,
7.727108218,146131526,,rFF44,1605583650,100.00,,
7.727108218,22646753169,,instructions,1605624160,100.00,3.76,insn per cycle
7.727108218,6021296617,,cycles,1605692996,100.00,,
7.827496863,58838,,rD044,1606177356,100.00,,
7.827496863,147631377,,rFF44,1606133096,100.00,,
7.827496863,22840518213,,instructions,1606124116,100.00,3.79,insn per cycle
7.827496863,6022767679,,cycles,1606078240,100.00,,
7.927854818,58408,,rD044,1605760170,100.00,,
7.927854818,146536812,,rFF44,1605796917,100.00,,
7.927854818,22700564212,,instructions,1605780846,100.00,3.77,insn per cycle
7.927854818,6021624584,,cycles,1605779196,100.00,,
8.028216992,59217,,rD044,1605757636,100.00,,
8.028216992,147375915,,rFF44,1605856449,100.00,,
8.028216992,22839888032,,instructions,1605997430,100.00,3.79,insn per cycle
8.028216992,6022611337,,cycles,1606037388,100.00,,
8.128591747,58378,,rD044,1605952659,100.00,,
8.128591747,148245399,,rFF44,1605850965,100.00,,
8.128591747,22926853361,,instructions,1605741535,100.00,3.81,insn per cycle
8.128591747,6021287425,,cycles,1605693037,100.00,,
8.228948532,56218,,rD044,1605747316,100.00,,
8.228948532,142347459,,rFF44,1605824500,100.00,,
8.228948532,22201925519,,instructions,1605813330,100.00,3.69,insn per cycle
8.228948532,6021681608,,cycles,1605789392,100.00,,
8.329326086,57914,,rD044,1605980535,100.00,,
8.329326086,146265711,,rFF44,1605897436,100.00,,
8.329326086,22698709015,,instructions,1605912926,100.00,3.77,insn per cycle
8.329326086,6022272648,,cycles,1605946594,100.00,,
8.429682261,57393,,rD044,1605738871,100.00,,
8.429682261,145112524,,rFF44,1605792670,100.00,,
8.429682261,22531040551,,instructions,1605777554,100.00,3.74,insn per cycle
8.429682261,6021592128,,cycles,1605766066,100.00,,
8.530045006,57775,,rD044,1605752277,100.00,,
8.530045006,146436408,,rFF44,1605695886,100.00,,
8.530045006,22699375119,,instructions,1605687722,100.00,3.77,insn per cycle
8.530045006,6021351703,,cycles,1605700990,100.00,,
8.630398960,59467,,rD044,1605618399,100.00,,
8.630398960,145487689,,rFF44,1605602430,100.00,,
8.630398960,22568499859,,instructions,1605622982,100.00,3.75,insn per cycle
8.630398960,6021005990,,cycles,1605608666,100.00,,
8.730747545,59207,,rD044,1605651616,100.00,,
8.730747545,141551536,,rFF44,1605751026,100.00,,
8.730747545,22088852510,,instructions,1605756914,100.00,3.67,insn per cycle
8.730747545,6021711891,,cycles,1605798780,100.00,,
8.831114539,60325,,rD044,1605847880,100.00,,
8.831114539,145471284,,rFF44,1605811780,100.00,,
8.831114539,22585610407,,instructions,1605817858,100.00,3.75,insn per cycle
8.831114539,6021878488,,cycles,1605845116,100.00,,
8.931489704,56300,,rD044,1606019424,100.00,,
8.931489704,144037130,,rFF44,1606035076,100.00,,
8.931489704,22399739027,,instructions,1606021778,100.00,3.72,insn per cycle
8.931489704,6022309667,,cycles,1605957700,100.00,,
9.031852719,57707,,rD044,1605697531,100.00,,
9.031852719,146972578,,rFF44,1605640189,100.00,,
9.031852719,22764673624,,instructions,1605643175,100.00,3.78,insn per cycle
9.031852719,6021097261,,cycles,1605646995,100.00,,
9.132203703,56402,,rD044,1605572724,100.00,,
9.132203703,141896194,,rFF44,1605536026,100.00,,
9.132203703,22110811823,,instructions,1605620210,100.00,3.67,insn per cycle
9.132203703,6021027573,,cycles,1605620440,100.00,,
9.232556328,59184,,rD044,1605695772,100.00,,
9.232556328,147816538,,rFF44,1605764620,100.00,,
9.232556328,22865045268,,instructions,1605668184,100.00,3.80,insn per cycle
9.232556328,6021203650,,cycles,1605664906,100.00,,
9.332915492,58181,,rD044,1605726504,100.00,,
9.332915492,146711058,,rFF44,1605697456,100.00,,
9.332915492,22708188292,,instructions,1605653242,100.00,3.77,insn per cycle
9.332915492,6021163861,,cycles,1605652310,100.00,,
9.433305757,57066,,rD044,1606383332,100.00,,
9.433305757,145091679,,rFF44,1606386136,100.00,,
9.433305757,22515645524,,instructions,1606388496,100.00,3.74,insn per cycle
9.433305757,6023850425,,cycles,1606367696,100.00,,
9.533672232,55934,,rD044,1605731086,100.00,,
9.533672232,142832928,,rFF44,1605802220,100.00,,
9.533672232,22223799002,,instructions,1605878540,100.00,3.69,insn per cycle
9.533672232,6022093234,,cycles,1605899702,100.00,,
9.634037407,58466,,rD044,1605771011,100.00,,
9.634037407,147892882,,rFF44,1605684236,100.00,,
9.634037407,22866869726,,instructions,1605694686,100.00,3.80,insn per cycle
9.634037407,6021373532,,cycles,1605707484,100.00,,
9.734403571,58435,,rD044,1605813965,100.00,,
9.734403571,147767165,,rFF44,1605771220,100.00,,
9.734403571,22856320210,,instructions,1605753600,100.00,3.80,insn per cycle
9.734403571,6021552406,,cycles,1605754474,100.00,,
9.834756766,60872,,rD044,1605694015,100.00,,
9.834756766,149261034,,rFF44,1605812436,100.00,,
9.834756766,23052170589,,instructions,1605768616,100.00,3.83,insn per cycle
9.834756766,6021377373,,cycles,1605734212,100.00,,
9.935114750,60015,,rD044,1605624111,100.00,,
9.935114750,147392455,,rFF44,1605596160,100.00,,
9.935114750,22790856870,,instructions,1605655313,100.00,3.79,insn per cycle
9.935114750,6021188233,,cycles,1605695826,100.00,,
10.035487845,58064,,rD044,1605859119,100.00,,
10.035487845,141705807,,rFF44,1605820136,100.00,,
10.035487845,22103410432,,instructions,1605769933,100.00,3.67,insn per cycle
10.035487845,6021502762,,cycles,1605787140,100.00,,
10.135859070,58438,,rD044,1605856976,100.00,,
10.135859070,145783982,,rFF44,1605838689,100.00,,
10.135859070,22616757944,,instructions,1605856481,100.00,3.76,insn per cycle
10.135859070,6021868751,,cycles,1605845505,100.00,,
10.236213955,57204,,rD044,1605705223,100.00,,
10.236213955,143220387,,rFF44,1605816566,100.00,,
10.236213955,22251139257,,instructions,1605893364,100.00,3.69,insn per cycle
10.236213955,6022008701,,cycles,1605877790,100.00,,
10.336583779,57945,,rD044,1605932433,100.00,,
10.336583779,143364540,,rFF44,1605896924,100.00,,
10.336583779,22308625430,,instructions,1605773956,100.00,3.70,insn per cycle
10.336583779,6021595245,,cycles,1605766266,100.00,,
10.436946754,58586,,rD044,1605788886,100.00,,
10.436946754,145894333,,rFF44,1605771422,100.00,,
10.436946754,22612654950,,instructions,1605782320,100.00,3.76,insn per cycle
10.436946754,6021628973,,cycles,1605775230,100.00,,
10.537304439,58238,,rD044,1605741980,100.00,,
10.537304439,146243487,,rFF44,1605653225,100.00,,
10.537304439,22660038159,,instructions,1605621096,100.00,3.76,insn per cycle
10.537304439,6021049775,,cycles,1605621276,100.00,,
10.637661433,58350,,rD044,1605674636,100.00,,
10.637661433,146939293,,rFF44,1605740601,100.00,,
10.637661433,22756033441,,instructions,1605757250,100.00,3.78,insn per cycle
10.637661433,6021447760,,cycles,1605727350,100.00,,
10.738014678,57724,,rD044,1605610480,100.00,,
10.738014678,146013122,,rFF44,1605625146,100.00,,
10.738014678,22644571109,,instructions,1605679896,100.00,3.76,insn per cycle
10.738014678,6021451086,,cycles,1605727716,100.00,,
10.838376642,59001,,rD044,1605846896,100.00,,
10.838376642,144110689,,rFF44,1605906660,100.00,,
10.838376642,22403281876,,instructions,1605950870,100.00,3.72,insn per cycle
10.838376642,6022368602,,cycles,1605976265,100.00,,
10.938752037,57826,,rD044,1605951249,100.00,,
10.938752037,146571702,,rFF44,1605897355,100.00,,
10.938752037,22699449891,,instructions,1605853615,100.00,3.77,insn per cycle
10.938752037,6021850363,,cycles,1605839730,100.00,,
11.039119582,57272,,rD044,1605840466,100.00,,
11.039119582,141412445,,rFF44,1605805570,100.00,,
11.039119582,22084673702,,instructions,1605779210,100.00,3.67,insn per cycle
11.039119582,6021545031,,cycles,1605753382,100.00,,
11.139496416,59953,,rD044,1606007337,100.00,,
11.139496416,148545419,,rFF44,1606009096,100.00,,
11.139496416,22963882032,,instructions,1605995836,100.00,3.81,insn per cycle
11.139496416,6022432603,,cycles,1605994084,100.00,,
11.239847641,61074,,rD044,1605623469,100.00,,
11.239847641,143972201,,rFF44,1605652520,100.00,,
11.239847641,22395006314,,instructions,1605670702,100.00,3.72,insn per cycle
11.239847641,6021141465,,cycles,1605645096,100.00,,
11.340217176,58275,,rD044,1605925990,100.00,,
11.340217176,148213165,,rFF44,1605984036,100.00,,
11.340217176,22925431985,,instructions,1606038334,100.00,3.81,insn per cycle
11.340217176,6022631619,,cycles,1606043390,100.00,,
11.440582750,57125,,rD044,1605822646,100.00,,
11.440582750,144598619,,rFF44,1605765580,100.00,,
11.440582750,22456049636,,instructions,1605723903,100.00,3.73,insn per cycle
11.440582750,6021479802,,cycles,1605739316,100.00,,
11.540939185,57437,,rD044,1605650262,100.00,,
11.540939185,146662336,,rFF44,1605606776,100.00,,
11.540939185,22735159316,,instructions,1605617693,100.00,3.78,insn per cycle
11.540939185,6021096059,,cycles,1605636990,100.00,,
11.641292079,58737,,rD044,1605755364,100.00,,
11.641292079,148280320,,rFF44,1605816670,100.00,,
11.641292079,22920924464,,instructions,1605839325,100.00,3.81,insn per cycle
11.641292079,6021871683,,cycles,1605840546,100.00,,
11.741661934,56406,,rD044,1605801095,100.00,,
11.741661934,145894686,,rFF44,1605753916,100.00,,
11.741661934,22601816310,,instructions,1605742201,100.00,3.75,insn per cycle
11.741661934,6021578706,,cycles,1605762700,100.00,,
11.842019679,58769,,rD044,1605730991,100.00,,
11.842019679,144202551,,rFF44,1605734150,100.00,,
11.842019679,22415735614,,instructions,1605706936,100.00,3.72,insn per cycle
11.842019679,6021177700,,cycles,1605657826,100.00,,
11.942398674,58938,,rD044,1606071066,100.00,,
11.942398674,147837593,,rFF44,1606117686,100.00,,
11.942398674,22864087071,,instructions,1606134770,100.00,3.80,insn per cycle
11.942398674,6023071640,,cycles,1606159304,100.00,,
12.042763628,57555,,rD044,1605800790,100.00,,
12.042763628,145895251,,rFF44,1605794134,100.00,,
12.042763628,22620443298,,instructions,1605816756,100.00,3.76,insn per cycle
12.042763628,6021781685,,cycles,1605822172,100.00,,
12.143135443,58402,,rD044,1605891006,100.00,,
12.143135443,146351465,,rFF44,1605819122,100.00,,
12.143135443,22686545461,,instructions,1605764900,100.00,3.77,insn per cycle
12.143135443,6021690934,,cycles,1605792220,100.00,,
12.243494238,56962,,rD044,1605782093,100.00,,
12.243494238,145145718,,rFF44,1605800606,100.00,,
12.243494238,22512747545,,instructions,1605789986,100.00,3.74,insn per cycle
12.243494238,6021531145,,cycles,1605749236,100.00,,
12.343844302,57328,,rD044,1605540833,100.00,,
12.343844302,145637271,,rFF44,1605509550,100.00,,
12.343844302,22583189846,,instructions,1605547150,100.00,3.75,insn per cycle
12.343844302,6020888720,,cycles,1605583040,100.00,,
12.444199907,56592,,rD044,1605757492,100.00,,
12.444199907,144436374,,rFF44,1605893856,100.00,,
12.444199907,22439326008,,instructions,1606039716,100.00,3.73,insn per cycle
12.444199907,6022413897,,cycles,1605984996,100.00,,
12.544577852,58998,,rD044,1606046594,100.00,,
12.544577852,148094169,,rFF44,1606000370,100.00,,
12.544577852,22903671713,,instructions,1605829316,100.00,3.80,insn per cycle
12.544577852,6022105534,,cycles,1605902466,100.00,,
12.644949506,58196,,rD044,1605855431,100.00,,
12.644949506,145101199,,rFF44,1605793126,100.00,,
12.644949506,22526095739,,instructions,1605820470,100.00,3.74,insn per cycle
12.644949506,6021551560,,cycles,1605754220,100.00,,
12.745306861,58071,,rD044,1605907685,100.00,,
12.745306861,147098593,,rFF44,1605977750,100.00,,
12.745306861,22773055820,,instructions,1605945826,100.00,3.78,insn per cycle
12.745306861,6022364096,,cycles,1605980386,100.00,,
12.845680016,58284,,rD044,1605787806,100.00,,
12.845680016,144773294,,rFF44,1605751736,100.00,,
12.845680016,22497383348,,instructions,1605752500,100.00,3.74,insn per cycle
12.845680016,6021363370,,cycles,1605704540,100.00,,
12.946034770,57024,,rD044,1605666930,100.00,,
12.946034770,145584236,,rFF44,1605730613,100.00,,
12.946034770,22587711052,,instructions,1605752686,100.00,3.75,insn per cycle
12.946034770,6021550538,,cycles,1605760036,100.00,,
13.046398555,58208,,rD044,1605843186,100.00,,
13.046398555,147406708,,rFF44,1605840733,100.00,,
13.046398555,22818566718,,instructions,1605824530,100.00,3.79,insn per cycle
13.046398555,6022041585,,cycles,1605886310,100.00,,
13.146802800,57621,,rD044,1606386393,100.00,,
13.146802800,147115542,,rFF44,1606302086,100.00,,
13.146802800,22793986963,,instructions,1606299156,100.00,3.78,insn per cycle
13.146802800,6023286725,,cycles,1606217426,100.00,,
13.247155114,57609,,rD044,1605666363,100.00,,
13.247155114,145236447,,rFF44,1605690580,100.00,,
13.247155114,22552370633,,instructions,1605733400,100.00,3.74,insn per cycle
13.247155114,6022212520,,cycles,1605930626,100.00,,
13.347527359,59170,,rD044,1605910507,100.00,,
13.347527359,146249193,,rFF44,1605883436,100.00,,
13.347527359,22696498197,,instructions,1605859486,100.00,3.77,insn per cycle
13.347527359,6021412442,,cycles,1605717880,100.00,,
13.447885374,58904,,rD044,1605747699,100.00,,
13.447885374,142882969,,rFF44,1605786970,100.00,,
13.447885374,22259267207,,instructions,1605789356,100.00,3.70,insn per cycle
13.447885374,6021593160,,cycles,1605768926,100.00,,
13.548246498,59847,,rD044,1605788779,100.00,,
13.548246498,142584559,,rFF44,1606133456,100.00,,
13.548246498,22216862410,,instructions,1606146350,100.00,3.69,insn per cycle
13.548246498,6023107284,,cycles,1606169820,100.00,,
13.648628853,58181,,rD044,1606043837,100.00,,
13.648628853,145101269,,rFF44,1605635260,100.00,,
13.648628853,22519186371,,instructions,1605621116,100.00,3.74,insn per cycle
13.648628853,6020992460,,cycles,1605606356,100.00,,
13.748982758,57630,,rD044,1605652206,100.00,,
13.748982758,145683914,,rFF44,1605666476,100.00,,
13.748982758,22607475138,,instructions,1605684330,100.00,3.75,insn per cycle
13.748982758,6021191190,,cycles,1605661350,100.00,,
13.849340632,59004,,rD044,1605700590,100.00,,
13.849340632,143552879,,rFF44,1605729851,100.00,,
13.849340632,22329352293,,instructions,1605701086,100.00,3.71,insn per cycle
13.849340632,6021419038,,cycles,1605744656,100.00,,
13.949697667,58976,,rD044,1605616176,100.00,,
13.949697667,147072966,,rFF44,1605616215,100.00,,
13.949697667,22763585601,,instructions,1605685650,100.00,3.78,insn per cycle
13.949697667,6021023036,,cycles,1605661030,100.00,,
14.050063932,58564,,rD044,1605826309,100.00,,
14.050063932,145964702,,rFF44,1605889859,100.00,,
14.050063932,22626035126,,instructions,1605833805,100.00,3.76,insn per cycle
14.050063932,6021629940,,cycles,1605809785,100.00,,
14.150441467,58608,,rD044,1605957936,100.00,,
14.150441467,147452721,,rFF44,1605922666,100.00,,
14.150441467,22813968693,,instructions,1605931410,100.00,3.79,insn per cycle
14.150441467,6022363460,,cycles,1605979259,100.00,,
14.250800381,58726,,rD044,1605722590,100.00,,
14.250800381,146153250,,rFF44,1605704666,100.00,,
14.250800381,22637115447,,instructions,1605679656,100.00,3.76,insn per cycle
14.250800381,6021149073,,cycles,1605648157,100.00,,
14.351152446,57407,,rD044,1605576146,100.00,,
14.351152446,144901580,,rFF44,1605532990,100.00,,
14.351152446,22492306863,,instructions,1605516730,100.00,3.74,insn per cycle
14.351152446,6020942977,,cycles,1605591797,100.00,,
14.451507400,58430,,rD044,1605712930,100.00,,
14.451507400,145047936,,rFF44,1605742955,100.00,,
14.451507400,22517076509,,instructions,1605754946,100.00,3.74,insn per cycle
14.451507400,6021305784,,cycles,1605689019,100.00,,
14.551865415,58350,,rD044,1605732566,100.00,,
14.551865415,147060112,,rFF44,1605773911,100.00,,
14.551865415,22768295910,,instructions,1605782290,100.00,3.78,insn per cycle
14.551865415,6021433969,,cycles,1605727487,100.00,,
14.652228569,57579,,rD044,1605734990,100.00,,
14.652228569,145410089,,rFF44,1605737196,100.00,,
14.652228569,22570300171,,instructions,1605803436,100.00,3.75,insn per cycle
14.652228569,6021913860,,cycles,1605851749,100.00,,
14.752586964,58534,,rD044,1605785396,100.00,,
14.752586964,144848687,,rFF44,1605780600,100.00,,
14.752586964,22468884811,,instructions,1605737870,100.00,3.73,insn per cycle
14.752586964,6021490699,,cycles,1605738653,100.00,,
14.852946779,58179,,rD044,1605721382,100.00,,
14.852946779,146117276,,rFF44,1605662656,100.00,,
14.852946779,22647651271,,instructions,1605618456,100.00,3.76,insn per cycle
14.852946779,6021137992,,cycles,1605644893,100.00,,
14.953335263,58359,,rD044,1606251224,100.00,,
14.953335263,146199961,,rFF44,1606291870,100.00,,
14.953335263,22670776225,,instructions,1606333121,100.00,3.76,insn per cycle
14.953335263,6023785724,,cycles,1606349986,100.00,,
15.053700788,58495,,rD044,1605802683,100.00,,
15.053700788,145198323,,rFF44,1605772925,100.00,,
15.053700788,22540560270,,instructions,1605750794,100.00,3.74,insn per cycle
15.053700788,6021350191,,cycles,1605709419,100.00,,
15.154062493,57967,,rD044,1605731102,100.00,,
15.154062493,146301550,,rFF44,1605674370,100.00,,
15.154062493,22674405490,,instructions,1605676674,100.00,3.77,insn per cycle
15.154062493,6021166968,,cycles,1605652906,100.00,,
15.203892326,204441,,rD044,740954182,100.00,,
15.203892326,43649063,,rFF44,740143902,100.00,,
15.203892326,7411131534,,instructions,739475768,100.00,2.67,insn per cycle
15.203892326,2770578729,,cycles,738840346,100.00,,
