0.100129124,4628283,,rD044,92403445,100.00,,
0.100129124,20419465,,rFF44,92409455,100.00,,
0.100129124,443521224,,instructions,92414005,100.00,1.29,insn per cycle
0.100129124,342653660,,cycles,92418775,100.00,,
0.200396250,5490514,,rD044,100262985,100.00,,
0.200396250,23943286,,rFF44,100262625,100.00,,
0.200396250,504062824,,instructions,100262465,100.00,1.34,insn per cycle
0.200396250,375981568,,cycles,100262435,100.00,,
0.300606835,5491303,,rD044,100210675,100.00,,
0.300606835,23952451,,rFF44,100211145,100.00,,
0.300606835,504938778,,instructions,100211595,100.00,1.34,insn per cycle
0.300606835,375790241,,cycles,100211215,100.00,,
0.400820690,6768224,,rD044,100212385,100.00,,
0.400820690,29003391,,rFF44,100212625,100.00,,
0.400820690,79861476,,instructions,100212385,100.00,0.21,insn per cycle
0.400820690,375789435,,cycles,100212665,100.00,,
0.501040685,6930895,,rD044,100219145,100.00,,
0.501040685,29721344,,rFF44,100219235,100.00,,
0.501040685,37122855,,instructions,100219295,100.00,0.10,insn per cycle
0.501040685,375819527,,cycles,100219025,100.00,,
0.601253550,4398884,,rD044,475793942,100.00,,
0.601253550,52123314,,rFF44,476066403,100.00,,
0.601253550,5977414004,,instructions,476260933,100.00,3.35,insn per cycle
0.601253550,1786213332,,cycles,476453063,100.00,,
0.701573637,1862056,,rD044,802649791,100.00,,
0.701573637,72589372,,rFF44,802884390,100.00,,
0.701573637,11190626462,,instructions,803189607,100.00,3.71,insn per cycle
0.701573637,3012820438,,cycles,803421458,100.00,,
0.802020314,1799114,,rD044,803455358,100.00,,
0.802020314,69243632,,rFF44,803179598,100.00,,
0.802020314,10774548931,,instructions,802867281,100.00,3.58,insn per cycle
0.802020314,3009838977,,cycles,802629180,100.00,,
0.902328661,1660645,,rD044,802394290,100.00,,
0.902328661,72416554,,rFF44,802413250,100.00,,
0.902328661,11158180433,,instructions,802422810,100.00,3.71,insn per cycle
0.902328661,3009078084,,cycles,802424601,100.00,,
1.002632877,1672506,,rD044,802541380,100.00,,
1.002632877,69075362,,rFF44,802649848,100.00,,
1.002632877,10755364016,,instructions,802647278,100.00,3.57,insn per cycle
1.002632877,3009900202,,cycles,802644317,100.00,,
1.102946743,1908804,,rD044,802439808,100.00,,
1.102946743,72575265,,rFF44,802371220,100.00,,
1.102946743,11183908801,,instructions,802370930,100.00,3.72,insn per cycle
1.102946743,3008855361,,cycles,802365320,100.00,,
1.203257329,1643515,,rD044,802414430,100.00,,
1.203257329,69837134,,rFF44,802339010,100.00,,
1.203257329,10856202383,,instructions,802334460,100.00,3.61,insn per cycle
1.203257329,3008701331,,cycles,802330540,100.00,,
1.303552595,2327161,,rD044,802415190,100.00,,
1.303552595,72386066,,rFF44,802438070,100.00,,
1.303552595,11153141714,,instructions,802440980,100.00,3.71,insn per cycle
1.303552595,3009197656,,cycles,802457436,100.00,,
1.403859921,1884255,,rD044,802440649,100.00,,
1.403859921,68969426,,rFF44,802437227,100.00,,
1.403859921,10756523183,,instructions,802430477,100.00,3.57,insn per cycle
1.403859921,3009269427,,cycles,802488651,100.00,,
1.504183138,1870255,,rD044,802542188,100.00,,
1.504183138,72844285,,rFF44,802544470,100.00,,
1.504183138,11221553282,,instructions,802562390,100.00,3.73,insn per cycle
1.504183138,3009357546,,cycles,802499250,100.00,,
1.604491254,1584461,,rD044,802408990,100.00,,
1.604491254,68922142,,rFF44,802408510,100.00,,
1.604491254,10748661828,,instructions,802394260,100.00,3.57,insn per cycle
1.604491254,3008961961,,cycles,802393370,100.00,,
1.704784400,1686423,,rD044,802340250,100.00,,
1.704784400,72644285,,rFF44,802340110,100.00,,
1.704784400,11188082096,,instructions,802351721,100.00,3.72,insn per cycle
1.704784400,3008796626,,cycles,802349898,100.00,,
1.805085456,1588900,,rD044,802413930,100.00,,
1.805085456,69771009,,rFF44,802455908,100.00,,
1.805085456,10848278694,,instructions,802491697,100.00,3.60,insn per cycle
1.805085456,3009458426,,cycles,802525870,100.00,,
1.905405112,1645371,,rD044,802609618,100.00,,
1.905405112,72746514,,rFF44,802578780,100.00,,
1.905405112,11203488987,,instructions,802531090,100.00,3.72,insn per cycle
1.905405112,3009302276,,cycles,802485040,100.00,,
2.005756409,1660783,,rD044,802779270,100.00,,
2.005756409,69712328,,rFF44,802776210,100.00,,
2.005756409,10855074250,,instructions,802774305,100.00,3.61,insn per cycle
2.005756409,3010426320,,cycles,802783978,100.00,,
2.106045025,1384111,,rD044,802262700,100.00,,
2.106045025,72762739,,rFF44,802255987,100.00,,
2.106045025,11204025272,,instructions,802265903,100.00,3.72,insn per cycle
2.106045025,3008518873,,cycles,802275540,100.00,,
2.206349381,1320082,,rD044,802431528,100.00,,
2.206349381,69742021,,rFF44,802426231,100.00,,
2.206349381,10845469876,,instructions,802421530,100.00,3.60,insn per cycle
2.206349381,3008931892,,cycles,802405790,100.00,,
2.306651607,1570429,,rD044,802386260,100.00,,
2.306651607,72984768,,rFF44,802370210,100.00,,
2.306651607,11241049645,,instructions,802371830,100.00,3.74,insn per cycle
2.306651607,3008911208,,cycles,802379930,100.00,,
2.406953673,1693568,,rD044,802451650,100.00,,
2.406953673,70455719,,rFF44,803515288,100.00,,
2.406953673,10938865442,,instructions,803537768,100.00,3.63,insn per cycle
2.406953673,3013203031,,cycles,803569648,100.00,,
2.507427961,1868765,,rD044,803592228,100.00,,
2.507427961,73045270,,rFF44,802535880,100.00,,
2.507427961,11248193104,,instructions,802508271,100.00,3.74,insn per cycle
2.507427961,3009248338,,cycles,802469898,100.00,,
2.607723557,1516809,,rD044,802355520,100.00,,
2.607723557,69195217,,rFF44,802360538,100.00,,
2.607723557,10787307886,,instructions,802364087,100.00,3.59,insn per cycle
2.607723557,3008880430,,cycles,802372090,100.00,,
2.708024163,2080370,,rD044,802453388,100.00,,
2.708024163,72715039,,rFF44,802465180,100.00,,
2.708024163,11197707066,,instructions,802467700,100.00,3.72,insn per cycle
2.708024163,3009257741,,cycles,802472500,100.00,,
2.808334099,1847681,,rD044,802571400,100.00,,
2.808334099,69494813,,rFF44,802755730,100.00,,
2.808334099,10823883687,,instructions,802800340,100.00,3.60,insn per cycle
2.808334099,3010702916,,cycles,802861528,100.00,,
2.908699616,2281642,,rD044,802794864,100.00,,
2.908699616,72022887,,rFF44,802606008,100.00,,
2.908699616,11094521375,,instructions,802571828,100.00,3.69,insn per cycle
2.908699616,3009365220,,cycles,802501010,100.00,,
3.009004612,1761935,,rD044,802422864,100.00,,
3.009004612,69055126,,rFF44,802408520,100.00,,
3.009004612,10755138537,,instructions,802390360,100.00,3.57,insn per cycle
3.009004612,3008985020,,cycles,802400500,100.00,,
3.109289338,1793778,,rD044,802238520,100.00,,
3.109289338,72502958,,rFF44,802229350,100.00,,
3.109289338,11170036842,,instructions,802239910,100.00,3.71,insn per cycle
3.109289338,3008376812,,cycles,802237600,100.00,,
3.209585564,1786568,,rD044,802410130,100.00,,
3.209585564,70082970,,rFF44,802415890,100.00,,
3.209585564,10895832050,,instructions,802410830,100.00,3.62,insn per cycle
3.209585564,3009084122,,cycles,802425964,100.00,,
3.309887590,1858427,,rD044,802368750,100.00,,
3.309887590,71502812,,rFF44,802368422,100.00,,
3.309887590,11064304109,,instructions,802364718,100.00,3.68,insn per cycle
3.309887590,3009098560,,cycles,802433754,100.00,,
3.410192106,1794442,,rD044,802510048,100.00,,
3.410192106,70329581,,rFF44,802551096,100.00,,
3.410192106,10920089041,,instructions,802618180,100.00,3.63,insn per cycle
3.410192106,3009613113,,cycles,802573150,100.00,,
3.510522956,1448137,,rD044,802525790,100.00,,
3.510522956,69999134,,rFF44,802490280,100.00,,
3.510522956,10861103154,,instructions,802426380,100.00,3.61,insn per cycle
3.510522956,3008969234,,cycles,802397070,100.00,,
3.610821035,1829314,,rD044,802460880,100.00,,
3.610821035,72712464,,rFF44,802537350,100.00,,
3.610821035,11208695264,,instructions,802548867,100.00,3.72,insn per cycle
3.610821035,3009449099,,cycles,802523308,100.00,,
3.711151554,1833039,,rD044,802625098,100.00,,
3.711151554,69486642,,rFF44,802589188,100.00,,
3.711151554,10808294238,,instructions,802574361,100.00,3.59,insn per cycle
3.711151554,3009691341,,cycles,802588350,100.00,,
3.811463683,1838335,,rD044,802436020,100.00,,
3.811463683,72403154,,rFF44,802393870,100.00,,
3.811463683,11156188599,,instructions,802397010,100.00,3.71,insn per cycle
3.811463683,3009011937,,cycles,802407080,100.00,,
3.911813093,1441012,,rD044,802826470,100.00,,
3.911813093,69936817,,rFF44,802928987,100.00,,
3.911813093,10862153578,,instructions,802926828,100.00,3.61,insn per cycle
3.911813093,3010974984,,cycles,802930208,100.00,,
4.012141902,1651636,,rD044,802683028,100.00,,
4.012141902,73012404,,rFF44,802625101,100.00,,
4.012141902,11250519359,,instructions,802629660,100.00,3.74,insn per cycle
4.012141902,3009848108,,cycles,802629910,100.00,,
4.112448121,1515802,,rD044,802397030,100.00,,
4.112448121,69985348,,rFF44,802361070,100.00,,
4.112448121,10880967274,,instructions,802350870,100.00,3.62,insn per cycle
4.112448121,3008733551,,cycles,802333680,100.00,,
4.212753620,1997482,,rD044,802397500,100.00,,
4.212753620,72741102,,rFF44,802391980,100.00,,
4.212753620,11210344814,,instructions,802395812,100.00,3.73,insn per cycle
4.212753620,3008985740,,cycles,802399688,100.00,,
4.313055099,1634718,,rD044,802416252,100.00,,
4.313055099,69757506,,rFF44,802424698,100.00,,
4.313055099,10847544422,,instructions,802427316,100.00,3.60,insn per cycle
4.313055099,3009079505,,cycles,802424930,100.00,,
4.413356887,1707419,,rD044,802510826,100.00,,
4.413356887,72958671,,rFF44,802584170,100.00,,
4.413356887,11246237310,,instructions,802608050,100.00,3.74,insn per cycle
4.413356887,3009792022,,cycles,802623860,100.00,,
4.513689807,1557293,,rD044,802564970,100.00,,
4.513689807,69836094,,rFF44,802500000,100.00,,
4.513689807,10864108135,,instructions,802479670,100.00,3.61,insn per cycle
4.513689807,3009230874,,cycles,802465354,100.00,,
4.613997736,1775260,,rD044,802474970,100.00,,
4.613997736,72949250,,rFF44,802477997,100.00,,
4.613997736,11246932130,,instructions,802530318,100.00,3.74,insn per cycle
4.613997736,3009502435,,cycles,802537884,100.00,,
4.714314455,1619841,,rD044,802544948,100.00,,
4.714314455,69305114,,rFF44,802538011,100.00,,
4.714314455,10796248757,,instructions,802474850,100.00,3.59,insn per cycle
4.714314455,3009200115,,cycles,802457680,100.00,,
4.814620384,1813567,,rD044,802373550,100.00,,
4.814620384,72874523,,rFF44,802367120,100.00,,
4.814620384,11235226382,,instructions,802371150,100.00,3.73,insn per cycle
4.814620384,3008868717,,cycles,802371780,100.00,,
4.914919322,1461533,,rD044,802398460,100.00,,
4.914919322,69690423,,rFF44,802495740,100.00,,
4.914919322,10832987916,,instructions,802563756,100.00,3.60,insn per cycle
4.914919322,3009692696,,cycles,802588408,100.00,,
5.015243921,1760177,,rD044,802590415,100.00,,
5.015243921,72876827,,rFF44,802509478,100.00,,
5.015243921,11235201575,,instructions,802448272,100.00,3.73,insn per cycle
5.015243921,3009067000,,cycles,802421560,100.00,,
5.115528260,1592850,,rD044,802360613,100.00,,
5.115528260,69565708,,rFF44,802365030,100.00,,
5.115528260,10823050861,,instructions,802357510,100.00,3.60,insn per cycle
5.115528260,3008845281,,cycles,802362840,100.00,,
5.215844869,1923633,,rD044,802448870,100.00,,
5.215844869,72729124,,rFF44,802431360,100.00,,
5.215844869,11213996116,,instructions,802437050,100.00,3.73,insn per cycle
5.215844869,3009135698,,cycles,802440260,100.00,,
5.316162828,1669743,,rD044,802509810,100.00,,
5.316162828,69026366,,rFF44,802493850,100.00,,
5.316162828,10761409120,,instructions,802482487,100.00,3.58,insn per cycle
5.316162828,3009267935,,cycles,802475328,100.00,,
5.416456647,1594539,,rD044,802329504,100.00,,
5.416456647,72706511,,rFF44,802341978,100.00,,
5.416456647,11210588037,,instructions,802361821,100.00,3.73,insn per cycle
5.416456647,3008848097,,cycles,802376250,100.00,,
5.516766036,1631341,,rD044,802483994,100.00,,
5.516766036,69379258,,rFF44,802493990,100.00,,
5.516766036,10798515598,,instructions,802495900,100.00,3.59,insn per cycle
5.516766036,3009329046,,cycles,802499350,100.00,,
5.617084815,1466445,,rD044,802505680,100.00,,
5.617084815,72491375,,rFF44,802502230,100.00,,
5.617084815,11176567943,,instructions,802501210,100.00,3.71,insn per cycle
5.617084815,3009328451,,cycles,802491222,100.00,,
5.717388004,1647487,,rD044,802481800,100.00,,
5.717388004,69572620,,rFF44,802516587,100.00,,
5.717388004,10827903462,,instructions,802513668,100.00,3.60,insn per cycle
5.717388004,3009408689,,cycles,802513136,100.00,,
5.817740363,1577415,,rD044,802747078,100.00,,
5.817740363,72716747,,rFF44,802702611,100.00,,
5.817740363,11210838719,,instructions,802691720,100.00,3.72,insn per cycle
5.817740363,3010046387,,cycles,802682950,100.00,,
5.918038532,1545196,,rD044,802551170,100.00,,
5.918038532,69423289,,rFF44,802606090,100.00,,
5.918038532,10802011836,,instructions,802660712,100.00,3.59,insn per cycle
5.918038532,3010033317,,cycles,802679448,100.00,,
6.018381361,1682203,,rD044,802633476,100.00,,
6.018381361,72705834,,rFF44,802596448,100.00,,
6.018381361,11207496207,,instructions,802538516,100.00,3.72,insn per cycle
6.018381361,3009409983,,cycles,802521090,100.00,,
6.118676870,1614588,,rD044,802658822,100.00,,
6.118676870,69827992,,rFF44,802875770,100.00,,
6.118676870,10855466129,,instructions,802890690,100.00,3.61,insn per cycle
6.118676870,3010916874,,cycles,802918742,100.00,,
6.219060610,1824248,,rD044,802536089,100.00,,
6.219060610,72542527,,rFF44,802294840,100.00,,
6.219060610,11182056267,,instructions,802276797,100.00,3.72,insn per cycle
6.219060610,3008300365,,cycles,802248135,100.00,,
6.319356579,1768283,,rD044,802361636,100.00,,
6.319356579,69498457,,rFF44,802359707,100.00,,
6.319356579,10814972699,,instructions,802371790,100.00,3.59,insn per cycle
6.319356579,3008959079,,cycles,802393150,100.00,,
6.419652717,2131816,,rD044,802280042,100.00,,
6.419652717,72480429,,rFF44,802278000,100.00,,
6.419652717,11173181245,,instructions,802263960,100.00,3.71,insn per cycle
6.419652717,3008308009,,cycles,802248910,100.00,,
6.519948076,1570663,,rD044,802531830,100.00,,
6.519948076,69515371,,rFF44,802669560,100.00,,
6.519948076,10814799735,,instructions,802701510,100.00,3.59,insn per cycle
6.519948076,3010126303,,cycles,802704345,100.00,,
6.620286005,1722753,,rD044,802739104,100.00,,
6.620286005,72828409,,rFF44,802734158,100.00,,
6.620286005,11222481735,,instructions,802729928,100.00,3.73,insn per cycle
6.620286005,3010297844,,cycles,802750063,100.00,,
6.720630565,1682410,,rD044,802603114,100.00,,
6.720630565,68696181,,rFF44,802486710,100.00,,
6.720630565,10713645965,,instructions,802458070,100.00,3.56,insn per cycle
6.720630565,3009087172,,cycles,802427320,100.00,,
6.820930094,1797842,,rD044,802408040,100.00,,
6.820930094,72712140,,rFF44,802466240,100.00,,
6.820930094,11206360594,,instructions,802480400,100.00,3.72,insn per cycle
6.820930094,3009359854,,cycles,802499394,100.00,,
6.921245993,1530449,,rD044,802517580,100.00,,
6.921245993,69262136,,rFF44,802462807,100.00,,
6.921245993,10794307242,,instructions,802475508,100.00,3.59,insn per cycle
6.921245993,3009443786,,cycles,802522784,100.00,,
7.021564232,1909969,,rD044,802467018,100.00,,
7.021564232,72490140,,rFF44,802450661,100.00,,
7.021564232,11170115462,,instructions,802434290,100.00,3.71,insn per cycle
7.021564232,3008886908,,cycles,802373610,100.00,,
7.121841190,1899518,,rD044,802369420,100.00,,
7.121841190,69459433,,rFF44,802457790,100.00,,
7.121841190,10812195010,,instructions,802469090,100.00,3.59,insn per cycle
7.121841190,3009490390,,cycles,802538150,100.00,,
7.222183169,1643427,,rD044,802580180,100.00,,
7.222183169,72967961,,rFF44,802511360,100.00,,
7.222183169,11243384736,,instructions,802515214,100.00,3.74,insn per cycle
7.222183169,3009192232,,cycles,802455008,100.00,,
7.322483648,1643579,,rD044,802401282,100.00,,
7.322483648,69059833,,rFF44,802396728,100.00,,
7.322483648,10765941323,,instructions,802381794,100.00,3.58,insn per cycle
7.322483648,3008858420,,cycles,802366050,100.00,,
7.422782517,1701109,,rD044,802342566,100.00,,
7.422782517,72634415,,rFF44,802329270,100.00,,
7.422782517,11189464374,,instructions,802331910,100.00,3.72,insn per cycle
7.422782517,3008724285,,cycles,802340870,100.00,,
7.523080976,1751758,,rD044,802382980,100.00,,
7.523080976,69350857,,rFF44,802376230,100.00,,
7.523080976,10799326484,,instructions,802368380,100.00,3.59,insn per cycle
7.523080976,3008849716,,cycles,802363990,100.00,,
7.623372955,1599080,,rD044,802426470,100.00,,
7.623372955,72544805,,rFF44,802444810,100.00,,
7.623372955,11175700684,,instructions,802447960,100.00,3.71,insn per cycle
7.623372955,3009160130,,cycles,802446235,100.00,,
7.723696824,1561313,,rD044,802551583,100.00,,
7.723696824,70592068,,rFF44,802548998,100.00,,
7.723696824,10949255127,,instructions,802551628,100.00,3.64,insn per cycle
7.723696824,3009603981,,cycles,802565723,100.00,,
7.824005853,1687536,,rD044,802471125,100.00,,
7.824005853,72789853,,rFF44,802540730,100.00,,
7.824005853,11212322419,,instructions,802567300,100.00,3.73,insn per cycle
7.824005853,3009646320,,cycles,802575420,100.00,,
7.924328842,1625745,,rD044,802529730,100.00,,
7.924328842,68911930,,rFF44,802478090,100.00,,
7.924328842,10748142235,,instructions,802456550,100.00,3.57,insn per cycle
7.924328842,3009126647,,cycles,802442250,100.00,,
8.024633641,1781780,,rD044,802517260,100.00,,
8.024633641,72820140,,rFF44,802571077,100.00,,
8.024633641,11214001889,,instructions,802575858,100.00,3.73,insn per cycle
8.024633641,3009650983,,cycles,802577508,100.00,,
8.124936459,1605554,,rD044,802318637,100.00,,
8.124936459,69979406,,rFF44,802431731,100.00,,
8.124936459,10878392864,,instructions,802443150,100.00,3.62,insn per cycle
8.124936459,3009194538,,cycles,802455830,100.00,,
8.225260299,1741160,,rD044,802625021,100.00,,
8.225260299,72841354,,rFF44,802473190,100.00,,
8.225260299,11218140232,,instructions,802464650,100.00,3.73,insn per cycle
8.225260299,3009172759,,cycles,802453470,100.00,,
8.325571278,1720275,,rD044,802456790,100.00,,
8.325571278,69872434,,rFF44,802429530,100.00,,
8.325571278,10857168315,,instructions,802421171,100.00,3.61,insn per cycle
8.325571278,3009060407,,cycles,802420408,100.00,,
8.425875717,1741972,,rD044,802392861,100.00,,
8.425875717,72638859,,rFF44,802382148,100.00,,
8.425875717,11189012491,,instructions,802372137,100.00,3.72,insn per cycle
8.425875717,3009089939,,cycles,802434960,100.00,,
8.526186565,1698828,,rD044,802486167,100.00,,
8.526186565,69524790,,rFF44,802474740,100.00,,
8.526186565,10825836136,,instructions,802476050,100.00,3.60,insn per cycle
8.526186565,3009053185,,cycles,802417700,100.00,,
8.626483554,2216042,,rD044,802359510,100.00,,
8.626483554,72601380,,rFF44,802370030,100.00,,
8.626483554,11182361531,,instructions,802374360,100.00,3.72,insn per cycle
8.626483554,3008896484,,cycles,802376490,100.00,,
8.726785213,1817737,,rD044,802532140,100.00,,
8.726785213,69311170,,rFF44,802592910,100.00,,
8.726785213,10790658590,,instructions,802624308,100.00,3.58,insn per cycle
8.726785213,3010109244,,cycles,802698878,100.00,,
8.827136612,1451096,,rD044,802676378,100.00,,
8.827136612,72926857,,rFF44,802610058,100.00,,
8.827136612,11230513718,,instructions,802572790,100.00,3.73,insn per cycle
8.827136612,3009345498,,cycles,802496550,100.00,,
8.927433421,1811801,,rD044,802370620,100.00,,
8.927433421,69550676,,rFF44,802380640,100.00,,
8.927433421,10828834738,,instructions,802393960,100.00,3.60,insn per cycle
8.927433421,3008892885,,cycles,802375370,100.00,,
9.027731790,1665967,,rD044,802386080,100.00,,
9.027731790,72542328,,rFF44,802386700,100.00,,
9.027731790,11174387105,,instructions,802382520,100.00,3.71,insn per cycle
9.027731790,3008951600,,cycles,802391152,100.00,,
9.128015259,1679568,,rD044,802366880,100.00,,
9.128015259,69615717,,rFF44,802415943,100.00,,
9.128015259,10836313301,,instructions,802425828,100.00,3.60,insn per cycle
9.128015259,3009224041,,cycles,802463836,100.00,,
9.228344138,2078449,,rD044,802510808,100.00,,
9.228344138,72018298,,rFF44,802448295,100.00,,
9.228344138,11107021757,,instructions,802444510,100.00,3.69,insn per cycle
9.228344138,3009036389,,cycles,802413140,100.00,,
9.328641627,1979860,,rD044,802456050,100.00,,
9.328641627,69780689,,rFF44,802526850,100.00,,
9.328641627,10855898923,,instructions,802559630,100.00,3.61,insn per cycle
9.328641627,3009609113,,cycles,802566190,100.00,,
9.428965376,2042371,,rD044,802576080,100.00,,
9.428965376,70918573,,rFF44,802507590,100.00,,
9.428965376,10988826786,,instructions,802467093,100.00,3.65,insn per cycle
9.428965376,3009100557,,cycles,802437928,100.00,,
9.529268275,1841682,,rD044,802338940,100.00,,
9.529268275,70818548,,rFF44,802349518,100.00,,
9.529268275,10976808701,,instructions,802345415,100.00,3.65,insn per cycle
9.529268275,3008887068,,cycles,802374210,100.00,,
9.629584714,1770314,,rD044,802636938,100.00,,
9.629584714,70546983,,rFF44,802651940,100.00,,
9.629584714,10942030309,,instructions,802667090,100.00,3.64,insn per cycle
9.629584714,3009988607,,cycles,802667500,100.00,,
9.729901283,2039983,,rD044,802480750,100.00,,
9.729901283,72888040,,rFF44,802485680,100.00,,
9.729901283,11231130860,,instructions,802598480,100.00,3.73,insn per cycle
9.729901283,3009698729,,cycles,802590278,100.00,,
9.830223352,1648872,,rD044,802506180,100.00,,
9.830223352,69476995,,rFF44,802494816,100.00,,
9.830223352,10813893805,,instructions,802368488,100.00,3.59,insn per cycle
9.830223352,3008915442,,cycles,802380710,100.00,,
9.930523391,1802932,,rD044,802407148,100.00,,
9.930523391,72886863,,rFF44,802404862,100.00,,
9.930523391,11232516462,,instructions,802412580,100.00,3.73,insn per cycle
9.930523391,3008961757,,cycles,802393750,100.00,,
10.030825299,1684922,,rD044,802527770,100.00,,
10.030825299,68264436,,rFF44,802584420,100.00,,
10.030825299,10655548251,,instructions,802601790,100.00,3.54,insn per cycle
10.030825299,3009842869,,cycles,802629060,100.00,,
10.131149689,1677116,,rD044,802476110,100.00,,
10.131149689,72585692,,rFF44,802434250,100.00,,
10.131149689,11184287606,,instructions,802425384,100.00,3.72,insn per cycle
10.131149689,3009042431,,cycles,802415358,100.00,,
10.231458637,1633620,,rD044,802445064,100.00,,
10.231458637,70010641,,rFF44,802432837,100.00,,
10.231458637,10875151229,,instructions,802415873,100.00,3.61,insn per cycle
10.231458637,3008916940,,cycles,802407699,100.00,,
10.331765616,1800540,,rD044,802388493,100.00,,
10.331765616,72594847,,rFF44,802377690,100.00,,
10.331765616,11187978142,,instructions,802367930,100.00,3.72,insn per cycle
10.331765616,3008863511,,cycles,802367140,100.00,,
10.432048415,1705888,,rD044,802151289,100.00,,
10.432048415,69540840,,rFF44,802160629,100.00,,
10.432048415,10825866905,,instructions,802179779,100.00,3.60,insn per cycle
10.432048415,3008033312,,cycles,802181159,100.00,,
10.532352074,1718126,,rD044,802421110,100.00,,
10.532352074,73048643,,rFF44,802428030,100.00,,
10.532352074,11259627556,,instructions,802428660,100.00,3.74,insn per cycle
10.532352074,3009082882,,cycles,802425737,100.00,,
10.632660563,1667805,,rD044,802493512,100.00,,
10.632660563,68923495,,rFF44,802492558,100.00,,
10.632660563,10736953593,,instructions,802507358,100.00,3.57,insn per cycle
10.632660563,3009423632,,cycles,802530121,100.00,,
10.732989892,2030094,,rD044,802548936,100.00,,
10.732989892,72849211,,rFF44,802530390,100.00,,
10.732989892,11230260533,,instructions,802518260,100.00,3.73,insn per cycle
10.732989892,3009396152,,cycles,802510390,100.00,,
10.833295031,1584361,,rD044,802439350,100.00,,
10.833295031,68792598,,rFF44,802453410,100.00,,
10.833295031,10730387252,,instructions,802451990,100.00,3.57,insn per cycle
10.833295031,3009147917,,cycles,802443680,100.00,,
10.933597400,1768063,,rD044,802464840,100.00,,
10.933597400,72909787,,rFF44,802544615,100.00,,
10.933597400,11240677508,,instructions,802537828,100.00,3.74,insn per cycle
10.933597400,3009485829,,cycles,802532978,100.00,,
11.033917809,1678770,,rD044,802539048,100.00,,
11.033917809,69212498,,rFF44,802553723,100.00,,
11.033917809,10777321420,,instructions,802722860,100.00,3.58,insn per cycle
11.033917809,3010149356,,cycles,802714280,100.00,,
11.134246798,1956410,,rD044,802687740,100.00,,
11.134246798,72740607,,rFF44,802777380,100.00,,
11.134246798,11213057265,,instructions,802640680,100.00,3.73,insn per cycle
11.134246798,3009934314,,cycles,802652568,100.00,,
11.234589827,1610938,,rD044,802757254,100.00,,
11.234589827,69898179,,rFF44,802611548,100.00,,
11.234589827,10860762394,,instructions,802589178,100.00,3.61,insn per cycle
11.234589827,3009673361,,cycles,802583360,100.00,,
11.334912286,1626109,,rD044,802484574,100.00,,
11.334912286,73078404,,rFF44,802486470,100.00,,
11.334912286,11268394632,,instructions,802551140,100.00,3.74,insn per cycle
11.334912286,3009585464,,cycles,802560590,100.00,,
11.435267516,1710304,,rD044,802766190,100.00,,
11.435267516,69497466,,rFF44,802731070,100.00,,
11.435267516,10824716667,,instructions,802648256,100.00,3.60,insn per cycle
11.435267516,3009803584,,cycles,802628678,100.00,,
11.535566835,1761338,,rD044,802454395,100.00,,
11.535566835,72556055,,rFF44,802503068,100.00,,
11.535566835,11188683310,,instructions,802515552,100.00,3.72,insn per cycle
11.535566835,3009436573,,cycles,802527320,100.00,,
11.635886324,1360489,,rD044,802491463,100.00,,
11.635886324,69284903,,rFF44,802438840,100.00,,
11.635886324,10780100286,,instructions,802467980,100.00,3.58,insn per cycle
11.635886324,3009974988,,cycles,802663240,100.00,,
11.736218943,1778462,,rD044,802667720,100.00,,
11.736218943,72676279,,rFF44,802696480,100.00,,
11.736218943,11205285057,,instructions,802669374,100.00,3.72,insn per cycle
11.736218943,3009319605,,cycles,802489438,100.00,,
11.836531302,1478116,,rD044,802481444,100.00,,
11.836531302,69980989,,rFF44,802452708,100.00,,
11.836531302,10875452856,,instructions,802454014,100.00,3.61,insn per cycle
11.836531302,3009095878,,cycles,802429660,100.00,,
11.936829061,1774753,,rD044,802355454,100.00,,
11.936829061,72778225,,rFF44,802342090,100.00,,
11.936829061,11221794308,,instructions,802329430,100.00,3.73,insn per cycle
11.936829061,3008713393,,cycles,802327470,100.00,,
12.037148740,1448530,,rD044,802579050,100.00,,
12.037148740,69442490,,rFF44,802576430,100.00,,
12.037148740,10806956300,,instructions,802575030,100.00,3.59,insn per cycle
12.037148740,3009660203,,cycles,802580150,100.00,,
12.137442338,1874999,,rD044,802419920,100.00,,
12.137442338,72576989,,rFF44,802473652,100.00,,
12.137442338,11191040441,,instructions,802482208,100.00,3.72,insn per cycle
12.137442338,3009318108,,cycles,802488478,100.00,,
12.237759657,1616530,,rD044,802488608,100.00,,
12.237759657,69997500,,rFF44,802446676,100.00,,
12.237759657,10871054356,,instructions,802430190,100.00,3.61,insn per cycle
12.237759657,3009064438,,cycles,802421290,100.00,,
12.338066626,1677959,,rD044,802440200,100.00,,
12.338066626,72829612,,rFF44,802448360,100.00,,
12.338066626,11227158834,,instructions,802464510,100.00,3.73,insn per cycle
12.338066626,3009202914,,cycles,802457820,100.00,,
12.438369955,1220272,,rD044,802345220,100.00,,
12.438369955,69608433,,rFF44,802330270,100.00,,
12.438369955,10833616546,,instructions,802351170,100.00,3.60,insn per cycle
12.438369955,3008879059,,cycles,802383732,100.00,,
12.538674834,1545335,,rD044,802416140,100.00,,
12.538674834,72606174,,rFF44,802416411,100.00,,
12.538674834,11191653580,,instructions,802393938,100.00,3.72,insn per cycle
12.538674834,3008925061,,cycles,802384406,100.00,,
12.638989893,1671304,,rD044,802634858,100.00,,
12.638989893,69812066,,rFF44,802758337,100.00,,
12.638989893,10860213305,,instructions,802830960,100.00,3.61,insn per cycle
12.638989893,3010697235,,cycles,802856430,100.00,,
12.739335582,1539080,,rD044,802634670,100.00,,
12.739335582,72675446,,rFF44,802511200,100.00,,
12.739335582,11197618448,,instructions,802439220,100.00,3.72,insn per cycle
12.739335582,3008997323,,cycles,802403100,100.00,,
12.839634961,1457297,,rD044,802405900,100.00,,
12.839634961,69698400,,rFF44,802407120,100.00,,
12.839634961,10837081105,,instructions,802412478,100.00,3.60,insn per cycle
12.839634961,3009031402,,cycles,802412958,100.00,,
12.939932800,2013915,,rD044,802376065,100.00,,
12.939932800,72919870,,rFF44,802507868,100.00,,
12.939932800,11237248184,,instructions,802499070,100.00,3.73,insn per cycle
12.939932800,3009377821,,cycles,802504390,100.00,,
13.040250639,1593924,,rD044,802690713,100.00,,
13.040250639,69816979,,rFF44,802760580,100.00,,
13.040250639,10852428734,,instructions,802876620,100.00,3.60,insn per cycle
13.040250639,3010981641,,cycles,802930937,100.00,,
13.140597898,1743586,,rD044,802665800,100.00,,
13.140597898,72627987,,rFF44,802458652,100.00,,
13.140597898,11191768201,,instructions,802350588,100.00,3.72,insn per cycle
13.140597898,3008549561,,cycles,802288451,100.00,,
13.240902127,1715200,,rD044,802430307,100.00,,
13.240902127,69983427,,rFF44,802533576,100.00,,
13.240902127,10884409288,,instructions,802626000,100.00,3.62,insn per cycle
13.240902127,3009860763,,cycles,802633280,100.00,,
13.341259277,1607400,,rD044,802764531,100.00,,
13.341259277,72503756,,rFF44,802674730,100.00,,
13.341259277,11169840224,,instructions,802577040,100.00,3.71,insn per cycle
13.341259277,3009556826,,cycles,802562540,100.00,,
13.441557676,1523208,,rD044,802413470,100.00,,
13.441557676,70068672,,rFF44,802411840,100.00,,
13.441557676,10885262830,,instructions,802411468,100.00,3.62,insn per cycle
13.441557676,3009072567,,cycles,802423018,100.00,,
13.541861884,2003792,,rD044,802423956,100.00,,
13.541861884,72644966,,rFF44,802421608,100.00,,
13.541861884,11191383767,,instructions,802427300,100.00,3.72,insn per cycle
13.541861884,3009189720,,cycles,802454790,100.00,,
13.642194454,1666769,,rD044,802692472,100.00,,
13.642194454,69252070,,rFF44,802699930,100.00,,
13.642194454,10786686016,,instructions,802692330,100.00,3.58,insn per cycle
13.642194454,3009978271,,cycles,802665040,100.00,,
13.742503503,1720078,,rD044,802533020,100.00,,
13.742503503,72745681,,rFF44,802604192,100.00,,
13.742503503,11205762832,,instructions,802664328,100.00,3.72,insn per cycle
13.742503503,3010070984,,cycles,802693288,100.00,,
13.842844462,1802625,,rD044,802598168,100.00,,
13.842844462,69605532,,rFF44,802520776,100.00,,
13.842844462,10825087508,,instructions,802459210,100.00,3.60,insn per cycle
13.842844462,3009114542,,cycles,802434650,100.00,,
13.943161601,1968401,,rD044,802605100,100.00,,
13.943161601,72415507,,rFF44,802619060,100.00,,
13.943161601,11153842719,,instructions,802617430,100.00,3.71,insn per cycle
13.943161601,3009795970,,cycles,802615770,100.00,,
14.043474010,1718513,,rD044,802413670,100.00,,
14.043474010,69874429,,rFF44,802392450,100.00,,
14.043474010,10861463576,,instructions,802398373,100.00,3.61,insn per cycle
14.043474010,3008954557,,cycles,802391818,100.00,,
14.143774549,1848924,,rD044,802535366,100.00,,
14.143774549,72630028,,rFF44,802552458,100.00,,
14.143774549,11186760385,,instructions,802554665,100.00,3.72,insn per cycle
14.143774549,3009592222,,cycles,802561850,100.00,,
14.244102698,1450805,,rD044,802596981,100.00,,
14.244102698,68963897,,rFF44,802685489,100.00,,
14.244102698,10760945439,,instructions,802705769,100.00,3.57,insn per cycle
14.244102698,3010111399,,cycles,802723949,100.00,,
14.344447397,1568658,,rD044,802566420,100.00,,
14.344447397,73142075,,rFF44,802449220,100.00,,
14.344447397,11265265978,,instructions,802421896,100.00,3.74,insn per cycle
14.344447397,3008995465,,cycles,802402608,100.00,,
14.444730586,1498572,,rD044,802207839,100.00,,
14.444730586,69003019,,rFF44,802208097,100.00,,
14.444730586,10754582510,,instructions,802209871,100.00,3.58,insn per cycle
14.444730586,3008164945,,cycles,802208079,100.00,,
14.545028805,1419739,,rD044,802468728,100.00,,
14.545028805,72660002,,rFF44,802579490,100.00,,
14.545028805,11189807520,,instructions,802599650,100.00,3.72,insn per cycle
14.545028805,3009769502,,cycles,802608470,100.00,,
14.645357044,1757831,,rD044,802534480,100.00,,
14.645357044,67636826,,rFF44,802436420,100.00,,
14.645357044,10590738123,,instructions,802409670,100.00,3.52,insn per cycle
14.645357044,3008961982,,cycles,802393980,100.00,,
14.745663583,2069579,,rD044,802444050,100.00,,
14.745663583,72744651,,rFF44,802436130,100.00,,
14.745663583,11203507943,,instructions,802439586,100.00,3.72,insn per cycle
14.745663583,3009117505,,cycles,802435128,100.00,,
14.845958891,1736495,,rD044,802484307,100.00,,
14.845958891,69615341,,rFF44,802501928,100.00,,
14.845958891,10844858995,,instructions,802506422,100.00,3.60,insn per cycle
14.845958891,3009441650,,cycles,802521570,100.00,,
14.946277450,1619153,,rD044,802495301,100.00,,
14.946277450,72857018,,rFF44,802511460,100.00,,
14.946277450,11219531566,,instructions,802522540,100.00,3.73,insn per cycle
14.946277450,3009388643,,cycles,802507510,100.00,,
15.046590260,1437341,,rD044,802424460,100.00,,
15.046590260,69883752,,rFF44,802392820,100.00,,
15.046590260,10867795081,,instructions,802371530,100.00,3.61,insn per cycle
15.046590260,3008918305,,cycles,802382481,100.00,,
15.146924579,1630048,,rD044,802689004,100.00,,
15.146924579,73014691,,rFF44,802770288,100.00,,
15.146924579,11248260324,,instructions,802804408,100.00,3.74,insn per cycle
15.146924579,3010555327,,cycles,802818487,100.00,,
15.247243628,1777815,,rD044,802627174,100.00,,
15.247243628,69180558,,rFF44,802608340,100.00,,
15.247243628,10779664299,,instructions,802600760,100.00,3.58,insn per cycle
15.247243628,3009803661,,cycles,802617860,100.00,,
15.347574377,1935817,,rD044,802524810,100.00,,
15.347574377,72394378,,rFF44,802451790,100.00,,
15.347574377,11158394286,,instructions,802428760,100.00,3.71,insn per cycle
15.347574377,3008905110,,cycles,802390687,100.00,,
15.447871286,1564700,,rD044,802425451,100.00,,
15.447871286,69376181,,rFF44,802441398,100.00,,
15.447871286,10802839692,,instructions,802444138,100.00,3.59,insn per cycle
15.447871286,3009365132,,cycles,802509831,100.00,,
15.548184975,1624547,,rD044,802431357,100.00,,
15.548184975,71428348,,rFF44,802408150,100.00,,
15.548184975,11045537039,,instructions,802406440,100.00,3.67,insn per cycle
15.548184975,3008817872,,cycles,802355420,100.00,,
15.648479033,1767980,,rD044,802421740,100.00,,
15.648479033,70824053,,rFF44,802461710,100.00,,
15.648479033,10979378328,,instructions,802481320,100.00,3.65,insn per cycle
15.648479033,3009264916,,cycles,802474680,100.00,,
15.748787972,1778392,,rD044,802320240,100.00,,
15.748787972,69319435,,rFF44,802287180,100.00,,
15.748787972,10790238198,,instructions,802265780,100.00,3.59,insn per cycle
15.748787972,3008434687,,cycles,802266347,100.00,,
15.849086661,1655966,,rD044,802402430,100.00,,
15.849086661,72656983,,rFF44,802416377,100.00,,
15.849086661,11206909258,,instructions,802419178,100.00,3.72,insn per cycle
15.849086661,3009014905,,cycles,802408821,100.00,,
15.949385520,1535012,,rD044,802535218,100.00,,
15.949385520,69240545,,rFF44,802576171,100.00,,
15.949385520,10792145180,,instructions,802575910,100.00,3.59,insn per cycle
15.949385520,3009643135,,cycles,802575260,100.00,,
16.049711689,2112786,,rD044,802459840,100.00,,
16.049711689,72860147,,rFF44,802426730,100.00,,
16.049711689,11226371109,,instructions,802433680,100.00,3.73,insn per cycle
16.049711689,3009123712,,cycles,802436910,100.00,,
16.150009278,1690175,,rD044,802520950,100.00,,
16.150009278,68998426,,rFF44,802630295,100.00,,
16.150009278,10748400001,,instructions,802772938,100.00,3.57,insn per cycle
16.150009278,3010553884,,cycles,802818258,100.00,,
16.250371507,1613204,,rD044,802799308,100.00,,
16.250371507,72759635,,rFF44,802702863,100.00,,
16.250371507,11209057817,,instructions,802573640,100.00,3.72,insn per cycle
16.250371507,3009509155,,cycles,802543290,100.00,,
16.350683106,1401550,,rD044,802407330,100.00,,
16.350683106,69947527,,rFF44,802385310,100.00,,
16.350683106,10868542465,,instructions,802372870,100.00,3.61,insn per cycle
16.350683106,3008799959,,cycles,802357040,100.00,,
16.450990375,1637225,,rD044,802477360,100.00,,
16.450990375,72774560,,rFF44,802489921,100.00,,
16.450990375,11216518563,,instructions,802502788,100.00,3.73,insn per cycle
16.450990375,3009370101,,cycles,802502658,100.00,,
16.551293984,1830853,,rD044,802408806,100.00,,
16.551293984,70190120,,rFF44,802395317,100.00,,
16.551293984,10899784545,,instructions,802379530,100.00,3.62,insn per cycle
16.551293984,3008876071,,cycles,802376180,100.00,,
16.651592093,1812129,,rD044,802385652,100.00,,
16.651592093,72971010,,rFF44,802430790,100.00,,
16.651592093,11247032245,,instructions,802432940,100.00,3.74,insn per cycle
16.651592093,3009147307,,cycles,802443410,100.00,,
16.751898442,1596119,,rD044,802494990,100.00,,
16.751898442,69744538,,rFF44,802462420,100.00,,
16.751898442,10852163755,,instructions,802749144,100.00,3.60,insn per cycle
16.751898442,3010324664,,cycles,802757018,100.00,,
16.852238661,1905325,,rD044,802643610,100.00,,
16.852238661,72744984,,rFF44,802622118,100.00,,
16.852238661,11210115687,,instructions,802319484,100.00,3.73,insn per cycle
16.852238661,3008644274,,cycles,802309170,100.00,,
16.952551860,1559954,,rD044,802620708,100.00,,
16.952551860,69726936,,rFF44,802705330,100.00,,
16.952551860,10834891915,,instructions,802718200,100.00,3.60,insn per cycle
16.952551860,3010159069,,cycles,802713030,100.00,,
17.052871569,1881054,,rD044,802454380,100.00,,
17.052871569,72990430,,rFF44,802382300,100.00,,
17.052871569,11254437353,,instructions,802383510,100.00,3.74,insn per cycle
17.052871569,3009151809,,cycles,802443974,100.00,,
17.153186238,1480243,,rD044,802514030,100.00,,
17.153186238,69779998,,rFF44,802521656,100.00,,
17.153186238,10845897750,,instructions,802521998,100.00,3.60,insn per cycle
17.153186238,3009277087,,cycles,802477954,100.00,,
17.253487577,1687026,,rD044,802427178,100.00,,
17.253487577,72600338,,rFF44,802453182,100.00,,
17.253487577,11193736001,,instructions,802450440,100.00,3.72,insn per cycle
17.253487577,3009126530,,cycles,802437490,100.00,,
17.353794516,1847012,,rD044,802491760,100.00,,
17.353794516,70143930,,rFF44,802469850,100.00,,
17.353794516,10889241324,,instructions,802478460,100.00,3.62,insn per cycle
17.353794516,3009265364,,cycles,802474560,100.00,,
17.454112615,1666032,,rD044,802449180,100.00,,
17.454112615,72564275,,rFF44,802437130,100.00,,
17.454112615,11188040510,,instructions,802427010,100.00,3.72,insn per cycle
17.454112615,3009083459,,cycles,802433598,100.00,,
17.554410454,1521914,,rD044,802364800,100.00,,
17.554410454,69211921,,rFF44,802345037,100.00,,
17.554410454,10781693346,,instructions,802339868,100.00,3.58,insn per cycle
17.554410454,3008753349,,cycles,802338430,100.00,,
17.654704163,2155560,,rD044,802706688,100.00,,
17.654704163,72915573,,rFF44,802961801,100.00,,
17.654704163,11245424445,,instructions,803069890,100.00,3.73,insn per cycle
17.654704163,3011594295,,cycles,803094960,100.00,,
17.755103213,1773877,,rD044,802874530,100.00,,
17.755103213,68652854,,rFF44,802706716,100.00,,
17.755103213,10710394520,,instructions,802614258,100.00,3.56,insn per cycle
17.755103213,3009684418,,cycles,802586788,100.00,,
17.855416801,1958872,,rD044,802685808,100.00,,
17.855416801,72669910,,rFF44,802717172,100.00,,
17.855416801,11205508989,,instructions,802746260,100.00,3.72,insn per cycle
17.855416801,3010325577,,cycles,802757270,100.00,,
17.955762731,1415297,,rD044,802686290,100.00,,
17.955762731,69492839,,rFF44,802743780,100.00,,
17.955762731,10813842286,,instructions,802743587,100.00,3.59,insn per cycle
17.955762731,3010271277,,cycles,802742528,100.00,,
18.056117880,1755967,,rD044,802673397,100.00,,
18.056117880,72760514,,rFF44,802509448,100.00,,
18.056117880,11218358924,,instructions,802486431,100.00,3.73,insn per cycle
18.056117880,3009316625,,cycles,802489390,100.00,,
18.156416299,1477327,,rD044,802462151,100.00,,
18.156416299,69882693,,rFF44,802506870,100.00,,
18.156416299,10861332864,,instructions,802505140,100.00,3.61,insn per cycle
18.156416299,3009371856,,cycles,802502590,100.00,,
18.256727338,1750495,,rD044,802363029,100.00,,
18.256727338,72944449,,rFF44,802333869,100.00,,
18.256727338,11244470759,,instructions,802319339,100.00,3.74,insn per cycle
18.256727338,3008604003,,cycles,802319630,100.00,,
18.357028357,1748680,,rD044,802449310,100.00,,
18.357028357,69950435,,rFF44,802451454,100.00,,
18.357028357,10873976549,,instructions,802457818,100.00,3.61,insn per cycle
18.357028357,3009170294,,cycles,802459347,100.00,,
18.457324266,1666836,,rD044,802084164,100.00,,
18.457324266,72591522,,rFF44,802090862,100.00,,
18.457324266,11188275658,,instructions,802094368,100.00,3.72,insn per cycle
18.457324266,3007494439,,cycles,802072628,100.00,,
18.557628235,1473548,,rD044,802410162,100.00,,
18.557628235,69076958,,rFF44,802396780,100.00,,
18.557628235,10762849242,,instructions,802381660,100.00,3.58,insn per cycle
18.557628235,3008919203,,cycles,802382430,100.00,,
18.657926813,1819816,,rD044,802581180,100.00,,
18.657926813,72819207,,rFF44,802759300,100.00,,
18.657926813,11224464956,,instructions,802771194,100.00,3.73,insn per cycle
18.657926813,3010426122,,cycles,802784048,100.00,,
18.758276753,1638435,,rD044,802598473,100.00,,
18.758276753,70063476,,rFF44,802425178,100.00,,
18.758276753,10887984894,,instructions,802424554,100.00,3.62,insn per cycle
18.758276753,3009084197,,cycles,802426620,100.00,,
18.858616782,1458118,,rD044,802765915,100.00,,
18.858616782,72875876,,rFF44,802778440,100.00,,
18.858616782,11230857992,,instructions,802775130,100.00,3.73,insn per cycle
18.858616782,3010364228,,cycles,802767420,100.00,,
18.958928221,1424197,,rD044,802482300,100.00,,
18.958928221,68498773,,rFF44,802609050,100.00,,
18.958928221,10697296011,,instructions,802607388,100.00,3.55,insn per cycle
18.958928221,3009792765,,cycles,802615638,100.00,,
19.059256400,1652577,,rD044,802620018,100.00,,
19.059256400,72486239,,rFF44,802469568,100.00,,
19.059256400,11170746591,,instructions,802475310,100.00,3.71,insn per cycle
19.059256400,3009260309,,cycles,802473390,100.00,,
19.159558889,1404092,,rD044,802367160,100.00,,
19.159558889,69532099,,rFF44,802364050,100.00,,
19.159558889,10812578058,,instructions,802354540,100.00,3.59,insn per cycle
19.159558889,3008776471,,cycles,802344030,100.00,,
19.259854348,1399918,,rD044,802419050,100.00,,
19.259854348,72375367,,rFF44,802428150,100.00,,
19.259854348,11151297034,,instructions,802440570,100.00,3.71,insn per cycle
19.259854348,3009205545,,cycles,802461991,100.00,,
19.360170997,1599686,,rD044,802440840,100.00,,
19.360170997,69971267,,rFF44,802438141,100.00,,
19.360170997,10872240609,,instructions,802433938,100.00,3.61,insn per cycle
19.360170997,3009062583,,cycles,802426157,100.00,,
19.460471726,1728236,,rD044,802386546,100.00,,
19.460471726,72531430,,rFF44,802376387,100.00,,
19.460471726,11174018022,,instructions,802376640,100.00,3.71,insn per cycle
19.460471726,3008891847,,cycles,802375070,100.00,,
19.560770155,1528874,,rD044,802393452,100.00,,
19.560770155,69462013,,rFF44,802398910,100.00,,
19.560770155,10814989274,,instructions,802400640,100.00,3.59,insn per cycle
19.560770155,3008960807,,cycles,802393280,100.00,,
19.661066983,1896212,,rD044,802362920,100.00,,
19.661066983,72908053,,rFF44,802351120,100.00,,
19.661066983,11231178429,,instructions,802341400,100.00,3.73,insn per cycle
19.661066983,3008756402,,cycles,802338860,100.00,,
19.761362422,1752881,,rD044,802413470,100.00,,
19.761362422,70163089,,rFF44,802455980,100.00,,
19.761362422,10896121753,,instructions,802469594,100.00,3.62,insn per cycle
19.761362422,3009296406,,cycles,802487158,100.00,,
19.861675571,1598001,,rD044,802442253,100.00,,
19.861675571,72692288,,rFF44,802407848,100.00,,
19.861675571,11197126444,,instructions,802388334,100.00,3.72,insn per cycle
19.861675571,3008861914,,cycles,802373500,100.00,,
19.962000610,1782364,,rD044,802626475,100.00,,
19.962000610,69596762,,rFF44,802660660,100.00,,
19.962000610,10824912110,,instructions,802681630,100.00,3.60,insn per cycle
19.962000610,3010034293,,cycles,802679770,100.00,,
20.062309589,1931757,,rD044,802560870,100.00,,
20.062309589,72834981,,rFF44,802545890,100.00,,
20.062309589,11217101891,,instructions,802560522,100.00,3.73,insn per cycle
20.062309589,3009675591,,cycles,802583948,100.00,,
20.162625128,1655235,,rD044,802421620,100.00,,
20.162625128,69432437,,rFF44,802408118,100.00,,
20.162625128,10813994127,,instructions,802392826,100.00,3.59,insn per cycle
20.162625128,3008923605,,cycles,802383550,100.00,,
20.262931017,1735281,,rD044,802503228,100.00,,
20.262931017,73230937,,rFF44,802649180,100.00,,
20.262931017,11276757144,,instructions,802659250,100.00,3.75,insn per cycle
20.262931017,3009958655,,cycles,802659550,100.00,,
20.363261026,1527254,,rD044,802551870,100.00,,
20.363261026,69271785,,rFF44,802410030,100.00,,
20.363261026,10789465547,,instructions,802390870,100.00,3.59,insn per cycle
20.363261026,3008955316,,cycles,802391990,100.00,,
20.463562065,1282064,,rD044,802358290,100.00,,
20.463562065,72721737,,rFF44,802357380,100.00,,
20.463562065,11200094169,,instructions,802375428,100.00,3.72,insn per cycle
20.463562065,3008788955,,cycles,802357288,100.00,,
20.563865754,1647677,,rD044,802445027,100.00,,
20.563865754,69023520,,rFF44,802441718,100.00,,
20.563865754,10756312517,,instructions,802408190,100.00,3.57,insn per cycle
20.563865754,3009090019,,cycles,802428070,100.00,,
20.664190883,1564855,,rD044,802561561,100.00,,
20.664190883,72742537,,rFF44,802549350,100.00,,
20.664190883,11201649953,,instructions,802562440,100.00,3.72,insn per cycle
20.664190883,3009564605,,cycles,802554610,100.00,,
20.764490132,1500885,,rD044,802409620,100.00,,
20.764490132,69181815,,rFF44,802433360,100.00,,
20.764490132,10777511588,,instructions,802430780,100.00,3.58,insn per cycle
20.764490132,3009033689,,cycles,802412784,100.00,,
20.864797781,1627156,,rD044,802417750,100.00,,
20.864797781,72858485,,rFF44,802423517,100.00,,
20.864797781,11217629325,,instructions,802432398,100.00,3.73,insn per cycle
20.864797781,3009149508,,cycles,802451424,100.00,,
20.965120860,1536684,,rD044,802693418,100.00,,
20.965120860,70312541,,rFF44,802689221,100.00,,
20.965120860,10917325769,,instructions,802685590,100.00,3.63,insn per cycle
20.965120860,3010052605,,cycles,802685040,100.00,,
21.065436339,1730402,,rD044,802399950,100.00,,
21.065436339,72712192,,rFF44,802398990,100.00,,
21.065436339,11200006471,,instructions,802395490,100.00,3.72,insn per cycle
21.065436339,3008935632,,cycles,802386290,100.00,,
21.165725997,2131275,,rD044,802352760,100.00,,
21.165725997,69760654,,rFF44,802384690,100.00,,
21.165725997,10832104234,,instructions,802390056,100.00,3.60,insn per cycle
21.165725997,3008975694,,cycles,802397498,100.00,,
21.266037706,1812226,,rD044,802433174,100.00,,
21.266037706,72059256,,rFF44,802381418,100.00,,
21.266037706,11116529476,,instructions,802382592,100.00,3.69,insn per cycle
21.266037706,3008877908,,cycles,802371550,100.00,,
21.366333615,1740580,,rD044,802334703,100.00,,
21.366333615,70420761,,rFF44,802354539,100.00,,
21.366333615,10929358683,,instructions,802361719,100.00,3.63,insn per cycle
21.366333615,3008826933,,cycles,802373179,100.00,,
21.466636804,1787615,,rD044,802404870,100.00,,
21.466636804,70738114,,rFF44,802379750,100.00,,
21.466636804,10961860592,,instructions,802361200,100.00,3.64,insn per cycle
21.466636804,3008805942,,cycles,802357240,100.00,,
21.566929473,1615279,,rD044,802372470,100.00,,
21.566929473,71364428,,rFF44,802538100,100.00,,
21.566929473,11050080177,,instructions,802550336,100.00,3.67,insn per cycle
21.566929473,3009557461,,cycles,802552608,100.00,,
21.667252772,1585679,,rD044,802567554,100.00,,
21.667252772,69021803,,rFF44,802421528,100.00,,
21.667252772,10755627483,,instructions,802414322,100.00,3.57,insn per cycle
21.667252772,3009072843,,cycles,802423590,100.00,,
21.767557061,1324172,,rD044,802431434,100.00,,
21.767557061,72737300,,rFF44,802440010,100.00,,
21.767557061,11206092270,,instructions,802477320,100.00,3.72,insn per cycle
21.767557061,3009299588,,cycles,802483580,100.00,,
21.867866980,1521161,,rD044,802509940,100.00,,
21.867866980,68027762,,rFF44,802497570,100.00,,
21.867866980,10633335437,,instructions,802465670,100.00,3.53,insn per cycle
21.867866980,3009300571,,cycles,802483952,100.00,,
21.968180449,1654752,,rD044,802483030,100.00,,
21.968180449,73082638,,rFF44,802504924,100.00,,
21.968180449,11257921920,,instructions,802504578,100.00,3.74,insn per cycle
21.968180449,3009202912,,cycles,802462266,100.00,,
22.068484198,1709520,,rD044,802419838,100.00,,
22.068484198,69188844,,rFF44,802410024,100.00,,
22.068484198,10772558798,,instructions,802417590,100.00,3.58,insn per cycle
22.068484198,3009129227,,cycles,802438670,100.00,,
22.168783816,1813542,,rD044,802369460,100.00,,
22.168783816,72793794,,rFF44,802359700,100.00,,
22.168783816,11217123354,,instructions,802347790,100.00,3.73,insn per cycle
22.168783816,3008730304,,cycles,802332090,100.00,,
22.269093315,1488549,,rD044,802391149,100.00,,
22.269093315,70380232,,rFF44,802393149,100.00,,
22.269093315,10926070531,,instructions,802391229,100.00,3.63,insn per cycle
22.269093315,3008844956,,cycles,802393211,100.00,,
22.369395204,1917826,,rD044,802424690,100.00,,
22.369395204,72807425,,rFF44,802425035,100.00,,
22.369395204,11221835177,,instructions,802424208,100.00,3.73,insn per cycle
22.369395204,3009047021,,cycles,802433486,100.00,,
22.469691823,1571000,,rD044,802277786,100.00,,
22.469691823,69935757,,rFF44,802263903,100.00,,
22.469691823,10875841754,,instructions,802271830,100.00,3.62,insn per cycle
22.469691823,3008456471,,cycles,802258610,100.00,,
22.570004272,1964234,,rD044,802523582,100.00,,
22.570004272,72839052,,rFF44,802527820,100.00,,
22.570004272,11226261694,,instructions,802517980,100.00,3.73,insn per cycle
22.570004272,3009444532,,cycles,802522640,100.00,,
22.670306421,1594560,,rD044,802440140,100.00,,
22.670306421,69301330,,rFF44,802469340,100.00,,
22.670306421,10790271593,,instructions,802486450,100.00,3.59,insn per cycle
22.670306421,3009258092,,cycles,802482213,100.00,,
22.770613810,1819122,,rD044,802465000,100.00,,
22.770613810,72848072,,rFF44,802480636,100.00,,
22.770613810,11230128822,,instructions,802481248,100.00,3.73,insn per cycle
22.770613810,3009297886,,cycles,802483395,100.00,,
22.870926009,1460650,,rD044,802433948,100.00,,
22.870926009,69048827,,rFF44,802511762,100.00,,
22.870926009,10762611450,,instructions,802662470,100.00,3.58,insn per cycle
22.870926009,3010015647,,cycles,802674260,100.00,,
22.971258468,1855374,,rD044,802653100,100.00,,
22.971258468,72701627,,rFF44,802531890,100.00,,
22.971258468,11206575568,,instructions,802366780,100.00,3.72,insn per cycle
22.971258468,3008773429,,cycles,802343750,100.00,,
23.071555567,1350311,,rD044,802438580,100.00,,
23.071555567,69842366,,rFF44,802488540,100.00,,
23.071555567,10851177404,,instructions,802492338,100.00,3.61,insn per cycle
23.071555567,3009323347,,cycles,802489958,100.00,,
23.171863676,1886411,,rD044,802388834,100.00,,
23.171863676,72699637,,rFF44,802357888,100.00,,
23.171863676,11207714064,,instructions,802364080,100.00,3.72,insn per cycle
23.171863676,3009030079,,cycles,802412190,100.00,,
23.272179265,1703521,,rD044,802514754,100.00,,
23.272179265,69831876,,rFF44,802494880,100.00,,
23.272179265,10844269291,,instructions,802496450,100.00,3.60,insn per cycle
23.272179265,3009225540,,cycles,802463900,100.00,,
23.372479713,1629273,,rD044,802429200,100.00,,
23.372479713,72386192,,rFF44,802425610,100.00,,
23.372479713,11160327452,,instructions,802421120,100.00,3.71,insn per cycle
23.372479713,3009065870,,cycles,802422070,100.00,,
23.472782682,1442767,,rD044,802530059,100.00,,
23.472782682,69675362,,rFF44,802589447,100.00,,
23.472782682,10826627526,,instructions,802587957,100.00,3.60,insn per cycle
23.472782682,3009628148,,cycles,802592217,100.00,,
23.573130162,1865931,,rD044,802582318,100.00,,
23.573130162,72630719,,rFF44,802527530,100.00,,
23.573130162,11199877988,,instructions,802539410,100.00,3.72,insn per cycle
23.573130162,3009488349,,cycles,802534080,100.00,,
23.673431021,1345100,,rD044,802411350,100.00,,
23.673431021,70306811,,rFF44,802420660,100.00,,
23.673431021,10916735982,,instructions,802406670,100.00,3.63,insn per cycle
23.673431021,3009026323,,cycles,802410910,100.00,,
23.773731239,2152944,,rD044,802400190,100.00,,
23.773731239,72879626,,rFF44,802395440,100.00,,
23.773731239,11237933665,,instructions,802395852,100.00,3.73,insn per cycle
23.773731239,3008929989,,cycles,802385278,100.00,,
23.874032988,1552462,,rD044,802385030,100.00,,
23.874032988,69716901,,rFF44,802376478,100.00,,
23.874032988,10838561584,,instructions,802371926,100.00,3.60,insn per cycle
23.874032988,3008908730,,cycles,802379080,100.00,,
23.974328447,1536138,,rD044,802413278,100.00,,
23.974328447,72707469,,rFF44,802426460,100.00,,
23.974328447,11209509676,,instructions,802438100,100.00,3.73,insn per cycle
23.974328447,3009094422,,cycles,802429350,100.00,,
24.074632876,1668359,,rD044,802458320,100.00,,
24.074632876,69320209,,rFF44,802468380,100.00,,
24.074632876,10798280937,,instructions,802459540,100.00,3.59,insn per cycle
24.074632876,3009235396,,cycles,802466370,100.00,,
24.174941085,1689334,,rD044,802394470,100.00,,
24.174941085,72638618,,rFF44,802462870,100.00,,
24.174941085,11197800164,,instructions,802460453,100.00,3.72,insn per cycle
24.174941085,3009204707,,cycles,802458498,100.00,,
24.275248474,1421636,,rD044,802465102,100.00,,
24.275248474,69499851,,rFF44,802384318,100.00,,
24.275248474,10816768128,,instructions,802390345,100.00,3.59,insn per cycle
24.275248474,3009087973,,cycles,802427190,100.00,,
24.375590263,1722043,,rD044,802768506,100.00,,
24.375590263,72733700,,rFF44,802784250,100.00,,
24.375590263,11211817353,,instructions,802789840,100.00,3.72,insn per cycle
24.375590263,3010327977,,cycles,802764270,100.00,,
24.475902332,1870741,,rD044,802446460,100.00,,
24.475902332,69560639,,rFF44,802410600,100.00,,
24.475902332,10819657039,,instructions,802476643,100.00,3.60,insn per cycle
24.475902332,3009282256,,cycles,802485788,100.00,,
24.576215031,2190843,,rD044,802511773,100.00,,
24.576215031,72760286,,rFF44,802522488,100.00,,
24.576215031,11214385235,,instructions,802456325,100.00,3.73,insn per cycle
24.576215031,3009167399,,cycles,802448070,100.00,,
24.676522820,1656929,,rD044,802443435,100.00,,
24.676522820,68887729,,rFF44,802480740,100.00,,
24.676522820,10739412890,,instructions,802476420,100.00,3.57,insn per cycle
24.676522820,3009229178,,cycles,802464830,100.00,,
24.776830679,1649292,,rD044,802454250,100.00,,
24.776830679,72743805,,rFF44,802438200,100.00,,
24.776830679,11210325351,,instructions,802430180,100.00,3.73,insn per cycle
24.776830679,3009043213,,cycles,802425870,100.00,,
24.877144318,1560854,,rD044,802475180,100.00,,
24.877144318,70259919,,rFF44,802467390,100.00,,
24.877144318,10915487024,,instructions,802479458,100.00,3.63,insn per cycle
24.877144318,3009360753,,cycles,802500448,100.00,,
24.977456367,1859587,,rD044,802588528,100.00,,
24.977456367,72773851,,rFF44,802617738,100.00,,
24.977456367,11215223009,,instructions,802615060,100.00,3.73,insn per cycle
24.977456367,3009794245,,cycles,802615300,100.00,,
25.077776586,1465549,,rD044,802581640,100.00,,
25.077776586,68918457,,rFF44,802583100,100.00,,
25.077776586,10739663660,,instructions,802639490,100.00,3.57,insn per cycle
25.077776586,3009880001,,cycles,802639040,100.00,,
25.178116155,1552634,,rD044,802722632,100.00,,
25.178116155,72694355,,rFF44,802893588,100.00,,
25.178116155,11199047001,,instructions,802841088,100.00,3.72,insn per cycle
25.178116155,3010890241,,cycles,802906268,100.00,,
25.278471705,1764513,,rD044,802810266,100.00,,
25.278471705,69559021,,rFF44,802623110,100.00,,
25.278471705,10820247906,,instructions,802616470,100.00,3.60,insn per cycle
25.278471705,3009540516,,cycles,802549400,100.00,,
25.378786914,1705888,,rD044,802471820,100.00,,
25.378786914,72737428,,rFF44,802455560,100.00,,
25.378786914,11207325223,,instructions,802470221,100.00,3.72,insn per cycle
25.378786914,3009176838,,cycles,802458048,100.00,,
25.479110783,1533647,,rD044,802493012,100.00,,
25.479110783,69219437,,rFF44,802482218,100.00,,
25.479110783,10787831253,,instructions,802468817,100.00,3.58,insn per cycle
25.479110783,3009239345,,cycles,802467950,100.00,,
25.579408721,1456367,,rD044,802376676,100.00,,
25.579408721,72811809,,rFF44,802368240,100.00,,
25.579408721,11218298321,,instructions,802356140,100.00,3.73,insn per cycle
25.579408721,3008782437,,cycles,802345810,100.00,,
25.679700820,1595244,,rD044,802334180,100.00,,
25.679700820,68724957,,rFF44,802348080,100.00,,
25.679700820,10715156772,,instructions,802350390,100.00,3.56,insn per cycle
25.679700820,3008837014,,cycles,802360580,100.00,,
25.779998459,1951833,,rD044,802377800,100.00,,
25.779998459,72670167,,rFF44,802363400,100.00,,
25.779998459,11196689756,,instructions,802367530,100.00,3.72,insn per cycle
25.779998459,3008881687,,cycles,802372202,100.00,,
25.880296658,1611325,,rD044,802450840,100.00,,
25.880296658,70098164,,rFF44,802476005,100.00,,
25.880296658,10893662353,,instructions,802469818,100.00,3.62,insn per cycle
25.880296658,3009219684,,cycles,802462496,100.00,,
25.980604147,1671018,,rD044,802399058,100.00,,
25.980604147,72747397,,rFF44,802384463,100.00,,
25.980604147,11204735320,,instructions,802397130,100.00,3.72,insn per cycle
25.980604147,3008966259,,cycles,802405250,100.00,,
26.080920506,1762595,,rD044,802459320,100.00,,
26.080920506,68906452,,rFF44,802500390,100.00,,
26.080920506,10750035542,,instructions,802548980,100.00,3.57,insn per cycle
26.080920506,3009508914,,cycles,802552050,100.00,,
26.181231005,1875431,,rD044,802426539,100.00,,
26.181231005,72817461,,rFF44,802422429,100.00,,
26.181231005,11213649029,,instructions,802374034,100.00,3.73,insn per cycle
26.181231005,3008747730,,cycles,802365047,100.00,,
26.281561044,1678540,,rD044,802583108,100.00,,
26.281561044,69443498,,rFF44,802555918,100.00,,
26.281561044,10813625857,,instructions,802551443,100.00,3.59,insn per cycle
26.281561044,3009599445,,cycles,802563590,100.00,,
26.381865003,1872177,,rD044,802481890,100.00,,
26.381865003,72558853,,rFF44,802585870,100.00,,
26.381865003,11175397018,,instructions,802684870,100.00,3.71,insn per cycle
26.381865003,3010135425,,cycles,802732020,100.00,,
26.482219412,1772463,,rD044,802867672,100.00,,
26.482219412,69207191,,rFF44,802815308,100.00,,
26.482219412,10780751626,,instructions,802724188,100.00,3.58,insn per cycle
26.482219412,3009990751,,cycles,802674568,100.00,,
26.582553741,1810209,,rD044,802478676,100.00,,
26.582553741,72721413,,rFF44,802415910,100.00,,
26.582553741,11200692365,,instructions,802422630,100.00,3.72,insn per cycle
26.582553741,3009063009,,cycles,802420320,100.00,,
26.682852950,1588354,,rD044,802390790,100.00,,
26.682852950,69221840,,rFF44,802387050,100.00,,
26.682852950,10788577150,,instructions,802376850,100.00,3.59,insn per cycle
26.682852950,3008894282,,cycles,802375810,100.00,,
26.783183619,1803847,,rD044,802644850,100.00,,
26.783183619,72765835,,rFF44,802669242,100.00,,
26.783183619,11207370249,,instructions,802682658,100.00,3.72,insn per cycle
26.783183619,3010152676,,cycles,802711388,100.00,,
26.883494538,1585041,,rD044,802582328,100.00,,
26.883494538,69842233,,rFF44,802649996,100.00,,
26.883494538,10860499030,,instructions,802664730,100.00,3.61,insn per cycle
26.883494538,3009832451,,cycles,802625580,100.00,,
26.983817757,2206738,,rD044,802469660,100.00,,
26.983817757,72534515,,rFF44,802375790,100.00,,
26.983817757,11169595682,,instructions,802346530,100.00,3.71,insn per cycle
26.983817757,3008800921,,cycles,802351240,100.00,,
27.084122806,1662429,,rD044,802425530,100.00,,
27.084122806,69625445,,rFF44,802427650,100.00,,
27.084122806,10837368530,,instructions,802430010,100.00,3.60,insn per cycle
27.084122806,3009076237,,cycles,802423778,100.00,,
27.184419535,1708483,,rD044,802386620,100.00,,
27.184419535,72882662,,rFF44,802396788,100.00,,
27.184419535,11225717541,,instructions,802387198,100.00,3.73,insn per cycle
27.184419535,3008934122,,cycles,802386560,100.00,,
27.284719794,1591176,,rD044,802483368,100.00,,
27.284719794,69448930,,rFF44,802489050,100.00,,
27.284719794,10814015835,,instructions,802490260,100.00,3.59,insn per cycle
27.284719794,3009383885,,cycles,802506070,100.00,,
27.385035693,1878856,,rD044,802399760,100.00,,
27.385035693,72515430,,rFF44,802381240,100.00,,
27.385035693,11172083183,,instructions,802382830,100.00,3.71,insn per cycle
27.385035693,3008829976,,cycles,802372110,100.00,,
27.485333002,1794077,,rD044,802543600,100.00,,
27.485333002,69176827,,rFF44,802633791,100.00,,
27.485333002,10778259749,,instructions,802630628,100.00,3.58,insn per cycle
27.485333002,3009848224,,cycles,802629648,100.00,,
27.585662521,1854159,,rD044,802455496,100.00,,
27.585662521,71811300,,rFF44,802358737,100.00,,
27.585662521,11089091217,,instructions,802363800,100.00,3.69,insn per cycle
27.585662521,3008828665,,cycles,802366810,100.00,,
27.685958980,1653716,,rD044,802552932,100.00,,
27.685958980,70618623,,rFF44,802641720,100.00,,
27.685958980,10945656960,,instructions,802680360,100.00,3.64,insn per cycle
27.685958980,3010175864,,cycles,802717350,100.00,,
27.786301259,1440477,,rD044,802613400,100.00,,
27.786301259,70085169,,rFF44,802569890,100.00,,
27.786301259,10887096406,,instructions,802540435,100.00,3.62,insn per cycle
27.786301259,3009389373,,cycles,802507728,100.00,,
27.886609958,1815577,,rD044,802434163,100.00,,
27.886609958,72632207,,rFF44,802425028,100.00,,
27.886609958,11190213235,,instructions,802438273,100.00,3.72,insn per cycle
27.886609958,3009082534,,cycles,802426050,100.00,,
27.986915917,1353882,,rD044,802417775,100.00,,
27.986915917,69957004,,rFF44,802424790,100.00,,
27.986915917,10863593514,,instructions,802497150,100.00,3.61,insn per cycle
27.986915917,3009391791,,cycles,802508120,100.00,,
28.087243176,1975359,,rD044,802609380,100.00,,
28.087243176,72546261,,rFF44,802573600,100.00,,
28.087243176,11179147313,,instructions,802475870,100.00,3.71,insn per cycle
28.087243176,3009214740,,cycles,802472180,100.00,,
28.187537445,1746763,,rD044,802479750,100.00,,
28.187537445,69477862,,rFF44,802517036,100.00,,
28.187537445,10811296141,,instructions,802522908,100.00,3.59,insn per cycle
28.187537445,3009431311,,cycles,802518918,100.00,,
28.287855114,1745822,,rD044,802531958,100.00,,
28.287855114,72816841,,rFF44,802505762,100.00,,
28.287855114,11220674140,,instructions,802495420,100.00,3.73,insn per cycle
28.287855114,3009560425,,cycles,802553450,100.00,,
28.388184063,1597877,,rD044,802673769,100.00,,
28.388184063,69144212,,rFF44,802798439,100.00,,
28.388184063,10773797323,,instructions,802842241,100.00,3.58,insn per cycle
28.388184063,3010727790,,cycles,802874257,100.00,,
28.488542292,2012788,,rD044,802777626,100.00,,
28.488542292,72653721,,rFF44,802882958,100.00,,
28.488542292,11199006639,,instructions,802968206,100.00,3.72,insn per cycle
28.488542292,3010821586,,cycles,802890490,100.00,,
28.588902032,1644994,,rD044,802868352,100.00,,
28.588902032,69288398,,rFF44,802845540,100.00,,
28.588902032,10790293010,,instructions,802810385,100.00,3.58,insn per cycle
28.588902032,3010736101,,cycles,802866018,100.00,,
28.689258131,1878873,,rD044,802799596,100.00,,
28.689258131,73119396,,rFF44,802607298,100.00,,
28.689258131,11267791092,,instructions,802531673,100.00,3.74,insn per cycle
28.689258131,3009277383,,cycles,802478650,100.00,,
28.789574460,1779859,,rD044,802473042,100.00,,
28.789574460,68923018,,rFF44,802458830,100.00,,
28.789574460,10742639744,,instructions,802446490,100.00,3.57,insn per cycle
28.789574460,3009134132,,cycles,802439320,100.00,,
28.889873599,1850993,,rD044,802638600,100.00,,
28.889873599,72951777,,rFF44,802862454,100.00,,
28.889873599,11248483961,,instructions,803020498,100.00,3.74,insn per cycle
28.889873599,3011563426,,cycles,803086588,100.00,,
28.990262449,1894300,,rD044,802860018,100.00,,
28.990262449,68901452,,rFF44,802635904,100.00,,
28.990262449,10740475732,,instructions,802483220,100.00,3.57,insn per cycle
28.990262449,3009076953,,cycles,802425590,100.00,,
29.090564848,1697050,,rD044,802425420,100.00,,
29.090564848,72896927,,rFF44,802443220,100.00,,
29.090564848,11238366681,,instructions,802449600,100.00,3.73,insn per cycle
29.090564848,3009155583,,cycles,802445000,100.00,,
29.190875107,1571771,,rD044,802470930,100.00,,
29.190875107,69559808,,rFF44,802493750,100.00,,
29.190875107,10825129220,,instructions,802483017,100.00,3.60,insn per cycle
29.190875107,3009977544,,cycles,802663688,100.00,,
29.291205486,1660666,,rD044,802741608,100.00,,
29.291205486,73017343,,rFF44,802727498,100.00,,
29.291205486,11257763838,,instructions,802738401,100.00,3.74,insn per cycle
29.291205486,3009575237,,cycles,802557980,100.00,,
29.391526105,1627677,,rD044,802418130,100.00,,
29.391526105,69094573,,rFF44,802399840,100.00,,
29.391526105,10763347766,,instructions,802397740,100.00,3.58,insn per cycle
29.391526105,3008910757,,cycles,802392670,100.00,,
29.491834064,1419598,,rD044,802442650,100.00,,
29.491834064,72615712,,rFF44,802442440,100.00,,
29.491834064,11195372741,,instructions,802435264,100.00,3.72,insn per cycle
29.491834064,3009074463,,cycles,802423358,100.00,,
29.592146273,1632334,,rD044,802496175,100.00,,
29.592146273,69899116,,rFF44,802512618,100.00,,
29.592146273,10859174918,,instructions,802540534,100.00,3.61,insn per cycle
29.592146273,3009575862,,cycles,802566320,100.00,,
29.692460862,1964967,,rD044,802473363,100.00,,
29.692460862,72774661,,rFF44,802454090,100.00,,
29.692460862,11221176270,,instructions,802425560,100.00,3.73,insn per cycle
29.692460862,3008953314,,cycles,802403530,100.00,,
29.792758451,1537822,,rD044,802463800,100.00,,
29.792758451,69858081,,rFF44,802476960,100.00,,
29.792758451,10856637093,,instructions,802482630,100.00,3.61,insn per cycle
29.792758451,3009341516,,cycles,802495142,100.00,,
29.893073100,1925168,,rD044,802543820,100.00,,
29.893073100,72747135,,rFF44,802558698,100.00,,
29.893073100,11217074347,,instructions,802555798,100.00,3.73,insn per cycle
29.893073100,3009600094,,cycles,802563996,100.00,,
29.993431699,2029538,,rD044,802811058,100.00,,
29.993431699,69025534,,rFF44,802777970,100.00,,
29.993431699,10751154146,,instructions,802773590,100.00,3.57,insn per cycle
29.993431699,3010363422,,cycles,802766960,100.00,,
30.093741038,1975395,,rD044,802458330,100.00,,
30.093741038,72779475,,rFF44,802457470,100.00,,
30.093741038,11222672853,,instructions,802463530,100.00,3.73,insn per cycle
30.093741038,3009216181,,cycles,802462046,100.00,,
30.194051097,1749365,,rD044,802292188,100.00,,
30.194051097,69491404,,rFF44,802285844,100.00,,
30.194051097,10818603589,,instructions,802271926,100.00,3.60,insn per cycle
30.194051097,3008316755,,cycles,802267040,100.00,,
30.294336616,1803348,,rD044,802341828,100.00,,
30.294336616,72414408,,rFF44,802390042,100.00,,
30.294336616,11164299911,,instructions,802401710,100.00,3.71,insn per cycle
30.294336616,3008946815,,cycles,802395170,100.00,,
30.394645805,1469562,,rD044,802372310,100.00,,
30.394645805,70193025,,rFF44,802343420,100.00,,
30.394645805,10897297886,,instructions,802333690,100.00,3.62,insn per cycle
30.394645805,3008662740,,cycles,802332200,100.00,,
30.494952253,1775751,,rD044,802467790,100.00,,
30.494952253,72635740,,rFF44,802468500,100.00,,
30.494952253,11197149798,,instructions,802465370,100.00,3.72,insn per cycle
30.494952253,3009215064,,cycles,802460903,100.00,,
30.567074398,1073373,,rD044,552413402,100.00,,
30.567074398,38206560,,rFF44,552163832,100.00,,
30.567074398,6094932898,,instructions,551977232,100.00,2.95,insn per cycle
30.567074398,2069151311,,cycles,551799069,100.00,,
