0.100121363,4286772,,rD044,88948027,100.00,,
0.100121363,19075907,,rFF44,88953967,100.00,,
0.100121363,414443737,,instructions,88958077,100.00,1.26,insn per cycle
0.100121363,329568950,,cycles,88962787,100.00,,
0.200357258,5492624,,rD044,100231426,100.00,,
0.200357258,24049449,,rFF44,100230506,100.00,,
0.200357258,506562424,,instructions,100230526,100.00,1.35,insn per cycle
0.200357258,375861570,,cycles,100230216,100.00,,
0.300544573,5490734,,rD044,100186835,100.00,,
0.300544573,24012381,,rFF44,100187525,100.00,,
0.300544573,506538372,,instructions,100188095,100.00,1.35,insn per cycle
0.300544573,375706008,,cycles,100188825,100.00,,
0.400731308,6717908,,rD044,100185196,100.00,,
0.400731308,28956023,,rFF44,100185506,100.00,,
0.400731308,103383895,,instructions,100185176,100.00,0.28,insn per cycle
0.400731308,375692344,,cycles,100184786,100.00,,
0.500920012,6927180,,rD044,100187335,100.00,,
0.500920012,30263393,,rFF44,100187005,100.00,,
0.500920012,37695998,,instructions,100187545,100.00,0.10,insn per cycle
0.500920012,375702596,,cycles,100187655,100.00,,
0.601166858,22573120,,rD044,5904563930,100.00,,
0.601166858,344205226,,rFF44,6034557037,100.00,,
0.601166858,52585028801,,instructions,6152826829,100.00,2.24,insn per cycle
0.601166858,23493938085,,cycles,6267160956,100.00,,
0.705468210,38614728,,rD044,13340656559,100.00,,
0.705468210,775737844,,rFF44,13334348215,100.00,,
0.705468210,120875132276,,instructions,13334287952,100.00,2.42,insn per cycle
0.705468210,49940138283,,cycles,13317484505,100.00,,
0.809073363,35913556,,rD044,13263889431,100.00,,
0.809073363,781921898,,rFF44,13263218517,100.00,,
0.809073363,121459588274,,instructions,13257926719,100.00,2.44,insn per cycle
0.809073363,49775479104,,cycles,13273477841,100.00,,
0.913244744,36153519,,rD044,13329517087,100.00,,
0.913244744,786909095,,rFF44,13324453461,100.00,,
0.913244744,122143185137,,instructions,13322518905,100.00,2.45,insn per cycle
0.913244744,49933087840,,cycles,13315589951,100.00,,
1.017217342,35341363,,rD044,13317774142,100.00,,
1.017217342,788911765,,rFF44,13317499853,100.00,,
1.017217342,122256944814,,instructions,13313670707,100.00,2.45,insn per cycle
1.017217342,49954641093,,cycles,13321320150,100.00,,
1.121288671,36100552,,rD044,13309224385,100.00,,
1.121288671,786139360,,rFF44,13301325279,100.00,,
1.121288671,121955700523,,instructions,13296374684,100.00,2.45,insn per cycle
1.121288671,49814234761,,cycles,13284075311,100.00,,
1.225097387,35761027,,rD044,13270780449,100.00,,
1.225097387,784986528,,rFF44,13257409794,100.00,,
1.225097387,121874418187,,instructions,13268821392,100.00,2.45,insn per cycle
1.225097387,49809468500,,cycles,13282604281,100.00,,
1.328819022,36076290,,rD044,13299358537,100.00,,
1.328819022,788795997,,rFF44,13322743664,100.00,,
1.328819022,122250483487,,instructions,13320552999,100.00,2.45,insn per cycle
1.328819022,49938620922,,cycles,13317033737,100.00,,
1.432885861,35896927,,rD044,13317768367,100.00,,
1.432885861,788715461,,rFF44,13335221478,100.00,,
1.432885861,122399281201,,instructions,13341772654,100.00,2.45,insn per cycle
1.432885861,50043238237,,cycles,13344986898,100.00,,
1.537183813,36898519,,rD044,13353591024,100.00,,
1.537183813,789802554,,rFF44,13340475956,100.00,,
1.537183813,121906291324,,instructions,13296148341,100.00,2.45,insn per cycle
1.537183813,49816482964,,cycles,13284554864,100.00,,
1.640960369,36577530,,rD044,13287860608,100.00,,
1.640960369,786443235,,rFF44,13293522369,100.00,,
1.640960369,122499487322,,instructions,13336554259,100.00,2.45,insn per cycle
1.640960369,50032011565,,cycles,13341958210,100.00,,
1.745185700,36855679,,rD044,13328229719,100.00,,
1.745185700,788398962,,rFF44,13311812881,100.00,,
1.745185700,122166681660,,instructions,13305311478,100.00,2.45,insn per cycle
1.745185700,49894688767,,cycles,13305340780,100.00,,
1.849085877,36470849,,rD044,13304556120,100.00,,
1.849085877,788597318,,rFF44,13317226987,100.00,,
1.849085877,122311720057,,instructions,13323803072,100.00,2.45,insn per cycle
1.849085877,49910895339,,cycles,13309703892,100.00,,
1.952972344,36365534,,rD044,13293449594,100.00,,
1.952972344,786692553,,rFF44,13294701345,100.00,,
1.952972344,122057723786,,instructions,13298080936,100.00,2.45,insn per cycle
1.952972344,49920293387,,cycles,13312302523,100.00,,
2.057041124,36974364,,rD044,13322132577,100.00,,
2.057041124,788094012,,rFF44,13316798242,100.00,,
2.057041124,122169869006,,instructions,13310320160,100.00,2.45,insn per cycle
2.057041124,49928173239,,cycles,13314263562,100.00,,
2.161227505,36447556,,rD044,13336934489,100.00,,
2.161227505,789964223,,rFF44,13332299012,100.00,,
2.161227505,122408772981,,instructions,13328433375,100.00,2.45,insn per cycle
2.161227505,49983337351,,cycles,13328928571,100.00,,
2.265331645,38083295,,rD044,13322554447,100.00,,
2.265331645,789363237,,rFF44,13327465723,100.00,,
2.265331645,122412258539,,instructions,13331383351,100.00,2.45,insn per cycle
2.265331645,49970928822,,cycles,13326501691,100.00,,
2.369391774,37056219,,rD044,13321559121,100.00,,
2.369391774,787237098,,rFF44,13326965570,100.00,,
2.369391774,122099975459,,instructions,13323517302,100.00,2.44,insn per cycle
2.369391774,49974442605,,cycles,13326659237,100.00,,
2.473511354,36460461,,rD044,13326518073,100.00,,
2.473511354,789488559,,rFF44,13325335339,100.00,,
2.473511354,122329549674,,instructions,13317621174,100.00,2.45,insn per cycle
2.473511354,49914795202,,cycles,13310704918,100.00,,
2.577507302,36668104,,rD044,13313854715,100.00,,
2.577507302,788117295,,rFF44,13305675348,100.00,,
2.577507302,122184390894,,instructions,13306576921,100.00,2.45,insn per cycle
2.577507302,49888087998,,cycles,13303652371,100.00,,
2.681549871,35759029,,rD044,13276718189,100.00,,
2.681549871,784067984,,rFF44,13265889375,100.00,,
2.681549871,121762015648,,instructions,13277146416,100.00,2.44,insn per cycle
2.681549871,49818348517,,cycles,13284999394,100.00,,
2.785238775,37042306,,rD044,13306491438,100.00,,
2.785238775,788705553,,rFF44,13317452796,100.00,,
2.785238775,122186307378,,instructions,13312694184,100.00,2.45,insn per cycle
2.785238775,49926940861,,cycles,13313997468,100.00,,
2.889321355,36293999,,rD044,13315981586,100.00,,
2.889321355,788785311,,rFF44,13316210536,100.00,,
2.889321355,122316453123,,instructions,13317278687,100.00,2.45,insn per cycle
2.889321355,49928806929,,cycles,13314507195,100.00,,
2.993273342,37504902,,rD044,13315586880,100.00,,
2.993273342,788375563,,rFF44,13314419655,100.00,,
2.993273342,121717209372,,instructions,13274213739,100.00,2.45,insn per cycle
2.993273342,49746499467,,cycles,13265799858,100.00,,
3.096999447,36927171,,rD044,13275902035,100.00,,
3.096999447,786187589,,rFF44,13286932738,100.00,,
3.096999447,122479271950,,instructions,13333526955,100.00,2.45,insn per cycle
3.096999447,50057512366,,cycles,13348706107,100.00,,
3.201240649,37013581,,rD044,13335238012,100.00,,
3.201240649,788071239,,rFF44,13322708760,100.00,,
3.201240649,122200415969,,instructions,13321096609,100.00,2.45,insn per cycle
3.201240649,49952617604,,cycles,13320751365,100.00,,
3.305238747,36034211,,rD044,13313263892,100.00,,
3.305238747,788598595,,rFF44,13320801276,100.00,,
3.305238747,122307513855,,instructions,13328242798,100.00,2.45,insn per cycle
3.305238747,49898799100,,cycles,13306481232,100.00,,
3.387343887,20060686,,rD044,9714918884,100.00,,
3.387343887,438006496,,rFF44,9591397394,100.00,,
3.387343887,72738428738,,instructions,9468161092,100.00,2.07,insn per cycle
3.387343887,35155594246,,cycles,9375311972,100.00,,
