0.100115807,3143956,,rD044,89522069,100.00,,
0.100115807,15541950,,rFF44,89527509,100.00,,
0.100115807,340161261,,instructions,89532289,100.00,1.03,insn per cycle
0.100115807,331806209,,cycles,89536879,100.00,,
0.200355495,5041695,,rD044,100237625,100.00,,
0.200355495,22714387,,rFF44,100238195,100.00,,
0.200355495,478534470,,instructions,100238005,100.00,1.27,insn per cycle
0.200355495,375893298,,cycles,100238575,100.00,,
0.300544223,5422442,,rD044,100186366,100.00,,
0.300544223,23794326,,rFF44,100186326,100.00,,
0.300544223,500970312,,instructions,100186286,100.00,1.33,insn per cycle
0.300544223,375694862,,cycles,100185556,100.00,,
0.400730980,6407106,,rD044,100169525,100.00,,
0.400730980,27345909,,rFF44,100169095,100.00,,
0.400730980,203044955,,instructions,100169125,100.00,0.54,insn per cycle
0.400730980,375605563,,cycles,100169215,100.00,,
0.500915928,6972485,,rD044,100183906,100.00,,
0.500915928,29443215,,rFF44,100184046,100.00,,
0.500915928,36739244,,instructions,100183986,100.00,0.10,insn per cycle
0.500915928,375686046,,cycles,100184056,100.00,,
0.601110656,6280244,,rD044,466150778,100.00,,
0.601110656,56253989,,rFF44,468336141,100.00,,
0.601110656,5301469338,,instructions,470318712,100.00,3.00,insn per cycle
0.601110656,1768138013,,cycles,471844897,100.00,,
0.701742888,5011454,,rD044,1609756835,100.00,,
0.701742888,134380937,,rFF44,1609444732,100.00,,
0.701742888,20905516381,,instructions,1608989986,100.00,3.47,insn per cycle
0.701742888,6032772933,,cycles,1608747802,100.00,,
0.802297040,5142709,,rD044,1609128578,100.00,,
0.802297040,137219322,,rFF44,1609050662,100.00,,
0.802297040,21331369305,,instructions,1609225867,100.00,3.53,insn per cycle
0.802297040,6034773178,,cycles,1609296362,100.00,,
0.902901793,5142471,,rD044,1609814383,100.00,,
0.902901793,135440595,,rFF44,1609741272,100.00,,
0.902901793,21120455590,,instructions,1609517112,100.00,3.50,insn per cycle
0.902901793,6034923228,,cycles,1609320781,100.00,,
1.003476565,4768457,,rD044,1608619067,100.00,,
1.003476565,136960664,,rFF44,1607878382,100.00,,
1.003476565,21246459872,,instructions,1607367052,100.00,3.53,insn per cycle
1.003476565,6026063067,,cycles,1607053617,100.00,,
1.103906296,4955908,,rD044,1606675974,100.00,,
1.103906296,135569556,,rFF44,1606740956,100.00,,
1.103906296,21115376469,,instructions,1606631396,100.00,3.50,insn per cycle
1.103906296,6024485379,,cycles,1606536246,100.00,,
1.204316796,4925285,,rD044,1606767076,100.00,,
1.204316796,136694082,,rFF44,1606974203,100.00,,
1.204316796,21230072712,,instructions,1606940012,100.00,3.52,insn per cycle
1.204316796,6026424303,,cycles,1607052402,100.00,,
1.304754396,4983045,,rD044,1606870997,100.00,,
1.304754396,137112575,,rFF44,1607593335,100.00,,
1.304754396,21320887809,,instructions,1608290098,100.00,3.53,insn per cycle
1.304754396,6033045157,,cycles,1608815472,100.00,,
1.405319118,4757163,,rD044,1609104929,100.00,,
1.405319118,136630322,,rFF44,1608665552,100.00,,
1.405319118,21198465885,,instructions,1608360180,100.00,3.52,insn per cycle
1.405319118,6029285631,,cycles,1607823976,100.00,,
1.505797199,4921034,,rD044,1607525104,100.00,,
1.505797199,136567803,,rFF44,1607155626,100.00,,
1.505797199,21236239428,,instructions,1606815345,100.00,3.52,insn per cycle
1.505797199,6025329463,,cycles,1606760872,100.00,,
1.606219660,4485676,,rD044,1606332776,100.00,,
1.606219660,139102766,,rFF44,1605993167,100.00,,
1.606219660,21507589346,,instructions,1605858033,100.00,3.57,insn per cycle
1.606219660,6021653475,,cycles,1605789656,100.00,,
1.706584720,5239070,,rD044,1605828524,100.00,,
1.706584720,139480126,,rFF44,1605828201,100.00,,
1.706584720,21569995689,,instructions,1605849256,100.00,3.58,insn per cycle
1.706584720,6021984747,,cycles,1605868566,100.00,,
1.806953149,4698335,,rD044,1606642194,100.00,,
1.806953149,137179314,,rFF44,1607109266,100.00,,
1.806953149,21312805657,,instructions,1607320926,100.00,3.54,insn per cycle
1.806953149,6027951944,,cycles,1607458520,100.00,,
1.907421250,5307231,,rD044,1607334769,100.00,,
1.907421250,138020134,,rFF44,1607282462,100.00,,
1.907421250,21391779856,,instructions,1607069172,100.00,3.55,insn per cycle
1.907421250,6025994677,,cycles,1606938488,100.00,,
2.007854911,5129007,,rD044,1606892479,100.00,,
2.007854911,137663057,,rFF44,1606881756,100.00,,
2.007854911,21377042310,,instructions,1606884996,100.00,3.55,insn per cycle
2.007854911,6026039880,,cycles,1606949686,100.00,,
2.108293921,4939277,,rD044,1607172186,100.00,,
2.108293921,137859017,,rFF44,1607268966,100.00,,
2.108293921,21368496369,,instructions,1607559162,100.00,3.54,insn per cycle
2.108293921,6028924604,,cycles,1607717662,100.00,,
2.208772272,5028111,,rD044,1607484502,100.00,,
2.208772272,137074586,,rFF44,1607720072,100.00,,
2.208772272,21297450870,,instructions,1607785396,100.00,3.53,insn per cycle
2.208772272,6029799715,,cycles,1607968592,100.00,,
2.309284794,4997816,,rD044,1608134252,100.00,,
2.309284794,138089865,,rFF44,1607812132,100.00,,
2.309284794,21399882684,,instructions,1607412422,100.00,3.55,insn per cycle
2.309284794,6026823689,,cycles,1607158886,100.00,,
2.409738175,5533272,,rD044,1607460036,100.00,,
2.409738175,137838931,,rFF44,1608213479,100.00,,
2.409738175,21400192340,,instructions,1608418582,100.00,3.55,insn per cycle
2.409738175,6031131498,,cycles,1608314952,100.00,,
2.510249626,4577877,,rD044,1608010187,100.00,,
2.510249626,135981267,,rFF44,1608367609,100.00,,
2.510249626,21119168939,,instructions,1609451158,100.00,3.50,insn per cycle
2.510249626,6039471753,,cycles,1610526742,100.00,,
2.610954810,4569984,,rD044,1610719556,100.00,,
2.610954810,137180171,,rFF44,1609234681,100.00,,
2.610954810,21286848264,,instructions,1608305509,100.00,3.53,insn per cycle
2.610954810,6027415053,,cycles,1607339607,100.00,,
2.711368910,5063385,,rD044,1607766935,100.00,,
2.711368910,137654786,,rFF44,1608812092,100.00,,
2.711368910,21346728416,,instructions,1608908522,100.00,3.54,insn per cycle
2.711368910,6034352841,,cycles,1609166786,100.00,,
2.811951762,4826122,,rD044,1608385513,100.00,,
2.811951762,136801811,,rFF44,1607663733,100.00,,
2.811951762,21261333803,,instructions,1607350772,100.00,3.53,insn per cycle
2.811951762,6026252709,,cycles,1607007956,100.00,,
2.912389003,4997263,,rD044,1607061642,100.00,,
2.912389003,137356014,,rFF44,1607346415,100.00,,
2.912389003,21307131490,,instructions,1607316726,100.00,3.54,insn per cycle
2.912389003,6027191441,,cycles,1607256986,100.00,,
3.012836493,5041615,,rD044,1607527466,100.00,,
3.012836493,136908332,,rFF44,1607493606,100.00,,
3.012836493,21289290595,,instructions,1607657202,100.00,3.53,insn per cycle
3.012836493,6029264509,,cycles,1607808972,100.00,,
3.113324725,4525374,,rD044,1607581472,100.00,,
3.113324725,136999317,,rFF44,1607381892,100.00,,
3.113324725,21252780390,,instructions,1607509666,100.00,3.53,insn per cycle
3.113324725,6027997652,,cycles,1607471884,100.00,,
3.213791426,4716583,,rD044,1607052626,100.00,,
3.213791426,136707784,,rFF44,1606762026,100.00,,
3.213791426,21262737003,,instructions,1606322072,100.00,3.53,insn per cycle
3.213791426,6023358556,,cycles,1606233794,100.00,,
3.314183866,4575806,,rD044,1606566964,100.00,,
3.314183866,137322589,,rFF44,1607176442,100.00,,
3.314183866,21295047770,,instructions,1607517156,100.00,3.53,insn per cycle
3.314183866,6028937670,,cycles,1607723176,100.00,,
3.414705567,5397045,,rD044,1608374234,100.00,,
3.414705567,136973125,,rFF44,1608165812,100.00,,
3.414705567,21281344753,,instructions,1607920202,100.00,3.53,insn per cycle
3.414705567,6029250539,,cycles,1607834192,100.00,,
3.515163928,5314829,,rD044,1606735422,100.00,,
3.515163928,137338857,,rFF44,1606363336,100.00,,
3.515163928,21283235568,,instructions,1606368126,100.00,3.53,insn per cycle
3.515163928,6023156834,,cycles,1606181616,100.00,,
3.615550098,4476600,,rD044,1606320956,100.00,,
3.615550098,137600966,,rFF44,1606677086,100.00,,
3.615550098,21368276319,,instructions,1606960503,100.00,3.55,insn per cycle
3.615550098,6027517002,,cycles,1607342242,100.00,,
3.716015409,5214735,,rD044,1607612464,100.00,,
3.716015409,137751647,,rFF44,1607421252,100.00,,
3.716015409,21345737406,,instructions,1607186105,100.00,3.54,insn per cycle
3.716015409,6025664745,,cycles,1606851026,100.00,,
3.816442909,4609383,,rD044,1606743364,100.00,,
3.816442909,137875732,,rFF44,1606783106,100.00,,
3.816442909,21393958080,,instructions,1606812286,100.00,3.55,insn per cycle
3.816442909,6025951102,,cycles,1606926156,100.00,,
3.916874940,4765126,,rD044,1607362920,100.00,,
3.916874940,137634457,,rFF44,1607735382,100.00,,
3.916874940,21331379139,,instructions,1607934792,100.00,3.54,insn per cycle
3.916874940,6030835119,,cycles,1608226302,100.00,,
4.017394341,4759626,,rD044,1608333538,100.00,,
4.017394341,137781074,,rFF44,1608426392,100.00,,
4.017394341,21384961244,,instructions,1608432092,100.00,3.55,insn per cycle
4.017394341,6031175412,,cycles,1608319262,100.00,,
4.117919623,4742323,,rD044,1609018442,100.00,,
4.117919623,136912820,,rFF44,1609529112,100.00,,
4.117919623,21242969364,,instructions,1610128022,100.00,3.52,insn per cycle
4.117919623,6038630045,,cycles,1610306552,100.00,,
4.218576186,4878935,,rD044,1609481282,100.00,,
4.218576186,137091349,,rFF44,1608338226,100.00,,
4.218576186,21291712385,,instructions,1607419896,100.00,3.53,insn per cycle
4.218576186,6026015875,,cycles,1606945875,100.00,,
4.318992016,5069143,,rD044,1607117462,100.00,,
4.318992016,138148437,,rFF44,1607449712,100.00,,
4.318992016,21420206357,,instructions,1608055602,100.00,3.55,insn per cycle
4.318992016,6031661007,,cycles,1608447203,100.00,,
4.419546868,5017057,,rD044,1608151556,100.00,,
4.419546868,136520613,,rFF44,1608060676,100.00,,
4.419546868,21224853135,,instructions,1607590580,100.00,3.52,insn per cycle
4.419546868,6027790065,,cycles,1607424592,100.00,,
4.519984129,4512965,,rD044,1606877704,100.00,,
4.519984129,136826126,,rFF44,1606493262,100.00,,
4.519984129,21231078957,,instructions,1606490828,100.00,3.52,insn per cycle
4.519984129,6023454190,,cycles,1606261366,100.00,,
4.620374869,4591659,,rD044,1606210634,100.00,,
4.620374869,136695329,,rFF44,1606251036,100.00,,
4.620374869,21232913504,,instructions,1606249566,100.00,3.52,insn per cycle
4.620374869,6023891934,,cycles,1606375856,100.00,,
4.720773179,5022876,,rD044,1606956926,100.00,,
4.720773179,136817857,,rFF44,1607575754,100.00,,
4.720773179,21239273077,,instructions,1607670282,100.00,3.52,insn per cycle
4.720773179,6028333758,,cycles,1607561772,100.00,,
4.821248170,4809027,,rD044,1608242062,100.00,,
4.821248170,136839377,,rFF44,1608227624,100.00,,
4.821248170,21272753796,,instructions,1608583816,100.00,3.53,insn per cycle
4.821248170,6033143074,,cycles,1608843062,100.00,,
4.921798732,4995457,,rD044,1608207576,100.00,,
4.921798732,137526999,,rFF44,1607960592,100.00,,
4.921798732,21301787774,,instructions,1607439582,100.00,3.53,insn per cycle
4.921798732,6027135248,,cycles,1607242226,100.00,,
5.022256543,4867432,,rD044,1606804882,100.00,,
5.022256543,136375254,,rFF44,1607251126,100.00,,
5.022256543,21226034788,,instructions,1607708882,100.00,3.52,insn per cycle
5.022256543,6029672411,,cycles,1608010042,100.00,,
5.122783074,4829717,,rD044,1608708462,100.00,,
5.122783074,137265607,,rFF44,1608602752,100.00,,
5.122783074,21288735491,,instructions,1608639370,100.00,3.53,insn per cycle
5.122783074,6031605231,,cycles,1608433952,100.00,,
5.223301526,4318445,,rD044,1607651796,100.00,,
5.223301526,136941203,,rFF44,1607081622,100.00,,
5.223301526,21272392746,,instructions,1606527278,100.00,3.53,insn per cycle
5.223301526,6023897727,,cycles,1606379956,100.00,,
5.323706516,4462129,,rD044,1606542112,100.00,,
5.323706516,137321148,,rFF44,1606554776,100.00,,
5.323706516,21290950538,,instructions,1606572366,100.00,3.53,insn per cycle
5.323706516,6024478614,,cycles,1606533206,100.00,,
5.424109116,4751666,,rD044,1606999136,100.00,,
5.424109116,136999116,,rFF44,1607353770,100.00,,
5.424109116,21295823354,,instructions,1607574422,100.00,3.53,insn per cycle
5.424109116,6031243526,,cycles,1608344222,100.00,,
5.524669938,4841351,,rD044,1608600632,100.00,,
5.524669938,137463398,,rFF44,1608680968,100.00,,
5.524669938,21318900999,,instructions,1608471196,100.00,3.54,insn per cycle
5.524669938,6028843956,,cycles,1607703062,100.00,,
5.625114909,5459819,,rD044,1607024779,100.00,,
5.625114909,137155378,,rFF44,1607296402,100.00,,
5.625114909,21323176407,,instructions,1607828532,100.00,3.53,insn per cycle
5.625114909,6033845990,,cycles,1609027583,100.00,,
5.725730871,5014886,,rD044,1610000875,100.00,,
5.725730871,135909696,,rFF44,1610174632,100.00,,
5.725730871,21124543170,,instructions,1610347342,100.00,3.50,insn per cycle
5.725730871,6035289410,,cycles,1609420560,100.00,,
5.826282693,4576044,,rD044,1608624756,100.00,,
5.826282693,137948694,,rFF44,1607713360,100.00,,
5.826282693,21375143259,,instructions,1607020342,100.00,3.55,insn per cycle
5.826282693,6025384016,,cycles,1606775347,100.00,,
5.926697524,4430975,,rD044,1606532554,100.00,,
5.926697524,137410541,,rFF44,1607032508,100.00,,
5.926697524,21301655877,,instructions,1607595616,100.00,3.53,insn per cycle
5.926697524,6030256583,,cycles,1608072312,100.00,,
6.027210225,4740410,,rD044,1608857779,100.00,,
6.027210225,137053175,,rFF44,1609071712,100.00,,
6.027210225,21310308884,,instructions,1609048182,100.00,3.53,insn per cycle
6.027210225,6033986943,,cycles,1609068576,100.00,,
6.127770467,4693983,,rD044,1608212927,100.00,,
6.127770467,137910923,,rFF44,1607515856,100.00,,
6.127770467,21363892048,,instructions,1606969704,100.00,3.55,insn per cycle
6.127770467,6024449098,,cycles,1606527442,100.00,,
6.228178457,4553614,,rD044,1606542210,100.00,,
6.228178457,136080560,,rFF44,1606821282,100.00,,
6.228178457,21188193200,,instructions,1607147104,100.00,3.51,insn per cycle
6.228178457,6028877769,,cycles,1607705256,100.00,,
6.328687789,4432015,,rD044,1608471788,100.00,,
6.328687789,137560735,,rFF44,1608529932,100.00,,
6.328687789,21319810919,,instructions,1608321812,100.00,3.54,insn per cycle
6.328687789,6028707753,,cycles,1607662242,100.00,,
6.429135949,5127927,,rD044,1606987237,100.00,,
6.429135949,138105033,,rFF44,1607415906,100.00,,
6.429135949,21440987306,,instructions,1607613836,100.00,3.56,insn per cycle
6.429135949,6030903709,,cycles,1608269778,100.00,,
6.529679641,5042830,,rD044,1608694846,100.00,,
6.529679641,136461935,,rFF44,1608605392,100.00,,
6.529679641,21186638622,,instructions,1608566852,100.00,3.51,insn per cycle
6.529679641,6030945746,,cycles,1608256670,100.00,,
6.630201663,5207324,,rD044,1608428337,100.00,,
6.630201663,136589358,,rFF44,1608163113,100.00,,
6.630201663,21231361126,,instructions,1608050592,100.00,3.52,insn per cycle
6.630201663,6029244765,,cycles,1607805322,100.00,,
6.730675904,5425742,,rD044,1607480672,100.00,,
6.730675904,137404680,,rFF44,1607045205,100.00,,
6.730675904,21302851361,,instructions,1606908036,100.00,3.54,insn per cycle
6.730675904,6025376416,,cycles,1606773096,100.00,,
6.831086414,4935624,,rD044,1606078536,100.00,,
6.831086414,138258546,,rFF44,1605879996,100.00,,
6.831086414,21425557559,,instructions,1605800496,100.00,3.56,insn per cycle
6.831086414,6021834933,,cycles,1605828276,100.00,,
6.931445254,5101958,,rD044,1605722516,100.00,,
6.931445254,139468765,,rFF44,1605849166,100.00,,
6.931445254,21589969606,,instructions,1605869388,100.00,3.59,insn per cycle
6.931445254,6021939888,,cycles,1605856522,100.00,,
7.031818273,4801627,,rD044,1606705462,100.00,,
7.031818273,137555733,,rFF44,1607679312,100.00,,
7.031818273,21339013497,,instructions,1608072760,100.00,3.54,insn per cycle
7.031818273,6031548342,,cycles,1608418146,100.00,,
7.132348545,4517532,,rD044,1607789156,100.00,,
7.132348545,137048609,,rFF44,1606842516,100.00,,
7.132348545,21286627257,,instructions,1606593063,100.00,3.53,insn per cycle
7.132348545,6023887253,,cycles,1606395792,100.00,,
7.232754285,4580445,,rD044,1607057603,100.00,,
7.232754285,137850490,,rFF44,1608103762,100.00,,
7.232754285,21366945801,,instructions,1608823065,100.00,3.54,insn per cycle
7.232754285,6035242059,,cycles,1609403022,100.00,,
7.333350528,4960512,,rD044,1609012916,100.00,,
7.333350528,138105377,,rFF44,1608098672,100.00,,
7.333350528,21420206542,,instructions,1607386072,100.00,3.55,insn per cycle
7.333350528,6025460157,,cycles,1606795356,100.00,,
7.433768478,5093425,,rD044,1607117361,100.00,,
7.433768478,136719109,,rFF44,1607572776,100.00,,
7.433768478,21215859196,,instructions,1607992023,100.00,3.52,insn per cycle
7.433768478,6031758504,,cycles,1608480622,100.00,,
7.534324440,5096058,,rD044,1609168750,100.00,,
7.534324440,136432122,,rFF44,1609710732,100.00,,
7.534324440,21222469987,,instructions,1609450407,100.00,3.52,insn per cycle
7.534324440,6033723751,,cycles,1608999842,100.00,,
7.634869302,4875355,,rD044,1607994459,100.00,,
7.634869302,136918567,,rFF44,1606956762,100.00,,
7.634869302,21234570265,,instructions,1606730330,100.00,3.52,insn per cycle
7.634869302,6024647774,,cycles,1606580036,100.00,,
7.735276882,5260906,,rD044,1606441681,100.00,,
7.735276882,136571974,,rFF44,1606323726,100.00,,
7.735276882,21240166624,,instructions,1606295176,100.00,3.53,insn per cycle
7.735276882,6023806992,,cycles,1606354546,100.00,,
7.835673502,4654183,,rD044,1606279216,100.00,,
7.835673502,135901131,,rFF44,1606170286,100.00,,
7.835673502,21104148044,,instructions,1606063806,100.00,3.50,insn per cycle
7.835673502,6022331379,,cycles,1605960468,100.00,,
7.936048602,5052290,,rD044,1606638877,100.00,,
7.936048602,137471291,,rFF44,1607495272,100.00,,
7.936048602,21343800362,,instructions,1608128432,100.00,3.54,insn per cycle
7.936048602,6033000700,,cycles,1608804630,100.00,,
8.036607214,5000518,,rD044,1608259921,100.00,,
8.036607214,137201094,,rFF44,1607696656,100.00,,
8.036607214,21279382761,,instructions,1607213299,100.00,3.53,insn per cycle
8.036607214,6024722838,,cycles,1606599162,100.00,,
8.137013564,5260250,,rD044,1606770208,100.00,,
8.137013564,137431728,,rFF44,1607160402,100.00,,
8.137013564,21359821647,,instructions,1607988189,100.00,3.54,insn per cycle
8.137013564,6032378260,,cycles,1608636716,100.00,,
8.237558926,4923773,,rD044,1608558060,100.00,,
8.237558926,137700538,,rFF44,1608560743,100.00,,
8.237558926,21322244037,,instructions,1607865582,100.00,3.54,insn per cycle
8.237558926,6027617168,,cycles,1607371942,100.00,,
8.338029607,4717055,,rD044,1607637092,100.00,,
8.338029607,136487315,,rFF44,1607186355,100.00,,
8.338029607,21223913407,,instructions,1606969196,100.00,3.52,insn per cycle
8.338029607,6025439426,,cycles,1606809866,100.00,,
8.438443607,4747885,,rD044,1606425316,100.00,,
8.438443607,135658174,,rFF44,1606551676,100.00,,
8.438443607,21069773413,,instructions,1606697014,100.00,3.50,insn per cycle
8.438443607,6025120661,,cycles,1606704832,100.00,,
8.538867428,4861243,,rD044,1606829860,100.00,,
8.538867428,137841657,,rFF44,1607045922,100.00,,
8.538867428,21382858408,,instructions,1607177284,100.00,3.55,insn per cycle
8.538867428,6027282309,,cycles,1607280986,100.00,,
8.639325478,5032369,,rD044,1607408588,100.00,,
8.639325478,137387313,,rFF44,1607088386,100.00,,
8.639325478,21308181457,,instructions,1606916106,100.00,3.54,insn per cycle
8.639325478,6025885249,,cycles,1606908590,100.00,,
8.739741879,4898166,,rD044,1606364456,100.00,,
8.739741879,136458568,,rFF44,1606291399,100.00,,
8.739741879,21222224940,,instructions,1606164242,100.00,3.52,insn per cycle
8.739741879,6022590684,,cycles,1606030088,100.00,,
8.840129419,4181206,,rD044,1606453105,100.00,,
8.840129419,136504800,,rFF44,1606454719,100.00,,
8.840129419,21188577018,,instructions,1606584116,100.00,3.52,insn per cycle
8.840129419,6024800444,,cycles,1606618896,100.00,,
8.940553389,4576462,,rD044,1606786443,100.00,,
8.940553389,137466532,,rFF44,1607259566,100.00,,
8.940553389,21355257488,,instructions,1607625428,100.00,3.54,insn per cycle
8.940553389,6029506998,,cycles,1607961652,100.00,,
9.041066411,4967314,,rD044,1608456580,100.00,,
9.041066411,136859358,,rFF44,1608411642,100.00,,
9.041066411,21237040499,,instructions,1608224490,100.00,3.52,insn per cycle
9.041066411,6030984333,,cycles,1608268066,100.00,,
9.141578392,5007179,,rD044,1607753150,100.00,,
9.141578392,138288784,,rFF44,1608311022,100.00,,
9.141578392,21459868292,,instructions,1609032262,100.00,3.56,insn per cycle
9.141578392,6035923184,,cycles,1609582640,100.00,,
9.242199525,4599371,,rD044,1610231466,100.00,,
9.242199525,137339929,,rFF44,1610047392,100.00,,
9.242199525,21294617777,,instructions,1609185912,100.00,3.53,insn per cycle
9.242199525,6031188227,,cycles,1608326404,100.00,,
9.342700826,4328067,,rD044,1607677246,100.00,,
9.342700826,136046238,,rFF44,1607176246,100.00,,
9.342700826,21167108079,,instructions,1607079953,100.00,3.51,insn per cycle
9.342700826,6026241434,,cycles,1607003892,100.00,,
9.443135536,4616648,,rD044,1607141494,100.00,,
9.443135536,138129744,,rFF44,1607393062,100.00,,
9.443135536,21407377822,,instructions,1607926435,100.00,3.55,insn per cycle
9.443135536,6032041421,,cycles,1608554801,100.00,,
9.543695018,4702647,,rD044,1608552814,100.00,,
9.543695018,137389804,,rFF44,1608064644,100.00,,
9.543695018,21334652486,,instructions,1607575732,100.00,3.54,insn per cycle
9.543695018,6025996988,,cycles,1606942467,100.00,,
9.644095339,4809099,,rD044,1606315816,100.00,,
9.644095339,136509354,,rFF44,1606334034,100.00,,
9.644095339,21193760495,,instructions,1606589996,100.00,3.52,insn per cycle
9.644095339,6026283937,,cycles,1607013466,100.00,,
9.744550959,4457679,,rD044,1607037982,100.00,,
9.744550959,137272912,,rFF44,1607153316,100.00,,
9.744550959,21316446608,,instructions,1607152344,100.00,3.54,insn per cycle
9.744550959,6025418056,,cycles,1606805702,100.00,,
9.844980360,5068381,,rD044,1607841847,100.00,,
9.844980360,137157463,,rFF44,1608602982,100.00,,
9.844980360,21275163668,,instructions,1608490994,100.00,3.53,insn per cycle
9.844980360,6032678778,,cycles,1608718755,100.00,,
9.945529802,5217942,,rD044,1607722871,100.00,,
9.945529802,137632747,,rFF44,1606610856,100.00,,
9.945529802,21365225140,,instructions,1606367240,100.00,3.55,insn per cycle
9.945529802,6022613892,,cycles,1606037173,100.00,,
10.045901111,4840996,,rD044,1607065338,100.00,,
10.045901111,137741305,,rFF44,1608025482,100.00,,
10.045901111,21359720785,,instructions,1608418418,100.00,3.54,insn per cycle
10.045901111,6031975325,,cycles,1608531853,100.00,,
10.146434963,4953390,,rD044,1607769960,100.00,,
10.146434963,136721080,,rFF44,1607140575,100.00,,
10.146434963,21254749502,,instructions,1606760032,100.00,3.53,insn per cycle
10.146434963,6024915986,,cycles,1606650525,100.00,,
10.246852244,4706708,,rD044,1606522577,100.00,,
10.246852244,136038906,,rFF44,1606327843,100.00,,
10.246852244,21118501366,,instructions,1606369826,100.00,3.51,insn per cycle
10.246852244,6023968392,,cycles,1606397436,100.00,,
10.347258844,5057403,,rD044,1606444911,100.00,,
10.347258844,137379026,,rFF44,1606868116,100.00,,
10.347258844,21345102399,,instructions,1606922176,100.00,3.54,insn per cycle
10.347258844,6026490856,,cycles,1607095041,100.00,,
10.447712344,4496506,,rD044,1607676244,100.00,,
10.447712344,138414030,,rFF44,1607393632,100.00,,
10.447712344,21444127588,,instructions,1607319842,100.00,3.56,insn per cycle
10.447712344,6027062182,,cycles,1607221517,100.00,,
10.548152045,5009247,,rD044,1606584844,100.00,,
10.548152045,135757743,,rFF44,1606403226,100.00,,
10.548152045,21140039940,,instructions,1606376916,100.00,3.51,insn per cycle
10.548152045,6023885120,,cycles,1606375226,100.00,,
10.648560295,5225419,,rD044,1606351496,100.00,,
10.648560295,136791983,,rFF44,1606320146,100.00,,
10.648560295,21230536243,,instructions,1606317689,100.00,3.52,insn per cycle
10.648560295,6023377399,,cycles,1606240682,100.00,,
10.748949415,5033109,,rD044,1606809833,100.00,,
10.748949415,136673045,,rFF44,1607954332,100.00,,
10.748949415,21270326005,,instructions,1608281139,100.00,3.53,insn per cycle
10.748949415,6031623339,,cycles,1608438616,100.00,,
10.849484797,5228309,,rD044,1608429625,100.00,,
10.849484797,136078912,,rFF44,1608089220,100.00,,
10.849484797,21144994474,,instructions,1608205042,100.00,3.51,insn per cycle
10.849484797,6031158347,,cycles,1608315222,100.00,,
10.950000539,4403340,,rD044,1608468572,100.00,,
10.950000539,136406034,,rFF44,1608145318,100.00,,
10.950000539,21218795926,,instructions,1607981145,100.00,3.52,insn per cycle
10.950000539,6030022283,,cycles,1608009052,100.00,,
11.050500360,5005997,,rD044,1607421453,100.00,,
11.050500360,137143313,,rFF44,1606945982,100.00,,
11.050500360,21276069369,,instructions,1606744433,100.00,3.53,insn per cycle
11.050500360,6024529300,,cycles,1606549216,100.00,,
11.150905300,4775796,,rD044,1606385785,100.00,,
11.150905300,136015959,,rFF44,1606360806,100.00,,
11.150905300,21170840253,,instructions,1606264156,100.00,3.52,insn per cycle
11.150905300,6022969582,,cycles,1606131076,100.00,,
11.251292770,4594820,,rD044,1606251046,100.00,,
11.251292770,137156992,,rFF44,1606864786,100.00,,
11.251292770,21273323319,,instructions,1607175662,100.00,3.53,insn per cycle
11.251292770,6028576087,,cycles,1607648892,100.00,,
11.351778741,5087315,,rD044,1608004602,100.00,,
11.351778741,136735801,,rFF44,1607803092,100.00,,
11.351778741,21263809287,,instructions,1607868376,100.00,3.53,insn per cycle
11.351778741,6028529664,,cycles,1607625639,100.00,,
11.452245992,5242897,,rD044,1607134906,100.00,,
11.452245992,137029161,,rFF44,1606803756,100.00,,
11.452245992,21249217313,,instructions,1606408588,100.00,3.53,insn per cycle
11.452245992,6023401764,,cycles,1606247569,100.00,,
11.552651682,4924570,,rD044,1606341280,100.00,,
11.552651682,137034574,,rFF44,1606658382,100.00,,
11.552651682,21312685974,,instructions,1607334630,100.00,3.53,insn per cycle
11.552651682,6029741075,,cycles,1607935826,100.00,,
11.653159194,5121844,,rD044,1607984408,100.00,,
11.653159194,137641283,,rFF44,1607494906,100.00,,
11.653159194,21318342299,,instructions,1606825487,100.00,3.54,insn per cycle
11.653159194,6023050440,,cycles,1606153752,100.00,,
11.753525473,4855133,,rD044,1605853106,100.00,,
11.753525473,139554408,,rFF44,1605857078,100.00,,
11.753525473,21577758787,,instructions,1605853281,100.00,3.58,insn per cycle
11.753525473,6021762426,,cycles,1605808826,100.00,,
11.853883553,4130525,,rD044,1606403065,100.00,,
11.853883553,137084507,,rFF44,1607357340,100.00,,
11.853883553,21307488150,,instructions,1608045846,100.00,3.53,insn per cycle
11.853883553,6033010247,,cycles,1608803408,100.00,,
11.954459485,4986405,,rD044,1609307091,100.00,,
11.954459485,138556991,,rFF44,1608647912,100.00,,
11.954459485,21458650118,,instructions,1608143442,100.00,3.56,insn per cycle
11.954459485,6028310781,,cycles,1607559840,100.00,,
12.054913946,4606678,,rD044,1607408944,100.00,,
12.054913946,136883022,,rFF44,1607954586,100.00,,
12.054913946,21283469326,,instructions,1608310282,100.00,3.53,insn per cycle
12.054913946,6033154325,,cycles,1608843022,100.00,,
12.155477848,4616735,,rD044,1608331262,100.00,,
12.155477848,137467436,,rFF44,1607571392,100.00,,
12.155477848,21302481677,,instructions,1607024216,100.00,3.54,insn per cycle
12.155477848,6023813859,,cycles,1606360316,100.00,,
12.255864268,4795074,,rD044,1606979006,100.00,,
12.255864268,137298112,,rFF44,1608348602,100.00,,
12.255864268,21338840995,,instructions,1609116552,100.00,3.53,insn per cycle
12.255864268,6038250007,,cycles,1610212016,100.00,,
12.356524441,4588538,,rD044,1609674652,100.00,,
12.356524441,136484144,,rFF44,1608731753,100.00,,
12.356524441,21205021080,,instructions,1608150022,100.00,3.52,insn per cycle
12.356524441,6026985324,,cycles,1607205468,100.00,,
12.456965442,4795730,,rD044,1607112381,100.00,,
12.456965442,136164924,,rFF44,1606825755,100.00,,
12.456965442,21188646734,,instructions,1606672666,100.00,3.52,insn per cycle
12.456965442,6024581953,,cycles,1606577186,100.00,,
12.557373072,5045650,,rD044,1606778037,100.00,,
12.557373072,137282653,,rFF44,1606814716,100.00,,
12.557373072,21302140171,,instructions,1606938170,100.00,3.54,insn per cycle
12.557373072,6026043838,,cycles,1606951022,100.00,,
12.657802992,4987006,,rD044,1606838199,100.00,,
12.657802992,138324081,,rFF44,1606938472,100.00,,
12.657802992,21454410558,,instructions,1606850478,100.00,3.56,insn per cycle
12.657802992,6025453089,,cycles,1606793016,100.00,,
12.758232483,4866295,,rD044,1606388929,100.00,,
12.758232483,136661895,,rFF44,1606112636,100.00,,
12.758232483,21209913058,,instructions,1606046226,100.00,3.52,insn per cycle
12.758232483,6022552460,,cycles,1606020066,100.00,,
12.858609233,4691297,,rD044,1605934176,100.00,,
12.858609233,136351538,,rFF44,1605890066,100.00,,
12.858609233,21191589430,,instructions,1605919716,100.00,3.52,insn per cycle
12.858609233,6022258855,,cycles,1605941406,100.00,,
12.958983823,4685679,,rD044,1606260576,100.00,,
12.958983823,137707423,,rFF44,1606834095,100.00,,
12.958983823,21339516039,,instructions,1606991512,100.00,3.54,insn per cycle
12.958983823,6026690184,,cycles,1607205752,100.00,,
13.059444403,4435481,,rD044,1607168662,100.00,,
13.059444403,136508872,,rFF44,1606793193,100.00,,
13.059444403,21214855792,,instructions,1606710496,100.00,3.52,insn per cycle
13.059444403,6024471809,,cycles,1606531886,100.00,,
13.159853244,5802814,,rD044,1606718986,100.00,,
13.159853244,137477100,,rFF44,1607046096,100.00,,
13.159853244,21312924126,,instructions,1607027215,100.00,3.54,insn per cycle
13.159853244,6027071584,,cycles,1607223832,100.00,,
13.260304584,4811070,,rD044,1607048052,100.00,,
13.260304584,136786209,,rFF44,1607072692,100.00,,
13.260304584,21274385351,,instructions,1607332603,100.00,3.53,insn per cycle
13.260304584,6027566207,,cycles,1607357206,100.00,,
13.360772225,5271169,,rD044,1607580426,100.00,,
13.360772225,136496218,,rFF44,1607318646,100.00,,
13.360772225,21191601963,,instructions,1606997760,100.00,3.52,insn per cycle
13.360772225,6025228762,,cycles,1606754352,100.00,,
13.461194096,5766758,,rD044,1606797491,100.00,,
13.461194096,136450270,,rFF44,1607020442,100.00,,
13.461194096,21226696002,,instructions,1607199068,100.00,3.52,insn per cycle
13.461194096,6027586589,,cycles,1607361246,100.00,,
13.561677507,4860719,,rD044,1607331957,100.00,,
13.561677507,137571600,,rFF44,1606893326,100.00,,
13.561677507,21317597225,,instructions,1606726716,100.00,3.54,insn per cycle
13.561677507,6024603948,,cycles,1606568200,100.00,,
13.662068917,5135650,,rD044,1607240621,100.00,,
13.662068917,137236592,,rFF44,1608520212,100.00,,
13.662068917,21325179938,,instructions,1609416362,100.00,3.53,insn per cycle
13.662068917,6036823131,,cycles,1609824447,100.00,,
13.762698070,5124627,,rD044,1609296187,100.00,,
13.762698070,137259185,,rFF44,1608307502,100.00,,
13.762698070,21276405063,,instructions,1607499542,100.00,3.53,insn per cycle
13.762698070,6026446487,,cycles,1607058893,100.00,,
13.863125760,5244986,,rD044,1607106162,100.00,,
13.863125760,137587718,,rFF44,1607382076,100.00,,
13.863125760,21372723037,,instructions,1607730267,100.00,3.54,insn per cycle
13.863125760,6030463396,,cycles,1608128392,100.00,,
13.963651632,4853758,,rD044,1608096062,100.00,,
13.963651632,136727542,,rFF44,1608177032,100.00,,
13.963651632,21227541266,,instructions,1608915291,100.00,3.52,insn per cycle
13.963651632,6035648228,,cycles,1609512122,100.00,,
14.064240094,4823958,,rD044,1609067776,100.00,,
14.064240094,137438666,,rFF44,1608392529,100.00,,
14.064240094,21318167321,,instructions,1607168272,100.00,3.54,insn per cycle
14.064240094,6023183706,,cycles,1606188126,100.00,,
14.164614944,4748783,,rD044,1606159709,100.00,,
14.164614944,136897851,,rFF44,1606441969,100.00,,
14.164614944,21241544914,,instructions,1606671906,100.00,3.53,insn per cycle
14.164614944,6025116844,,cycles,1606703626,100.00,,
14.265037454,4754130,,rD044,1607129009,100.00,,
14.265037454,136689367,,rFF44,1607719232,100.00,,
14.265037454,21267515501,,instructions,1608319472,100.00,3.52,insn per cycle
14.265037454,6034738802,,cycles,1609265372,100.00,,
14.365639357,4759202,,rD044,1609040712,100.00,,
14.365639357,137467910,,rFF44,1608369896,100.00,,
14.365639357,21332915821,,instructions,1607733866,100.00,3.54,insn per cycle
14.365639357,6025940915,,cycles,1606944032,100.00,,
14.466056817,4827137,,rD044,1607225381,100.00,,
14.466056817,137408075,,rFF44,1608226282,100.00,,
14.466056817,21348550852,,instructions,1608380382,100.00,3.54,insn per cycle
14.466056817,6032511238,,cycles,1608673307,100.00,,
14.566612399,4353101,,rD044,1608535017,100.00,,
14.566612399,136525640,,rFF44,1607967004,100.00,,
14.566612399,21196608962,,instructions,1607910442,100.00,3.52,insn per cycle
14.566612399,6029122785,,cycles,1607772001,100.00,,
14.667086670,4134961,,rD044,1607654772,100.00,,
14.667086670,137348247,,rFF44,1607089884,100.00,,
14.667086670,21323014447,,instructions,1606859376,100.00,3.54,insn per cycle
14.667086670,6024564791,,cycles,1606558306,100.00,,
14.767495430,4891187,,rD044,1606763976,100.00,,
14.767495430,137473150,,rFF44,1607771087,100.00,,
14.767495430,21322838271,,instructions,1608160712,100.00,3.54,insn per cycle
14.767495430,6031188366,,cycles,1608322192,100.00,,
14.868057942,4373581,,rD044,1609097072,100.00,,
14.868057942,137405808,,rFF44,1608644101,100.00,,
14.868057942,21337710067,,instructions,1608480781,100.00,3.54,insn per cycle
14.868057942,6031989206,,cycles,1608535362,100.00,,
14.968552973,5177876,,rD044,1607245074,100.00,,
14.968552973,137327601,,rFF44,1606636522,100.00,,
14.968552973,21294878418,,instructions,1606478087,100.00,3.54,insn per cycle
14.968552973,6023433970,,cycles,1606255716,100.00,,
15.068942003,4733080,,rD044,1606841584,100.00,,
15.068942003,137215825,,rFF44,1607592926,100.00,,
15.068942003,21324822760,,instructions,1607913296,100.00,3.54,insn per cycle
15.068942003,6030361360,,cycles,1608101952,100.00,,
15.169453755,4949111,,rD044,1608346149,100.00,,
15.169453755,137183994,,rFF44,1607931032,100.00,,
15.169453755,21279908144,,instructions,1607654762,100.00,3.53,insn per cycle
15.169453755,6028241963,,cycles,1607536916,100.00,,
15.269919966,4059562,,rD044,1606700189,100.00,,
15.269919966,137338570,,rFF44,1606468336,100.00,,
15.269919966,21313396963,,instructions,1606368426,100.00,3.54,insn per cycle
15.269919966,6023470228,,cycles,1606264999,100.00,,
15.370313996,4653338,,rD044,1607004211,100.00,,
15.370313996,137325781,,rFF44,1607859192,100.00,,
15.370313996,21295800052,,instructions,1608252942,100.00,3.53,insn per cycle
15.370313996,6031770797,,cycles,1608477059,100.00,,
15.470858968,4885028,,rD044,1607984647,100.00,,
15.470858968,137303368,,rFF44,1607104036,100.00,,
15.470858968,21315011906,,instructions,1606636848,100.00,3.54,insn per cycle
15.470858968,6023846557,,cycles,1606380652,100.00,,
15.571247778,5129345,,rD044,1606280246,100.00,,
15.571247778,136717634,,rFF44,1606303680,100.00,,
15.571247778,21220963662,,instructions,1606389920,100.00,3.52,insn per cycle
15.571247778,6024712208,,cycles,1606595486,100.00,,
15.671673508,5468675,,rD044,1607254842,100.00,,
15.671673508,137666098,,rFF44,1608356118,100.00,,
15.671673508,21379273293,,instructions,1608865270,100.00,3.54,insn per cycle
15.671673508,6033072389,,cycles,1608824542,100.00,,
15.772208980,4873937,,rD044,1607951740,100.00,,
15.772208980,137068483,,rFF44,1606710472,100.00,,
15.772208980,21253407900,,instructions,1606147018,100.00,3.53,insn per cycle
15.772208980,6022575717,,cycles,1606026376,100.00,,
15.872590960,4486721,,rD044,1606439128,100.00,,
15.872590960,137880531,,rFF44,1606855286,100.00,,
15.872590960,21390013805,,instructions,1607037146,100.00,3.55,insn per cycle
15.872590960,6027518531,,cycles,1607342543,100.00,,
15.973050231,5261949,,rD044,1607355316,100.00,,
15.973050231,136538348,,rFF44,1607468310,100.00,,
15.973050231,21194077139,,instructions,1607415952,100.00,3.52,insn per cycle
15.973050231,6027239250,,cycles,1607270815,100.00,,
16.073506181,5034351,,rD044,1607124732,100.00,,
16.073506181,136639892,,rFF44,1606616488,100.00,,
16.073506181,21252114775,,instructions,1606698846,100.00,3.53,insn per cycle
16.073506181,6024588539,,cycles,1606563536,100.00,,
16.173910691,4683292,,rD044,1600997420,100.00,,
16.173910691,123663835,,rFF44,1600928060,100.00,,
16.173910691,19479957681,,instructions,1600727950,100.00,3.25,insn per cycle
16.173910691,6002401077,,cycles,1600671393,100.00,,
16.181911295,89769,,rD044,87996947,100.00,,
16.181911295,1177798,,rFF44,87152657,100.00,,
16.181911295,267303139,,instructions,86397307,100.00,0.83,insn per cycle
16.181911295,321297735,,cycles,85684754,100.00,,
