0.100121434,4451263,,rD044,89349549,100.00,,
0.100121434,19649969,,rFF44,89354909,100.00,,
0.100121434,427112754,,instructions,89359759,100.00,1.29,insn per cycle
0.100121434,331121639,,cycles,89364549,100.00,,
0.200365639,5513800,,rD044,100240956,100.00,,
0.200365639,24018980,,rFF44,100241456,100.00,,
0.200365639,505881777,,instructions,100241296,100.00,1.35,insn per cycle
0.200365639,375907817,,cycles,100242436,100.00,,
0.300560023,5487131,,rD044,100192005,100.00,,
0.300560023,24031834,,rFF44,100191776,100.00,,
0.300560023,506169121,,instructions,100191406,100.00,1.35,insn per cycle
0.300560023,375710797,,cycles,100190116,100.00,,
0.400749107,6749567,,rD044,100189616,100.00,,
0.400749107,29112176,,rFF44,100189905,100.00,,
0.400749107,92808800,,instructions,100197095,100.00,0.25,insn per cycle
0.400749107,375737597,,cycles,100197045,100.00,,
0.500943791,6930315,,rD044,100172516,100.00,,
0.500943791,30141822,,rFF44,100173006,100.00,,
0.500943791,37587831,,instructions,100166266,100.00,0.10,insn per cycle
0.500943791,375595404,,cycles,100167056,100.00,,
0.601141966,3211763,,rD044,896626188,100.00,,
0.601141966,94143471,,rFF44,897684413,100.00,,
0.601141966,12403759453,,instructions,898393424,100.00,3.68,insn per cycle
0.601141966,3370159715,,cycles,899087514,100.00,,
0.701532922,66087,,rD044,1606055847,100.00,,
0.701532922,150716073,,rFF44,1605877367,100.00,,
0.701532922,23279413459,,instructions,1605846636,100.00,3.87,insn per cycle
0.701532922,6021847232,,cycles,1605833206,100.00,,
0.801884098,62834,,rD044,1605573311,100.00,,
0.801884098,149221445,,rFF44,1605528416,100.00,,
0.801884098,23064245802,,instructions,1605489866,100.00,3.83,insn per cycle
0.801884098,6020318562,,cycles,1605424116,100.00,,
0.902216344,60275,,rD044,1605347906,100.00,,
0.902216344,149560459,,rFF44,1605309046,100.00,,
0.902216344,23129928238,,instructions,1605324866,100.00,3.84,insn per cycle
0.902216344,6020059002,,cycles,1605354286,100.00,,
1.002554710,59579,,rD044,1605369016,100.00,,
1.002554710,149659742,,rFF44,1605404206,100.00,,
1.002554710,23111947354,,instructions,1605391236,100.00,3.84,insn per cycle
1.002554710,6020080987,,cycles,1605361566,100.00,,
1.102889856,58302,,rD044,1605365376,100.00,,
1.102889856,149080259,,rFF44,1605367376,100.00,,
1.102889856,23040986701,,instructions,1605394826,100.00,3.83,insn per cycle
1.102889856,6020256313,,cycles,1605407486,100.00,,
1.203228422,59114,,rD044,1605457236,100.00,,
1.203228422,149555923,,rFF44,1605811916,100.00,,
1.203228422,23088442210,,instructions,1605784556,100.00,3.83,insn per cycle
1.203228422,6021673533,,cycles,1605791903,100.00,,
1.303594518,62552,,rD044,1605745206,100.00,,
1.303594518,146471758,,rFF44,1605355856,100.00,,
1.303594518,22712998166,,instructions,1605352896,100.00,3.77,insn per cycle
1.303594518,6020041350,,cycles,1605349763,100.00,,
1.403926614,58375,,rD044,1605288666,100.00,,
1.403926614,149305473,,rFF44,1605301726,100.00,,
1.403926614,23060991945,,instructions,1605294668,100.00,3.83,insn per cycle
1.403926614,6019846857,,cycles,1605298078,100.00,,
1.504258670,58988,,rD044,1605235646,100.00,,
1.504258670,149562178,,rFF44,1605192726,100.00,,
1.504258670,23102521757,,instructions,1605168380,100.00,3.84,insn per cycle
1.504258670,6019313132,,cycles,1605164106,100.00,,
1.604585196,59598,,rD044,1605212766,100.00,,
1.604585196,149176727,,rFF44,1605221746,100.00,,
1.604585196,23056710751,,instructions,1605216980,100.00,3.83,insn per cycle
1.604585196,6019440015,,cycles,1605196276,100.00,,
1.704934612,59041,,rD044,1605531606,100.00,,
1.704934612,149822855,,rFF44,1605538614,100.00,,
1.704934612,23145146819,,instructions,1605558152,100.00,3.84,insn per cycle
1.704934612,6020821148,,cycles,1605563186,100.00,,
1.805260118,58289,,rD044,1605210276,100.00,,
1.805260118,150045799,,rFF44,1605229699,100.00,,
1.805260118,23180040478,,instructions,1605252396,100.00,3.85,insn per cycle
1.805260118,6019758698,,cycles,1605275736,100.00,,
1.905592244,58889,,rD044,1605282016,100.00,,
1.905592244,149113648,,rFF44,1605265820,100.00,,
1.905592244,23057834635,,instructions,1605278326,100.00,3.83,insn per cycle
1.905592244,6019771608,,cycles,1605277676,100.00,,
2.005924979,58583,,rD044,1605324260,100.00,,
2.005924979,148684858,,rFF44,1605320727,100.00,,
2.005924979,23006346414,,instructions,1605315966,100.00,3.82,insn per cycle
2.005924979,6019895747,,cycles,1605311356,100.00,,
2.106262695,58606,,rD044,1605176131,100.00,,
2.106262695,149312987,,rFF44,1605146976,100.00,,
2.106262695,23089004068,,instructions,1605154066,100.00,3.84,insn per cycle
2.106262695,6018991918,,cycles,1605182276,100.00,,
2.206590431,59274,,rD044,1605271449,100.00,,
2.206590431,150056997,,rFF44,1605309106,100.00,,
2.206590431,23185424691,,instructions,1605285576,100.00,3.85,insn per cycle
2.206590431,6019650421,,cycles,1605246606,100.00,,
2.306918207,57009,,rD044,1605213728,100.00,,
2.306918207,147957532,,rFF44,1605189876,100.00,,
2.306918207,22902771505,,instructions,1605169786,100.00,3.80,insn per cycle
2.306918207,6019359351,,cycles,1605168396,100.00,,
2.407243463,58190,,rD044,1605156218,100.00,,
2.407243463,148732554,,rFF44,1605126226,100.00,,
2.407243463,22997183151,,instructions,1605166656,100.00,3.82,insn per cycle
2.407243463,6019483010,,cycles,1605201026,100.00,,
2.507571109,58455,,rD044,1605335486,100.00,,
2.507571109,148956452,,rFF44,1605456986,100.00,,
2.507571109,23028794921,,instructions,1605436586,100.00,3.83,insn per cycle
2.507571109,6020284937,,cycles,1605421976,100.00,,
2.607908035,59814,,rD044,1605350496,100.00,,
2.607908035,149030713,,rFF44,1605297586,100.00,,
2.607908035,23036677049,,instructions,1605296386,100.00,3.83,insn per cycle
2.607908035,6019823462,,cycles,1605297396,100.00,,
2.708246430,58655,,rD044,1605291896,100.00,,
2.708246430,148559729,,rFF44,1605252696,100.00,,
2.708246430,22966505119,,instructions,1605280036,100.00,3.82,insn per cycle
2.708246430,6019688460,,cycles,1605268396,100.00,,
2.808572996,63035,,rD044,1605252436,100.00,,
2.808572996,145993370,,rFF44,1605275176,100.00,,
2.808572996,22670794279,,instructions,1605270926,100.00,3.77,insn per cycle
2.808572996,6019753763,,cycles,1605273316,100.00,,
2.908906912,59211,,rD044,1605335896,100.00,,
2.908906912,149159276,,rFF44,1605355036,100.00,,
2.908906912,23026084829,,instructions,1605341116,100.00,3.82,insn per cycle
2.908906912,6020008083,,cycles,1605341456,100.00,,
3.009243668,59312,,rD044,1605341436,100.00,,
3.009243668,150017711,,rFF44,1605303866,100.00,,
3.009243668,23151566454,,instructions,1605307516,100.00,3.85,insn per cycle
3.009243668,6019902012,,cycles,1605312076,100.00,,
3.109573234,58899,,rD044,1605328666,100.00,,
3.109573234,148218762,,rFF44,1605345656,100.00,,
3.109573234,22941290233,,instructions,1605298746,100.00,3.81,insn per cycle
3.109573234,6019795517,,cycles,1605284518,100.00,,
3.209907660,57749,,rD044,1605327366,100.00,,
3.209907660,148317554,,rFF44,1605353656,100.00,,
3.209907660,22950297630,,instructions,1605378346,100.00,3.81,insn per cycle
3.209907660,6020155785,,cycles,1605381214,100.00,,
3.310277556,58982,,rD044,1605922266,100.00,,
3.310277556,149636640,,rFF44,1605934146,100.00,,
3.310277556,23114630457,,instructions,1605921541,100.00,3.84,insn per cycle
3.310277556,6022193974,,cycles,1605923252,100.00,,
3.410614392,58157,,rD044,1605358776,100.00,,
3.410614392,148747309,,rFF44,1605367014,100.00,,
3.410614392,23001507052,,instructions,1605389147,100.00,3.82,insn per cycle
3.410614392,6020159517,,cycles,1605382226,100.00,,
3.510951708,58835,,rD044,1605334206,100.00,,
3.510951708,149062052,,rFF44,1605341283,100.00,,
3.510951708,23036809504,,instructions,1605330386,100.00,3.83,insn per cycle
3.510951708,6019955867,,cycles,1605335416,100.00,,
3.611286524,59358,,rD044,1605223847,100.00,,
3.611286524,150234642,,rFF44,1605170777,100.00,,
3.611286524,23202400476,,instructions,1605184666,100.00,3.85,insn per cycle
3.611286524,6019392032,,cycles,1605188316,100.00,,
3.711614620,58187,,rD044,1605259731,100.00,,
3.711614620,148786543,,rFF44,1605310016,100.00,,
3.711614620,23022024448,,instructions,1605321326,100.00,3.82,insn per cycle
3.711614620,6019866000,,cycles,1605308436,100.00,,
3.811949166,58060,,rD044,1605304100,100.00,,
3.811949166,148683507,,rFF44,1605236566,100.00,,
3.811949166,23000621215,,instructions,1605218846,100.00,3.82,insn per cycle
3.811949166,6019619283,,cycles,1605237816,100.00,,
3.912275332,59423,,rD044,1605247258,100.00,,
3.912275332,148807144,,rFF44,1605269966,100.00,,
3.912275332,23014674437,,instructions,1605278426,100.00,3.82,insn per cycle
3.912275332,6019720343,,cycles,1605264576,100.00,,
4.012608967,58245,,rD044,1605323149,100.00,,
4.012608967,148816064,,rFF44,1605339096,100.00,,
4.012608967,22999911563,,instructions,1605321586,100.00,3.82,insn per cycle
4.012608967,6019950966,,cycles,1605325836,100.00,,
4.112944443,58273,,rD044,1605367037,100.00,,
4.112944443,149490321,,rFF44,1605355356,100.00,,
4.112944443,23085783643,,instructions,1605367676,100.00,3.83,insn per cycle
4.112944443,6020037850,,cycles,1605349006,100.00,,
4.213276449,59126,,rD044,1605299706,100.00,,
4.213276449,148482118,,rFF44,1605325916,100.00,,
4.213276449,22942710816,,instructions,1605328946,100.00,3.81,insn per cycle
4.213276449,6020014209,,cycles,1605341916,100.00,,
4.313611945,60780,,rD044,1605256316,100.00,,
4.313611945,148353673,,rFF44,1605194316,100.00,,
4.313611945,22935023700,,instructions,1605189016,100.00,3.81,insn per cycle
4.313611945,6019447011,,cycles,1605192006,100.00,,
4.413934711,62361,,rD044,1605176226,100.00,,
4.413934711,148313391,,rFF44,1605175936,100.00,,
4.413934711,22929865972,,instructions,1605176286,100.00,3.81,insn per cycle
4.413934711,6019422176,,cycles,1605184806,100.00,,
4.514260357,58436,,rD044,1605244566,100.00,,
4.514260357,149121962,,rFF44,1605280656,100.00,,
4.514260357,23039109941,,instructions,1605275786,100.00,3.83,insn per cycle
4.514260357,6019632325,,cycles,1605249186,100.00,,
4.614587852,58574,,rD044,1605228046,100.00,,
4.614587852,148814259,,rFF44,1605265466,100.00,,
4.614587852,23000878266,,instructions,1605269926,100.00,3.82,insn per cycle
4.614587852,6019773608,,cycles,1605284306,100.00,,
4.714925758,59850,,rD044,1605331906,100.00,,
4.714925758,148319749,,rFF44,1605277356,100.00,,
4.714925758,22946836596,,instructions,1605242306,100.00,3.81,insn per cycle
4.714925758,6019497005,,cycles,1605211556,100.00,,
4.815254754,58712,,rD044,1605243256,100.00,,
4.815254754,148942568,,rFF44,1605263286,100.00,,
4.815254754,23017659527,,instructions,1605315826,100.00,3.82,insn per cycle
4.815254754,6020115953,,cycles,1605370486,100.00,,
4.915588150,58532,,rD044,1605333036,100.00,,
4.915588150,149212721,,rFF44,1605331926,100.00,,
4.915588150,23062630630,,instructions,1605326876,100.00,3.83,insn per cycle
4.915588150,6019926348,,cycles,1605319574,100.00,,
5.015922676,59985,,rD044,1605341846,100.00,,
5.015922676,151344726,,rFF44,1605359186,100.00,,
5.015922676,23352755578,,instructions,1605363446,100.00,3.88,insn per cycle
5.015922676,6020058368,,cycles,1605354272,100.00,,
5.116253822,58919,,rD044,1605268196,100.00,,
5.116253822,149281590,,rFF44,1605236106,100.00,,
5.116253822,23074043230,,instructions,1605200816,100.00,3.83,insn per cycle
5.116253822,6019588066,,cycles,1605228858,100.00,,
5.216585588,61805,,rD044,1605308396,100.00,,
5.216585588,148930010,,rFF44,1605316376,100.00,,
5.216585588,23029956175,,instructions,1605325784,100.00,3.83,insn per cycle
5.216585588,6019773142,,cycles,1605280626,100.00,,
5.316915764,58541,,rD044,1605243186,100.00,,
5.316915764,148602595,,rFF44,1605240276,100.00,,
5.316915764,22975497702,,instructions,1605253000,100.00,3.82,insn per cycle
5.316915764,6019760422,,cycles,1605275106,100.00,,
5.417245839,58279,,rD044,1605227206,100.00,,
5.417245839,149030894,,rFF44,1605192096,100.00,,
5.417245839,23048596176,,instructions,1605184639,100.00,3.83,insn per cycle
5.417245839,6019481429,,cycles,1605200596,100.00,,
5.517576225,58039,,rD044,1605298056,100.00,,
5.517576225,149400474,,rFF44,1605315472,100.00,,
5.517576225,23094499891,,instructions,1605299287,100.00,3.84,insn per cycle
5.517576225,6019772920,,cycles,1605285836,100.00,,
5.617902731,58973,,rD044,1605230676,100.00,,
5.617902731,149818733,,rFF44,1605293682,100.00,,
5.617902731,23134042774,,instructions,1605312906,100.00,3.84,insn per cycle
5.617902731,6019783083,,cycles,1605292636,100.00,,
5.718242547,60525,,rD044,1605353796,100.00,,
5.718242547,148291791,,rFF44,1605310090,100.00,,
5.718242547,22936432110,,instructions,1605320546,100.00,3.81,insn per cycle
5.718242547,6019960298,,cycles,1605328546,100.00,,
5.818574573,60520,,rD044,1605351163,100.00,,
5.818574573,149461037,,rFF44,1605396516,100.00,,
5.818574573,23084863660,,instructions,1605369416,100.00,3.83,insn per cycle
5.818574573,6020072138,,cycles,1605358126,100.00,,
5.918908479,60804,,rD044,1605225038,100.00,,
5.918908479,147487784,,rFF44,1605145566,100.00,,
5.918908479,22825959235,,instructions,1605171996,100.00,3.79,insn per cycle
5.918908479,6019445922,,cycles,1605191506,100.00,,
6.019245855,57807,,rD044,1605440341,100.00,,
6.019245855,148877496,,rFF44,1605454606,100.00,,
6.019245855,23011236341,,instructions,1605456666,100.00,3.82,insn per cycle
6.019245855,6020418423,,cycles,1605450496,100.00,,
6.119577461,59653,,rD044,1605109778,100.00,,
6.119577461,149972046,,rFF44,1605129646,100.00,,
6.119577461,23156880069,,instructions,1605134036,100.00,3.85,insn per cycle
6.119577461,6018920933,,cycles,1605161366,100.00,,
6.219909456,58829,,rD044,1605333136,100.00,,
6.219909456,149573026,,rFF44,1605326466,100.00,,
6.219909456,23114012411,,instructions,1605290396,100.00,3.84,insn per cycle
6.219909456,6019650176,,cycles,1605245476,100.00,,
6.320275793,58087,,rD044,1605845376,100.00,,
6.320275793,149230049,,rFF44,1605878236,100.00,,
6.320275793,23069509746,,instructions,1605911296,100.00,3.83,insn per cycle
6.320275793,6022212262,,cycles,1605929526,100.00,,
6.420609469,58527,,rD044,1605297726,100.00,,
6.420609469,150112018,,rFF44,1605307546,100.00,,
6.420609469,23184592052,,instructions,1605308776,100.00,3.85,insn per cycle
6.420609469,6019901702,,cycles,1605312486,100.00,,
6.520945394,59808,,rD044,1605342066,100.00,,
6.520945394,149095428,,rFF44,1605307186,100.00,,
6.520945394,23050894202,,instructions,1605272406,100.00,3.83,insn per cycle
6.520945394,6019594745,,cycles,1605239966,100.00,,
6.621271440,58724,,rD044,1605098676,100.00,,
6.621271440,148942204,,rFF44,1605093796,100.00,,
6.621271440,23048900901,,instructions,1605134866,100.00,3.83,insn per cycle
6.621271440,6019349882,,cycles,1605178220,100.00,,
6.721603826,59535,,rD044,1605388876,100.00,,
6.721603826,149230593,,rFF44,1605397756,100.00,,
6.721603826,23082958570,,instructions,1605375426,100.00,3.83,insn per cycle
6.721603826,6020097590,,cycles,1605366144,100.00,,
6.821940442,57867,,rD044,1605297006,100.00,,
6.821940442,148784864,,rFF44,1605266346,100.00,,
6.821940442,23018367793,,instructions,1605269476,100.00,3.82,insn per cycle
6.821940442,6019718318,,cycles,1605263170,100.00,,
6.922265578,58488,,rD044,1605181736,100.00,,
6.922265578,149597549,,rFF44,1605182036,100.00,,
6.922265578,23127409333,,instructions,1605204679,100.00,3.84,insn per cycle
6.922265578,6019564518,,cycles,1605223026,100.00,,
7.022595364,58723,,rD044,1605299516,100.00,,
7.022595364,149564775,,rFF44,1605334106,100.00,,
7.022595364,23093349817,,instructions,1605319403,100.00,3.84,insn per cycle
7.022595364,6019889656,,cycles,1605309126,100.00,,
7.122932750,59444,,rD044,1605439546,100.00,,
7.122932750,149325792,,rFF44,1605463929,100.00,,
7.122932750,23083152048,,instructions,1605446812,100.00,3.83,insn per cycle
7.122932750,6020360317,,cycles,1605435356,100.00,,
7.223272396,59738,,rD044,1605405706,100.00,,
7.223272396,150049850,,rFF44,1605437305,100.00,,
7.223272396,23162302747,,instructions,1605466156,100.00,3.85,insn per cycle
7.223272396,6020511956,,cycles,1605475576,100.00,,
7.323613901,60367,,rD044,1605413428,100.00,,
7.323613901,148268173,,rFF44,1605348020,100.00,,
7.323613901,22937701729,,instructions,1605333616,100.00,3.81,insn per cycle
7.323613901,6020037948,,cycles,1605348626,100.00,,
7.423944947,60589,,rD044,1605331491,100.00,,
7.423944947,147306018,,rFF44,1605352756,100.00,,
7.423944947,22823942345,,instructions,1605339846,100.00,3.79,insn per cycle
7.423944947,6019965061,,cycles,1605330236,100.00,,
7.524280823,59413,,rD044,1605299760,100.00,,
7.524280823,148610627,,rFF44,1605237536,100.00,,
7.524280823,22959008050,,instructions,1605217996,100.00,3.81,insn per cycle
7.524280823,6019500385,,cycles,1605212736,100.00,,
7.624607739,59013,,rD044,1605231598,100.00,,
7.624607739,150052556,,rFF44,1605295946,100.00,,
7.624607739,23172685918,,instructions,1605301076,100.00,3.85,insn per cycle
7.624607739,6019758754,,cycles,1605280886,100.00,,
7.724940965,59566,,rD044,1605318909,100.00,,
7.724940965,149651417,,rFF44,1605325956,100.00,,
7.724940965,23103431360,,instructions,1605351366,100.00,3.84,insn per cycle
7.724940965,6020197840,,cycles,1605398076,100.00,,
7.825282001,58432,,rD044,1605380716,100.00,,
7.825282001,148808197,,rFF44,1605326936,100.00,,
7.825282001,23010800988,,instructions,1605341326,100.00,3.82,insn per cycle
7.825282001,6019897921,,cycles,1605311026,100.00,,
7.925611903,58597,,rD044,1605292966,100.00,,
7.925611903,149713589,,rFF44,1605325586,100.00,,
7.925611903,23140110380,,instructions,1605299516,100.00,3.84,insn per cycle
7.925611903,6019786692,,cycles,1605283496,100.00,,
8.025941305,58376,,rD044,1605268486,100.00,,
8.025941305,147652572,,rFF44,1605295006,100.00,,
8.025941305,22876113706,,instructions,1605309206,100.00,3.80,insn per cycle
8.025941305,6019989547,,cycles,1605335776,100.00,,
8.126279847,60129,,rD044,1605384116,100.00,,
8.126279847,149493530,,rFF44,1605356236,100.00,,
8.126279847,23107309285,,instructions,1605346746,100.00,3.84,insn per cycle
8.126279847,6019932653,,cycles,1605321216,100.00,,
8.226612529,59684,,rD044,1605366956,100.00,,
8.226612529,149550838,,rFF44,1605426896,100.00,,
8.226612529,23123533243,,instructions,1605426596,100.00,3.84,insn per cycle
8.226612529,6020273224,,cycles,1605411756,100.00,,
8.326945841,59514,,rD044,1605243266,100.00,,
8.326945841,149295121,,rFF44,1605201896,100.00,,
8.326945841,23090080044,,instructions,1605229836,100.00,3.84,insn per cycle
8.326945841,6019746213,,cycles,1605271756,100.00,,
8.427281663,57575,,rD044,1605401486,100.00,,
8.427281663,148151254,,rFF44,1605413966,100.00,,
8.427281663,22937311913,,instructions,1605398166,100.00,3.81,insn per cycle
8.427281663,6020188296,,cycles,1605389285,100.00,,
8.527617375,58075,,rD044,1605318136,100.00,,
8.527617375,148591075,,rFF44,1605288316,100.00,,
8.527617375,22992202126,,instructions,1605260436,100.00,3.82,insn per cycle
8.527617375,6019651949,,cycles,1605253241,100.00,,
8.627944227,59514,,rD044,1605191396,100.00,,
8.627944227,148753801,,rFF44,1605185376,100.00,,
8.627944227,23009872222,,instructions,1605204717,100.00,3.82,insn per cycle
8.627944227,6019449244,,cycles,1605203418,100.00,,
8.728288899,59442,,rD044,1605350295,100.00,,
8.728288899,149355105,,rFF44,1605302895,100.00,,
8.728288899,23064102474,,instructions,1605294444,100.00,3.83,insn per cycle
8.728288899,6019712516,,cycles,1605281975,100.00,,
8.828615002,57855,,rD044,1605314586,100.00,,
8.828615002,149265331,,rFF44,1605401077,100.00,,
8.828615002,23070348704,,instructions,1605420932,100.00,3.83,insn per cycle
8.828615002,6020534709,,cycles,1605482196,100.00,,
8.928956114,63066,,rD044,1605340706,100.00,,
8.928956114,145532667,,rFF44,1605277493,100.00,,
8.928956114,22612334716,,instructions,1605262646,100.00,3.76,insn per cycle
8.928956114,6019546456,,cycles,1605218416,100.00,,
9.029279446,59134,,rD044,1605166046,100.00,,
9.029279446,149517309,,rFF44,1605160728,100.00,,
9.029279446,23089092726,,instructions,1605127576,100.00,3.84,insn per cycle
9.029279446,6019096590,,cycles,1605098146,100.00,,
9.129600528,59240,,rD044,1605173516,100.00,,
9.129600528,149634072,,rFF44,1605214299,100.00,,
9.129600528,23107721067,,instructions,1605274966,100.00,3.84,insn per cycle
9.129600528,6019847405,,cycles,1605297216,100.00,,
9.229933690,60395,,rD044,1605302676,100.00,,
9.229933690,150698039,,rFF44,1605295269,100.00,,
9.229933690,23246299263,,instructions,1605272686,100.00,3.86,insn per cycle
9.229933690,6019823912,,cycles,1605292076,100.00,,
9.330267402,59204,,rD044,1605358193,100.00,,
9.330267402,148489084,,rFF44,1605371956,100.00,,
9.330267402,22973179648,,instructions,1605383456,100.00,3.82,insn per cycle
9.330267402,6020104150,,cycles,1605367136,100.00,,
9.430600784,58453,,rD044,1605315769,100.00,,
9.430600784,148492671,,rFF44,1605307696,100.00,,
9.430600784,22972975502,,instructions,1605301906,100.00,3.82,insn per cycle
9.430600784,6019853647,,cycles,1605305606,100.00,,
9.530934816,58789,,rD044,1605277959,100.00,,
9.530934816,148630107,,rFF44,1605259076,100.00,,
9.530934816,22993750232,,instructions,1605245336,100.00,3.82,insn per cycle
9.530934816,6019616278,,cycles,1605243806,100.00,,
9.631260858,59498,,rD044,1605174048,100.00,,
9.631260858,148883048,,rFF44,1605171755,100.00,,
9.631260858,23025744543,,instructions,1605165165,100.00,3.83,insn per cycle
9.631260858,6019347496,,cycles,1605171675,100.00,,
9.731588020,57768,,rD044,1605243606,100.00,,
9.731588020,148494401,,rFF44,1605249916,100.00,,
9.731588020,22973748430,,instructions,1605271366,100.00,3.82,insn per cycle
9.731588020,6019794266,,cycles,1605283976,100.00,,
9.831921492,59460,,rD044,1605373686,100.00,,
9.831921492,149041585,,rFF44,1605421926,100.00,,
9.831921492,23055943718,,instructions,1605407796,100.00,3.83,insn per cycle
9.831921492,6020157944,,cycles,1605381536,100.00,,
9.932258034,58786,,rD044,1605329346,100.00,,
9.932258034,148757859,,rFF44,1605306786,100.00,,
9.932258034,22994591796,,instructions,1605298386,100.00,3.82,insn per cycle
9.932258034,6019871523,,cycles,1605304976,100.00,,
10.032588906,58835,,rD044,1605267776,100.00,,
10.032588906,148242856,,rFF44,1605260526,100.00,,
10.032588906,22933193367,,instructions,1605265566,100.00,3.81,insn per cycle
10.032588906,6019805022,,cycles,1605286686,100.00,,
10.132927608,59185,,rD044,1605232036,100.00,,
10.132927608,149532125,,rFF44,1605218666,100.00,,
10.132927608,23119083576,,instructions,1605225496,100.00,3.84,insn per cycle
10.132927608,6019156008,,cycles,1605219786,100.00,,
10.233259370,58364,,rD044,1605305276,100.00,,
10.233259370,149771862,,rFF44,1605291526,100.00,,
10.233259370,23136396487,,instructions,1605308726,100.00,3.84,insn per cycle
10.233259370,6019792161,,cycles,1605282786,100.00,,
10.333589142,58838,,rD044,1605287626,100.00,,
10.333589142,149538732,,rFF44,1605315426,100.00,,
10.333589142,23101523089,,instructions,1605267236,100.00,3.84,insn per cycle
10.333589142,6019780156,,cycles,1605281216,100.00,,
10.433922234,60455,,rD044,1605250536,100.00,,
10.433922234,147390809,,rFF44,1605209166,100.00,,
10.433922234,22837219048,,instructions,1605220096,100.00,3.79,insn per cycle
10.433922234,6019441058,,cycles,1605189829,100.00,,
10.534243586,61340,,rD044,1605127005,100.00,,
10.534243586,149418551,,rFF44,1605132045,100.00,,
10.534243586,23095321868,,instructions,1605138605,100.00,3.84,insn per cycle
10.534243586,6019180654,,cycles,1605127668,100.00,,
10.634568168,59756,,rD044,1605242386,100.00,,
10.634568168,149668589,,rFF44,1605310126,100.00,,
10.634568168,23121529624,,instructions,1605319936,100.00,3.84,insn per cycle
10.634568168,6020042878,,cycles,1605356053,100.00,,
10.734904200,58707,,rD044,1605236276,100.00,,
10.734904200,149725586,,rFF44,1605167106,100.00,,
10.734904200,23135193512,,instructions,1605174726,100.00,3.84,insn per cycle
10.734904200,6019367710,,cycles,1605176489,100.00,,
10.835228692,59327,,rD044,1605371356,100.00,,
10.835228692,148887665,,rFF44,1605780558,100.00,,
10.835228692,23030085653,,instructions,1605779342,100.00,3.82,insn per cycle
10.835228692,6021610195,,cycles,1605768476,100.00,,
10.935591835,58123,,rD044,1605695816,100.00,,
10.935591835,148213812,,rFF44,1605347193,100.00,,
10.935591835,22938226244,,instructions,1605361896,100.00,3.81,insn per cycle
10.935591835,6020229498,,cycles,1605400336,100.00,,
11.035932237,58515,,rD044,1605372416,100.00,,
11.035932237,148039947,,rFF44,1605350182,100.00,,
11.035932237,22919147419,,instructions,1605344836,100.00,3.81,insn per cycle
11.035932237,6019917948,,cycles,1605316806,100.00,,
11.136260569,58005,,rD044,1605239708,100.00,,
11.136260569,148431168,,rFF44,1605215387,100.00,,
11.136260569,22969302559,,instructions,1605204046,100.00,3.82,insn per cycle
11.136260569,6019499691,,cycles,1605205796,100.00,,
11.236591101,59007,,rD044,1605358782,100.00,,
11.236591101,148722233,,rFF44,1605428996,100.00,,
11.236591101,23020714064,,instructions,1605408266,100.00,3.82,insn per cycle
11.236591101,6020215512,,cycles,1605396476,100.00,,
11.336928173,58755,,rD044,1605327599,100.00,,
11.336928173,148648655,,rFF44,1605284346,100.00,,
11.336928173,23013067936,,instructions,1605300916,100.00,3.82,insn per cycle
11.336928173,6019922281,,cycles,1605318296,100.00,,
11.437260785,59100,,rD044,1605241609,100.00,,
11.437260785,149424041,,rFF44,1605189426,100.00,,
11.437260785,23108682910,,instructions,1605213226,100.00,3.84,insn per cycle
11.437260785,6019544072,,cycles,1605216946,100.00,,
11.537587827,61607,,rD044,1605257718,100.00,,
11.537587827,149539120,,rFF44,1605304296,100.00,,
11.537587827,23108782355,,instructions,1605286926,100.00,3.84,insn per cycle
11.537587827,6019680937,,cycles,1605260736,100.00,,
11.637930489,58256,,rD044,1605439176,100.00,,
11.637930489,148445857,,rFF44,1605441236,100.00,,
11.637930489,22971364309,,instructions,1605453616,100.00,3.82,insn per cycle
11.637930489,6020481060,,cycles,1605473686,100.00,,
11.738265631,58198,,rD044,1605338086,100.00,,
11.738265631,147939757,,rFF44,1605323826,100.00,,
11.738265631,22894818363,,instructions,1605311096,100.00,3.80,insn per cycle
11.738265631,6019817312,,cycles,1605289886,100.00,,
11.838595563,60467,,rD044,1605255206,100.00,,
11.838595563,149503856,,rFF44,1605244946,100.00,,
11.838595563,23105395225,,instructions,1605242886,100.00,3.84,insn per cycle
11.838595563,6019688275,,cycles,1605257036,100.00,,
11.938929205,58221,,rD044,1605336326,100.00,,
11.938929205,149801634,,rFF44,1605349346,100.00,,
11.938929205,23117119054,,instructions,1605340696,100.00,3.84,insn per cycle
11.938929205,6020043754,,cycles,1605351056,100.00,,
12.039259958,63080,,rD044,1605242836,100.00,,
12.039259958,145910178,,rFF44,1605208036,100.00,,
12.039259958,22648979583,,instructions,1605208666,100.00,3.76,insn per cycle
12.039259958,6019445217,,cycles,1605190556,100.00,,
12.139594580,57676,,rD044,1605352576,100.00,,
12.139594580,149167626,,rFF44,1605353256,100.00,,
12.139594580,23035010526,,instructions,1605350976,100.00,3.83,insn per cycle
12.139594580,6020123801,,cycles,1605372456,100.00,,
12.239924321,62189,,rD044,1605312426,100.00,,
12.239924321,149485438,,rFF44,1605349686,100.00,,
12.239924321,23098609585,,instructions,1605352466,100.00,3.84,insn per cycle
12.239924321,6020067653,,cycles,1605356393,100.00,,
12.340260374,58145,,rD044,1605333866,100.00,,
12.340260374,148999404,,rFF44,1605323896,100.00,,
12.340260374,23030480111,,instructions,1605332956,100.00,3.83,insn per cycle
12.340260374,6019952543,,cycles,1605326852,100.00,,
12.440593526,57846,,rD044,1605372516,100.00,,
12.440593526,149418663,,rFF44,1605409636,100.00,,
12.440593526,23088755002,,instructions,1605412122,100.00,3.84,insn per cycle
12.440593526,6020321090,,cycles,1605424859,100.00,,
12.540932238,58322,,rD044,1605331616,100.00,,
12.540932238,149098239,,rFF44,1605294956,100.00,,
12.540932238,23052995585,,instructions,1605306852,100.00,3.83,insn per cycle
12.540932238,6019847910,,cycles,1605306526,100.00,,
12.641264210,59788,,rD044,1605250425,100.00,,
12.641264210,149654094,,rFF44,1605237405,100.00,,
12.641264210,23119848253,,instructions,1605250729,100.00,3.84,insn per cycle
12.641264210,6019639686,,cycles,1605248055,100.00,,
12.741597132,58609,,rD044,1605378836,100.00,,
12.741597132,149646009,,rFF44,1605406615,100.00,,
12.741597132,23123983217,,instructions,1605369376,100.00,3.84,insn per cycle
12.741597132,6020020196,,cycles,1605344166,100.00,,
12.841930854,58323,,rD044,1605318766,100.00,,
12.841930854,148564975,,rFF44,1605353132,100.00,,
12.841930854,22991364221,,instructions,1605361776,100.00,3.82,insn per cycle
12.841930854,6020145721,,cycles,1605378626,100.00,,
12.942270306,57669,,rD044,1605329638,100.00,,
12.942270306,147722342,,rFF44,1605252097,100.00,,
12.942270306,22889147494,,instructions,1605263656,100.00,3.80,insn per cycle
12.942270306,6019643037,,cycles,1605243536,100.00,,
13.042593768,57689,,rD044,1605199199,100.00,,
13.042593768,148579015,,rFF44,1605216136,100.00,,
13.042593768,22989447331,,instructions,1605208546,100.00,3.82,insn per cycle
13.042593768,6019645197,,cycles,1605244066,100.00,,
13.142922150,59342,,rD044,1605253940,100.00,,
13.142922150,148204363,,rFF44,1605231926,100.00,,
13.142922150,22938308419,,instructions,1605213136,100.00,3.81,insn per cycle
13.142922150,6019406399,,cycles,1605180846,100.00,,
13.243251212,59500,,rD044,1605297919,100.00,,
13.243251212,149894112,,rFF44,1605345196,100.00,,
13.243251212,23164945074,,instructions,1605373746,100.00,3.85,insn per cycle
13.243251212,6020114330,,cycles,1605369326,100.00,,
13.343585004,58145,,rD044,1605349149,100.00,,
13.343585004,149331219,,rFF44,1605413816,100.00,,
13.343585004,23080213315,,instructions,1605395816,100.00,3.83,insn per cycle
13.343585004,6020170972,,cycles,1605385056,100.00,,
13.443922506,59651,,rD044,1605320737,100.00,,
13.443922506,148925023,,rFF44,1605244386,100.00,,
13.443922506,23017390709,,instructions,1605239856,100.00,3.82,insn per cycle
13.443922506,6019660501,,cycles,1605248566,100.00,,
13.544249998,60673,,rD044,1605191706,100.00,,
13.544249998,147828663,,rFF44,1605179286,100.00,,
13.544249998,22875688293,,instructions,1605181946,100.00,3.80,insn per cycle
13.544249998,6019378465,,cycles,1605182236,100.00,,
13.644576860,61599,,rD044,1605197666,100.00,,
13.644576860,148559138,,rFF44,1605181256,100.00,,
13.644576860,22983798193,,instructions,1605191126,100.00,3.82,insn per cycle
13.644576860,6019448754,,cycles,1605197336,100.00,,
13.744904292,60338,,rD044,1605250436,100.00,,
13.744904292,148922716,,rFF44,1605294786,100.00,,
13.744904292,23017693919,,instructions,1605280786,100.00,3.82,insn per cycle
13.744904292,6019722946,,cycles,1605264596,100.00,,
13.845243564,58710,,rD044,1605371746,100.00,,
13.845243564,148441224,,rFF44,1605345346,100.00,,
13.845243564,22958643017,,instructions,1605356246,100.00,3.81,insn per cycle
13.845243564,6020072594,,cycles,1605358756,100.00,,
13.945570657,58003,,rD044,1605280946,100.00,,
13.945570657,149004372,,rFF44,1605323306,100.00,,
13.945570657,23032875902,,instructions,1605331926,100.00,3.83,insn per cycle
13.945570657,6020083648,,cycles,1605360886,100.00,,
14.045905499,58731,,rD044,1605347676,100.00,,
14.045905499,149191005,,rFF44,1605353826,100.00,,
14.045905499,23045932840,,instructions,1605338836,100.00,3.83,insn per cycle
14.045905499,6019902693,,cycles,1605313436,100.00,,
14.146246491,59294,,rD044,1605232716,100.00,,
14.146246491,148692241,,rFF44,1605217396,100.00,,
14.146246491,22996235798,,instructions,1605262716,100.00,3.82,insn per cycle
14.146246491,6019482304,,cycles,1605309874,100.00,,
14.246582503,60200,,rD044,1605441246,100.00,,
14.246582503,148720053,,rFF44,1605459586,100.00,,
14.246582503,23006119031,,instructions,1605430876,100.00,3.82,insn per cycle
14.246582503,6020267790,,cycles,1605411103,100.00,,
14.346918525,58557,,rD044,1605315786,100.00,,
14.346918525,148302754,,rFF44,1605281826,100.00,,
14.346918525,22958304148,,instructions,1605254289,100.00,3.81,insn per cycle
14.346918525,6019573678,,cycles,1605224987,100.00,,
14.447252447,57974,,rD044,1605286366,100.00,,
14.447252447,148206909,,rFF44,1605291956,100.00,,
14.447252447,22933601508,,instructions,1605341474,100.00,3.81,insn per cycle
14.447252447,6020005870,,cycles,1605341026,100.00,,
14.547581969,59914,,rD044,1605300546,100.00,,
14.547581969,148499862,,rFF44,1605283456,100.00,,
14.547581969,22984041007,,instructions,1605250821,100.00,3.82,insn per cycle
14.547581969,6019746894,,cycles,1605280336,100.00,,
14.647917091,59324,,rD044,1605305496,100.00,,
14.647917091,149678460,,rFF44,1605347134,100.00,,
14.647917091,23126593760,,instructions,1605366386,100.00,3.84,insn per cycle
14.647917091,6020169759,,cycles,1605390546,100.00,,
14.748259523,59076,,rD044,1605454946,100.00,,
14.748259523,150134639,,rFF44,1605430204,100.00,,
14.748259523,23189216728,,instructions,1605424406,100.00,3.85,insn per cycle
14.748259523,6020211701,,cycles,1605396006,100.00,,
14.848594925,59325,,rD044,1605360001,100.00,,
14.848594925,150288660,,rFF44,1605386526,100.00,,
14.848594925,23204446224,,instructions,1605377186,100.00,3.85,insn per cycle
14.848594925,6020114825,,cycles,1605369206,100.00,,
14.882764521,206588,,rD044,500465245,100.00,,
14.882764521,22937962,,rFF44,499625824,100.00,,
14.882764521,4096766087,,instructions,498983994,100.00,2.19,insn per cycle
14.882764521,1868721188,,cycles,498357074,100.00,,
