0.100120118,4369290,,rD044,90200420,100.00,,
0.100120118,19468775,,rFF44,90206450,100.00,,
0.100120118,422767147,,instructions,90211150,100.00,1.26,insn per cycle
0.100120118,334323196,,cycles,90216570,100.00,,
0.200348226,5485013,,rD044,100223546,100.00,,
0.200348226,24019184,,rFF44,100223756,100.00,,
0.200348226,506544212,,instructions,100223976,100.00,1.35,insn per cycle
0.200348226,375834850,,cycles,100222996,100.00,,
0.300535645,5486008,,rD044,100186035,100.00,,
0.300535645,24019598,,rFF44,100185615,100.00,,
0.300535645,505711135,,instructions,100185055,100.00,1.35,insn per cycle
0.300535645,375692026,,cycles,100185115,100.00,,
0.400721563,6752428,,rD044,100186076,100.00,,
0.400721563,28589286,,rFF44,100186276,100.00,,
0.400721563,95848358,,instructions,100186716,100.00,0.26,insn per cycle
0.400721563,375700252,,cycles,100186906,100.00,,
0.500910511,6943727,,rD044,100188385,100.00,,
0.500910511,30002304,,rFF44,100188535,100.00,,
0.500910511,37371219,,instructions,100187995,100.00,0.10,insn per cycle
0.500910511,375703555,,cycles,100187975,100.00,,
0.601099750,4238066,,rD044,452532717,100.00,,
0.601099750,50336161,,rFF44,452817557,100.00,,
0.601099750,5501368367,,instructions,453034047,100.00,3.24,insn per cycle
0.601099750,1699029474,,cycles,453232787,100.00,,
0.701413679,1664171,,rD044,802311818,100.00,,
0.701413679,72272900,,rFF44,802275308,100.00,,
0.701413679,11141517949,,instructions,802319498,100.00,3.70,insn per cycle
0.701413679,3008695550,,cycles,802322878,100.00,,
0.801702459,1542879,,rD044,802360078,100.00,,
0.801702459,69814210,,rFF44,802368708,100.00,,
0.801702459,10865012372,,instructions,802310368,100.00,3.61,insn per cycle
0.801702459,3008625950,,cycles,802302678,100.00,,
0.901996158,1553065,,rD044,802357458,100.00,,
0.901996158,72776873,,rFF44,802364018,100.00,,
0.901996158,11218979345,,instructions,802355448,100.00,3.73,insn per cycle
0.901996158,3008826146,,cycles,802356968,100.00,,
1.002286248,1431881,,rD044,802259890,100.00,,
1.002286248,71402458,,rFF44,802254028,100.00,,
1.002286248,11041245693,,instructions,802268338,100.00,3.67,insn per cycle
1.002286248,3008466095,,cycles,802260128,100.00,,
1.102566537,1593257,,rD044,802205658,100.00,,
1.102566537,72587683,,rFF44,802163660,100.00,,
1.102566537,11192004593,,instructions,802149612,100.00,3.72,insn per cycle
1.102566537,3008076250,,cycles,802157148,100.00,,
1.202839266,1350663,,rD044,802220408,100.00,,
1.202839266,67944400,,rFF44,802247008,100.00,,
1.202839266,10606286809,,instructions,802248836,100.00,3.53,insn per cycle
1.202839266,3008580580,,cycles,802289950,100.00,,
1.303129976,1405300,,rD044,802248138,100.00,,
1.303129976,72319296,,rFF44,802256408,100.00,,
1.303129976,11150465398,,instructions,802264618,100.00,3.71,insn per cycle
1.303129976,3008200942,,cycles,802220518,100.00,,
1.403419665,1730155,,rD044,802282598,100.00,,
1.403419665,70329786,,rFF44,802294848,100.00,,
1.403419665,10885062784,,instructions,802332188,100.00,3.62,insn per cycle
1.403419665,3008732436,,cycles,802331258,100.00,,
1.503707075,1792207,,rD044,802280008,100.00,,
1.503707075,72086959,,rFF44,802249688,100.00,,
1.503707075,11114678507,,instructions,802208538,100.00,3.69,insn per cycle
1.503707075,3008282840,,cycles,802211308,100.00,,
1.603982054,1423849,,rD044,802234118,100.00,,
1.603982054,70545428,,rFF44,802233598,100.00,,
1.603982054,10929025583,,instructions,802223968,100.00,3.63,insn per cycle
1.603982054,3008328327,,cycles,802224068,100.00,,
1.704266934,1562752,,rD044,802241248,100.00,,
1.704266934,72429892,,rFF44,802235028,100.00,,
1.704266934,11166287218,,instructions,802229218,100.00,3.71,insn per cycle
1.704266934,3008332731,,cycles,802225238,100.00,,
1.804540203,1560894,,rD044,802170230,100.00,,
1.804540203,70413633,,rFF44,802167855,100.00,,
1.804540203,10923506607,,instructions,802168738,100.00,3.63,insn per cycle
1.804540203,3008110170,,cycles,802165388,100.00,,
1.904818482,1752581,,rD044,802241128,100.00,,
1.904818482,72559223,,rFF44,802248673,100.00,,
1.904818482,11184339158,,instructions,802242590,100.00,3.72,insn per cycle
1.904818482,3008430580,,cycles,802250738,100.00,,
2.005095222,1178045,,rD044,802279208,100.00,,
2.005095222,71064932,,rFF44,802310078,100.00,,
2.005095222,10998376079,,instructions,802321508,100.00,3.66,insn per cycle
2.005095222,3008757865,,cycles,802338540,100.00,,
2.105390591,1509877,,rD044,802679918,100.00,,
2.105390591,71962706,,rFF44,802883608,100.00,,
2.105390591,11091933011,,instructions,802974216,100.00,3.68,insn per cycle
2.105390591,3011264874,,cycles,803006306,100.00,,
2.205754201,1048944,,rD044,802454228,100.00,,
2.205754201,69357337,,rFF44,802214318,100.00,,
2.205754201,10788516947,,instructions,802125690,100.00,3.59,insn per cycle
2.205754201,3007741699,,cycles,802074851,100.00,,
2.306024621,1349937,,rD044,802455298,100.00,,
2.306024621,72486285,,rFF44,802773758,100.00,,
2.306024621,11169829814,,instructions,802794912,100.00,3.71,insn per cycle
2.306024621,3010499158,,cycles,802802695,100.00,,
2.406377121,1218789,,rD044,802529378,100.00,,
2.406377121,69264473,,rFF44,802204358,100.00,,
2.406377121,10768344088,,instructions,802182934,100.00,3.58,insn per cycle
2.406377121,3008286466,,cycles,802212580,100.00,,
2.506661920,1946339,,rD044,802281578,100.00,,
2.506661920,71865096,,rFF44,802299838,100.00,,
2.506661920,11075175996,,instructions,802312188,100.00,3.68,insn per cycle
2.506661920,3008524918,,cycles,802276648,100.00,,
2.606942200,1410406,,rD044,802233978,100.00,,
2.606942200,69130766,,rFF44,802231128,100.00,,
2.606942200,10758538356,,instructions,802220398,100.00,3.58,insn per cycle
2.606942200,3008332428,,cycles,802224668,100.00,,
2.707223569,1314177,,rD044,802380918,100.00,,
2.707223569,72515180,,rFF44,802399378,100.00,,
2.707223569,11174122440,,instructions,802407558,100.00,3.71,insn per cycle
2.707223569,3009038107,,cycles,802413098,100.00,,
2.807524459,1624536,,rD044,802164858,100.00,,
2.807524459,69194810,,rFF44,802145798,100.00,,
2.807524459,10770666289,,instructions,802155108,100.00,3.58,insn per cycle
2.807524459,3007874573,,cycles,802142348,100.00,,
2.907808988,1590667,,rD044,802285598,100.00,,
2.907808988,72351507,,rFF44,802292998,100.00,,
2.907808988,11148465330,,instructions,802276588,100.00,3.71,insn per cycle
2.907808988,3008515245,,cycles,802273858,100.00,,
3.008088628,1558253,,rD044,802361635,100.00,,
3.008088628,71198841,,rFF44,802461628,100.00,,
3.008088628,11017113287,,instructions,802452658,100.00,3.66,insn per cycle
3.008088628,3009179682,,cycles,802450798,100.00,,
3.108395527,1668833,,rD044,802307573,100.00,,
3.108395527,72312980,,rFF44,802202467,100.00,,
3.108395527,11141366885,,instructions,802251248,100.00,3.70,insn per cycle
3.108395527,3009028925,,cycles,802409978,100.00,,
3.208696457,1622765,,rD044,802450638,100.00,,
3.208696457,70073928,,rFF44,802458205,100.00,,
3.208696457,10885444125,,instructions,802408248,100.00,3.62,insn per cycle
3.208696457,3008450753,,cycles,802256588,100.00,,
3.308980846,1780388,,rD044,802163168,100.00,,
3.308980846,71413035,,rFF44,802136604,100.00,,
3.308980846,11025770771,,instructions,802138100,100.00,3.67,insn per cycle
3.308980846,3007991791,,cycles,802141495,100.00,,
3.409258805,1289307,,rD044,802422758,100.00,,
3.409258805,71192572,,rFF44,802536138,100.00,,
3.409258805,11015788133,,instructions,802541898,100.00,3.66,insn per cycle
3.409258805,3009484688,,cycles,802532678,100.00,,
3.509571485,1243714,,rD044,802290068,100.00,,
3.509571485,69195465,,rFF44,802175478,100.00,,
3.509571485,10760222327,,instructions,802164498,100.00,3.58,insn per cycle
3.509571485,3008104410,,cycles,802163933,100.00,,
3.609839604,1881032,,rD044,802183848,100.00,,
3.609839604,71304979,,rFF44,802208478,100.00,,
3.609839604,11017738138,,instructions,802218058,100.00,3.66,insn per cycle
3.609839604,3008316718,,cycles,802220358,100.00,,
3.710122504,1251814,,rD044,802263058,100.00,,
3.710122504,70133126,,rFF44,802255528,100.00,,
3.710122504,10863022769,,instructions,802261348,100.00,3.61,insn per cycle
3.710122504,3008501951,,cycles,802270518,100.00,,
3.810406993,1341654,,rD044,802231888,100.00,,
3.810406993,72100858,,rFF44,802223728,100.00,,
3.810406993,11106094137,,instructions,802266478,100.00,3.69,insn per cycle
3.810406993,3008576634,,cycles,802289578,100.00,,
3.910693323,1381862,,rD044,802287547,100.00,,
3.910693323,70378436,,rFF44,802295098,100.00,,
3.910693323,10912912168,,instructions,802248848,100.00,3.63,insn per cycle
3.910693323,3008302851,,cycles,802216528,100.00,,
4.010967592,1346562,,rD044,802318373,100.00,,
4.010967592,72686091,,rFF44,802464308,100.00,,
4.010967592,11194151831,,instructions,802499348,100.00,3.72,insn per cycle
4.010967592,3009461561,,cycles,802526588,100.00,,
4.111285782,1764531,,rD044,802412506,100.00,,
4.111285782,68721043,,rFF44,802276615,100.00,,
4.111285782,10698992719,,instructions,802239438,100.00,3.56,insn per cycle
4.111285782,3008266095,,cycles,802206608,100.00,,
4.211563361,1494416,,rD044,802235347,100.00,,
4.211563361,72155980,,rFF44,802287242,100.00,,
4.211563361,11111810856,,instructions,802295074,100.00,3.69,insn per cycle
4.211563361,3008556971,,cycles,802299037,100.00,,
4.311848141,1614383,,rD044,802214868,100.00,,
4.311848141,70198193,,rFF44,802160078,100.00,,
4.311848141,10881565919,,instructions,802148333,100.00,3.62,insn per cycle
4.311848141,3008085729,,cycles,802158920,100.00,,
4.412124520,1672106,,rD044,802188788,100.00,,
4.412124520,73093900,,rFF44,802179408,100.00,,
4.412124520,11256031226,,instructions,802174378,100.00,3.74,insn per cycle
4.412124520,3008081671,,cycles,802158038,100.00,,
4.512397019,1026654,,rD044,802288648,100.00,,
4.512397019,70559023,,rFF44,802360518,100.00,,
4.512397019,10932541132,,instructions,802452068,100.00,3.63,insn per cycle
4.512397019,3009248049,,cycles,802468798,100.00,,
4.612707989,1612928,,rD044,802399348,100.00,,
4.612707989,72724158,,rFF44,802388898,100.00,,
4.612707989,11197755081,,instructions,802318788,100.00,3.72,insn per cycle
4.612707989,3008628950,,cycles,802304248,100.00,,
4.713002238,1502647,,rD044,802300398,100.00,,
4.713002238,68505823,,rFF44,802229598,100.00,,
4.713002238,10698181889,,instructions,802217718,100.00,3.56,insn per cycle
4.713002238,3008315973,,cycles,802220438,100.00,,
4.813272808,1999504,,rD044,802197488,100.00,,
4.813272808,71200570,,rFF44,802216738,100.00,,
4.813272808,10966950428,,instructions,802231548,100.00,3.65,insn per cycle
4.813272808,3008469732,,cycles,802261418,100.00,,
4.913561347,1189477,,rD044,802271960,100.00,,
4.913561347,69744167,,rFF44,802248288,100.00,,
4.913561347,10827602732,,instructions,802232148,100.00,3.60,insn per cycle
4.913561347,3008284697,,cycles,802211878,100.00,,
5.013833947,1169349,,rD044,802177318,100.00,,
5.013833947,72247338,,rFF44,802183500,100.00,,
5.013833947,11125729467,,instructions,802187241,100.00,3.70,insn per cycle
5.013833947,3008168827,,cycles,802181178,100.00,,
5.114107746,1113121,,rD044,802195828,100.00,,
5.114107746,68875536,,rFF44,802219128,100.00,,
5.114107746,10723943347,,instructions,802220677,100.00,3.56,insn per cycle
5.114107746,3008268364,,cycles,802207740,100.00,,
5.214373795,1570962,,rD044,802076178,100.00,,
5.214373795,71676257,,rFF44,802074208,100.00,,
5.214373795,11039604414,,instructions,802088768,100.00,3.67,insn per cycle
5.214373795,3008047378,,cycles,802157958,100.00,,
5.314667684,1742778,,rD044,802348778,100.00,,
5.314667684,70073886,,rFF44,802335108,100.00,,
5.314667684,10856342254,,instructions,802310848,100.00,3.61,insn per cycle
5.314667684,3008408235,,cycles,802244878,100.00,,
5.414941484,1459813,,rD044,802182118,100.00,,
5.414941484,72201417,,rFF44,802169548,100.00,,
5.414941484,11122089945,,instructions,802169528,100.00,3.70,insn per cycle
5.414941484,3008119392,,cycles,802169978,100.00,,
5.515210563,1704825,,rD044,802155556,100.00,,
5.515210563,69916077,,rFF44,802162138,100.00,,
5.515210563,10855364794,,instructions,802160738,100.00,3.61,insn per cycle
5.515210563,3008114010,,cycles,802166688,100.00,,
5.615492982,1797152,,rD044,802240912,100.00,,
5.615492982,72537570,,rFF44,802241734,100.00,,
5.615492982,11176043057,,instructions,802248278,100.00,3.71,insn per cycle
5.615492982,3008408869,,cycles,802244708,100.00,,
5.715772242,1364438,,rD044,802295348,100.00,,
5.715772242,71139063,,rFF44,802307904,100.00,,
5.715772242,11009772818,,instructions,802304322,100.00,3.66,insn per cycle
5.715772242,3008656494,,cycles,802311728,100.00,,
5.816054391,1413638,,rD044,802195498,100.00,,
5.816054391,72350416,,rFF44,802186998,100.00,,
5.816054391,11148628729,,instructions,802184876,100.00,3.71,insn per cycle
5.816054391,3008162038,,cycles,802179470,100.00,,
5.916331311,1461216,,rD044,802493568,100.00,,
5.916331311,70320297,,rFF44,802596268,100.00,,
5.916331311,10901811975,,instructions,802748688,100.00,3.62,insn per cycle
5.916331311,3010707680,,cycles,802858106,100.00,,
6.016686451,1289441,,rD044,802557568,100.00,,
6.016686451,72461063,,rFF44,802464758,100.00,,
6.016686451,11163839534,,instructions,802320008,100.00,3.71,insn per cycle
6.016686451,3008309596,,cycles,802218820,100.00,,
6.116965730,1503653,,rD044,802227988,100.00,,
6.116965730,70876883,,rFF44,802228818,100.00,,
6.116965730,10974735476,,instructions,802224298,100.00,3.65,insn per cycle
6.116965730,3008300972,,cycles,802215968,100.00,,
6.217242289,1501175,,rD044,802243778,100.00,,
6.217242289,71828258,,rFF44,802252768,100.00,,
6.217242289,11069177203,,instructions,802265658,100.00,3.68,insn per cycle
6.217242289,3008510470,,cycles,802272368,100.00,,
6.317527329,1479626,,rD044,802175238,100.00,,
6.317527329,69274816,,rFF44,802146318,100.00,,
6.317527329,10778615892,,instructions,802130798,100.00,3.58,insn per cycle
6.317527329,3007921102,,cycles,802123488,100.00,,
6.417798248,1901243,,rD044,802243368,100.00,,
6.417798248,72280773,,rFF44,802289468,100.00,,
6.417798248,11141112483,,instructions,802334588,100.00,3.70,insn per cycle
6.417798248,3008830686,,cycles,802357768,100.00,,
6.518095928,1524560,,rD044,802296963,100.00,,
6.518095928,70809255,,rFF44,802250878,100.00,,
6.518095928,10967732021,,instructions,802200338,100.00,3.65,insn per cycle
6.518095928,3008116913,,cycles,802167028,100.00,,
6.618365737,1397086,,rD044,802170675,100.00,,
6.618365737,72465540,,rFF44,802193390,100.00,,
6.618365737,11170878572,,instructions,802207226,100.00,3.71,insn per cycle
6.618365737,3008393361,,cycles,802241288,100.00,,
6.718664147,1168567,,rD044,802395488,100.00,,
6.718664147,68537637,,rFF44,802404878,100.00,,
6.718664147,10680752898,,instructions,802404282,100.00,3.55,insn per cycle
6.718664147,3008954264,,cycles,802390628,100.00,,
6.818951926,1592967,,rD044,802156518,100.00,,
6.818951926,72469176,,rFF44,802154238,100.00,,
6.818951926,11170922162,,instructions,802146308,100.00,3.71,insn per cycle
6.818951926,3007834597,,cycles,802139120,100.00,,
6.919230745,1484592,,rD044,802268948,100.00,,
6.919230745,70222187,,rFF44,802267268,100.00,,
6.919230745,10900563768,,instructions,802281468,100.00,3.62,insn per cycle
6.919230745,3008620139,,cycles,802301898,100.00,,
7.019516775,1658077,,rD044,802253708,100.00,,
7.019516775,72722156,,rFF44,802230488,100.00,,
7.019516775,11210653548,,instructions,802221488,100.00,3.73,insn per cycle
7.019516775,3008264923,,cycles,802206438,100.00,,
7.119793564,1658468,,rD044,802255018,100.00,,
7.119793564,70657301,,rFF44,802271418,100.00,,
7.119793564,10957299623,,instructions,802272448,100.00,3.64,insn per cycle
7.119793564,3008498468,,cycles,802269048,100.00,,
7.220079994,1611244,,rD044,802238137,100.00,,
7.220079994,72680715,,rFF44,802430767,100.00,,
7.220079994,11207444121,,instructions,802464117,100.00,3.72,insn per cycle
7.220079994,3009204742,,cycles,802464477,100.00,,
7.320386603,1805253,,rD044,802458208,100.00,,
7.320386603,70310330,,rFF44,802247048,100.00,,
7.320386603,10900250618,,instructions,802226438,100.00,3.62,insn per cycle
7.320386603,3009017007,,cycles,802407698,100.00,,
7.420690463,1623358,,rD044,802420497,100.00,,
7.420690463,72412760,,rFF44,802442958,100.00,,
7.420690463,11164656228,,instructions,802446798,100.00,3.71,insn per cycle
7.420690463,3008503076,,cycles,802270558,100.00,,
7.520975012,1515965,,rD044,802238251,100.00,,
7.520975012,69125875,,rFF44,802230557,100.00,,
7.520975012,10756311315,,instructions,802211748,100.00,3.58,insn per cycle
7.520975012,3008247845,,cycles,802202448,100.00,,
7.621251802,1699853,,rD044,802345188,100.00,,
7.621251802,72127806,,rFF44,802343161,100.00,,
7.621251802,11120687160,,instructions,802343907,100.00,3.70,insn per cycle
7.621251802,3008823362,,cycles,802355528,100.00,,
7.721553251,1346086,,rD044,802237178,100.00,,
7.721553251,70371231,,rFF44,802226368,100.00,,
7.721553251,10912510613,,instructions,802236141,100.00,3.63,insn per cycle
7.721553251,3008334177,,cycles,802225352,100.00,,
7.821823841,1522350,,rD044,802208168,100.00,,
7.821823841,72287413,,rFF44,802217778,100.00,,
7.821823841,11143864873,,instructions,802207348,100.00,3.70,insn per cycle
7.821823841,3008276735,,cycles,802209896,100.00,,
7.922107740,1569553,,rD044,802228328,100.00,,
7.922107740,70365223,,rFF44,802205408,100.00,,
7.922107740,10915605896,,instructions,802195428,100.00,3.63,insn per cycle
7.922107740,3008222556,,cycles,802196078,100.00,,
8.022382549,1310509,,rD044,802299108,100.00,,
8.022382549,72033152,,rFF44,802361748,100.00,,
8.022382549,11103543823,,instructions,802419818,100.00,3.69,insn per cycle
8.022382549,3009266247,,cycles,802474178,100.00,,
8.122686389,1081133,,rD044,802408518,100.00,,
8.122686389,67012087,,rFF44,802422558,100.00,,
8.122686389,10492316481,,instructions,802386788,100.00,3.49,insn per cycle
8.122686389,3008739809,,cycles,802333178,100.00,,
8.222974488,1433289,,rD044,802218778,100.00,,
8.222974488,72413786,,rFF44,802186148,100.00,,
8.222974488,11162870930,,instructions,802184388,100.00,3.71,insn per cycle
8.222974488,3008153324,,cycles,802185968,100.00,,
8.323257808,1363686,,rD044,802297425,100.00,,
8.323257808,71028209,,rFF44,802342848,100.00,,
8.323257808,10984520907,,instructions,802338508,100.00,3.65,insn per cycle
8.323257808,3008727408,,cycles,802330668,100.00,,
8.423550027,1902189,,rD044,802248753,100.00,,
8.423550027,72494610,,rFF44,802163463,100.00,,
8.423550027,11175042102,,instructions,802160768,100.00,3.71,insn per cycle
8.423550027,3008097057,,cycles,802161538,100.00,,
8.523819687,1624823,,rD044,802157888,100.00,,
8.523819687,71296301,,rFF44,802157345,100.00,,
8.523819687,11032260969,,instructions,802144540,100.00,3.67,insn per cycle
8.523819687,3008017350,,cycles,802141103,100.00,,
8.624088316,1505840,,rD044,802265278,100.00,,
8.624088316,72557355,,rFF44,802359578,100.00,,
8.624088316,11181565908,,instructions,802383548,100.00,3.72,insn per cycle
8.624088316,3008969755,,cycles,802394825,100.00,,
8.724395145,1448278,,rD044,802334248,100.00,,
8.724395145,70528658,,rFF44,802247688,100.00,,
8.724395145,10934918866,,instructions,802254298,100.00,3.63,insn per cycle
8.724395145,3008744153,,cycles,802334158,100.00,,
8.824682395,1830148,,rD044,802300638,100.00,,
8.824682395,72101039,,rFF44,802317088,100.00,,
8.824682395,11110099378,,instructions,802299288,100.00,3.69,insn per cycle
8.824682395,3008276075,,cycles,802210318,100.00,,
8.924965184,1142229,,rD044,802300268,100.00,,
8.924965184,70752856,,rFF44,802401018,100.00,,
8.924965184,10948663705,,instructions,802497218,100.00,3.64,insn per cycle
8.924965184,3009811437,,cycles,802618508,100.00,,
9.025287104,1658318,,rD044,802516058,100.00,,
9.025287104,72298284,,rFF44,802398828,100.00,,
9.025287104,11136353442,,instructions,802303538,100.00,3.70,insn per cycle
9.025287104,3008227704,,cycles,802197458,100.00,,
9.125567433,1359368,,rD044,802222328,100.00,,
9.125567433,69387779,,rFF44,802205928,100.00,,
9.125567433,10802163885,,instructions,802196578,100.00,3.59,insn per cycle
9.125567433,3008156208,,cycles,802177998,100.00,,
9.225837603,999495,,rD044,802098202,100.00,,
9.225837603,71737812,,rFF44,802098288,100.00,,
9.225837603,11065377848,,instructions,802107678,100.00,3.68,insn per cycle
9.225837603,3007910914,,cycles,802120258,100.00,,
9.326105922,1501301,,rD044,802583311,100.00,,
9.326105922,70911390,,rFF44,802905828,100.00,,
9.326105922,10985887041,,instructions,802921498,100.00,3.65,insn per cycle
9.326105922,3011273202,,cycles,803007918,100.00,,
9.426499223,1275171,,rD044,802702431,100.00,,
9.426499223,70244474,,rFF44,802378538,100.00,,
9.426499223,10885357648,,instructions,802352588,100.00,3.62,insn per cycle
9.426499223,3008468330,,cycles,802262308,100.00,,
9.526763562,1790312,,rD044,802134050,100.00,,
9.526763562,72036253,,rFF44,802154394,100.00,,
9.526763562,11105527481,,instructions,802162838,100.00,3.69,insn per cycle
9.526763562,3008123826,,cycles,802169028,100.00,,
9.627038371,1548769,,rD044,802247428,100.00,,
9.627038371,69976401,,rFF44,802255314,100.00,,
9.627038371,10848462715,,instructions,802261920,100.00,3.61,insn per cycle
9.627038371,3008444499,,cycles,802254838,100.00,,
9.727329431,1666559,,rD044,802348208,100.00,,
9.727329431,72905634,,rFF44,802420568,100.00,,
9.727329431,11230134408,,instructions,802418648,100.00,3.73,insn per cycle
9.727329431,3009063358,,cycles,802419834,100.00,,
9.827648630,1036278,,rD044,802531218,100.00,,
9.827648630,69365195,,rFF44,802459928,100.00,,
9.827648630,10788152294,,instructions,802453648,100.00,3.59,insn per cycle
9.827648630,3009170359,,cycles,802448044,100.00,,
9.927937020,1614129,,rD044,802274838,100.00,,
9.927937020,72690862,,rFF44,802277878,100.00,,
9.927937020,11194845978,,instructions,802291328,100.00,3.72,insn per cycle
9.927937020,3008658752,,cycles,802311528,100.00,,
10.028220189,1632179,,rD044,802191238,100.00,,
10.028220189,70996333,,rFF44,802188248,100.00,,
10.028220189,10989799321,,instructions,802169208,100.00,3.65,insn per cycle
10.028220189,3008033764,,cycles,802154368,100.00,,
10.128495979,1707170,,rD044,802217298,100.00,,
10.128495979,72741082,,rFF44,802213788,100.00,,
10.128495979,11203350819,,instructions,802223668,100.00,3.72,insn per cycle
10.128495979,3008330069,,cycles,802224838,100.00,,
10.228777168,1485068,,rD044,802299698,100.00,,
10.228777168,70136433,,rFF44,802335938,100.00,,
10.228777168,10894292304,,instructions,802321048,100.00,3.62,insn per cycle
10.228777168,3008664845,,cycles,802321058,100.00,,
10.329067927,1738950,,rD044,802293598,100.00,,
10.329067927,73127548,,rFF44,802288008,100.00,,
10.329067927,11261782455,,instructions,802292928,100.00,3.74,insn per cycle
10.329067927,3008558211,,cycles,802285268,100.00,,
10.429354277,1278924,,rD044,802197950,100.00,,
10.429354277,70659454,,rFF44,802158257,100.00,,
10.429354277,10949157856,,instructions,802154638,100.00,3.64,insn per cycle
10.429354277,3008053630,,cycles,802150288,100.00,,
10.529632826,1840033,,rD044,802215158,100.00,,
10.529632826,72610797,,rFF44,802213041,100.00,,
10.529632826,11186207901,,instructions,802225372,100.00,3.72,insn per cycle
10.529632826,3008392478,,cycles,802240878,100.00,,
10.629908226,1503819,,rD044,802218588,100.00,,
10.629908226,69324866,,rFF44,802271998,100.00,,
10.629908226,10790296277,,instructions,802285106,100.00,3.59,insn per cycle
10.629908226,3008577189,,cycles,802289970,100.00,,
10.730197175,1457475,,rD044,802324578,100.00,,
10.730197175,72567211,,rFF44,802291258,100.00,,
10.730197175,11177003005,,instructions,802266268,100.00,3.72,insn per cycle
10.730197175,3008472331,,cycles,802262088,100.00,,
10.830503195,1750460,,rD044,802321978,100.00,,
10.830503195,70459916,,rFF44,802306348,100.00,,
10.830503195,10922207774,,instructions,802312978,100.00,3.63,insn per cycle
10.830503195,3008510383,,cycles,802310928,100.00,,
10.930785464,1998594,,rD044,802301518,100.00,,
10.930785464,72364071,,rFF44,802336218,100.00,,
10.930785464,11148549084,,instructions,802344388,100.00,3.71,insn per cycle
10.930785464,3008746759,,cycles,802334928,100.00,,
11.031072414,1451569,,rD044,802231748,100.00,,
11.031072414,70289970,,rFF44,802202768,100.00,,
11.031072414,10913467557,,instructions,802194398,100.00,3.63,insn per cycle
11.031072414,3008179568,,cycles,802184218,100.00,,
11.131341743,1197209,,rD044,802227928,100.00,,
11.131341743,72162577,,rFF44,802294648,100.00,,
11.131341743,11118047969,,instructions,802328048,100.00,3.69,insn per cycle
11.131341743,3009105680,,cycles,802430618,100.00,,
11.231649902,1261315,,rD044,802386678,100.00,,
11.231649902,70320985,,rFF44,802321658,100.00,,
11.231649902,10919057768,,instructions,802293108,100.00,3.63,insn per cycle
11.231649902,3008233218,,cycles,802208378,100.00,,
11.331929512,1660402,,rD044,802199920,100.00,,
11.331929512,72722633,,rFF44,802204566,100.00,,
11.331929512,11205990982,,instructions,802198218,100.00,3.73,insn per cycle
11.331929512,3008263591,,cycles,802206748,100.00,,
11.432205401,1525146,,rD044,802263368,100.00,,
11.432205401,70485647,,rFF44,802254892,100.00,,
11.432205401,10926037946,,instructions,802265763,100.00,3.63,insn per cycle
11.432205401,3008449605,,cycles,802255748,100.00,,
11.532491151,1268154,,rD044,802216518,100.00,,
11.532491151,72301222,,rFF44,802218278,100.00,,
11.532491151,11141357855,,instructions,802210215,100.00,3.70,insn per cycle
11.532491151,3008258899,,cycles,802205370,100.00,,
11.632765390,1738282,,rD044,802182448,100.00,,
11.632765390,69385114,,rFF44,802177428,100.00,,
11.632765390,10787963098,,instructions,802179188,100.00,3.59,insn per cycle
11.632765390,3008184872,,cycles,802184988,100.00,,
11.733042329,1641954,,rD044,802210228,100.00,,
11.733042329,72526921,,rFF44,802224998,100.00,,
11.733042329,11179580280,,instructions,802235398,100.00,3.72,insn per cycle
11.733042329,3008411530,,cycles,802246588,100.00,,
11.833324689,1393540,,rD044,802295268,100.00,,
11.833324689,70470803,,rFF44,802330778,100.00,,
11.833324689,10923694701,,instructions,802372608,100.00,3.63,insn per cycle
11.833324689,3008850772,,cycles,802362828,100.00,,
11.933631008,1474318,,rD044,802481128,100.00,,
11.933631008,72030375,,rFF44,802462128,100.00,,
11.933631008,11103473138,,instructions,802436248,100.00,3.69,insn per cycle
11.933631008,3009134607,,cycles,802438588,100.00,,
12.033922358,1191889,,rD044,802270518,100.00,,
12.033922358,67606082,,rFF44,802284008,100.00,,
12.033922358,10568918430,,instructions,802263668,100.00,3.51,insn per cycle
12.033922358,3008416014,,cycles,802247148,100.00,,
12.134204787,1317398,,rD044,802252662,100.00,,
12.134204787,71930251,,rFF44,802230528,100.00,,
12.134204787,11087495843,,instructions,802213678,100.00,3.69,insn per cycle
12.134204787,3008327253,,cycles,802223478,100.00,,
12.234495597,1333967,,rD044,802356186,100.00,,
12.234495597,69415947,,rFF44,802396458,100.00,,
12.234495597,10798880902,,instructions,802414558,100.00,3.59,insn per cycle
12.234495597,3009016150,,cycles,802416768,100.00,,
12.334791026,1873000,,rD044,802255348,100.00,,
12.334791026,72485483,,rFF44,802186270,100.00,,
12.334791026,11174958903,,instructions,802176371,100.00,3.71,insn per cycle
12.334791026,3008143678,,cycles,802175068,100.00,,
12.435064566,1781627,,rD044,802179458,100.00,,
12.435064566,70440914,,rFF44,802194628,100.00,,
12.435064566,10918696356,,instructions,802202567,100.00,3.63,insn per cycle
12.435064566,3008260742,,cycles,802205460,100.00,,
12.535342865,1341088,,rD044,802211838,100.00,,
12.535342865,71813341,,rFF44,802221388,100.00,,
12.535342865,11069913294,,instructions,802228618,100.00,3.68,insn per cycle
12.535342865,3008320106,,cycles,802221978,100.00,,
12.635627234,1828910,,rD044,802269018,100.00,,
12.635627234,70146711,,rFF44,802249908,100.00,,
12.635627234,10884926515,,instructions,802244068,100.00,3.62,insn per cycle
12.635627234,3008396146,,cycles,802241848,100.00,,
12.735904014,1864154,,rD044,802241228,100.00,,
12.735904014,71975631,,rFF44,802264528,100.00,,
12.735904014,11097198412,,instructions,802260908,100.00,3.69,insn per cycle
12.735904014,3008506766,,cycles,802271268,100.00,,
12.836183493,1548431,,rD044,802445368,100.00,,
12.836183493,70506795,,rFF44,802549778,100.00,,
12.836183493,10910178124,,instructions,802566718,100.00,3.62,insn per cycle
12.836183493,3009780175,,cycles,802609958,100.00,,
12.936521023,1921380,,rD044,802510788,100.00,,
12.936521023,71971903,,rFF44,802490658,100.00,,
12.936521023,11096290631,,instructions,802481898,100.00,3.69,insn per cycle
12.936521023,3009124058,,cycles,802436628,100.00,,
13.036812582,1475497,,rD044,802274428,100.00,,
13.036812582,69325668,,rFF44,802182868,100.00,,
13.036812582,10782912086,,instructions,802180648,100.00,3.58,insn per cycle
13.036812582,3008186347,,cycles,802186688,100.00,,
13.137115532,1919688,,rD044,802413835,100.00,,
13.137115532,72765757,,rFF44,802412348,100.00,,
13.137115532,11220558843,,instructions,802410598,100.00,3.73,insn per cycle
13.137115532,3009031193,,cycles,802411178,100.00,,
13.237396191,1428092,,rD044,802382906,100.00,,
13.237396191,69977686,,rFF44,802552008,100.00,,
13.237396191,10877492403,,instructions,802569948,100.00,3.61,insn per cycle
13.237396191,3009544935,,cycles,802561308,100.00,,
13.337721871,1491549,,rD044,802434715,100.00,,
13.337721871,72845236,,rFF44,802264067,100.00,,
13.337721871,11231309487,,instructions,802229118,100.00,3.73,insn per cycle
13.337721871,3008425217,,cycles,802249378,100.00,,
13.438003011,1301035,,rD044,802206978,100.00,,
13.438003011,70485031,,rFF44,802192821,100.00,,
13.438003011,10936695427,,instructions,802208491,100.00,3.64,insn per cycle
13.438003011,3008204258,,cycles,802190628,100.00,,
13.538278920,1426918,,rD044,802279538,100.00,,
13.538278920,72213711,,rFF44,802386358,100.00,,
13.538278920,11133287857,,instructions,802402637,100.00,3.70,insn per cycle
13.538278920,3009069838,,cycles,802421184,100.00,,
13.638595070,1564580,,rD044,802449068,100.00,,
13.638595070,70179594,,rFF44,802353648,100.00,,
13.638595070,10900015235,,instructions,802329138,100.00,3.62,insn per cycle
13.638595070,3008629207,,cycles,802304094,100.00,,
13.738871689,1505816,,rD044,802228658,100.00,,
13.738871689,72361746,,rFF44,802246328,100.00,,
13.738871689,11153661197,,instructions,802257058,100.00,3.71,insn per cycle
13.738871689,3008510931,,cycles,802272778,100.00,,
13.839154809,1656817,,rD044,802263708,100.00,,
13.839154809,70182548,,rFF44,802246568,100.00,,
13.839154809,10883789250,,instructions,802242348,100.00,3.62,insn per cycle
13.839154809,3008338417,,cycles,802226208,100.00,,
13.939442448,1746719,,rD044,802267268,100.00,,
13.939442448,72179160,,rFF44,802355638,100.00,,
13.939442448,11123853908,,instructions,802357658,100.00,3.70,insn per cycle
13.939442448,3008871156,,cycles,802368448,100.00,,
14.039732128,1456204,,rD044,802362888,100.00,,
14.039732128,69579689,,rFF44,802285288,100.00,,
14.039732128,10816137279,,instructions,802286398,100.00,3.60,insn per cycle
14.039732128,3008572444,,cycles,802288928,100.00,,
14.140019567,1840589,,rD044,802346478,100.00,,
14.140019567,72630295,,rFF44,802418238,100.00,,
14.140019567,11194441458,,instructions,802427198,100.00,3.72,insn per cycle
14.140019567,3009123273,,cycles,802435768,100.00,,
14.240321157,1323278,,rD044,802302523,100.00,,
14.240321157,67825852,,rFF44,802230798,100.00,,
14.240321157,10587707102,,instructions,802213198,100.00,3.52,insn per cycle
14.240321157,3008196576,,cycles,802196598,100.00,,
14.340607336,1559288,,rD044,802284335,100.00,,
14.340607336,72282646,,rFF44,802291433,100.00,,
14.340607336,11139969657,,instructions,802299178,100.00,3.70,insn per cycle
14.340607336,3008615848,,cycles,802300478,100.00,,
14.440889235,1654356,,rD044,802228718,100.00,,
14.440889235,68100241,,rFF44,802223725,100.00,,
14.440889235,10637715314,,instructions,802221470,100.00,3.54,insn per cycle
14.440889235,3008315814,,cycles,802220427,100.00,,
14.541168535,1261780,,rD044,802299978,100.00,,
14.541168535,72146952,,rFF44,802339348,100.00,,
14.541168535,11117213306,,instructions,802337178,100.00,3.69,insn per cycle
14.541168535,3008730380,,cycles,802331011,100.00,,
14.641459564,1616562,,rD044,802254058,100.00,,
14.641459564,71248069,,rFF44,802192528,100.00,,
14.641459564,11019379305,,instructions,802190178,100.00,3.66,insn per cycle
14.641459564,3008197006,,cycles,802188608,100.00,,
14.741739084,1462520,,rD044,802234478,100.00,,
14.741739084,72179027,,rFF44,802257518,100.00,,
14.741739084,11120648147,,instructions,802254658,100.00,3.70,insn per cycle
14.741739084,3008486183,,cycles,802265588,100.00,,
14.842023213,1305359,,rD044,802142947,100.00,,
14.842023213,69000940,,rFF44,802127687,100.00,,
14.842023213,10751764365,,instructions,802148197,100.00,3.57,insn per cycle
14.842023213,3007902267,,cycles,802150487,100.00,,
14.942304662,1738661,,rD044,802387478,100.00,,
14.942304662,72793916,,rFF44,802464338,100.00,,
14.942304662,11214103855,,instructions,802474658,100.00,3.73,insn per cycle
14.942304662,3009278513,,cycles,802476888,100.00,,
15.042619312,992167,,rD044,802415868,100.00,,
15.042619312,70215935,,rFF44,802338038,100.00,,
15.042619312,10891686495,,instructions,802311198,100.00,3.62,insn per cycle
15.042619312,3008651117,,cycles,802309928,100.00,,
15.142900422,1298967,,rD044,802187912,100.00,,
15.142900422,71688915,,rFF44,802168298,100.00,,
15.142900422,11068055781,,instructions,802156298,100.00,3.68,insn per cycle
15.142900422,3008086386,,cycles,802158968,100.00,,
15.243171961,1329918,,rD044,802320476,100.00,,
15.243171961,71110412,,rFF44,802429928,100.00,,
15.243171961,11004671108,,instructions,802441948,100.00,3.66,insn per cycle
15.243171961,3009050515,,cycles,802425308,100.00,,
15.343491411,1429999,,rD044,802433918,100.00,,
15.343491411,71038589,,rFF44,802370861,100.00,,
15.343491411,10989979365,,instructions,802404918,100.00,3.65,insn per cycle
15.343491411,3009080511,,cycles,802424068,100.00,,
15.443783040,1660243,,rD044,802255228,100.00,,
15.443783040,72143774,,rFF44,802217447,100.00,,
15.443783040,11113264910,,instructions,802177040,100.00,3.69,insn per cycle
15.443783040,3008098259,,cycles,802162603,100.00,,
15.544055010,1203557,,rD044,802165478,100.00,,
15.544055010,68796557,,rFF44,802161208,100.00,,
15.544055010,10714037022,,instructions,802160428,100.00,3.56,insn per cycle
15.544055010,3008092462,,cycles,802161075,100.00,,
15.644327509,1714719,,rD044,802220558,100.00,,
15.644327509,72261941,,rFF44,802257038,100.00,,
15.644327509,11133058363,,instructions,802273738,100.00,3.70,insn per cycle
15.644327509,3008551694,,cycles,802283058,100.00,,
15.744629078,1330276,,rD044,802367588,100.00,,
15.744629078,70252843,,rFF44,802351398,100.00,,
15.744629078,10904830945,,instructions,802345918,100.00,3.62,insn per cycle
15.744629078,3008794471,,cycles,802347728,100.00,,
15.844907258,1644302,,rD044,802284878,100.00,,
15.844907258,72659977,,rFF44,802286868,100.00,,
15.844907258,11189014862,,instructions,802275228,100.00,3.72,insn per cycle
15.844907258,3008473840,,cycles,802262778,100.00,,
15.945196437,1323042,,rD044,802303688,100.00,,
15.945196437,71041446,,rFF44,802297878,100.00,,
15.945196437,10995560722,,instructions,802313188,100.00,3.65,insn per cycle
15.945196437,3008673193,,cycles,802315958,100.00,,
16.045488097,1630311,,rD044,802250064,100.00,,
16.045488097,72792609,,rFF44,802232758,100.00,,
16.045488097,11208435870,,instructions,802245508,100.00,3.73,insn per cycle
16.045488097,3008417551,,cycles,802247398,100.00,,
16.145761876,1306069,,rD044,802254804,100.00,,
16.145761876,69253147,,rFF44,802310734,100.00,,
16.145761876,10780589816,,instructions,802301198,100.00,3.58,insn per cycle
16.145761876,3008660648,,cycles,802312648,100.00,,
16.246052425,1401040,,rD044,802258298,100.00,,
16.246052425,72457670,,rFF44,802218914,100.00,,
16.246052425,11157933395,,instructions,802212730,100.00,3.71,insn per cycle
16.246052425,3008203141,,cycles,802202298,100.00,,
16.346334575,1458776,,rD044,802350068,100.00,,
16.346334575,68141532,,rFF44,802374178,100.00,,
16.346334575,10645809321,,instructions,802367778,100.00,3.54,insn per cycle
16.346334575,3008864554,,cycles,802366411,100.00,,
16.446640115,1770837,,rD044,802334238,100.00,,
16.446640115,72426759,,rFF44,802307628,100.00,,
16.446640115,11153636550,,instructions,802300098,100.00,3.71,insn per cycle
16.446640115,3008605291,,cycles,802297687,100.00,,
16.546920814,1142449,,rD044,802269688,100.00,,
16.546920814,68965771,,rFF44,802359908,100.00,,
16.546920814,10750553114,,instructions,802408038,100.00,3.57,insn per cycle
16.546920814,3009048017,,cycles,802415988,100.00,,
16.647215953,1639697,,rD044,802283828,100.00,,
16.647215953,72425226,,rFF44,802187398,100.00,,
16.647215953,11152893500,,instructions,802140908,100.00,3.71,insn per cycle
16.647215953,3007990167,,cycles,802133648,100.00,,
16.747492073,1385423,,rD044,802213208,100.00,,
16.747492073,69300729,,rFF44,802225648,100.00,,
16.747492073,10776053356,,instructions,802241308,100.00,3.58,insn per cycle
16.747492073,3008469478,,cycles,802261018,100.00,,
16.847771962,1652289,,rD044,802254528,100.00,,
16.847771962,72486136,,rFF44,802279668,100.00,,
16.847771962,11166111334,,instructions,802278838,100.00,3.71,insn per cycle
16.847771962,3008439856,,cycles,802253708,100.00,,
16.948058602,1404068,,rD044,802295963,100.00,,
16.948058602,69292169,,rFF44,802309818,100.00,,
16.948058602,10780859634,,instructions,802302298,100.00,3.58,insn per cycle
16.948058602,3008619700,,cycles,802301438,100.00,,
17.048343601,1836327,,rD044,802276285,100.00,,
17.048343601,72508448,,rFF44,802267613,100.00,,
17.048343601,11168498350,,instructions,802273638,100.00,3.71,insn per cycle
17.048343601,3008537532,,cycles,802279648,100.00,,
17.148639110,1451619,,rD044,802311348,100.00,,
17.148639110,69214115,,rFF44,802263735,100.00,,
17.148639110,10770185655,,instructions,802264050,100.00,3.58,insn per cycle
17.148639110,3008468629,,cycles,802260588,100.00,,
17.248903580,1662747,,rD044,802311718,100.00,,
17.248903580,72681275,,rFF44,802405478,100.00,,
17.248903580,11196016498,,instructions,802415818,100.00,3.72,insn per cycle
17.248903580,3009009457,,cycles,802415424,100.00,,
17.349216779,1649375,,rD044,802291188,100.00,,
17.349216779,71020229,,rFF44,802202818,100.00,,
17.349216779,11012221314,,instructions,802181068,100.00,3.66,insn per cycle
17.349216779,3008221851,,cycles,802195044,100.00,,
17.449494239,1572486,,rD044,802230928,100.00,,
17.449494239,72744179,,rFF44,802238218,100.00,,
17.449494239,11208914833,,instructions,802253288,100.00,3.73,insn per cycle
17.449494239,3008393739,,cycles,802241408,100.00,,
17.549771988,1386838,,rD044,802227518,100.00,,
17.549771988,70950603,,rFF44,802236348,100.00,,
17.549771988,10990299926,,instructions,802234368,100.00,3.65,insn per cycle
17.549771988,3008451960,,cycles,802256788,100.00,,
17.650058058,1691481,,rD044,802308198,100.00,,
17.650058058,72148364,,rFF44,802363868,100.00,,
17.650058058,11118799728,,instructions,802356828,100.00,3.70,insn per cycle
17.650058058,3008792509,,cycles,802347518,100.00,,
17.750355587,1521617,,rD044,802322548,100.00,,
17.750355587,70316301,,rFF44,802259128,100.00,,
17.750355587,10912026195,,instructions,802257558,100.00,3.63,insn per cycle
17.750355587,3008432193,,cycles,802251368,100.00,,
17.850641147,1563160,,rD044,802256092,100.00,,
17.850641147,72410442,,rFF44,802244448,100.00,,
17.850641147,11159772970,,instructions,802238968,100.00,3.71,insn per cycle
17.850641147,3008348220,,cycles,802228578,100.00,,
17.950915416,1624218,,rD044,802233856,100.00,,
17.950915416,71143558,,rFF44,802259810,100.00,,
17.950915416,11022450435,,instructions,802259108,100.00,3.66,insn per cycle
17.950915416,3008499838,,cycles,802269848,100.00,,
18.051197625,1209650,,rD044,802254358,100.00,,
18.051197625,72204951,,rFF44,802251358,100.00,,
18.051197625,11129605020,,instructions,802249320,100.00,3.70,insn per cycle
18.051197625,3008412360,,cycles,802246064,100.00,,
18.151486255,1162596,,rD044,802266218,100.00,,
18.151486255,69859911,,rFF44,802254278,100.00,,
18.151486255,10850158511,,instructions,802261668,100.00,3.61,insn per cycle
18.151486255,3008505751,,cycles,802271874,100.00,,
18.251765724,1734386,,rD044,802323638,100.00,,
18.251765724,72314981,,rFF44,802377048,100.00,,
18.251765724,11148239436,,instructions,802387528,100.00,3.71,insn per cycle
18.251765724,3008887055,,cycles,802379838,100.00,,
18.352063024,1134020,,rD044,802265778,100.00,,
18.352063024,70670783,,rFF44,802216338,100.00,,
18.352063024,10937525780,,instructions,802204398,100.00,3.64,insn per cycle
18.352063024,3008213958,,cycles,802193308,100.00,,
18.452340363,1624498,,rD044,802230688,100.00,,
18.452340363,72315016,,rFF44,802240628,100.00,,
18.452340363,11149041423,,instructions,802249028,100.00,3.71,insn per cycle
18.452340363,3008449585,,cycles,802256018,100.00,,
18.552635313,1301851,,rD044,802302838,100.00,,
18.552635313,69587668,,rFF44,802290008,100.00,,
18.552635313,10821297143,,instructions,802301128,100.00,3.60,insn per cycle
18.552635313,3008652827,,cycles,802309958,100.00,,
18.652914102,1495559,,rD044,802336387,100.00,,
18.652914102,72418355,,rFF44,802368758,100.00,,
18.652914102,11165415028,,instructions,802350738,100.00,3.71,insn per cycle
18.652914102,3008754200,,cycles,802337948,100.00,,
18.753210181,1251994,,rD044,802278402,100.00,,
18.753210181,66820568,,rFF44,802244558,100.00,,
18.753210181,10482659012,,instructions,802258748,100.00,3.48,insn per cycle
18.753210181,3008469596,,cycles,802260648,100.00,,
18.853493161,1544795,,rD044,802146687,100.00,,
18.853493161,72701710,,rFF44,802144650,100.00,,
18.853493161,11208680871,,instructions,802124516,100.00,3.73,insn per cycle
18.853493161,3007801651,,cycles,802130358,100.00,,
18.953772340,1671170,,rD044,802246378,100.00,,
18.953772340,70981313,,rFF44,802255108,100.00,,
18.953772340,10997577761,,instructions,802255222,100.00,3.66,insn per cycle
18.953772340,3008445217,,cycles,802254842,100.00,,
19.054054220,1645791,,rD044,802203728,100.00,,
19.054054220,72358444,,rFF44,802195098,100.00,,
19.054054220,11156313808,,instructions,802198128,100.00,3.71,insn per cycle
19.054054220,3008227505,,cycles,802197136,100.00,,
19.154330119,1645199,,rD044,802203588,100.00,,
19.154330119,70222586,,rFF44,802201188,100.00,,
19.154330119,10887331717,,instructions,802189818,100.00,3.62,insn per cycle
19.154330119,3008195402,,cycles,802188198,100.00,,
19.254613888,1264494,,rD044,802312578,100.00,,
19.254613888,71977027,,rFF44,802347788,100.00,,
19.254613888,11096423022,,instructions,802356198,100.00,3.69,insn per cycle
19.254613888,3008789506,,cycles,802358368,100.00,,
19.354900748,1168620,,rD044,802194668,100.00,,
19.354900748,70640450,,rFF44,802161978,100.00,,
19.354900748,10950366286,,instructions,802159618,100.00,3.64,insn per cycle
19.354900748,3008092304,,cycles,802160398,100.00,,
19.455172467,1556979,,rD044,802295986,100.00,,
19.455172467,72534332,,rFF44,802355398,100.00,,
19.455172467,11182169123,,instructions,802367418,100.00,3.72,insn per cycle
19.455172467,3008821864,,cycles,802355718,100.00,,
19.555466727,1630474,,rD044,802274072,100.00,,
19.555466727,71042501,,rFF44,802228898,100.00,,
19.555466727,10998941355,,instructions,802231898,100.00,3.66,insn per cycle
19.555466727,3008426079,,cycles,802249318,100.00,,
19.655749916,1499022,,rD044,802285668,100.00,,
19.655749916,71849175,,rFF44,802344782,100.00,,
19.655749916,11074838785,,instructions,802378728,100.00,3.68,insn per cycle
19.655749916,3008899418,,cycles,802376388,100.00,,
19.756052706,1273138,,rD044,802364098,100.00,,
19.756052706,69857485,,rFF44,802299096,100.00,,
19.756052706,10848032764,,instructions,802256010,100.00,3.61,insn per cycle
19.756052706,3008410861,,cycles,802246057,100.00,,
19.856330255,1270287,,rD044,802202548,100.00,,
19.856330255,71956802,,rFF44,802195018,100.00,,
19.856330255,11090285048,,instructions,802201288,100.00,3.69,insn per cycle
19.856330255,3008288789,,cycles,802212991,100.00,,
19.956624824,1626099,,rD044,802365638,100.00,,
19.956624824,66839651,,rFF44,802371438,100.00,,
19.956624824,10499003072,,instructions,802372448,100.00,3.49,insn per cycle
19.956624824,3008828897,,cycles,802356868,100.00,,
20.056903314,1922799,,rD044,802195888,100.00,,
20.056903314,72401308,,rFF44,802198218,100.00,,
20.056903314,11159639735,,instructions,802205068,100.00,3.71,insn per cycle
20.056903314,3008345603,,cycles,802228818,100.00,,
20.157183743,1604309,,rD044,802331128,100.00,,
20.157183743,70587513,,rFF44,802374778,100.00,,
20.157183743,10943288628,,instructions,802405748,100.00,3.64,insn per cycle
20.157183743,3008990831,,cycles,802400328,100.00,,
20.257474323,1622083,,rD044,802243538,100.00,,
20.257474323,72037771,,rFF44,802180518,100.00,,
20.257474323,11101525639,,instructions,802135858,100.00,3.69,insn per cycle
20.257474323,3007933411,,cycles,802127018,100.00,,
20.357750932,1263958,,rD044,802183825,100.00,,
20.357750932,69322130,,rFF44,802202928,100.00,,
20.357750932,10786985910,,instructions,802213888,100.00,3.59,insn per cycle
20.357750932,3008266555,,cycles,802207828,100.00,,
20.458025441,1156810,,rD044,802169443,100.00,,
20.458025441,72079061,,rFF44,802154720,100.00,,
20.458025441,11109560563,,instructions,802142427,100.00,3.69,insn per cycle
20.458025441,3008044555,,cycles,802148298,100.00,,
20.558299451,1699845,,rD044,802378778,100.00,,
20.558299451,70399875,,rFF44,802590220,100.00,,
20.558299451,10936990090,,instructions,802647699,100.00,3.63,insn per cycle
20.558299451,3010109902,,cycles,802697918,100.00,,
20.658647971,1676475,,rD044,802722738,100.00,,
20.658647971,71902142,,rFF44,802661242,100.00,,
20.658647971,11078535932,,instructions,802636618,100.00,3.68,insn per cycle
20.658647971,3009786816,,cycles,802613228,100.00,,
20.758968451,1846738,,rD044,802517928,100.00,,
20.758968451,70869574,,rFF44,802407403,100.00,,
20.758968451,10985988420,,instructions,802376768,100.00,3.65,insn per cycle
20.758968451,3008818868,,cycles,802354858,100.00,,
20.859260240,1263324,,rD044,802255048,100.00,,
20.859260240,72670545,,rFF44,802237747,100.00,,
20.859260240,11195327943,,instructions,802249820,100.00,3.72,insn per cycle
20.859260240,3008394194,,cycles,802240956,100.00,,
20.959543879,1566895,,rD044,802337358,100.00,,
20.959543879,69858552,,rFF44,802337278,100.00,,
20.959543879,10833908395,,instructions,802315008,100.00,3.60,insn per cycle
20.959543879,3008716849,,cycles,802327542,100.00,,
21.059830159,1452431,,rD044,802178598,100.00,,
21.059830159,71909385,,rFF44,802150328,100.00,,
21.059830159,11095229467,,instructions,802161118,100.00,3.69,insn per cycle
21.059830159,3008051172,,cycles,802149578,100.00,,
21.160100318,1617559,,rD044,802302438,100.00,,
21.160100318,69548209,,rFF44,802383498,100.00,,
21.160100318,10822062747,,instructions,802392158,100.00,3.60,insn per cycle
21.160100318,3008968665,,cycles,802394848,100.00,,
21.260399608,1299479,,rD044,802193198,100.00,,
21.260399608,71219332,,rFF44,802110398,100.00,,
21.260399608,11000595770,,instructions,802123718,100.00,3.66,insn per cycle
21.260399608,3008085426,,cycles,802166618,100.00,,
21.360678067,1654398,,rD044,802357508,100.00,,
21.360678067,71213972,,rFF44,802455548,100.00,,
21.360678067,11008184282,,instructions,802501008,100.00,3.66,insn per cycle
21.360678067,3009738443,,cycles,802599088,100.00,,
21.461007607,1465748,,rD044,802508338,100.00,,
21.461007607,69834324,,rFF44,802431508,100.00,,
21.461007607,10834073170,,instructions,802367368,100.00,3.60,insn per cycle
21.461007607,3008312726,,cycles,802220298,100.00,,
21.561283306,1680059,,rD044,802203234,100.00,,
21.561283306,72559823,,rFF44,802194758,100.00,,
21.561283306,11175989463,,instructions,802182608,100.00,3.72,insn per cycle
21.561283306,3008172695,,cycles,802182518,100.00,,
21.661554926,1666973,,rD044,802150654,100.00,,
21.661554926,69774943,,rFF44,802153250,100.00,,
21.661554926,10845780067,,instructions,802168926,100.00,3.61,insn per cycle
21.661554926,3008141286,,cycles,802173138,100.00,,
21.761833045,1655215,,rD044,802267168,100.00,,
21.761833045,72448483,,rFF44,802272758,100.00,,
21.761833045,11159889477,,instructions,802276912,100.00,3.71,insn per cycle
21.761833045,3008517488,,cycles,802274683,100.00,,
21.862113174,1062293,,rD044,802209868,100.00,,
21.862113174,69455037,,rFF44,802214038,100.00,,
21.862113174,10803665432,,instructions,802202528,100.00,3.59,insn per cycle
21.862113174,3008245024,,cycles,802201615,100.00,,
21.962392734,1825139,,rD044,802411758,100.00,,
21.962392734,72674751,,rFF44,802685358,100.00,,
21.962392734,11191808474,,instructions,802700228,100.00,3.72,insn per cycle
21.962392734,3010274785,,cycles,802741568,100.00,,
22.062734894,1778323,,rD044,802736808,100.00,,
22.062734894,69468391,,rFF44,802530708,100.00,,
22.062734894,10808797959,,instructions,802508558,100.00,3.59,insn per cycle
22.062734894,3009232352,,cycles,802466058,100.00,,
22.163044684,1623867,,rD044,802645398,100.00,,
22.163044684,72200512,,rFF44,802947708,100.00,,
22.163044684,11122272328,,instructions,803046966,100.00,3.69,insn per cycle
22.163044684,3011619082,,cycles,803100426,100.00,,
22.263436264,1627995,,rD044,802819828,100.00,,
22.263436264,70202003,,rFF44,802510228,100.00,,
22.263436264,10900704748,,instructions,802425085,100.00,3.62,insn per cycle
22.263436264,3008878588,,cycles,802378988,100.00,,
22.363733704,1595937,,rD044,802368048,100.00,,
22.363733704,72766738,,rFF44,802321958,100.00,,
22.363733704,11205998412,,instructions,802320423,100.00,3.72,insn per cycle
22.363733704,3008682015,,cycles,802318154,100.00,,
22.464021413,1410288,,rD044,802270148,100.00,,
22.464021413,70808218,,rFF44,802281998,100.00,,
22.464021413,10969430424,,instructions,802316798,100.00,3.65,insn per cycle
22.464021413,3008799369,,cycles,802348164,100.00,,
22.564317053,1442462,,rD044,802301858,100.00,,
22.564317053,72705222,,rFF44,802259928,100.00,,
22.564317053,11196967729,,instructions,802225978,100.00,3.72,insn per cycle
22.564317053,3008245305,,cycles,802202818,100.00,,
22.664600842,1233955,,rD044,802304338,100.00,,
22.664600842,69635647,,rFF44,802312618,100.00,,
22.664600842,10818839378,,instructions,802297728,100.00,3.60,insn per cycle
22.664600842,3008528980,,cycles,802276868,100.00,,
22.764880932,1580281,,rD044,802198918,100.00,,
22.764880932,72406963,,rFF44,802211118,100.00,,
22.764880932,11152587132,,instructions,802222988,100.00,3.71,insn per cycle
22.764880932,3008370430,,cycles,802235358,100.00,,
22.865162471,1542722,,rD044,802145428,100.00,,
22.865162471,70284421,,rFF44,802123748,100.00,,
22.865162471,10906258795,,instructions,802119828,100.00,3.63,insn per cycle
22.865162471,3007812519,,cycles,802128098,100.00,,
22.965440300,1507866,,rD044,802241231,100.00,,
22.965440300,72540291,,rFF44,802294798,100.00,,
22.965440300,11173213033,,instructions,802283808,100.00,3.71,insn per cycle
22.965440300,3008529553,,cycles,802277638,100.00,,
23.065722930,1319329,,rD044,802225737,100.00,,
23.065722930,67342611,,rFF44,802168690,100.00,,
23.065722930,10551803785,,instructions,802183326,100.00,3.51,insn per cycle
23.065722930,3008147674,,cycles,802175018,100.00,,
23.165996509,1743572,,rD044,802181858,100.00,,
23.165996509,72374109,,rFF44,802192118,100.00,,
23.165996509,11151220084,,instructions,802188502,100.00,3.71,insn per cycle
23.165996509,3008217416,,cycles,802194210,100.00,,
23.266266238,1205845,,rD044,802149937,100.00,,
23.266266238,69771867,,rFF44,802147077,100.00,,
23.266266238,10843191703,,instructions,802135427,100.00,3.60,insn per cycle
23.266266238,3007943986,,cycles,802132347,100.00,,
23.366543188,1635250,,rD044,802237628,100.00,,
23.366543188,72376027,,rFF44,802246428,100.00,,
23.366543188,11148500624,,instructions,802263408,100.00,3.71,insn per cycle
23.366543188,3008486192,,cycles,802267058,100.00,,
23.466823087,1311940,,rD044,802175778,100.00,,
23.466823087,70495584,,rFF44,802163878,100.00,,
23.466823087,10927121587,,instructions,802155668,100.00,3.63,insn per cycle
23.466823087,3008052792,,cycles,802150098,100.00,,
23.567093956,1972064,,rD044,802235818,100.00,,
23.567093956,72839386,,rFF44,802335758,100.00,,
23.567093956,11223780987,,instructions,802342308,100.00,3.73,insn per cycle
23.567093956,3008785956,,cycles,802345878,100.00,,
23.667388736,1606619,,rD044,802540417,100.00,,
23.667388736,70107670,,rFF44,802586438,100.00,,
23.667388736,10883226231,,instructions,802615578,100.00,3.62,insn per cycle
23.667388736,3009827972,,cycles,802623868,100.00,,
23.767725136,2040619,,rD044,802558388,100.00,,
23.767725136,72276705,,rFF44,802507948,100.00,,
23.767725136,11140200921,,instructions,802494828,100.00,3.70,insn per cycle
23.767725136,3009345636,,cycles,802494878,100.00,,
23.868031155,1648026,,rD044,802323145,100.00,,
23.868031155,68745669,,rFF44,802243938,100.00,,
23.868031155,10727767402,,instructions,802224868,100.00,3.57,insn per cycle
23.868031155,3008295282,,cycles,802214978,100.00,,
23.968312915,1784776,,rD044,802256684,100.00,,
23.968312915,72806247,,rFF44,802263583,100.00,,
23.968312915,11220192557,,instructions,802276208,100.00,3.73,insn per cycle
23.968312915,3008559215,,cycles,802285178,100.00,,
24.068608234,1368638,,rD044,802336128,100.00,,
24.068608234,70745783,,rFF44,802320205,100.00,,
24.068608234,10954971288,,instructions,802309092,100.00,3.64,insn per cycle
24.068608234,3008639718,,cycles,802306478,100.00,,
24.168884584,1528089,,rD044,802269528,100.00,,
24.168884584,72265825,,rFF44,802300408,100.00,,
24.168884584,11138271563,,instructions,802316446,100.00,3.70,insn per cycle
24.168884584,3008670491,,cycles,802315191,100.00,,
24.269175023,1202585,,rD044,802293698,100.00,,
24.269175023,68780788,,rFF44,802330108,100.00,,
24.269175023,10726480414,,instructions,802330908,100.00,3.57,insn per cycle
24.269175023,3008714611,,cycles,802336827,100.00,,
24.369483393,1803493,,rD044,802435188,100.00,,
24.369483393,72620856,,rFF44,802390728,100.00,,
24.369483393,11194012209,,instructions,802375648,100.00,3.72,insn per cycle
24.369483393,3008854053,,cycles,802363778,100.00,,
24.469769202,1243605,,rD044,802248998,100.00,,
24.469769202,70037599,,rFF44,802267968,100.00,,
24.469769202,10871235025,,instructions,802264698,100.00,3.61,insn per cycle
24.469769202,3008465609,,cycles,802260218,100.00,,
24.570051112,1447138,,rD044,802219958,100.00,,
24.570051112,72268085,,rFF44,802171738,100.00,,
24.570051112,11140072074,,instructions,802174108,100.00,3.70,insn per cycle
24.570051112,3008196095,,cycles,802188318,100.00,,
24.670327531,1705792,,rD044,802222478,100.00,,
24.670327531,71206304,,rFF44,802240848,100.00,,
24.670327531,11016745228,,instructions,802269508,100.00,3.66,insn per cycle
24.670327531,3008483078,,cycles,802264858,100.00,,
24.770628041,1624204,,rD044,802504618,100.00,,
24.770628041,72420511,,rFF44,802529998,100.00,,
24.770628041,11164436506,,instructions,802510618,100.00,3.71,insn per cycle
24.770628041,3009410435,,cycles,802512378,100.00,,
24.870925850,1168386,,rD044,802278854,100.00,,
24.870925850,68969230,,rFF44,802232468,100.00,,
24.870925850,10742945636,,instructions,802224478,100.00,3.57,insn per cycle
24.870925850,3008344923,,cycles,802228468,100.00,,
24.971208020,1704203,,rD044,802368935,100.00,,
24.971208020,72182502,,rFF44,802502358,100.00,,
24.971208020,11129520884,,instructions,802520078,100.00,3.70,insn per cycle
24.971208020,3009435687,,cycles,802519178,100.00,,
25.071519809,1424851,,rD044,802388627,100.00,,
25.071519809,69541102,,rFF44,802298482,100.00,,
25.071519809,10810932119,,instructions,802283428,100.00,3.59,insn per cycle
25.071519809,3008546773,,cycles,802282138,100.00,,
25.171805739,1689456,,rD044,802305598,100.00,,
25.171805739,72347828,,rFF44,802300006,100.00,,
25.171805739,11155495731,,instructions,802314621,100.00,3.71,insn per cycle
25.171805739,3008742032,,cycles,802333558,100.00,,
25.272099258,1231891,,rD044,802249578,100.00,,
25.272099258,70191343,,rFF44,802221208,100.00,,
25.272099258,10880917088,,instructions,802209657,100.00,3.62,insn per cycle
25.272099258,3008170225,,cycles,802190140,100.00,,
25.372377898,1848960,,rD044,802235878,100.00,,
25.372377898,72313958,,rFF44,802243568,100.00,,
25.372377898,11150047516,,instructions,802232098,100.00,3.71,insn per cycle
25.372377898,3008576519,,cycles,802289508,100.00,,
25.472667747,1374401,,rD044,802339498,100.00,,
25.472667747,70572652,,rFF44,802337868,100.00,,
25.472667747,10927709849,,instructions,802346488,100.00,3.63,insn per cycle
25.472667747,3008574372,,cycles,802289908,100.00,,
25.572950367,1432391,,rD044,802253788,100.00,,
25.572950367,71970360,,rFF44,802258288,100.00,,
25.572950367,11095816403,,instructions,802296268,100.00,3.69,insn per cycle
25.572950367,3008634033,,cycles,802305018,100.00,,
25.673241256,1455607,,rD044,802305728,100.00,,
25.673241256,70747964,,rFF44,802334588,100.00,,
25.673241256,10959459454,,instructions,802301858,100.00,3.64,insn per cycle
25.673241256,3008575862,,cycles,802289588,100.00,,
25.773532635,1891625,,rD044,802411798,100.00,,
25.773532635,72578669,,rFF44,802396418,100.00,,
25.773532635,11188340736,,instructions,802404668,100.00,3.72,insn per cycle
25.773532635,3009101711,,cycles,802430268,100.00,,
25.873832205,1566392,,rD044,802384097,100.00,,
25.873832205,69807199,,rFF44,802418348,100.00,,
25.873832205,10849679615,,instructions,802406708,100.00,3.61,insn per cycle
25.873832205,3008942513,,cycles,802387758,100.00,,
25.974131865,1838117,,rD044,802403386,100.00,,
25.974131865,72210091,,rFF44,802375678,100.00,,
25.974131865,11130507301,,instructions,802366358,100.00,3.70,insn per cycle
25.974131865,3008810686,,cycles,802351988,100.00,,
26.074423734,1814141,,rD044,802219783,100.00,,
26.074423734,69112962,,rFF44,802248655,100.00,,
26.074423734,10757297611,,instructions,802287548,100.00,3.58,insn per cycle
26.074423734,3008566968,,cycles,802287838,100.00,,
26.174713164,1575944,,rD044,802420268,100.00,,
26.174713164,72346017,,rFF44,802409623,100.00,,
26.174713164,11149551185,,instructions,802404067,100.00,3.71,insn per cycle
26.174713164,3009138827,,cycles,802438798,100.00,,
26.275015743,1374365,,rD044,802255947,100.00,,
26.275015743,68717436,,rFF44,802228887,100.00,,
26.275015743,10723580718,,instructions,802216640,100.00,3.56,insn per cycle
26.275015743,3008130176,,cycles,802184183,100.00,,
26.375294143,1739059,,rD044,802235878,100.00,,
26.375294143,72680544,,rFF44,802219198,100.00,,
26.375294143,11201602904,,instructions,802205728,100.00,3.72,insn per cycle
26.375294143,3008254517,,cycles,802205884,100.00,,
26.475571462,1667625,,rD044,802211168,100.00,,
26.475571462,71008647,,rFF44,802201298,100.00,,
26.475571462,11005682284,,instructions,802208898,100.00,3.66,insn per cycle
26.475571462,3008304142,,cycles,802217068,100.00,,
26.575847921,1634970,,rD044,802195958,100.00,,
26.575847921,72180674,,rFF44,802209158,100.00,,
26.575847921,11121995829,,instructions,802211908,100.00,3.70,insn per cycle
26.575847921,3008251679,,cycles,802203198,100.00,,
26.676125561,1291981,,rD044,802236248,100.00,,
26.676125561,70386492,,rFF44,802235438,100.00,,
26.676125561,10920762417,,instructions,802228708,100.00,3.63,insn per cycle
26.676125561,3008372440,,cycles,802235358,100.00,,
26.776411790,1688145,,rD044,802269935,100.00,,
26.776411790,72688061,,rFF44,802293678,100.00,,
26.776411790,11200731911,,instructions,802369378,100.00,3.72,insn per cycle
26.776411790,3008914660,,cycles,802380098,100.00,,
26.876705720,1593247,,rD044,802345035,100.00,,
26.876705720,71096836,,rFF44,802331948,100.00,,
26.876705720,11012875095,,instructions,802252438,100.00,3.66,insn per cycle
26.876705720,3008259260,,cycles,802234878,100.00,,
26.976991519,1682768,,rD044,802193106,100.00,,
26.976991519,71532336,,rFF44,802156200,100.00,,
26.976991519,11031909983,,instructions,802146783,100.00,3.67,insn per cycle
26.976991519,3008035008,,cycles,802145808,100.00,,
27.077261928,1363937,,rD044,802482888,100.00,,
27.077261928,70771396,,rFF44,802649028,100.00,,
27.077261928,10963852123,,instructions,802679523,100.00,3.64,insn per cycle
27.077261928,3010320068,,cycles,802753588,100.00,,
27.177617379,1642069,,rD044,802496678,100.00,,
27.177617379,69888670,,rFF44,802322488,100.00,,
27.177617379,10849344852,,instructions,802290050,100.00,3.61,insn per cycle
27.177617379,3008305281,,cycles,802218717,100.00,,
27.277881548,1729759,,rD044,802099708,100.00,,
27.277881548,72625378,,rFF44,802129198,100.00,,
27.277881548,11192196383,,instructions,802134068,100.00,3.72,insn per cycle
27.277881548,3007960226,,cycles,802134681,100.00,,
27.378156867,1399197,,rD044,802190838,100.00,,
27.378156867,70629734,,rFF44,802184708,100.00,,
27.378156867,10946871403,,instructions,802173118,100.00,3.64,insn per cycle
27.378156867,3008092386,,cycles,802161248,100.00,,
27.478426926,1740437,,rD044,802173878,100.00,,
27.478426926,72674740,,rFF44,802278018,100.00,,
27.478426926,11193549516,,instructions,802307218,100.00,3.72,insn per cycle
27.478426926,3008724870,,cycles,802329398,100.00,,
27.578721556,1160222,,rD044,802322218,100.00,,
27.578721556,70035446,,rFF44,802215888,100.00,,
27.578721556,10872968502,,instructions,802205978,100.00,3.61,insn per cycle
27.578721556,3008222185,,cycles,802195078,100.00,,
27.678995615,1895331,,rD044,802208346,100.00,,
27.678995615,72501518,,rFF44,802228598,100.00,,
27.678995615,11166268742,,instructions,802221308,100.00,3.71,insn per cycle
27.678995615,3008351762,,cycles,802229748,100.00,,
27.779279555,1267207,,rD044,802292292,100.00,,
27.779279555,71020820,,rFF44,802331078,100.00,,
27.779279555,10988853682,,instructions,802341818,100.00,3.65,insn per cycle
27.779279555,3008782550,,cycles,802345168,100.00,,
27.879573944,1813915,,rD044,802294058,100.00,,
27.879573944,72704915,,rFF44,802234060,100.00,,
27.879573944,11196473058,,instructions,802230875,100.00,3.72,insn per cycle
27.879573944,3008320202,,cycles,802221368,100.00,,
27.979851123,1475795,,rD044,802251998,100.00,,
27.979851123,69860170,,rFF44,802261078,100.00,,
27.979851123,10856629684,,instructions,802244103,100.00,3.61,insn per cycle
27.979851123,3008415187,,cycles,802247351,100.00,,
28.080129643,1652909,,rD044,802184228,100.00,,
28.080129643,72441381,,rFF44,802169438,100.00,,
28.080129643,11157402493,,instructions,802170038,100.00,3.71,insn per cycle
28.080129643,3008105390,,cycles,802164217,100.00,,
28.180401412,1741256,,rD044,802157228,100.00,,
28.180401412,69937874,,rFF44,802176898,100.00,,
28.180401412,10860012967,,instructions,802260728,100.00,3.61,insn per cycle
28.180401412,3008526563,,cycles,802285008,100.00,,
28.280690532,1663785,,rD044,802343798,100.00,,
28.280690532,72710009,,rFF44,802386508,100.00,,
28.280690532,11199286952,,instructions,802327018,100.00,3.72,insn per cycle
28.280690532,3008650747,,cycles,802309898,100.00,,
28.380974781,1340975,,rD044,802253698,100.00,,
28.380974781,70472368,,rFF44,802220598,100.00,,
28.380974781,10932896354,,instructions,802213808,100.00,3.63,insn per cycle
28.380974781,3008244396,,cycles,802202268,100.00,,
28.481257440,1619328,,rD044,802470098,100.00,,
28.481257440,72652468,,rFF44,802532088,100.00,,
28.481257440,11191638715,,instructions,802538108,100.00,3.72,insn per cycle
28.481257440,3009557327,,cycles,802551418,100.00,,
28.581577890,1348674,,rD044,802343438,100.00,,
28.581577890,70229781,,rFF44,802258448,100.00,,
28.581577890,10896368890,,instructions,802248648,100.00,3.62,insn per cycle
28.581577890,3008392251,,cycles,802240628,100.00,,
28.681856399,1635249,,rD044,802258501,100.00,,
28.681856399,72056301,,rFF44,802422598,100.00,,
28.681856399,11099744878,,instructions,802428188,100.00,3.69,insn per cycle
28.681856399,3009167391,,cycles,802447548,100.00,,
28.782168009,1730885,,rD044,802436127,100.00,,
28.782168009,69525804,,rFF44,802311394,100.00,,
28.782168009,10800151506,,instructions,802339028,100.00,3.59,insn per cycle
28.782168009,3008762837,,cycles,802339758,100.00,,
28.882459519,1605003,,rD044,802343318,100.00,,
28.882459519,72670760,,rFF44,802331144,100.00,,
28.882459519,11197054766,,instructions,802293514,100.00,3.72,insn per cycle
28.882459519,3008574669,,cycles,802289128,100.00,,
28.982744368,1468043,,rD044,802310378,100.00,,
28.982744368,67994151,,rFF44,802359478,100.00,,
28.982744368,10625050232,,instructions,802376694,100.00,3.53,insn per cycle
28.982744368,3008829513,,cycles,802357705,100.00,,
29.083039288,1683968,,rD044,802352858,100.00,,
29.083039288,72634190,,rFF44,802298148,100.00,,
29.083039288,11191655109,,instructions,802284868,100.00,3.72,insn per cycle
29.083039288,3008568707,,cycles,802287553,100.00,,
29.183326397,1145399,,rD044,802451458,100.00,,
29.183326397,70799857,,rFF44,802637038,100.00,,
29.183326397,10957544500,,instructions,802640268,100.00,3.64,insn per cycle
29.183326397,3010209539,,cycles,802725711,100.00,,
29.283665987,1766598,,rD044,802439128,100.00,,
29.283665987,72439233,,rFF44,802237208,100.00,,
29.283665987,11164197056,,instructions,802238598,100.00,3.71,insn per cycle
29.283665987,3008052323,,cycles,802159265,100.00,,
29.383939837,1642462,,rD044,802199068,100.00,,
29.383939837,70791846,,rFF44,802195818,100.00,,
29.383939837,10980625225,,instructions,802181178,100.00,3.65,insn per cycle
29.383939837,3008142418,,cycles,802173838,100.00,,
29.484212886,1888641,,rD044,802170458,100.00,,
29.484212886,71734313,,rFF44,802155588,100.00,,
29.484212886,11055995005,,instructions,802150228,100.00,3.68,insn per cycle
29.484212886,3008008847,,cycles,802138658,100.00,,
29.584489425,1606528,,rD044,802193758,100.00,,
29.584489425,69641559,,rFF44,802208048,100.00,,
29.584489425,10827028656,,instructions,802235078,100.00,3.60,insn per cycle
29.584489425,3008463194,,cycles,802259558,100.00,,
29.684765444,1828909,,rD044,802215730,100.00,,
29.684765444,72360720,,rFF44,802224858,100.00,,
29.684765444,11154523917,,instructions,802216008,100.00,3.71,insn per cycle
29.684765444,3008247107,,cycles,802202008,100.00,,
29.785044804,1419333,,rD044,802262948,100.00,,
29.785044804,70237976,,rFF44,802276700,100.00,,
29.785044804,10898337381,,instructions,802251965,100.00,3.62,insn per cycle
29.785044804,3008453202,,cycles,802257048,100.00,,
29.885330693,1211686,,rD044,802237768,100.00,,
29.885330693,72170366,,rFF44,802211698,100.00,,
29.885330693,11125144650,,instructions,802231353,100.00,3.70,insn per cycle
29.885330693,3008376234,,cycles,802236520,100.00,,
29.985615913,1635682,,rD044,802445778,100.00,,
29.985615913,69997775,,rFF44,802656598,100.00,,
29.985615913,10873534110,,instructions,802740249,100.00,3.61,insn per cycle
29.985615913,3010296883,,cycles,802748706,100.00,,
30.085950483,1724416,,rD044,802734058,100.00,,
30.085950483,72434043,,rFF44,802665068,100.00,,
30.085950483,11165413281,,instructions,802631771,100.00,3.71,insn per cycle
30.085950483,3010295844,,cycles,802747518,100.00,,
30.186302913,1402573,,rD044,802590878,100.00,,
30.186302913,69583394,,rFF44,802460628,100.00,,
30.186302913,10801587548,,instructions,802408274,100.00,3.59,insn per cycle
30.186302913,3008531086,,cycles,802279007,100.00,,
30.286579682,1303349,,rD044,802154927,100.00,,
30.286579682,72195746,,rFF44,802144397,100.00,,
30.286579682,11130396881,,instructions,802144237,100.00,3.70,insn per cycle
30.286579682,3007962000,,cycles,802135590,100.00,,
30.386852671,1206658,,rD044,802395628,100.00,,
30.386852671,66014433,,rFF44,802428528,100.00,,
30.386852671,10373477854,,instructions,802430898,100.00,3.45,insn per cycle
30.386852671,3009184421,,cycles,802452238,100.00,,
30.487161951,1865084,,rD044,802272408,100.00,,
30.487161951,72407385,,rFF44,802262818,100.00,,
30.487161951,11162454378,,instructions,802273938,100.00,3.71,insn per cycle
30.487161951,3008491421,,cycles,802266638,100.00,,
30.549245989,772831,,rD044,473971943,100.00,,
30.549245989,30904074,,rFF44,473716863,100.00,,
30.549245989,5010251708,,instructions,473508553,100.00,2.82,insn per cycle
30.549245989,1774775630,,cycles,473307193,100.00,,
