0.100117624,3618875,,rD044,89580438,100.00,,
0.100117624,17035196,,rFF44,89586748,100.00,,
0.100117624,372036873,,instructions,89591268,100.00,1.12,insn per cycle
0.100117624,332027710,,cycles,89596208,100.00,,
0.200375859,5428820,,rD044,100254255,100.00,,
0.200375859,23874634,,rFF44,100253715,100.00,,
0.200375859,502570835,,instructions,100254075,100.00,1.34,insn per cycle
0.200375859,375951921,,cycles,100254135,100.00,,
0.300566813,5481693,,rD044,100188776,100.00,,
0.300566813,23959218,,rFF44,100188286,100.00,,
0.300566813,505148700,,instructions,100188576,100.00,1.34,insn per cycle
0.300566813,375745006,,cycles,100199206,100.00,,
0.400754497,6584244,,rD044,100187095,100.00,,
0.400754497,28034909,,rFF44,100188415,100.00,,
0.400754497,147119042,,instructions,100187475,100.00,0.39,insn per cycle
0.400754497,375660649,,cycles,100176615,100.00,,
0.500943242,6951496,,rD044,100188436,100.00,,
0.500943242,29982258,,rFF44,100187276,100.00,,
0.500943242,37364288,,instructions,100187396,100.00,0.10,insn per cycle
0.500943242,375700685,,cycles,100187206,100.00,,
0.601131616,11487483,,rD044,2351869564,100.00,,
0.601131616,192103424,,rFF44,2373251416,100.00,,
0.601131616,27276634747,,instructions,2391735011,100.00,3.02,insn per cycle
0.601131616,9035010753,,cycles,2410540758,100.00,,
0.702570735,18692089,,rD044,6491345855,100.00,,
0.702570735,496891472,,rFF44,6490552873,100.00,,
0.702570735,77038530978,,instructions,6491374677,100.00,3.16,insn per cycle
0.702570735,24344281990,,cycles,6491833187,100.00,,
0.803995953,18480831,,rD044,6490693209,100.00,,
0.803995953,499369463,,rFF44,6490361854,100.00,,
0.803995953,77397589157,,instructions,6490240351,100.00,3.18,insn per cycle
0.803995953,24336442849,,cycles,6489747681,100.00,,
0.905392412,18182752,,rD044,6490403459,100.00,,
0.905392412,502017078,,rFF44,6490605950,100.00,,
0.905392412,77695208677,,instructions,6488298237,100.00,3.20,insn per cycle
0.905392412,24312114060,,cycles,6483282733,100.00,,
1.006633008,18238416,,rD044,6478696110,100.00,,
1.006633008,499680259,,rFF44,6479565236,100.00,,
1.006633008,77429668067,,instructions,6481167028,100.00,3.18,insn per cycle
1.006633008,24326945058,,cycles,6487202065,100.00,,
1.108066977,18639412,,rD044,6490817752,100.00,,
1.108066977,501274527,,rFF44,6490499945,100.00,,
1.108066977,77641670309,,instructions,6490806683,100.00,3.19,insn per cycle
1.108066977,24336346002,,cycles,6489724132,100.00,,
1.209476425,17502065,,rD044,6491656324,100.00,,
1.209476425,502798649,,rFF44,6491721207,100.00,,
1.209476425,77832199089,,instructions,6492718723,100.00,3.20,insn per cycle
1.209476425,24346197784,,cycles,6492345347,100.00,,
1.310885984,17577437,,rD044,6489005186,100.00,,
1.310885984,501045440,,rFF44,6488311962,100.00,,
1.310885984,77595538326,,instructions,6487387569,100.00,3.19,insn per cycle
1.310885984,24328543709,,cycles,6487634604,100.00,,
1.412267462,17493444,,rD044,6488615768,100.00,,
1.412267462,502331830,,rFF44,6489446580,100.00,,
1.412267462,77764444308,,instructions,6490076883,100.00,3.20,insn per cycle
1.412267462,24336729802,,cycles,6489815342,100.00,,
1.513664650,18013157,,rD044,6489280341,100.00,,
1.513664650,500001277,,rFF44,6490148852,100.00,,
1.513664650,77488482785,,instructions,6490282513,100.00,3.18,insn per cycle
1.513664650,24339800289,,cycles,6490637832,100.00,,
1.615092499,17967705,,rD044,6490787575,100.00,,
1.615092499,500782899,,rFF44,6488593478,100.00,,
1.615092499,77566722950,,instructions,6488080215,100.00,3.19,insn per cycle
1.615092499,24329671257,,cycles,6487937964,100.00,,
1.716467437,17420265,,rD044,6488903260,100.00,,
1.716467437,502274997,,rFF44,6489330967,100.00,,
1.716467437,77729583285,,instructions,6487572501,100.00,3.20,insn per cycle
1.716467437,24325882891,,cycles,6486928682,100.00,,
1.817831614,17427291,,rD044,6486854692,100.00,,
1.817831614,500977432,,rFF44,6488374040,100.00,,
1.817831614,77629692162,,instructions,6491332080,100.00,3.19,insn per cycle
1.817831614,24345006019,,cycles,6492154309,100.00,,
1.919279683,17460865,,rD044,6492488459,100.00,,
1.919279683,502611709,,rFF44,6490964753,100.00,,
1.919279683,77764840766,,instructions,6488360604,100.00,3.20,insn per cycle
1.919279683,24330471114,,cycles,6488160924,100.00,,
2.020650401,17529751,,rD044,6486537204,100.00,,
2.020650401,500948491,,rFF44,6486709058,100.00,,
2.020650401,77597573344,,instructions,6487539534,100.00,3.19,insn per cycle
2.020650401,24327772890,,cycles,6487444943,100.00,,
2.122030789,17410484,,rD044,6489565442,100.00,,
2.122030789,501092058,,rFF44,6490608754,100.00,,
2.122030789,77603332876,,instructions,6489644619,100.00,3.19,insn per cycle
2.122030789,24331526735,,cycles,6488429305,100.00,,
2.223404327,18029241,,rD044,6488539871,100.00,,
2.223404327,502185923,,rFF44,6487847995,100.00,,
2.223404327,77735991400,,instructions,6488111064,100.00,3.19,insn per cycle
2.223404327,24334962115,,cycles,6489430192,100.00,,
2.324819956,17608145,,rD044,6489679485,100.00,,
2.324819956,501504725,,rFF44,6489804970,100.00,,
2.324819956,77667982309,,instructions,6490094043,100.00,3.19,insn per cycle
2.324819956,24335897797,,cycles,6489631560,100.00,,
2.426207174,17599422,,rD044,6488641213,100.00,,
2.426207174,502200207,,rFF44,6489389460,100.00,,
2.426207174,77748142419,,instructions,6489624268,100.00,3.19,insn per cycle
2.426207174,24335163040,,cycles,6489398711,100.00,,
2.527616453,17345105,,rD044,6488948881,100.00,,
2.527616453,484869693,,rFF44,6487322532,100.00,,
2.527616453,75711130144,,instructions,6487621974,100.00,3.11,insn per cycle
2.527616453,24330504820,,cycles,6488156724,100.00,,
2.629009941,17226712,,rD044,6489725302,100.00,,
2.629009941,502498234,,rFF44,6490855633,100.00,,
2.629009941,77785859749,,instructions,6492110738,100.00,3.19,insn per cycle
2.629009941,24350067961,,cycles,6493373921,100.00,,
2.730447910,17281584,,rD044,6492513780,100.00,,
2.730447910,501150144,,rFF44,6493317193,100.00,,
2.730447910,77624410849,,instructions,6493129835,100.00,3.19,insn per cycle
2.730447910,24344231225,,cycles,6491834648,100.00,,
2.831891198,17621729,,rD044,6492423730,100.00,,
2.831891198,501601319,,rFF44,6492650891,100.00,,
2.831891198,77691441165,,instructions,6493415821,100.00,3.19,insn per cycle
2.831891198,24355322121,,cycles,6494855427,100.00,,
2.933378108,17177914,,rD044,6494385865,100.00,,
2.933378108,502693581,,rFF44,6493462754,100.00,,
2.933378108,77804287224,,instructions,6492861492,100.00,3.20,insn per cycle
2.933378108,24340443060,,cycles,6490832579,100.00,,
3.034783956,17318195,,rD044,6489932423,100.00,,
3.034783956,501126755,,rFF44,6490950375,100.00,,
3.034783956,77618212886,,instructions,6490942775,100.00,3.19,insn per cycle
3.034783956,24346593733,,cycles,6492447617,100.00,,
3.136240125,17123443,,rD044,6492967811,100.00,,
3.136240125,502581524,,rFF44,6492605741,100.00,,
3.136240125,77802877711,,instructions,6492962761,100.00,3.20,insn per cycle
3.136240125,24346470849,,cycles,6492429512,100.00,,
3.237681414,17716808,,rD044,6491482989,100.00,,
3.237681414,501098313,,rFF44,6489735332,100.00,,
3.237681414,77608460185,,instructions,6489464442,100.00,3.19,insn per cycle
3.237681414,24334432758,,cycles,6489231509,100.00,,
3.339087902,17362224,,rD044,6489946861,100.00,,
3.339087902,501275530,,rFF44,6490128062,100.00,,
3.339087902,77609498217,,instructions,6487803473,100.00,3.19,insn per cycle
3.339087902,24323882087,,cycles,6486392356,100.00,,
3.440423870,16885499,,rD044,6486108515,100.00,,
3.440423870,502200344,,rFF44,6486641951,100.00,,
3.440423870,77759460960,,instructions,6488678008,100.00,3.19,insn per cycle
3.440423870,24338209674,,cycles,6490214894,100.00,,
3.541845878,18387192,,rD044,6490070539,100.00,,
3.541845878,500941071,,rFF44,6491180937,100.00,,
3.541845878,77590650970,,instructions,6491268515,100.00,3.19,insn per cycle
3.541845878,24340640999,,cycles,6491247746,100.00,,
3.643281657,17576880,,rD044,6491192727,100.00,,
3.643281657,501883437,,rFF44,6489723595,100.00,,
3.643281657,77699057029,,instructions,6489296841,100.00,3.19,insn per cycle
3.643281657,24335147973,,cycles,6489395918,100.00,,
3.744673925,17651817,,rD044,6489533600,100.00,,
3.744673925,500875657,,rFF44,6490802704,100.00,,
3.744673925,77604238741,,instructions,6492137728,100.00,3.19,insn per cycle
3.744673925,24347512949,,cycles,6492723733,100.00,,
3.846135324,17656627,,rD044,6494105185,100.00,,
3.846135324,501165532,,rFF44,6494111657,100.00,,
3.846135324,77601707889,,instructions,6491216576,100.00,3.19,insn per cycle
3.846135324,24337812305,,cycles,6490125850,100.00,,
3.947550223,17470006,,rD044,6490370035,100.00,,
3.947550223,502264297,,rFF44,6490689453,100.00,,
3.947550223,77775807139,,instructions,6492779070,100.00,3.19,insn per cycle
3.947550223,24354119777,,cycles,6494474681,100.00,,
4.049031512,17334497,,rD044,6494404935,100.00,,
4.049031512,501596740,,rFF44,6494122446,100.00,,
4.049031512,77679587599,,instructions,6493705778,100.00,3.19,insn per cycle
4.049031512,24350707554,,cycles,6493546314,100.00,,
4.150496571,17023632,,rD044,6493170885,100.00,,
4.150496571,502437055,,rFF44,6492242289,100.00,,
4.150496571,77772049874,,instructions,6491545975,100.00,3.20,insn per cycle
4.150496571,24337705007,,cycles,6490090440,100.00,,
4.251893000,17291359,,rD044,6489763840,100.00,,
4.251893000,500931580,,rFF44,6490752575,100.00,,
4.251893000,77609573374,,instructions,6491848326,100.00,3.19,insn per cycle
4.251893000,24346616726,,cycles,6492482921,100.00,,
4.353342098,17288549,,rD044,6491951329,100.00,,
4.353342098,500938412,,rFF44,6489753293,100.00,,
4.353342098,77591406209,,instructions,6488674128,100.00,3.19,insn per cycle
4.353342098,24330905709,,cycles,6488263085,100.00,,
4.454710266,17018473,,rD044,6486861434,100.00,,
4.454710266,502208401,,rFF44,6487916494,100.00,,
4.454710266,77751078297,,instructions,6488878227,100.00,3.20,insn per cycle
4.454710266,24332933233,,cycles,6488804907,100.00,,
4.556094854,17748992,,rD044,6490451876,100.00,,
4.556094854,501088239,,rFF44,6492498190,100.00,,
4.556094854,77625638369,,instructions,6492728722,100.00,3.19,insn per cycle
4.556094854,24343346069,,cycles,6491580036,100.00,,
4.657525503,17884918,,rD044,6491016663,100.00,,
4.657525503,502308903,,rFF44,6489128179,100.00,,
4.657525503,77734148629,,instructions,6487726223,100.00,3.19,insn per cycle
4.657525503,24333331504,,cycles,6488915578,100.00,,
4.758936562,17446832,,rD044,6489548545,100.00,,
4.758936562,500884597,,rFF44,6488194864,100.00,,
4.758936562,77584002284,,instructions,6488532809,100.00,3.19,insn per cycle
4.758936562,24333591811,,cycles,6488992927,100.00,,
4.860315500,16778605,,rD044,6484102452,100.00,,
4.860315500,495036038,,rFF44,6478894948,100.00,,
4.860315500,76685782011,,instructions,6472179274,100.00,3.16,insn per cycle
4.860315500,24240211846,,cycles,6464108605,100.00,,
4.879891287,205580,,rD044,1018345596,100.00,,
4.879891287,2525278,,rFF44,1003929689,100.00,,
4.879891287,3023730842,,instructions,991740663,100.00,0.82,insn per cycle
4.879891287,3677705043,,cycles,980889998,100.00,,
