0.100118549,3776175,,rD044,89191329,100.00,,
0.100118549,17436951,,rFF44,89196479,100.00,,
0.100118549,379936546,,instructions,89201719,100.00,1.15,insn per cycle
0.100118549,330614175,,cycles,89206719,100.00,,
0.200341380,5401882,,rD044,100219595,100.00,,
0.200341380,23748098,,rFF44,100220705,100.00,,
0.200341380,500546445,,instructions,100220455,100.00,1.33,insn per cycle
0.200341380,375825420,,cycles,100220675,100.00,,
0.300531430,5469301,,rD044,100189126,100.00,,
0.300531430,23927099,,rFF44,100189666,100.00,,
0.300531430,503769486,,instructions,100189266,100.00,1.34,insn per cycle
0.300531430,375707113,,cycles,100188856,100.00,,
0.400721460,6603589,,rD044,100082796,100.00,,
0.400721460,28081792,,rFF44,100082246,100.00,,
0.400721460,143271887,,instructions,100082706,100.00,0.38,insn per cycle
0.400721460,375281725,,cycles,100083086,100.00,,
0.500911670,6949939,,rD044,100190605,100.00,,
0.500911670,29757528,,rFF44,100190885,100.00,,
0.500911670,37111271,,instructions,100191065,100.00,0.10,insn per cycle
0.500911670,375712513,,cycles,100190345,100.00,,
0.601178481,17846066,,rD044,4496400026,100.00,,
0.601178481,275044764,,rFF44,4618272769,100.00,,
0.601178481,41016974499,,instructions,4736651905,100.00,2.25,insn per cycle
0.601178481,18195802030,,cycles,4854676549,100.00,,
0.705515426,35383196,,rD044,13360692275,100.00,,
0.705515426,783756440,,rFF44,13362517511,100.00,,
0.705515426,121914937552,,instructions,13359136480,100.00,2.43,insn per cycle
0.705515426,50089403063,,cycles,13357300490,100.00,,
0.809715901,36464990,,rD044,13328951701,100.00,,
0.809715901,789328349,,rFF44,13330979639,100.00,,
0.809715901,122527454289,,instructions,13331541936,100.00,2.45,insn per cycle
0.809715901,49995507875,,cycles,13332297023,100.00,,
0.913958025,36475885,,rD044,13348510068,100.00,,
0.913958025,793139056,,rFF44,13347571127,100.00,,
0.913958025,122750392490,,instructions,13338111652,100.00,2.46,insn per cycle
0.913958025,49974729108,,cycles,13326738482,100.00,,
1.018134929,36526368,,rD044,13335619736,100.00,,
1.018134929,791681043,,rFF44,13339763963,100.00,,
1.018134929,122875645857,,instructions,13351867743,100.00,2.45,insn per cycle
1.018134929,50092365272,,cycles,13358044711,100.00,,
1.122395404,35869204,,rD044,13340214015,100.00,,
1.122395404,791959744,,rFF44,13338353140,100.00,,
1.122395404,122772993612,,instructions,13334448839,100.00,2.45,insn per cycle
1.122395404,50010080064,,cycles,13336167469,100.00,,
1.226589158,35866333,,rD044,13339308599,100.00,,
1.226589158,791495482,,rFF44,13335419959,100.00,,
1.226589158,122630245067,,instructions,13326540055,100.00,2.45,insn per cycle
1.226589158,49967260204,,cycles,13324699521,100.00,,
1.330742012,36063423,,rD044,13326918550,100.00,,
1.330742012,789585227,,rFF44,13325010912,100.00,,
1.330742012,122548727866,,instructions,13331857193,100.00,2.45,insn per cycle
1.330742012,50030504380,,cycles,13341765639,100.00,,
1.435011356,36748060,,rD044,13339948833,100.00,,
1.435011356,793938152,,rFF44,13339532960,100.00,,
1.435011356,123046995462,,instructions,13339208615,100.00,2.46,insn per cycle
1.435011356,49991247769,,cycles,13331049760,100.00,,
1.539086569,36218966,,rD044,13331808714,100.00,,
1.539086569,793640074,,rFF44,13340460771,100.00,,
1.539086569,123039138042,,instructions,13347447123,100.00,2.46,insn per cycle
1.539086569,50036766278,,cycles,13343201791,100.00,,
1.643268443,36636724,,rD044,13328249841,100.00,,
1.643268443,791392773,,rFF44,13318967492,100.00,,
1.643268443,122598509358,,instructions,13312108447,100.00,2.46,insn per cycle
1.643268443,49932278897,,cycles,13315419197,100.00,,
1.747344896,36229212,,rD044,13326553241,100.00,,
1.747344896,791020390,,rFF44,13333897002,100.00,,
1.747344896,122728034539,,instructions,13338301903,100.00,2.45,insn per cycle
1.747344896,50012133557,,cycles,13336679855,100.00,,
1.851602501,35410648,,rD044,13337385679,100.00,,
1.851602501,793580970,,rFF44,13325752334,100.00,,
1.851602501,122913706696,,instructions,13323890566,100.00,2.46,insn per cycle
1.851602501,50003412138,,cycles,13334372529,100.00,,
1.955688093,36595958,,rD044,13330445806,100.00,,
1.955688093,791559826,,rFF44,13333299360,100.00,,
1.955688093,122688942094,,instructions,13326399176,100.00,2.46,insn per cycle
1.955688093,49925315742,,cycles,13313599551,100.00,,
2.059746626,37076281,,rD044,13325918980,100.00,,
2.059746626,791085661,,rFF44,13336662777,100.00,,
2.059746626,122787177483,,instructions,13345811541,100.00,2.45,insn per cycle
2.059746626,50078078152,,cycles,13354263003,100.00,,
2.164123542,36510241,,rD044,13352306040,100.00,,
2.164123542,793947210,,rFF44,13347187110,100.00,,
2.164123542,123021609715,,instructions,13346506775,100.00,2.46,insn per cycle
2.164123542,50047131889,,cycles,13346042404,100.00,,
2.268293796,36068955,,rD044,13329841275,100.00,,
2.268293796,792834366,,rFF44,13326121352,100.00,,
2.268293796,122874189002,,instructions,13325471172,100.00,2.46,insn per cycle
2.268293796,49945918039,,cycles,13319009469,100.00,,
2.372474240,36331748,,rD044,13336910839,100.00,,
2.372474240,792301993,,rFF44,13343952250,100.00,,
2.372474240,122930154225,,instructions,13349349491,100.00,2.46,insn per cycle
2.372474240,50070641568,,cycles,13352243322,100.00,,
2.476689074,35138032,,rD044,13336981402,100.00,,
2.476689074,785894274,,rFF44,13337269007,100.00,,
2.476689074,122100486094,,instructions,13330528154,100.00,2.44,insn per cycle
2.476689074,49966970736,,cycles,13324600894,100.00,,
2.580761267,35091825,,rD044,13316323044,100.00,,
2.580761267,787776098,,rFF44,13312514564,100.00,,
2.580761267,122334533596,,instructions,13321858941,100.00,2.45,insn per cycle
2.580761267,50009895959,,cycles,13336044634,100.00,,
2.685025172,35676266,,rD044,13350791125,100.00,,
2.685025172,793508899,,rFF44,13346099847,100.00,,
2.685025172,122828820477,,instructions,13328321225,100.00,2.46,insn per cycle
2.685025172,49952331538,,cycles,13320761835,100.00,,
2.789178495,37088024,,rD044,13327724248,100.00,,
2.789178495,792736277,,rFF44,13333757786,100.00,,
2.789178495,122958960552,,instructions,13348675417,100.00,2.46,insn per cycle
2.789178495,50076087666,,cycles,13353732861,100.00,,
2.893378120,35104865,,rD044,13341902763,100.00,,
2.893378120,793384873,,rFF44,13347376674,100.00,,
2.893378120,122982437594,,instructions,13345974086,100.00,2.46,insn per cycle
2.893378120,50046044843,,cycles,13345716378,100.00,,
2.997691445,36611829,,rD044,13348584831,100.00,,
2.997691445,792417477,,rFF44,13337382095,100.00,,
2.997691445,122849655147,,instructions,13336750103,100.00,2.46,insn per cycle
2.997691445,50024750243,,cycles,13340033783,100.00,,
3.102104211,36232359,,rD044,13365128993,100.00,,
3.102104211,796041472,,rFF44,13374779876,100.00,,
3.102104211,123320155876,,instructions,13375462558,100.00,2.46,insn per cycle
3.102104211,50142626892,,cycles,13371509236,100.00,,
3.206405277,35558382,,rD044,13354065035,100.00,,
3.206405277,793016208,,rFF44,13354559058,100.00,,
3.206405277,122944108084,,instructions,13354119961,100.00,2.46,insn per cycle
3.206405277,50036978598,,cycles,13343278974,100.00,,
3.310638821,36210648,,rD044,13339438135,100.00,,
3.310638821,791713725,,rFF44,13332193857,100.00,,
3.310638821,122703093871,,instructions,13325824535,100.00,2.45,insn per cycle
3.310638821,49987349102,,cycles,13330058844,100.00,,
3.386848698,17781057,,rD044,8989769426,100.00,,
3.386848698,396758438,,rFF44,8867031498,100.00,,
3.386848698,66701489399,,instructions,8754515868,100.00,2.06,insn per cycle
3.386848698,32410103127,,cycles,8643368786,100.00,,
