0.100118533,3074698,,rD044,90154058,100.00,,
0.100118533,15214762,,rFF44,90159478,100.00,,
0.100118533,333224403,,instructions,90164528,100.00,1.00,insn per cycle
0.100118533,334183986,,cycles,90169318,100.00,,
0.200364339,5013065,,rD044,100242066,100.00,,
0.200364339,22655591,,rFF44,100242356,100.00,,
0.200364339,477130156,,instructions,100242136,100.00,1.27,insn per cycle
0.200364339,375908037,,cycles,100242706,100.00,,
0.300554343,5437877,,rD044,100188316,100.00,,
0.300554343,23879827,,rFF44,100188556,100.00,,
0.300554343,502984931,,instructions,100188746,100.00,1.34,insn per cycle
0.300554343,375703091,,cycles,100187836,100.00,,
0.400743848,6389614,,rD044,100188855,100.00,,
0.400743848,27317445,,rFF44,100189715,100.00,,
0.400743848,209015007,,instructions,100189435,100.00,0.56,insn per cycle
0.400743848,375711068,,cycles,100189975,100.00,,
0.500931893,6943423,,rD044,100186726,100.00,,
0.500931893,30118317,,rFF44,100186636,100.00,,
0.500931893,37525907,,instructions,100186466,100.00,0.10,insn per cycle
0.500931893,375698048,,cycles,100186506,100.00,,
0.601122227,6027204,,rD044,502863510,100.00,,
0.601122227,58849477,,rFF44,504253338,100.00,,
0.601122227,5808509352,,instructions,505154248,100.00,3.06,insn per cycle
0.601122227,1896123573,,cycles,505984878,100.00,,
0.701580765,4538201,,rD044,1607040814,100.00,,
0.701580765,135262215,,rFF44,1606924176,100.00,,
0.701580765,21081076646,,instructions,1606970162,100.00,3.50,insn per cycle
0.701580765,6025858508,,cycles,1606922142,100.00,,
0.802018133,4856708,,rD044,1606896417,100.00,,
0.802018133,136940509,,rFF44,1606978052,100.00,,
0.802018133,21281271370,,instructions,1607244856,100.00,3.53,insn per cycle
0.802018133,6028985776,,cycles,1607731106,100.00,,
0.902536981,4533737,,rD044,1608587711,100.00,,
0.902536981,137285120,,rFF44,1609078170,100.00,,
0.902536981,21313321957,,instructions,1609096542,100.00,3.53,insn per cycle
0.902536981,6032245000,,cycles,1608609732,100.00,,
1.003040839,4758574,,rD044,1607562512,100.00,,
1.003040839,137353462,,rFF44,1606650438,100.00,,
1.003040839,21307213855,,instructions,1606148506,100.00,3.54,insn per cycle
1.003040839,6022889263,,cycles,1606109356,100.00,,
1.103429156,5105452,,rD044,1606774726,100.00,,
1.103429156,137222278,,rFF44,1608358922,100.00,,
1.103429156,21320241645,,instructions,1609457892,100.00,3.53,insn per cycle
1.103429156,6039711895,,cycles,1610592298,100.00,,
1.204118467,4767905,,rD044,1610608392,100.00,,
1.204118467,138694213,,rFF44,1609373942,100.00,,
1.204118467,21467502470,,instructions,1608400292,100.00,3.56,insn per cycle
1.204118467,6027473154,,cycles,1607335106,100.00,,
1.304549554,4257230,,rD044,1607559522,100.00,,
1.304549554,136405404,,rFF44,1608390937,100.00,,
1.304549554,21204118615,,instructions,1609096302,100.00,3.51,insn per cycle
1.304549554,6037521507,,cycles,1610008692,100.00,,
1.405201274,4507642,,rD044,1609688542,100.00,,
1.405201274,138654051,,rFF44,1608737621,100.00,,
1.405201274,21481518456,,instructions,1608018636,100.00,3.56,insn per cycle
1.405201274,6027284920,,cycles,1607282717,100.00,,
1.505658342,4773826,,rD044,1607472649,100.00,,
1.505658342,138177129,,rFF44,1607424092,100.00,,
1.505658342,21418524797,,instructions,1607495432,100.00,3.55,insn per cycle
1.505658342,6027400816,,cycles,1607326831,100.00,,
1.606104050,4584360,,rD044,1607037389,100.00,,
1.606104050,137083319,,rFF44,1607179746,100.00,,
1.606104050,21271323442,,instructions,1607155166,100.00,3.53,insn per cycle
1.606104050,6027134610,,cycles,1607241697,100.00,,
1.706548637,4653445,,rD044,1607546680,100.00,,
1.706548637,137938788,,rFF44,1607738141,100.00,,
1.706548637,21379929042,,instructions,1607675551,100.00,3.55,insn per cycle
1.706548637,6028366309,,cycles,1607582280,100.00,,
1.807024365,4450853,,rD044,1607003267,100.00,,
1.807024365,137274629,,rFF44,1606640316,100.00,,
1.807024365,21305937014,,instructions,1606543746,100.00,3.54,insn per cycle
1.807024365,6024259917,,cycles,1606475497,100.00,,
1.907430152,4868064,,rD044,1606859019,100.00,,
1.907430152,136462260,,rFF44,1607934742,100.00,,
1.907430152,21209322389,,instructions,1608885262,100.00,3.51,insn per cycle
1.907430152,6034855892,,cycles,1609326764,100.00,,
2.008033092,4645048,,rD044,1609721969,100.00,,
2.008033092,136142510,,rFF44,1609003372,100.00,,
2.008033092,21170442210,,instructions,1609046082,100.00,3.51,insn per cycle
2.008033092,6035752874,,cycles,1609535249,100.00,,
2.108620881,4848883,,rD044,1608632302,100.00,,
2.108620881,138012936,,rFF44,1608233806,100.00,,
2.108620881,21346147990,,instructions,1607263703,100.00,3.54,insn per cycle
2.108620881,6023584764,,cycles,1606301312,100.00,,
2.209004358,4441385,,rD044,1606159726,100.00,,
2.209004358,137595487,,rFF44,1606021267,100.00,,
2.209004358,21330905800,,instructions,1605986855,100.00,3.54,insn per cycle
2.209004358,6022437484,,cycles,1605989396,100.00,,
2.309384235,4254091,,rD044,1606158814,100.00,,
2.309384235,136336209,,rFF44,1606567676,100.00,,
2.309384235,21208125439,,instructions,1607025661,100.00,3.52,insn per cycle
2.309384235,6027750269,,cycles,1607501725,100.00,,
2.409875403,4827906,,rD044,1607764609,100.00,,
2.409875403,138157596,,rFF44,1608106400,100.00,,
2.409875403,21422403088,,instructions,1608214852,100.00,3.55,insn per cycle
2.409875403,6033258038,,cycles,1608872228,100.00,,
2.510426632,3919919,,rD044,1609373952,100.00,,
2.510426632,136498581,,rFF44,1609325627,100.00,,
2.510426632,21227677597,,instructions,1609624892,100.00,3.52,insn per cycle
2.510426632,6035291951,,cycles,1609413662,100.00,,
2.611029782,4037015,,rD044,1608905832,100.00,,
2.611029782,137564126,,rFF44,1608351383,100.00,,
2.611029782,21356367318,,instructions,1607526646,100.00,3.54,insn per cycle
2.611029782,6024787200,,cycles,1606622332,100.00,,
2.711427569,4421530,,rD044,1606529129,100.00,,
2.711427569,136381765,,rFF44,1607514882,100.00,,
2.711427569,21198469321,,instructions,1608268362,100.00,3.51,insn per cycle
2.711427569,6033098485,,cycles,1608844200,100.00,,
2.811988038,4742141,,rD044,1609491952,100.00,,
2.811988038,137353671,,rFF44,1609646602,100.00,,
2.811988038,21333440653,,instructions,1610005462,100.00,3.53,insn per cycle
2.811988038,6038270912,,cycles,1610211809,100.00,,
2.912646469,4906552,,rD044,1610198526,100.00,,
2.912646469,138121234,,rFF44,1609406632,100.00,,
2.912646469,21406271208,,instructions,1608359842,100.00,3.55,insn per cycle
2.912646469,6029023588,,cycles,1607747061,100.00,,
3.013119757,5006933,,rD044,1607860775,100.00,,
3.013119757,136752026,,rFF44,1608166933,100.00,,
3.013119757,21269716519,,instructions,1608681572,100.00,3.53,insn per cycle
3.013119757,6033215231,,cycles,1608863182,100.00,,
3.113661576,4484427,,rD044,1608177622,100.00,,
3.113661576,136531777,,rFF44,1607441785,100.00,,
3.113661576,21203475117,,instructions,1606831526,100.00,3.52,insn per cycle
3.113661576,6024364510,,cycles,1606503866,100.00,,
3.214065593,4427352,,rD044,1606264476,100.00,,
3.214065593,137179801,,rFF44,1606336356,100.00,,
3.214065593,21283729867,,instructions,1606465660,100.00,3.53,insn per cycle
3.214065593,6024187474,,cycles,1606455142,100.00,,
3.314471810,4346471,,rD044,1607272584,100.00,,
3.314471810,137131949,,rFF44,1607893892,100.00,,
3.314471810,21288798369,,instructions,1608106848,100.00,3.53,insn per cycle
3.314471810,6031198042,,cycles,1608324416,100.00,,
3.414994049,4297979,,rD044,1607564794,100.00,,
3.414994049,137315463,,rFF44,1607147856,100.00,,
3.414994049,21319334919,,instructions,1606965069,100.00,3.54,insn per cycle
3.414994049,6025479317,,cycles,1606801612,100.00,,
3.515423797,4601508,,rD044,1606789963,100.00,,
3.515423797,139083960,,rFF44,1606720402,100.00,,
3.515423797,21543207713,,instructions,1606563199,100.00,3.58,insn per cycle
3.515423797,6024634185,,cycles,1606601176,100.00,,
3.615854114,4625067,,rD044,1606964265,100.00,,
3.615854114,137708354,,rFF44,1607249556,100.00,,
3.615854114,21365457520,,instructions,1607406199,100.00,3.54,insn per cycle
3.615854114,6028683169,,cycles,1607653342,100.00,,
3.716322913,5150126,,rD044,1607378790,100.00,,
3.716322913,137904669,,rFF44,1607170312,100.00,,
3.716322913,21389965420,,instructions,1607152029,100.00,3.55,insn per cycle
3.716322913,6025676635,,cycles,1606865876,100.00,,
3.816765820,4427553,,rD044,1607234618,100.00,,
3.816765820,137740935,,rFF44,1607518486,100.00,,
3.816765820,21376214537,,instructions,1607783153,100.00,3.54,insn per cycle
3.816765820,6030625688,,cycles,1608170482,100.00,,
3.917269799,4291314,,rD044,1608169805,100.00,,
3.917269799,136179112,,rFF44,1608603372,100.00,,
3.917269799,21189940859,,instructions,1608739175,100.00,3.51,insn per cycle
3.917269799,6033255120,,cycles,1608874311,100.00,,
4.017850138,4687895,,rD044,1608844916,100.00,,
4.017850138,136817627,,rFF44,1607841112,100.00,,
4.017850138,21236229669,,instructions,1607426572,100.00,3.52,insn per cycle
4.017850138,6025655744,,cycles,1606849417,100.00,,
4.118244546,4927619,,rD044,1606323359,100.00,,
4.118244546,137813626,,rFF44,1606662626,100.00,,
4.118244546,21395218188,,instructions,1606932806,100.00,3.55,insn per cycle
4.118244546,6026630283,,cycles,1607115750,100.00,,
4.218696474,4683061,,rD044,1607329676,100.00,,
4.218696474,136220608,,rFF44,1607767180,100.00,,
4.218696474,21162181818,,instructions,1607783102,100.00,3.51,insn per cycle
4.218696474,6029091549,,cycles,1607762138,100.00,,
4.319196862,4535109,,rD044,1608176142,100.00,,
4.319196862,138502062,,rFF44,1607748358,100.00,,
4.319196862,21465924546,,instructions,1607546666,100.00,3.56,insn per cycle
4.319196862,6028367840,,cycles,1607573892,100.00,,
4.419660050,4654502,,rD044,1607313130,100.00,,
4.419660050,137590209,,rFF44,1607244872,100.00,,
4.419660050,21338303420,,instructions,1607130852,100.00,3.54,insn per cycle
4.419660050,6027189397,,cycles,1607254666,100.00,,
4.520130358,4186553,,rD044,1607274138,100.00,,
4.520130358,135667490,,rFF44,1607098386,100.00,,
4.520130358,21106148283,,instructions,1607118326,100.00,3.50,insn per cycle
4.520130358,6025827260,,cycles,1606894664,100.00,,
4.620544596,4790731,,rD044,1606934916,100.00,,
4.620544596,135786951,,rFF44,1607137639,100.00,,
4.620544596,21103967756,,instructions,1607207542,100.00,3.50,insn per cycle
4.620544596,6026679356,,cycles,1607120594,100.00,,
4.720983344,4724808,,rD044,1607448181,100.00,,
4.720983344,137199408,,rFF44,1607757518,100.00,,
4.720983344,21298552768,,instructions,1607951998,100.00,3.53,insn per cycle
4.720983344,6032222188,,cycles,1608603671,100.00,,
4.821537313,4945869,,rD044,1608605055,100.00,,
4.821537313,136673443,,rFF44,1609576102,100.00,,
4.821537313,21208214913,,instructions,1610084907,100.00,3.51,insn per cycle
4.821537313,6038191346,,cycles,1610193962,100.00,,
4.922186563,4865338,,rD044,1609788929,100.00,,
4.922186563,137024632,,rFF44,1608236192,100.00,,
4.922186563,21252812767,,instructions,1607403434,100.00,3.53,insn per cycle
4.922186563,6024889419,,cycles,1606653016,100.00,,
5.022585480,4372701,,rD044,1606399436,100.00,,
5.022585480,136156376,,rFF44,1606857026,100.00,,
5.022585480,21181477724,,instructions,1607084473,100.00,3.51,insn per cycle
5.022585480,6027915283,,cycles,1607450322,100.00,,
5.123058308,4710758,,rD044,1608329339,100.00,,
5.123058308,137499826,,rFF44,1608834962,100.00,,
5.123058308,21335947555,,instructions,1609120525,100.00,3.54,insn per cycle
5.123058308,6033416180,,cycles,1608917362,100.00,,
5.223605647,4549518,,rD044,1608291352,100.00,,
5.223605647,136420741,,rFF44,1607529292,100.00,,
5.223605647,21205280600,,instructions,1607011312,100.00,3.52,insn per cycle
5.223605647,6025608548,,cycles,1606835496,100.00,,
5.324032435,4434719,,rD044,1606473959,100.00,,
5.324032435,136656909,,rFF44,1606400316,100.00,,
5.324032435,21225141362,,instructions,1606631496,100.00,3.52,insn per cycle
5.324032435,6025138560,,cycles,1606709606,100.00,,
5.424458803,4312283,,rD044,1607103626,100.00,,
5.424458803,136217471,,rFF44,1607532603,100.00,,
5.424458803,21180943762,,instructions,1607874942,100.00,3.51,insn per cycle
5.424458803,6031413463,,cycles,1608377862,100.00,,
5.524989381,4774516,,rD044,1608490772,100.00,,
5.524989381,136912451,,rFF44,1608238725,100.00,,
5.524989381,21252246420,,instructions,1607938358,100.00,3.53,insn per cycle
5.524989381,6027900584,,cycles,1607450592,100.00,,
5.625445169,4867948,,rD044,1608273978,100.00,,
5.625445169,135740421,,rFF44,1609459442,100.00,,
5.625445169,21144919959,,instructions,1609725166,100.00,3.50,insn per cycle
5.625445169,6037033031,,cycles,1609879902,100.00,,
5.726067029,4628476,,rD044,1608609273,100.00,,
5.726067029,137573580,,rFF44,1607176712,100.00,,
5.726067029,21347937546,,instructions,1606775286,100.00,3.54,insn per cycle
5.726067029,6026210331,,cycles,1607004406,100.00,,
5.826525987,4520316,,rD044,1607536219,100.00,,
5.826525987,138100471,,rFF44,1607974396,100.00,,
5.826525987,21428600597,,instructions,1608117217,100.00,3.55,insn per cycle
5.826525987,6028831003,,cycles,1607695062,100.00,,
5.926987435,4513864,,rD044,1607166479,100.00,,
5.926987435,136978482,,rFF44,1606680302,100.00,,
5.926987435,21282273672,,instructions,1606353831,100.00,3.53,insn per cycle
5.926987435,6024342029,,cycles,1606495386,100.00,,
6.027402823,4270562,,rD044,1606949939,100.00,,
6.027402823,136541714,,rFF44,1607754996,100.00,,
6.027402823,21222983207,,instructions,1608461127,100.00,3.52,insn per cycle
6.027402823,6032965087,,cycles,1608795132,100.00,,
6.127953022,4665603,,rD044,1608695381,100.00,,
6.127953022,137531891,,rFF44,1607966872,100.00,,
6.127953022,21322535655,,instructions,1607317591,100.00,3.54,insn per cycle
6.127953022,6025560672,,cycles,1606824716,100.00,,
6.228369929,4232319,,rD044,1606666917,100.00,,
6.228369929,137915476,,rFF44,1607129686,100.00,,
6.228369929,21400459017,,instructions,1607599531,100.00,3.55,insn per cycle
6.228369929,6031971042,,cycles,1608529402,100.00,,
6.328916628,4874864,,rD044,1608909331,100.00,,
6.328916628,136196114,,rFF44,1609052451,100.00,,
6.328916628,21193484514,,instructions,1609192258,100.00,3.51,insn per cycle
6.328916628,6032975099,,cycles,1608875721,100.00,,
6.429481128,4871396,,rD044,1608724862,100.00,,
6.429481128,136642384,,rFF44,1608137192,100.00,,
6.429481128,21199215318,,instructions,1607619840,100.00,3.52,insn per cycle
6.429481128,6026810017,,cycles,1607158356,100.00,,
6.529919035,4400471,,rD044,1606934476,100.00,,
6.529919035,137013876,,rFF44,1607488852,100.00,,
6.529919035,21284726492,,instructions,1607580362,100.00,3.53,insn per cycle
6.529919035,6029535402,,cycles,1607878742,100.00,,
6.630434484,4391017,,rD044,1608731862,100.00,,
6.630434484,137394656,,rFF44,1608409286,100.00,,
6.630434484,21323775647,,instructions,1608748506,100.00,3.53,insn per cycle
6.630434484,6032186045,,cycles,1608590992,100.00,,
6.730970423,4856238,,rD044,1608041799,100.00,,
6.730970423,136306063,,rFF44,1607764262,100.00,,
6.730970423,21165892639,,instructions,1607392262,100.00,3.51,insn per cycle
6.730970423,6027551755,,cycles,1607367526,100.00,,
6.831416341,4710969,,rD044,1607083379,100.00,,
6.831416341,137665869,,rFF44,1607897811,100.00,,
6.831416341,21369448531,,instructions,1608317042,100.00,3.54,insn per cycle
6.831416341,6031993459,,cycles,1608536902,100.00,,
6.931976480,4864933,,rD044,1609029932,100.00,,
6.931976480,135860216,,rFF44,1609162449,100.00,,
6.931976480,21089493030,,instructions,1609139042,100.00,3.50,insn per cycle
6.931976480,6033863823,,cycles,1609035592,100.00,,
7.032529859,4382133,,rD044,1608647842,100.00,,
7.032529859,137974694,,rFF44,1607692920,100.00,,
7.032529859,21376518817,,instructions,1607291456,100.00,3.55,insn per cycle
7.032529859,6026067787,,cycles,1606959696,100.00,,
7.132947877,4306282,,rD044,1606810066,100.00,,
7.132947877,138577285,,rFF44,1607155966,100.00,,
7.132947877,21471445477,,instructions,1607233272,100.00,3.56,insn per cycle
7.132947877,6027305526,,cycles,1607286192,100.00,,
7.233410534,4604349,,rD044,1607289808,100.00,,
7.233410534,135998382,,rFF44,1607065482,100.00,,
7.233410534,21117623958,,instructions,1607008996,100.00,3.50,insn per cycle
7.233410534,6026346322,,cycles,1607032046,100.00,,
7.333860192,4643001,,rD044,1606850510,100.00,,
7.333860192,136859559,,rFF44,1606491746,100.00,,
7.333860192,21237573157,,instructions,1606258856,100.00,3.53,insn per cycle
7.333860192,6022723058,,cycles,1606067171,100.00,,
7.434220979,4667660,,rD044,1605815996,100.00,,
7.434220979,139406644,,rFF44,1605896166,100.00,,
7.434220979,21562108127,,instructions,1605929735,100.00,3.58,insn per cycle
7.434220979,6022256215,,cycles,1605940617,100.00,,
7.534595736,5009244,,rD044,1606167179,100.00,,
7.534595736,139234719,,rFF44,1606630062,100.00,,
7.534595736,21571667377,,instructions,1606626243,100.00,3.58,insn per cycle
7.534595736,6024951563,,cycles,1606659606,100.00,,
7.635017394,4611997,,rD044,1606886038,100.00,,
7.635017394,135563877,,rFF44,1606910805,100.00,,
7.635017394,21062336544,,instructions,1607002075,100.00,3.49,insn per cycle
7.635017394,6026853547,,cycles,1607177883,100.00,,
7.735469462,4880149,,rD044,1607478328,100.00,,
7.735469462,137469421,,rFF44,1608217912,100.00,,
7.735469462,21360689116,,instructions,1608671522,100.00,3.54,insn per cycle
7.735469462,6032468719,,cycles,1608663144,100.00,,
7.836015931,4854438,,rD044,1608491390,100.00,,
7.836015931,136563612,,rFF44,1607681186,100.00,,
7.836015931,21224016194,,instructions,1607332241,100.00,3.52,insn per cycle
7.836015931,6027634442,,cycles,1607375692,100.00,,
7.936473259,4458360,,rD044,1607312596,100.00,,
7.936473259,137478035,,rFF44,1607575792,100.00,,
7.936473259,21321941101,,instructions,1607709617,100.00,3.54,insn per cycle
7.936473259,6029393042,,cycles,1607840870,100.00,,
8.036973067,4042629,,rD044,1607813132,100.00,,
8.036973067,136032870,,rFF44,1607544462,100.00,,
8.036973067,21162632938,,instructions,1607430262,100.00,3.51,insn per cycle
8.036973067,6028245119,,cycles,1607539498,100.00,,
8.137447476,4669561,,rD044,1607415712,100.00,,
8.137447476,138114309,,rFF44,1607093986,100.00,,
8.137447476,21403189014,,instructions,1606919846,100.00,3.55,insn per cycle
8.137447476,6024159352,,cycles,1606450926,100.00,,
8.237849743,4596295,,rD044,1606694266,100.00,,
8.237849743,137151094,,rFF44,1606847806,100.00,,
8.237849743,21265327911,,instructions,1606822963,100.00,3.53,insn per cycle
8.237849743,6027118055,,cycles,1607235342,100.00,,
8.338296681,4305838,,rD044,1607579476,100.00,,
8.338296681,136929666,,rFF44,1608442512,100.00,,
8.338296681,21261042248,,instructions,1609108339,100.00,3.52,insn per cycle
8.338296681,6037277709,,cycles,1609944732,100.00,,
8.438938361,4757620,,rD044,1609588027,100.00,,
8.438938361,137158842,,rFF44,1608639242,100.00,,
8.438938361,21282116642,,instructions,1607965968,100.00,3.53,insn per cycle
8.438938361,6025547309,,cycles,1606821276,100.00,,
8.539345578,4394029,,rD044,1606756387,100.00,,
8.539345578,135790710,,rFF44,1607043076,100.00,,
8.539345578,21134625828,,instructions,1607098432,100.00,3.51,insn per cycle
8.539345578,6026947375,,cycles,1607190252,100.00,,
8.639808386,4287774,,rD044,1607072639,100.00,,
8.639808386,138826058,,rFF44,1606638392,100.00,,
8.639808386,21498008358,,instructions,1606595546,100.00,3.57,insn per cycle
8.639808386,6023961792,,cycles,1606397026,100.00,,
8.740194343,4390232,,rD044,1606487109,100.00,,
8.740194343,137342926,,rFF44,1606613276,100.00,,
8.740194343,21296595711,,instructions,1606639796,100.00,3.53,insn per cycle
8.740194343,6024940790,,cycles,1606666386,100.00,,
8.840615331,4918412,,rD044,1607118666,100.00,,
8.840615331,137592143,,rFF44,1607590538,100.00,,
8.840615331,21333664640,,instructions,1607860362,100.00,3.54,insn per cycle
8.840615331,6029767359,,cycles,1607943702,100.00,,
8.941114229,4330688,,rD044,1607386572,100.00,,
8.941114229,137420616,,rFF44,1606968400,100.00,,
8.941114229,21315582501,,instructions,1606766326,100.00,3.54,insn per cycle
8.941114229,6025656937,,cycles,1606846856,100.00,,
9.041543787,4908986,,rD044,1607260996,100.00,,
9.041543787,137051298,,rFF44,1607575836,100.00,,
9.041543787,21249154930,,instructions,1607634392,100.00,3.52,insn per cycle
9.041543787,6028342682,,cycles,1607564822,100.00,,
9.142014035,4597120,,rD044,1606987822,100.00,,
9.142014035,137291704,,rFF44,1606621482,100.00,,
9.142014035,21310945728,,instructions,1606473796,100.00,3.54,insn per cycle
9.142014035,6024241374,,cycles,1606469306,100.00,,
9.242424223,4495219,,rD044,1606758156,100.00,,
9.242424223,138143137,,rFF44,1606986266,100.00,,
9.242424223,21417071847,,instructions,1607211186,100.00,3.55,insn per cycle
9.242424223,6027448295,,cycles,1607324822,100.00,,
9.342885771,4580473,,rD044,1607083431,100.00,,
9.342885771,136771744,,rFF44,1606726932,100.00,,
9.342885771,21221522964,,instructions,1606459652,100.00,3.52,insn per cycle
9.342885771,6023361763,,cycles,1606236036,100.00,,
9.443263858,4813817,,rD044,1606413657,100.00,,
9.443263858,136982008,,rFF44,1606880046,100.00,,
9.443263858,21253555416,,instructions,1607371966,100.00,3.52,insn per cycle
9.443263858,6029401415,,cycles,1607844251,100.00,,
9.543759886,4574453,,rD044,1607849766,100.00,,
9.543759886,138171988,,rFF44,1607509642,100.00,,
9.543759886,21406497958,,instructions,1607040032,100.00,3.55,insn per cycle
9.543759886,6024557041,,cycles,1606555657,100.00,,
9.644171004,4663161,,rD044,1606351652,100.00,,
9.644171004,136469449,,rFF44,1606302956,100.00,,
9.644171004,21205932388,,instructions,1606305796,100.00,3.52,insn per cycle
9.644171004,6024003932,,cycles,1606407366,100.00,,
9.744575291,4622207,,rD044,1607051395,100.00,,
9.744575291,138130366,,rFF44,1607646231,100.00,,
9.744575291,21413542838,,instructions,1607898791,100.00,3.55,insn per cycle
9.744575291,6030270467,,cycles,1608113601,100.00,,
9.845100650,4762388,,rD044,1608051802,100.00,,
9.845100650,139075370,,rFF44,1608302616,100.00,,
9.845100650,21545373927,,instructions,1609067987,100.00,3.57,insn per cycle
9.845100650,6038376601,,cycles,1610233312,100.00,,
9.945756020,4816445,,rD044,1610203452,100.00,,
9.945756020,137846697,,rFF44,1609323692,100.00,,
9.945756020,21364232107,,instructions,1608299471,100.00,3.55,insn per cycle
9.945756020,6025526300,,cycles,1606819091,100.00,,
10.046154927,5397616,,rD044,1606556377,100.00,,
10.046154927,134464557,,rFF44,1607271062,100.00,,
10.046154927,20907666183,,instructions,1607313282,100.00,3.47,insn per cycle
10.046154927,6027460311,,cycles,1607328357,100.00,,
10.146611045,4832257,,rD044,1607128931,100.00,,
10.146611045,137997259,,rFF44,1606716856,100.00,,
10.146611045,21388282048,,instructions,1606684966,100.00,3.55,insn per cycle
10.146611045,6025036931,,cycles,1606681926,100.00,,
10.247039273,4766317,,rD044,1606409554,100.00,,
10.247039273,137915256,,rFF44,1606092444,100.00,,
10.247039273,21400370562,,instructions,1606077534,100.00,3.55,insn per cycle
10.247039273,6022396476,,cycles,1606068830,100.00,,
10.347425200,4640988,,rD044,1606157316,100.00,,
10.347425200,135774055,,rFF44,1606134353,100.00,,
10.347425200,21126953512,,instructions,1606152542,100.00,3.51,insn per cycle
10.347425200,6023123922,,cycles,1606172706,100.00,,
10.447817197,4441901,,rD044,1606906320,100.00,,
10.447817197,137126726,,rFF44,1607794225,100.00,,
10.447817197,21287566469,,instructions,1608120846,100.00,3.53,insn per cycle
10.447817197,6032240067,,cycles,1608601561,100.00,,
10.548362836,4912264,,rD044,1608616626,100.00,,
10.548362836,136744848,,rFF44,1608005622,100.00,,
10.548362836,21243687743,,instructions,1607760422,100.00,3.52,insn per cycle
10.548362836,6027931923,,cycles,1607454437,100.00,,
10.648822604,4943997,,rD044,1606729964,100.00,,
10.648822604,136121871,,rFF44,1606511126,100.00,,
10.648822604,21157195925,,instructions,1606421196,100.00,3.51,insn per cycle
10.648822604,6023245912,,cycles,1606219876,100.00,,
10.749210902,4684293,,rD044,1606173056,100.00,,
10.749210902,136243952,,rFF44,1606129356,100.00,,
10.749210902,21174030604,,instructions,1606129122,100.00,3.52,insn per cycle
10.749210902,6023016210,,cycles,1606143982,100.00,,
10.849596559,4919567,,rD044,1606673852,100.00,,
10.849596559,138132392,,rFF44,1607113162,100.00,,
10.849596559,21399483312,,instructions,1607300896,100.00,3.55,insn per cycle
10.849596559,6027796674,,cycles,1607417956,100.00,,
10.950058757,4665017,,rD044,1606898876,100.00,,
10.950058757,137385357,,rFF44,1606473516,100.00,,
10.950058757,21321036836,,instructions,1606229326,100.00,3.54,insn per cycle
10.950058757,6022818308,,cycles,1606090956,100.00,,
11.050441634,4475644,,rD044,1606974028,100.00,,
11.050441634,137528553,,rFF44,1608308802,100.00,,
11.050441634,21336128128,,instructions,1608981172,100.00,3.54,insn per cycle
11.050441634,6034665921,,cycles,1609248872,100.00,,
11.151019933,4384513,,rD044,1608399760,100.00,,
11.151019933,136230499,,rFF44,1607111756,100.00,,
11.151019933,21159172210,,instructions,1606623248,100.00,3.51,insn per cycle
11.151019933,6023913341,,cycles,1606383322,100.00,,
11.251418381,4768127,,rD044,1606634110,100.00,,
11.251418381,137637844,,rFF44,1607382102,100.00,,
11.251418381,21362711143,,instructions,1607763270,100.00,3.54,insn per cycle
11.251418381,6031211108,,cycles,1608327416,100.00,,
11.351942279,4835970,,rD044,1608095318,100.00,,
11.351942279,138082865,,rFF44,1607324786,100.00,,
11.351942279,21397587194,,instructions,1606815017,100.00,3.55,insn per cycle
11.351942279,6023751950,,cycles,1606340522,100.00,,
11.452342857,4778813,,rD044,1606490737,100.00,,
11.452342857,136999495,,rFF44,1606951562,100.00,,
11.452342857,21288868899,,instructions,1607738291,100.00,3.53,insn per cycle
11.452342857,6032635902,,cycles,1608707540,100.00,,
11.552894946,4643929,,rD044,1608852681,100.00,,
11.552894946,138421829,,rFF44,1608447496,100.00,,
11.552894946,21450220215,,instructions,1607652892,100.00,3.56,insn per cycle
11.552894946,6024602409,,cycles,1606568028,100.00,,
11.653293163,4506629,,rD044,1606627114,100.00,,
11.653293163,137359789,,rFF44,1607305962,100.00,,
11.653293163,21321876034,,instructions,1607630096,100.00,3.54,insn per cycle
11.653293163,6029387997,,cycles,1607842046,100.00,,
11.753790711,4619632,,rD044,1607617424,100.00,,
11.753790711,137387833,,rFF44,1607198546,100.00,,
11.753790711,21295972317,,instructions,1607050262,100.00,3.53,insn per cycle
11.753790711,6026123467,,cycles,1606991912,100.00,,
11.854240779,4845744,,rD044,1607343489,100.00,,
11.854240779,137466880,,rFF44,1607673292,100.00,,
11.854240779,21341941984,,instructions,1607702696,100.00,3.54,insn per cycle
11.854240779,6028725165,,cycles,1607673566,100.00,,
11.954719518,4623848,,rD044,1607732589,100.00,,
11.954719518,137396755,,rFF44,1607314833,100.00,,
11.954719518,21321823959,,instructions,1607188952,100.00,3.54,insn per cycle
11.954719518,6027478411,,cycles,1607332932,100.00,,
12.055167505,4565332,,rD044,1607493721,100.00,,
12.055167505,137229367,,rFF44,1607981255,100.00,,
12.055167505,21298071254,,instructions,1608502891,100.00,3.53,insn per cycle
12.055167505,6034391142,,cycles,1609175982,100.00,,
12.155769735,4725441,,rD044,1609466392,100.00,,
12.155769735,137521779,,rFF44,1609562672,100.00,,
12.155769735,21342509756,,instructions,1609738983,100.00,3.54,insn per cycle
12.155769735,6035466284,,cycles,1609461842,100.00,,
12.256341154,5058900,,rD044,1608632226,100.00,,
12.256341154,137331375,,rFF44,1607863762,100.00,,
12.256341154,21290898722,,instructions,1607155886,100.00,3.53,insn per cycle
12.256341154,6024935292,,cycles,1606658066,100.00,,
12.356753712,4758293,,rD044,1607531173,100.00,,
12.356753712,138009064,,rFF44,1607989296,100.00,,
12.356753712,21399229208,,instructions,1608021061,100.00,3.55,insn per cycle
12.356753712,6030911258,,cycles,1608247662,100.00,,
12.457275651,4523139,,rD044,1607464728,100.00,,
12.457275651,137695189,,rFF44,1607478302,100.00,,
12.457275651,21384203538,,instructions,1607650577,100.00,3.55,insn per cycle
12.457275651,6027722992,,cycles,1607398896,100.00,,
12.557747689,4632979,,rD044,1607515030,100.00,,
12.557747689,137476623,,rFF44,1607377699,100.00,,
12.557747689,21347148862,,instructions,1607461642,100.00,3.54,insn per cycle
12.557747689,6028357208,,cycles,1607566532,100.00,,
12.658204547,4426992,,rD044,1607628781,100.00,,
12.658204547,136491652,,rFF44,1607489269,100.00,,
12.658204547,21218276924,,instructions,1607494656,100.00,3.52,insn per cycle
12.658204547,6028467072,,cycles,1607596720,100.00,,
12.758695255,4459657,,rD044,1607290126,100.00,,
12.758695255,136856178,,rFF44,1607353092,100.00,,
12.758695255,21224359922,,instructions,1607172881,100.00,3.52,insn per cycle
12.758695255,6025915426,,cycles,1606936667,100.00,,
12.859127293,4567656,,rD044,1607022141,100.00,,
12.859127293,135616837,,rFF44,1607022405,100.00,,
12.859127293,21071088983,,instructions,1607071236,100.00,3.50,insn per cycle
12.859127293,6027546921,,cycles,1607353726,100.00,,
12.959583131,5249895,,rD044,1607524327,100.00,,
12.959583131,135764879,,rFF44,1607540541,100.00,,
12.959583131,21089966835,,instructions,1607315712,100.00,3.50,insn per cycle
12.959583131,6026072456,,cycles,1606957752,100.00,,
13.060016159,4488772,,rD044,1606435603,100.00,,
13.060016159,138883033,,rFF44,1606005617,100.00,,
13.060016159,21471031928,,instructions,1606011496,100.00,3.57,insn per cycle
13.060016159,6022502319,,cycles,1606006886,100.00,,
13.160388595,5079064,,rD044,1606043215,100.00,,
13.160388595,138316587,,rFF44,1606273646,100.00,,
13.160388595,21431192942,,instructions,1606402856,100.00,3.56,insn per cycle
13.160388595,6024242844,,cycles,1606470596,100.00,,
13.260805953,4246719,,rD044,1606721356,100.00,,
13.260805953,137299208,,rFF44,1606645796,100.00,,
13.260805953,21319683910,,instructions,1606603452,100.00,3.54,insn per cycle
13.260805953,6024475416,,cycles,1606532592,100.00,,
13.361207600,4773519,,rD044,1606568850,100.00,,
13.361207600,136083977,,rFF44,1606771512,100.00,,
13.361207600,21134978479,,instructions,1606711856,100.00,3.51,insn per cycle
13.361207600,6025040319,,cycles,1606683146,100.00,,
13.461623108,4610954,,rD044,1607154058,100.00,,
13.461623108,138288186,,rFF44,1607573576,100.00,,
13.461623108,21431776731,,instructions,1607715370,100.00,3.55,insn per cycle
13.461623108,6032220905,,cycles,1608593822,100.00,,
13.562176827,5126063,,rD044,1609063081,100.00,,
13.562176827,137286992,,rFF44,1608745522,100.00,,
13.562176827,21296777233,,instructions,1608770038,100.00,3.53,insn per cycle
13.562176827,6029905284,,cycles,1607984447,100.00,,
13.662662025,4543444,,rD044,1607584947,100.00,,
13.662662025,136586885,,rFF44,1607794112,100.00,,
13.662662025,21202507744,,instructions,1608351652,100.00,3.51,insn per cycle
13.662662025,6032911288,,cycles,1608789681,100.00,,
13.763221194,4980759,,rD044,1608925132,100.00,,
13.763221194,136294837,,rFF44,1609529651,100.00,,
13.763221194,21188663859,,instructions,1609422172,100.00,3.51,insn per cycle
13.763221194,6035365407,,cycles,1609436212,100.00,,
13.863820194,4498806,,rD044,1608735152,100.00,,
13.863820194,136805363,,rFF44,1607491597,100.00,,
13.863820194,21229305077,,instructions,1606828666,100.00,3.52,insn per cycle
13.863820194,6023544829,,cycles,1606285994,100.00,,
13.964200331,4903643,,rD044,1606427556,100.00,,
13.964200331,138454089,,rFF44,1607090002,100.00,,
13.964200331,21454953362,,instructions,1607857422,100.00,3.56,insn per cycle
13.964200331,6034555002,,cycles,1609213509,100.00,,
14.064799261,4521274,,rD044,1609272192,100.00,,
14.064799261,136670499,,rFF44,1608680976,100.00,,
14.064799261,21212049157,,instructions,1607911032,100.00,3.52,insn per cycle
14.064799261,6024613444,,cycles,1606575957,100.00,,
14.165187428,4556963,,rD044,1606378884,100.00,,
14.165187428,136722289,,rFF44,1606481702,100.00,,
14.165187428,21232412675,,instructions,1606691966,100.00,3.52,insn per cycle
14.165187428,6025126470,,cycles,1606705876,100.00,,
14.265613596,4771185,,rD044,1606658694,100.00,,
14.265613596,139104867,,rFF44,1606723766,100.00,,
14.265613596,21522620113,,instructions,1606539486,100.00,3.57,insn per cycle
14.265613596,6024174016,,cycles,1606540282,100.00,,
14.366028183,4712829,,rD044,1606536616,100.00,,
14.366028183,135349176,,rFF44,1606520150,100.00,,
14.366028183,21046038967,,instructions,1606800442,100.00,3.49,insn per cycle
14.366028183,6026353625,,cycles,1607032346,100.00,,
14.466469801,5153777,,rD044,1607768022,100.00,,
14.466469801,136514383,,rFF44,1608449828,100.00,,
14.466469801,21181849358,,instructions,1608747465,100.00,3.51,insn per cycle
14.466469801,6033434830,,cycles,1608920532,100.00,,
14.567034220,4730335,,rD044,1608976239,100.00,,
14.567034220,136045948,,rFF44,1609179432,100.00,,
14.567034220,21140498830,,instructions,1609184535,100.00,3.50,insn per cycle
14.567034220,6033795657,,cycles,1609019282,100.00,,
14.667599699,4259462,,rD044,1608707197,100.00,,
14.667599699,138361578,,rFF44,1608067092,100.00,,
14.667599699,21436172639,,instructions,1607578020,100.00,3.56,insn per cycle
14.667599699,6027867152,,cycles,1607447666,100.00,,
14.768065017,5012830,,rD044,1607919414,100.00,,
14.768065017,137813760,,rFF44,1608552367,100.00,,
14.768065017,21403379627,,instructions,1609634722,100.00,3.55,insn per cycle
14.768065017,6037597559,,cycles,1610030832,100.00,,
14.868696007,5245035,,rD044,1608949652,100.00,,
14.868696007,137680960,,rFF44,1607861761,100.00,,
14.868696007,21314073616,,instructions,1606686046,100.00,3.54,insn per cycle
14.868696007,6023067237,,cycles,1606158266,100.00,,
14.969075044,4485365,,rD044,1606535967,100.00,,
14.969075044,135605404,,rFF44,1607173802,100.00,,
14.969075044,21118250990,,instructions,1607296792,100.00,3.50,insn per cycle
14.969075044,6027496254,,cycles,1607337182,100.00,,
15.069536842,4501481,,rD044,1607312321,100.00,,
15.069536842,137334331,,rFF44,1607071996,100.00,,
15.069536842,21336973348,,instructions,1607523706,100.00,3.54,insn per cycle
15.069536842,6030522837,,cycles,1608142702,100.00,,
15.170049971,5107901,,rD044,1608185753,100.00,,
15.170049971,136423767,,rFF44,1608515462,100.00,,
15.170049971,21182282277,,instructions,1608170392,100.00,3.51,insn per cycle
15.170049971,6028560330,,cycles,1607624796,100.00,,
15.270529089,4616352,,rD044,1607770525,100.00,,
15.270529089,138477687,,rFF44,1607891384,100.00,,
15.270529089,21461774938,,instructions,1608054362,100.00,3.56,insn per cycle
15.270529089,6031430322,,cycles,1608384812,100.00,,
15.371052678,5042862,,rD044,1608250712,100.00,,
15.371052678,137707939,,rFF44,1607767994,100.00,,
15.371052678,21379738190,,instructions,1607482376,100.00,3.55,insn per cycle
15.371052678,6026716664,,cycles,1607132291,100.00,,
15.471498406,4731166,,rD044,1607386358,100.00,,
15.471498406,137061152,,rFF44,1607992112,100.00,,
15.471498406,21301796987,,instructions,1609062692,100.00,3.53,insn per cycle
15.471498406,6037881458,,cycles,1610102968,100.00,,
15.572147786,4486691,,rD044,1609767470,100.00,,
15.572147786,138288363,,rFF44,1608963642,100.00,,
15.572147786,21407204120,,instructions,1607749662,100.00,3.55,insn per cycle
15.572147786,6024641239,,cycles,1606581521,100.00,,
15.672540923,4643053,,rD044,1606634952,100.00,,
15.672540923,136592879,,rFF44,1607923766,100.00,,
15.672540923,21235652014,,instructions,1609037221,100.00,3.52,insn per cycle
15.672540923,6038109490,,cycles,1610176572,100.00,,
15.773238244,4822509,,rD044,1611631262,100.00,,
15.773238244,136983997,,rFF44,1611708338,100.00,,
15.773238244,21247828168,,instructions,1611318033,100.00,3.52,insn per cycle
15.773238244,6038640836,,cycles,1610313602,100.00,,
15.873835414,4679660,,rD044,1608915712,100.00,,
15.873835414,138228736,,rFF44,1607894266,100.00,,
15.873835414,21416038307,,instructions,1607372186,100.00,3.55,insn per cycle
15.873835414,6028422894,,cycles,1607583472,100.00,,
15.974317662,4586430,,rD044,1607468687,100.00,,
15.974317662,137432451,,rFF44,1607031272,100.00,,
15.974317662,21316039130,,instructions,1606824342,100.00,3.54,insn per cycle
15.974317662,6024446939,,cycles,1606526346,100.00,,
16.074708259,4791664,,rD044,1606473471,100.00,,
16.074708259,137248902,,rFF44,1607132256,100.00,,
16.074708259,21290857939,,instructions,1607451311,100.00,3.53,insn per cycle
16.074708259,6030160613,,cycles,1608045722,100.00,,
16.149481829,2769274,,rD044,1152776043,100.00,,
16.149481829,77433404,,rFF44,1151139593,100.00,,
16.149481829,12546282175,,instructions,1150086848,100.00,2.91,insn per cycle
16.149481829,4307518797,,cycles,1148725817,100.00,,
