0.100120213,4398499,,rD044,89161556,100.00,,
0.100120213,19520079,,rFF44,89167536,100.00,,
0.100120213,424319418,,instructions,89172516,100.00,1.28,insn per cycle
0.100120213,330424727,,cycles,89177346,100.00,,
0.200353798,5486983,,rD044,100206196,100.00,,
0.200353798,23996236,,rFF44,100206846,100.00,,
0.200353798,505211625,,instructions,100207016,100.00,1.34,insn per cycle
0.200353798,375746000,,cycles,100206146,100.00,,
0.300542462,5487318,,rD044,99978804,100.00,,
0.300542462,23914588,,rFF44,99978234,100.00,,
0.300542462,503986625,,instructions,99977164,100.00,1.34,insn per cycle
0.300542462,374890913,,cycles,99978194,100.00,,
0.400731147,6723042,,rD044,100188356,100.00,,
0.400731147,28996657,,rFF44,100188386,100.00,,
0.400731147,98081673,,instructions,100188816,100.00,0.26,insn per cycle
0.400731147,375704561,,cycles,100188506,100.00,,
0.500939871,6935623,,rD044,100207435,100.00,,
0.500939871,30249076,,rFF44,100206805,100.00,,
0.500939871,37758432,,instructions,100206595,100.00,0.10,insn per cycle
0.500939871,375772356,,cycles,100206345,100.00,,
0.601209896,23566473,,rD044,5980498512,100.00,,
0.601209896,353881581,,rFF44,6110386531,100.00,,
0.601209896,53819652577,,instructions,6223132077,100.00,2.28,insn per cycle
0.601209896,23634766760,,cycles,6326624122,100.00,,
0.705376587,38248629,,rD044,13324359563,100.00,,
0.705376587,775013454,,rFF44,13315542125,100.00,,
0.705376587,120518464771,,instructions,13282273678,100.00,2.42,insn per cycle
0.705376587,49770102943,,cycles,13272095587,100.00,,
0.809064912,37299932,,rD044,13275208031,100.00,,
0.809064912,782948845,,rFF44,13281610425,100.00,,
0.809064912,122181588047,,instructions,13322919276,100.00,2.44,insn per cycle
0.809064912,50041828428,,cycles,13344552147,100.00,,
0.913279082,37468056,,rD044,13337630685,100.00,,
0.913279082,787233722,,rFF44,13333142534,100.00,,
0.913279082,122180672895,,instructions,13320885950,100.00,2.45,insn per cycle
0.913279082,49915356083,,cycles,13310801130,100.00,,
1.017397742,37206824,,rD044,13327863703,100.00,,
1.017397742,790116804,,rFF44,13347186904,100.00,,
1.017397742,122594458637,,instructions,13355050844,100.00,2.45,insn per cycle
1.017397742,50092141649,,cycles,13357966298,100.00,,
1.121485172,36960926,,rD044,13319475912,100.00,,
1.121485172,784817759,,rFF44,13298457796,100.00,,
1.121485172,121868784761,,instructions,13295515880,100.00,2.44,insn per cycle
1.121485172,49881282456,,cycles,13301759846,100.00,,
1.225612462,36847601,,rD044,13324894534,100.00,,
1.225612462,785831243,,rFF44,13321564325,100.00,,
1.225612462,122022103193,,instructions,13324082329,100.00,2.44,insn per cycle
1.225612462,49947189286,,cycles,13319425728,100.00,,
1.329614200,35658968,,rD044,13312117588,100.00,,
1.329614200,785298221,,rFF44,13310238905,100.00,,
1.329614200,121834521955,,instructions,13303520230,100.00,2.44,insn per cycle
1.329614200,49910114361,,cycles,13309693408,100.00,,
1.433730830,37065327,,rD044,13327974806,100.00,,
1.433730830,786613315,,rFF44,13337846712,100.00,,
1.433730830,122157375474,,instructions,13342037556,100.00,2.44,insn per cycle
1.433730830,50009811169,,cycles,13336001345,100.00,,
1.537826040,35997680,,rD044,13324803160,100.00,,
1.537826040,785071098,,rFF44,13289570251,100.00,,
1.537826040,121467772025,,instructions,13259191266,100.00,2.45,insn per cycle
1.537826040,49678547522,,cycles,13247688291,100.00,,
1.641341553,36056176,,rD044,13251161311,100.00,,
1.641341553,785412432,,rFF44,13278450195,100.00,,
1.641341553,122156916827,,instructions,13301525711,100.00,2.45,insn per cycle
1.641341553,49923105723,,cycles,13312898646,100.00,,
1.745308801,37514893,,rD044,13305240107,100.00,,
1.745308801,785143598,,rFF44,13305277528,100.00,,
1.745308801,121950335719,,instructions,13311670934,100.00,2.44,insn per cycle
1.745308801,49944050344,,cycles,13318523773,100.00,,
1.849449961,36742141,,rD044,13338628741,100.00,,
1.849449961,790501583,,rFF44,13350455853,100.00,,
1.849449961,122551800263,,instructions,13348654575,100.00,2.45,insn per cycle
1.849449961,49973319397,,cycles,13326515823,100.00,,
1.953108046,36622933,,rD044,13253683606,100.00,,
1.953108046,781975179,,rFF44,13243571667,100.00,,
1.953108046,121449742214,,instructions,13249630700,100.00,2.44,insn per cycle
1.953108046,49767911887,,cycles,13271470845,100.00,,
2.057293566,36377842,,rD044,13338886909,100.00,,
2.057293566,787970739,,rFF44,13349914259,100.00,,
2.057293566,122209620201,,instructions,13338478839,100.00,2.45,insn per cycle
2.057293566,49982153123,,cycles,13328669410,100.00,,
2.161378166,35653700,,rD044,13322764846,100.00,,
2.161378166,787433736,,rFF44,13311046158,100.00,,
2.161378166,122153887710,,instructions,13317626465,100.00,2.44,insn per cycle
2.161378166,49963548377,,cycles,13323742080,100.00,,
2.265507596,37187482,,rD044,13334833894,100.00,,
2.265507596,787076615,,rFF44,13333319105,100.00,,
2.265507596,122157625364,,instructions,13329928378,100.00,2.44,insn per cycle
2.265507596,49995047967,,cycles,13332100115,100.00,,
2.369566895,36594195,,rD044,13290744601,100.00,,
2.369566895,782603231,,rFF44,13266344487,100.00,,
2.369566895,121469488025,,instructions,13260235557,100.00,2.45,insn per cycle
2.369566895,49673029696,,cycles,13246202239,100.00,,
2.473122518,36809034,,rD044,13273349419,100.00,,
2.473122518,786757665,,rFF44,13294700737,100.00,,
2.473122518,121990363472,,instructions,13294686280,100.00,2.45,insn per cycle
2.473122518,49868271961,,cycles,13299097760,100.00,,
2.577054496,37016452,,rD044,13303809325,100.00,,
2.577054496,784854056,,rFF44,13302562598,100.00,,
2.577054496,121878498209,,instructions,13309419770,100.00,2.44,insn per cycle
2.577054496,49942774456,,cycles,13318164559,100.00,,
2.681150386,35702253,,rD044,13324495065,100.00,,
2.681150386,788282595,,rFF44,13331875171,100.00,,
2.681150386,122278634516,,instructions,13335477750,100.00,2.45,insn per cycle
2.681150386,49833033893,,cycles,13289025498,100.00,,
2.784666839,35874904,,rD044,13252342652,100.00,,
2.784666839,782680359,,rFF44,13257466487,100.00,,
2.784666839,121478718241,,instructions,13256096105,100.00,2.44,insn per cycle
2.784666839,49850114075,,cycles,13293441252,100.00,,
2.888714268,36878634,,rD044,13318630891,100.00,,
2.888714268,784229063,,rFF44,13313137269,100.00,,
2.888714268,121833808438,,instructions,13318344727,100.00,2.44,insn per cycle
2.888714268,49980722950,,cycles,13328304118,100.00,,
2.993045790,36229382,,rD044,13348665051,100.00,,
2.993045790,788940093,,rFF44,13346139957,100.00,,
2.993045790,122461980987,,instructions,13350848439,100.00,2.45,insn per cycle
2.993045790,50078706968,,cycles,13354467725,100.00,,
3.097366682,36894518,,rD044,13362836567,100.00,,
3.097366682,789937871,,rFF44,13382055516,100.00,,
3.097366682,122476658122,,instructions,13367140404,100.00,2.45,insn per cycle
3.097366682,50091977457,,cycles,13357961767,100.00,,
3.201587123,36345766,,rD044,13328766915,100.00,,
3.201587123,785654753,,rFF44,13310929419,100.00,,
3.201587123,122004716724,,instructions,13314417428,100.00,2.44,insn per cycle
3.201587123,49915543444,,cycles,13310911544,100.00,,
3.305520321,35585400,,rD044,13310272449,100.00,,
3.305520321,784838307,,rFF44,13317654549,100.00,,
3.305520321,121823987907,,instructions,13314707175,100.00,2.44,insn per cycle
3.305520321,49932885134,,cycles,13315505200,100.00,,
3.390312586,21924661,,rD044,10076157886,100.00,,
3.390312586,464053436,,rFF44,9949643806,100.00,,
3.390312586,76900798980,,instructions,9842588646,100.00,2.11,insn per cycle
3.390312586,36510055776,,cycles,9736472283,100.00,,
