0.100118529,4016005,,rD044,89168669,100.00,,
0.100118529,18296662,,rFF44,89173769,100.00,,
0.100118529,397790892,,instructions,89177819,100.00,1.20,insn per cycle
0.100118529,330518619,,cycles,89182789,100.00,,
0.200347360,5482660,,rD044,100224426,100.00,,
0.200347360,23988119,,rFF44,100225026,100.00,,
0.200347360,505696360,,instructions,100225886,100.00,1.35,insn per cycle
0.200347360,375844168,,cycles,100225596,100.00,,
0.300536590,5483973,,rD044,100167966,100.00,,
0.300536590,23997525,,rFF44,100168616,100.00,,
0.300536590,505907395,,instructions,100168156,100.00,1.35,insn per cycle
0.300536590,375601029,,cycles,100168196,100.00,,
0.400726100,6676404,,rD044,100188535,100.00,,
0.400726100,28366500,,rFF44,100187815,100.00,,
0.400726100,119806386,,instructions,100187865,100.00,0.32,insn per cycle
0.400726100,375702887,,cycles,100187955,100.00,,
0.500918380,6954170,,rD044,100191576,100.00,,
0.500918380,29442134,,rFF44,100191466,100.00,,
0.500918380,36747196,,instructions,100191306,100.00,0.10,insn per cycle
0.500918380,375715228,,cycles,100191036,100.00,,
0.601116240,4642774,,rD044,409413179,100.00,,
0.601116240,48031406,,rFF44,409709309,100.00,,
0.601116240,4896231231,,instructions,409908731,100.00,3.19,insn per cycle
0.601116240,1537277059,,cycles,410103517,100.00,,
0.701418182,1933255,,rD044,802412568,100.00,,
0.701418182,72470848,,rFF44,802408948,100.00,,
0.701418182,11166218464,,instructions,802423966,100.00,3.71,insn per cycle
0.701418182,3009122737,,cycles,802435976,100.00,,
0.801707323,1626416,,rD044,802272228,100.00,,
0.801707323,69603091,,rFF44,802217308,100.00,,
0.801707323,10833717488,,instructions,802195908,100.00,3.60,insn per cycle
0.801707323,3008152767,,cycles,802177162,100.00,,
0.901997304,2036152,,rD044,802385058,100.00,,
0.901997304,72620895,,rFF44,802449108,100.00,,
0.901997304,11187437192,,instructions,802450848,100.00,3.72,insn per cycle
0.901997304,3009182246,,cycles,802451798,100.00,,
1.002299885,1404893,,rD044,802373678,100.00,,
1.002299885,69690297,,rFF44,802357788,100.00,,
1.002299885,10832272561,,instructions,802358958,100.00,3.60,insn per cycle
1.002299885,3008842128,,cycles,802360848,100.00,,
1.102589627,1074117,,rD044,802295578,100.00,,
1.102589627,72410851,,rFF44,802255308,100.00,,
1.102589627,11153773490,,instructions,802243508,100.00,3.71,insn per cycle
1.102589627,3008406390,,cycles,802244598,100.00,,
1.202875718,1239357,,rD044,802239298,100.00,,
1.202875718,70875821,,rFF44,802218878,100.00,,
1.202875718,10976008033,,instructions,802229338,100.00,3.65,insn per cycle
1.202875718,3008370072,,cycles,802235328,100.00,,
1.303159449,1795812,,rD044,802307728,100.00,,
1.303159449,72563662,,rFF44,802349368,100.00,,
1.303159449,11176431714,,instructions,802343018,100.00,3.71,insn per cycle
1.303159449,3008673175,,cycles,802326778,100.00,,
1.403450610,1149904,,rD044,802278384,100.00,,
1.403450610,70954988,,rFF44,802241668,100.00,,
1.403450610,10985713538,,instructions,802240378,100.00,3.65,insn per cycle
1.403450610,3008454740,,cycles,802257208,100.00,,
1.503733401,1880852,,rD044,802271784,100.00,,
1.503733401,72491811,,rFF44,802287064,100.00,,
1.503733401,11163075463,,instructions,802280848,100.00,3.71,insn per cycle
1.503733401,3008997178,,cycles,802402528,100.00,,
1.604043883,1431447,,rD044,802426368,100.00,,
1.604043883,70236893,,rFF44,802407054,100.00,,
1.604043883,10901759006,,instructions,802410306,100.00,3.62,insn per cycle
1.604043883,3008523605,,cycles,802275768,100.00,,
1.704321284,1666916,,rD044,802224727,100.00,,
1.704321284,72538192,,rFF44,802232657,100.00,,
1.704321284,11173032228,,instructions,802237921,100.00,3.71,insn per cycle
1.704321284,3008379887,,cycles,802246033,100.00,,
1.804609885,1049101,,rD044,802266498,100.00,,
1.804609885,66631970,,rFF44,802281618,100.00,,
1.804609885,10458035487,,instructions,802294938,100.00,3.48,insn per cycle
1.804609885,3008632858,,cycles,802304554,100.00,,
1.904897106,1842379,,rD044,802295898,100.00,,
1.904897106,72480065,,rFF44,802284888,100.00,,
1.904897106,11161837961,,instructions,802268158,100.00,3.71,insn per cycle
1.904897106,3008411161,,cycles,802246078,100.00,,
2.005178387,1619738,,rD044,802229398,100.00,,
2.005178387,70463875,,rFF44,802219568,100.00,,
2.005178387,10921732560,,instructions,802212538,100.00,3.63,insn per cycle
2.005178387,3008309856,,cycles,802218648,100.00,,
2.105453278,1718558,,rD044,802268168,100.00,,
2.105453278,72128708,,rFF44,802346048,100.00,,
2.105453278,11109084396,,instructions,802369158,100.00,3.69,insn per cycle
2.105453278,3008884594,,cycles,802372018,100.00,,
2.205752770,1217265,,rD044,802464138,100.00,,
2.205752770,70650611,,rFF44,802494548,100.00,,
2.205752770,10943391598,,instructions,802537708,100.00,3.64,insn per cycle
2.205752770,3009567254,,cycles,802553968,100.00,,
2.306070971,1346437,,rD044,802356687,100.00,,
2.306070971,72327774,,rFF44,802245107,100.00,,
2.306070971,11140119514,,instructions,802189697,100.00,3.70,insn per cycle
2.306070971,3008103056,,cycles,802171757,100.00,,
2.406348082,1355020,,rD044,802241954,100.00,,
2.406348082,71087338,,rFF44,802248808,100.00,,
2.406348082,11001144794,,instructions,802240808,100.00,3.66,insn per cycle
2.406348082,3008373398,,cycles,802235958,100.00,,
2.506628834,1433718,,rD044,802262224,100.00,,
2.506628834,72181732,,rFF44,802257562,100.00,,
2.506628834,11119100120,,instructions,802255038,100.00,3.70,insn per cycle
2.506628834,3008443470,,cycles,802254268,100.00,,
2.606913035,1422389,,rD044,802251578,100.00,,
2.606913035,69814536,,rFF44,802324096,100.00,,
2.606913035,10839248232,,instructions,802395225,100.00,3.60,insn per cycle
2.606913035,3008999037,,cycles,802411828,100.00,,
2.707216976,1276399,,rD044,802364478,100.00,,
2.707216976,72121810,,rFF44,802288088,100.00,,
2.707216976,11111733944,,instructions,802216973,100.00,3.69,insn per cycle
2.707216976,3008244512,,cycles,802201460,100.00,,
2.807489387,1470716,,rD044,802289868,100.00,,
2.807489387,70218088,,rFF44,802382768,100.00,,
2.807489387,10894978617,,instructions,802401268,100.00,3.62,insn per cycle
2.807489387,3009013470,,cycles,802406138,100.00,,
2.907794628,1715415,,rD044,802487378,100.00,,
2.907794628,72660600,,rFF44,802474008,100.00,,
2.907794628,11195748249,,instructions,802467838,100.00,3.72,insn per cycle
2.907794628,3009279440,,cycles,802477438,100.00,,
3.008102300,1512716,,rD044,802317298,100.00,,
3.008102300,70308557,,rFF44,802273368,100.00,,
3.008102300,10902222683,,instructions,802266148,100.00,3.62,insn per cycle
3.008102300,3008387916,,cycles,802240008,100.00,,
3.108386601,1478073,,rD044,802236158,100.00,,
3.108386601,72589589,,rFF44,802199828,100.00,,
3.108386601,11187083116,,instructions,802206818,100.00,3.72,insn per cycle
3.108386601,3008334116,,cycles,802225048,100.00,,
3.208665772,1571231,,rD044,802267988,100.00,,
3.208665772,69685260,,rFF44,802297108,100.00,,
3.208665772,10816813829,,instructions,802292338,100.00,3.60,insn per cycle
3.208665772,3008581317,,cycles,802291178,100.00,,
3.308991664,1414748,,rD044,802478147,100.00,,
3.308991664,72263111,,rFF44,802443787,100.00,,
3.308991664,11141783302,,instructions,802440767,100.00,3.70,insn per cycle
3.308991664,3009022932,,cycles,802427957,100.00,,
3.409259745,1405209,,rD044,802184947,100.00,,
3.409259745,69322229,,rFF44,802199318,100.00,,
3.409259745,10788260397,,instructions,802195588,100.00,3.59,insn per cycle
3.409259745,3008240805,,cycles,802200238,100.00,,
3.509540246,1776096,,rD044,802192161,100.00,,
3.509540246,71888953,,rFF44,802173274,100.00,,
3.509540246,11090601418,,instructions,802177078,100.00,3.69,insn per cycle
3.509540246,3008149233,,cycles,802176278,100.00,,
3.609813797,1700650,,rD044,802246808,100.00,,
3.609813797,70647126,,rFF44,802292364,100.00,,
3.609813797,10952917943,,instructions,802296671,100.00,3.64,insn per cycle
3.609813797,3008634358,,cycles,802305168,100.00,,
3.710100578,1460689,,rD044,802202238,100.00,,
3.710100578,69751376,,rFF44,802162738,100.00,,
3.710100578,10832775430,,instructions,802167857,100.00,3.60,insn per cycle
3.710100578,3008113738,,cycles,802174550,100.00,,
3.810374859,1729904,,rD044,802233378,100.00,,
3.810374859,72409848,,rFF44,802253328,100.00,,
3.810374859,11167807656,,instructions,802256958,100.00,3.71,insn per cycle
3.810374859,3008468284,,cycles,802260928,100.00,,
3.910665310,1607392,,rD044,802176228,100.00,,
3.910665310,69321518,,rFF44,802168128,100.00,,
3.910665310,10792611049,,instructions,802165258,100.00,3.59,insn per cycle
3.910665310,3007924950,,cycles,802161678,100.00,,
4.010959342,1316559,,rD044,802322748,100.00,,
4.010959342,72468902,,rFF44,802295028,100.00,,
4.010959342,11170753189,,instructions,802273928,100.00,3.71,insn per cycle
4.010959342,3008464210,,cycles,802260568,100.00,,
4.111227273,1279526,,rD044,802177268,100.00,,
4.111227273,70867534,,rFF44,802241718,100.00,,
4.111227273,10971572282,,instructions,802258108,100.00,3.65,insn per cycle
4.111227273,3008478972,,cycles,802263568,100.00,,
4.211513434,1364038,,rD044,802289506,100.00,,
4.211513434,72364248,,rFF44,802246998,100.00,,
4.211513434,11155484819,,instructions,802249118,100.00,3.71,insn per cycle
4.211513434,3008417745,,cycles,802247858,100.00,,
4.311795975,1448790,,rD044,802220472,100.00,,
4.311795975,70861087,,rFF44,802308848,100.00,,
4.311795975,10980144346,,instructions,802313798,100.00,3.65,insn per cycle
4.311795975,3008643523,,cycles,802315478,100.00,,
4.412087136,1441008,,rD044,802292118,100.00,,
4.412087136,72137997,,rFF44,802194840,100.00,,
4.412087136,11121738721,,instructions,802177850,100.00,3.70,insn per cycle
4.412087136,3008112401,,cycles,802166068,100.00,,
4.512357197,1707913,,rD044,802171598,100.00,,
4.512357197,69381121,,rFF44,802181918,100.00,,
4.512357197,10794152381,,instructions,802185998,100.00,3.59,insn per cycle
4.512357197,3008209207,,cycles,802191390,100.00,,
4.612633828,1628502,,rD044,802277378,100.00,,
4.612633828,72196049,,rFF44,802292728,100.00,,
4.612633828,11131576572,,instructions,802294658,100.00,3.70,insn per cycle
4.612633828,3008576621,,cycles,802290788,100.00,,
4.712920289,1567541,,rD044,802206418,100.00,,
4.712920289,70102257,,rFF44,802181378,100.00,,
4.712920289,10888253465,,instructions,802180368,100.00,3.62,insn per cycle
4.712920289,3008162344,,cycles,802189628,100.00,,
4.813202180,1428197,,rD044,802224708,100.00,,
4.813202180,72039267,,rFF44,802227728,100.00,,
4.813202180,11107189955,,instructions,802227018,100.00,3.69,insn per cycle
4.813202180,3008377466,,cycles,802237098,100.00,,
4.913480382,1401923,,rD044,802332548,100.00,,
4.913480382,70457933,,rFF44,802372198,100.00,,
4.913480382,10939594278,,instructions,802369108,100.00,3.64,insn per cycle
4.913480382,3008798524,,cycles,802349258,100.00,,
5.013775173,1462449,,rD044,802221935,100.00,,
5.013775173,72367100,,rFF44,802193158,100.00,,
5.013775173,11159018370,,instructions,802377238,100.00,3.71,insn per cycle
5.013775173,3008990124,,cycles,802399978,100.00,,
5.114075204,1464494,,rD044,802531708,100.00,,
5.114075204,70480189,,rFF44,802549398,100.00,,
5.114075204,10923177209,,instructions,802381888,100.00,3.63,insn per cycle
5.114075204,3008905439,,cycles,802377498,100.00,,
5.214374175,1737847,,rD044,802213163,100.00,,
5.214374175,72061668,,rFF44,802183911,100.00,,
5.214374175,11109844286,,instructions,802182688,100.00,3.69,insn per cycle
5.214374175,3008101015,,cycles,802172928,100.00,,
5.314645486,1289820,,rD044,802184318,100.00,,
5.314645486,69705085,,rFF44,802188297,100.00,,
5.314645486,10832336968,,instructions,802172040,100.00,3.60,insn per cycle
5.314645486,3008121337,,cycles,802169162,100.00,,
5.414923058,1348060,,rD044,802219428,100.00,,
5.414923058,71906091,,rFF44,802216888,100.00,,
5.414923058,11081743618,,instructions,802214138,100.00,3.68,insn per cycle
5.414923058,3008294694,,cycles,802215596,100.00,,
5.515199679,603603,,rD044,802269418,100.00,,
5.515199679,69003057,,rFF44,802305688,100.00,,
5.515199679,10729490667,,instructions,802315528,100.00,3.57,insn per cycle
5.515199679,3008692357,,cycles,802320978,100.00,,
5.615490340,1405932,,rD044,802258198,100.00,,
5.615490340,72032246,,rFF44,802242348,100.00,,
5.615490340,11101709735,,instructions,802238388,100.00,3.69,insn per cycle
5.615490340,3008355044,,cycles,802239298,100.00,,
5.715770631,1702885,,rD044,802207588,100.00,,
5.715770631,69815395,,rFF44,802179208,100.00,,
5.715770631,10854668163,,instructions,802259948,100.00,3.61,insn per cycle
5.715770631,3008460281,,cycles,802258908,100.00,,
5.816052102,1344742,,rD044,802256218,100.00,,
5.816052102,72093664,,rFF44,802270878,100.00,,
5.816052102,11110252116,,instructions,802181938,100.00,3.69,insn per cycle
5.816052102,3008149197,,cycles,802175888,100.00,,
5.916330663,1347183,,rD044,802207170,100.00,,
5.916330663,70668168,,rFF44,802216987,100.00,,
5.916330663,10963191778,,instructions,802232888,100.00,3.64,insn per cycle
5.916330663,3008432717,,cycles,802251628,100.00,,
6.016611864,1165187,,rD044,802271368,100.00,,
6.016611864,72249020,,rFF44,802282121,100.00,,
6.016611864,11134342665,,instructions,802284604,100.00,3.70,insn per cycle
6.016611864,3008560186,,cycles,802285008,100.00,,
6.116896935,1485127,,rD044,802348948,100.00,,
6.116896935,67783908,,rFF44,802347148,100.00,,
6.116896935,10605767863,,instructions,802348784,100.00,3.52,insn per cycle
6.116896935,3008741470,,cycles,802333765,100.00,,
6.217193347,1634204,,rD044,802334608,100.00,,
6.217193347,72516377,,rFF44,802334238,100.00,,
6.217193347,11173952814,,instructions,802319998,100.00,3.71,insn per cycle
6.217193347,3008706594,,cycles,802325083,100.00,,
6.317478788,1570018,,rD044,802120718,100.00,,
6.317478788,69027197,,rFF44,802145818,100.00,,
6.317478788,10763921268,,instructions,802154868,100.00,3.58,insn per cycle
6.317478788,3007953944,,cycles,802144278,100.00,,
6.417762719,1596697,,rD044,802312388,100.00,,
6.417762719,72904327,,rFF44,802337138,100.00,,
6.417762719,11235645477,,instructions,802526718,100.00,3.73,insn per cycle
6.417762719,3009508726,,cycles,802538088,100.00,,
6.518080301,1544152,,rD044,802471108,100.00,,
6.518080301,70467646,,rFF44,802400948,100.00,,
6.518080301,10930227913,,instructions,802210508,100.00,3.63,insn per cycle
6.518080301,3008253785,,cycles,802204218,100.00,,
6.618357322,1490997,,rD044,802216608,100.00,,
6.618357322,72514852,,rFF44,802217988,100.00,,
6.618357322,11173166573,,instructions,802224408,100.00,3.71,insn per cycle
6.618357322,3008313409,,cycles,802219818,100.00,,
6.718636873,1648154,,rD044,802214537,100.00,,
6.718636873,70415979,,rFF44,802214287,100.00,,
6.718636873,10925192726,,instructions,802201857,100.00,3.63,insn per cycle
6.718636873,3008268872,,cycles,802215377,100.00,,
6.818913424,1608887,,rD044,802253831,100.00,,
6.818913424,72735944,,rFF44,802273678,100.00,,
6.818913424,11205377614,,instructions,802287738,100.00,3.72,insn per cycle
6.818913424,3008566489,,cycles,802287188,100.00,,
6.919203425,1464505,,rD044,802257627,100.00,,
6.919203425,70699457,,rFF44,802231280,100.00,,
6.919203425,10967545956,,instructions,802220196,100.00,3.65,insn per cycle
6.919203425,3008304855,,cycles,802217448,100.00,,
7.019477716,1579594,,rD044,802330318,100.00,,
7.019477716,72511442,,rFF44,802386648,100.00,,
7.019477716,11169327477,,instructions,802386852,100.00,3.71,insn per cycle
7.019477716,3008925704,,cycles,802383138,100.00,,
7.119779488,1127055,,rD044,802284328,100.00,,
7.119779488,68893790,,rFF44,802300438,100.00,,
7.119779488,10744204158,,instructions,802347558,100.00,3.57,insn per cycle
7.119779488,3008799380,,cycles,802349530,100.00,,
7.220073319,1491250,,rD044,802350298,100.00,,
7.220073319,72242948,,rFF44,802299388,100.00,,
7.220073319,11124942669,,instructions,802259358,100.00,3.70,insn per cycle
7.220073319,3008455925,,cycles,802257538,100.00,,
7.320358120,1196970,,rD044,802178218,100.00,,
7.320358120,70223753,,rFF44,802147988,100.00,,
7.320358120,10894688317,,instructions,802138818,100.00,3.62,insn per cycle
7.320358120,3007945174,,cycles,802134788,100.00,,
7.420632141,1304390,,rD044,802210908,100.00,,
7.420632141,72317348,,rFF44,802262878,100.00,,
7.420632141,11136898949,,instructions,802275608,100.00,3.70,insn per cycle
7.420632141,3008555684,,cycles,802284338,100.00,,
7.520915352,1657938,,rD044,802242258,100.00,,
7.520915352,70165342,,rFF44,802211878,100.00,,
7.520915352,10898789489,,instructions,802208828,100.00,3.62,insn per cycle
7.520915352,3008266588,,cycles,802207418,100.00,,
7.621195763,1781080,,rD044,802325516,100.00,,
7.621195763,72746467,,rFF44,802361028,100.00,,
7.621195763,11202301880,,instructions,802346248,100.00,3.72,insn per cycle
7.621195763,3008727011,,cycles,802330058,100.00,,
7.721487435,1078160,,rD044,802231402,100.00,,
7.721487435,70243958,,rFF44,802188146,100.00,,
7.721487435,10911786913,,instructions,802197028,100.00,3.63,insn per cycle
7.721487435,3008243014,,cycles,802209358,100.00,,
7.821767508,1409515,,rD044,802230548,100.00,,
7.821767508,72116174,,rFF44,802226152,100.00,,
7.821767508,11106996019,,instructions,802322155,100.00,3.69,insn per cycle
7.821767508,3008691919,,cycles,802320428,100.00,,
7.922055291,1273726,,rD044,802204068,100.00,,
7.922055291,70016689,,rFF44,802203908,100.00,,
7.922055291,10867355672,,instructions,802106223,100.00,3.61,insn per cycle
7.922055291,3007742191,,cycles,802105870,100.00,,
8.022330493,1677136,,rD044,802242388,100.00,,
8.022330493,72368507,,rFF44,802257898,100.00,,
8.022330493,11143935391,,instructions,802263198,100.00,3.70,insn per cycle
8.022330493,3008487334,,cycles,802266298,100.00,,
8.122612476,1314345,,rD044,802204008,100.00,,
8.122612476,69551954,,rFF44,802197488,100.00,,
8.122612476,10815598497,,instructions,802197488,100.00,3.60,insn per cycle
8.122612476,3008216868,,cycles,802193498,100.00,,
8.222890349,1747824,,rD044,802157327,100.00,,
8.222890349,72306545,,rFF44,802170407,100.00,,
8.222890349,11137304814,,instructions,802171477,100.00,3.70,insn per cycle
8.222890349,3008098727,,cycles,802176387,100.00,,
8.323168671,1293269,,rD044,802251038,100.00,,
8.323168671,68893828,,rFF44,802276698,100.00,,
8.323168671,10736770864,,instructions,802295618,100.00,3.57,insn per cycle
8.323168671,3008645212,,cycles,802308098,100.00,,
8.423463054,1786184,,rD044,802325676,100.00,,
8.423463054,72468254,,rFF44,802280768,100.00,,
8.423463054,11163348957,,instructions,802261368,100.00,3.71,insn per cycle
8.423463054,3008418034,,cycles,802247898,100.00,,
8.523738737,1890080,,rD044,802247882,100.00,,
8.523738737,71215884,,rFF44,802278595,100.00,,
8.523738737,11032894047,,instructions,802327668,100.00,3.67,insn per cycle
8.523738737,3009543178,,cycles,802547768,100.00,,
8.624058260,1545374,,rD044,802561338,100.00,,
8.624058260,72440943,,rFF44,802583960,100.00,,
8.624058260,11161836279,,instructions,802539958,100.00,3.71,insn per cycle
8.624058260,3008725078,,cycles,802329168,100.00,,
8.724354523,1427578,,rD044,802339918,100.00,,
8.724354523,68998005,,rFF44,802348051,100.00,,
8.724354523,10746842975,,instructions,802338937,100.00,3.57,insn per cycle
8.724354523,3008697378,,cycles,802322338,100.00,,
8.824643445,1611956,,rD044,802376708,100.00,,
8.824643445,72591538,,rFF44,802408288,100.00,,
8.824643445,11185430652,,instructions,802421373,100.00,3.72,insn per cycle
8.824643445,3009143745,,cycles,802440798,100.00,,
8.924958758,1507924,,rD044,802441228,100.00,,
8.924958758,69380630,,rFF44,802357408,100.00,,
8.924958758,10804015513,,instructions,802350236,100.00,3.59,insn per cycle
8.924958758,3008792638,,cycles,802347693,100.00,,
9.025244591,1820207,,rD044,802276018,100.00,,
9.025244591,72067235,,rFF44,802279338,100.00,,
9.025244591,11104965352,,instructions,802268668,100.00,3.69,insn per cycle
9.025244591,3008437765,,cycles,802252935,100.00,,
9.125527114,1175787,,rD044,802309558,100.00,,
9.125527114,69785141,,rFF44,802328998,100.00,,
9.125527114,10847106703,,instructions,802339758,100.00,3.61,insn per cycle
9.125527114,3008816087,,cycles,802353948,100.00,,
9.225819196,1528146,,rD044,802348268,100.00,,
9.225819196,72321895,,rFF44,802338598,100.00,,
9.225819196,11145880905,,instructions,802403428,100.00,3.70,insn per cycle
9.225819196,3009181690,,cycles,802450498,100.00,,
9.326130559,1423263,,rD044,802327587,100.00,,
9.326130559,69338833,,rFF44,802322537,100.00,,
9.326130559,10792365037,,instructions,802258207,100.00,3.59,insn per cycle
9.326130559,3008188581,,cycles,802204347,100.00,,
9.426419062,1763657,,rD044,802254668,100.00,,
9.426419062,72167778,,rFF44,802233118,100.00,,
9.426419062,11124542597,,instructions,802231858,100.00,3.70,insn per cycle
9.426419062,3008326806,,cycles,802233978,100.00,,
9.526697545,1216377,,rD044,802275268,100.00,,
9.526697545,71282182,,rFF44,802336578,100.00,,
9.526697545,11029290447,,instructions,802340908,100.00,3.67,insn per cycle
9.526697545,3008782326,,cycles,802344688,100.00,,
9.627000458,1186821,,rD044,802343026,100.00,,
9.627000458,69808713,,rFF44,802275268,100.00,,
9.627000458,10843309844,,instructions,802267398,100.00,3.60,insn per cycle
9.627000458,3008496945,,cycles,802268698,100.00,,
9.727272670,1494115,,rD044,802287662,100.00,,
9.727272670,71257597,,rFF44,802370488,100.00,,
9.727272670,11012995066,,instructions,802375278,100.00,3.66,insn per cycle
9.727272670,3008857161,,cycles,802364928,100.00,,
9.827573813,1551943,,rD044,802372598,100.00,,
9.827573813,70457387,,rFF44,802331370,100.00,,
9.827573813,10924540290,,instructions,802359068,100.00,3.63,insn per cycle
9.827573813,3008967747,,cycles,802394038,100.00,,
9.927871716,1474361,,rD044,802326378,100.00,,
9.927871716,72306269,,rFF44,802289288,100.00,,
9.927871716,11144940084,,instructions,802260870,100.00,3.70,insn per cycle
9.927871716,3008381819,,cycles,802238137,100.00,,
10.028152089,1223969,,rD044,802265388,100.00,,
10.028152089,68365062,,rFF44,802285638,100.00,,
10.028152089,10667613590,,instructions,802278748,100.00,3.55,insn per cycle
10.028152089,3008532787,,cycles,802278371,100.00,,
10.128440861,1373353,,rD044,802576358,100.00,,
10.128440861,72600911,,rFF44,802824048,100.00,,
10.128440861,11193077478,,instructions,802876749,100.00,3.72,insn per cycle
10.128440861,3010785491,,cycles,802878856,100.00,,
10.228801735,1932810,,rD044,802695048,100.00,,
10.228801735,69612284,,rFF44,802589748,100.00,,
10.228801735,10821002003,,instructions,802547119,100.00,3.60,insn per cycle
10.228801735,3009518621,,cycles,802541288,100.00,,
10.329115948,1671567,,rD044,802440918,100.00,,
10.329115948,72161125,,rFF44,802363338,100.00,,
10.329115948,11124536935,,instructions,802367016,100.00,3.70,insn per cycle
10.329115948,3008887322,,cycles,802385266,100.00,,
10.429423711,1352132,,rD044,802561798,100.00,,
10.429423711,69919855,,rFF44,802522398,100.00,,
10.429423711,10867978584,,instructions,802511958,100.00,3.61,insn per cycle
10.429423711,3009333741,,cycles,802491396,100.00,,
10.529737104,1831854,,rD044,802374248,100.00,,
10.529737104,72482878,,rFF44,802539548,100.00,,
10.529737104,11176978880,,instructions,802662058,100.00,3.71,insn per cycle
10.529737104,3009954873,,cycles,802657942,100.00,,
10.630064737,1815985,,rD044,802601478,100.00,,
10.630064737,70437685,,rFF44,802434708,100.00,,
10.630064737,10932115798,,instructions,802307918,100.00,3.63,insn per cycle
10.630064737,3008663779,,cycles,802313230,100.00,,
10.730358020,1697674,,rD044,802269788,100.00,,
10.730358020,72648754,,rFF44,802226598,100.00,,
10.730358020,11201776647,,instructions,802222028,100.00,3.72,insn per cycle
10.730358020,3008292912,,cycles,802214198,100.00,,
10.830634762,1627784,,rD044,802595848,100.00,,
10.830634762,70733728,,rFF44,802897648,100.00,,
10.830634762,10965882666,,instructions,802976638,100.00,3.64,insn per cycle
10.830634762,3011507072,,cycles,803071344,100.00,,
10.931025966,1467092,,rD044,802732918,100.00,,
10.931025966,72089784,,rFF44,802441608,100.00,,
10.931025966,11113919812,,instructions,802360118,100.00,3.69,insn per cycle
10.931025966,3008508119,,cycles,802271852,100.00,,
11.031306169,1527597,,rD044,802226498,100.00,,
11.031306169,70118164,,rFF44,802218098,100.00,,
11.031306169,10883822007,,instructions,802225718,100.00,3.62,insn per cycle
11.031306169,3008314726,,cycles,802219918,100.00,,
11.131581942,1905144,,rD044,802328618,100.00,,
11.131581942,71950199,,rFF44,802372648,100.00,,
11.131581942,11093298475,,instructions,802371668,100.00,3.69,insn per cycle
11.131581942,3008896818,,cycles,802375338,100.00,,
11.231881584,1752810,,rD044,802246328,100.00,,
11.231881584,70586924,,rFF44,802206928,100.00,,
11.231881584,10942018470,,instructions,802226198,100.00,3.64,insn per cycle
11.231881584,3008378036,,cycles,802244808,100.00,,
11.332161507,1762683,,rD044,802242068,100.00,,
11.332161507,72045638,,rFF44,802256208,100.00,,
11.332161507,11106243714,,instructions,802239008,100.00,3.69,insn per cycle
11.332161507,3008294938,,cycles,802215198,100.00,,
11.432442600,1493004,,rD044,802239377,100.00,,
11.432442600,70144842,,rFF44,802236348,100.00,,
11.432442600,10884916819,,instructions,802228458,100.00,3.62,insn per cycle
11.432442600,3008360271,,cycles,802232668,100.00,,
11.532722152,1607117,,rD044,802352753,100.00,,
11.532722152,72464934,,rFF44,802371708,100.00,,
11.532722152,11171512618,,instructions,802380598,100.00,3.71,insn per cycle
11.532722152,3009154333,,cycles,802444178,100.00,,
11.633027185,1560176,,rD044,802310816,100.00,,
11.633027185,70750460,,rFF44,802312562,100.00,,
11.633027185,10963356393,,instructions,802316478,100.00,3.64,insn per cycle
11.633027185,3008526726,,cycles,802276198,100.00,,
11.733315108,1496990,,rD044,802349078,100.00,,
11.733315108,72739887,,rFF44,802410236,100.00,,
11.733315108,11209859210,,instructions,802418035,100.00,3.73,insn per cycle
11.733315108,3009012101,,cycles,802406578,100.00,,
11.833616681,1413677,,rD044,802331928,100.00,,
11.833616681,70526624,,rFF44,802272218,100.00,,
11.833616681,10937603306,,instructions,802257073,100.00,3.64,insn per cycle
11.833616681,3008232940,,cycles,802238195,100.00,,
11.933903233,1571260,,rD044,802212558,100.00,,
11.933903233,72457080,,rFF44,802180068,100.00,,
11.933903233,11163250229,,instructions,802191248,100.00,3.71,insn per cycle
11.933903233,3008288141,,cycles,802212663,100.00,,
12.034184896,1302866,,rD044,802257078,100.00,,
12.034184896,69745705,,rFF44,802308788,100.00,,
12.034184896,10821506523,,instructions,802312068,100.00,3.60,insn per cycle
12.034184896,3008568853,,cycles,802288098,100.00,,
12.134472589,1353555,,rD044,802326818,100.00,,
12.134472589,72277823,,rFF44,802320808,100.00,,
12.134472589,11135851184,,instructions,802305618,100.00,3.70,insn per cycle
12.134472589,3008661431,,cycles,802312408,100.00,,
12.234761622,1123795,,rD044,802287548,100.00,,
12.234761622,67224231,,rFF44,802260218,100.00,,
12.234761622,10540411471,,instructions,802348628,100.00,3.50,insn per cycle
12.234761622,3008999133,,cycles,802402118,100.00,,
12.335061885,1401101,,rD044,802375638,100.00,,
12.335061885,72485517,,rFF44,802373018,100.00,,
12.335061885,11166914550,,instructions,802295478,100.00,3.71,insn per cycle
12.335061885,3008347111,,cycles,802243038,100.00,,
12.435346007,1398547,,rD044,802213258,100.00,,
12.435346007,69502273,,rFF44,802184888,100.00,,
12.435346007,10807469441,,instructions,802171188,100.00,3.59,insn per cycle
12.435346007,3008079112,,cycles,802157608,100.00,,
12.535616390,1450810,,rD044,802161800,100.00,,
12.535616390,71900966,,rFF44,802167843,100.00,,
12.535616390,11077199188,,instructions,802174468,100.00,3.68,insn per cycle
12.535616390,3008187033,,cycles,802185898,100.00,,
12.635890112,1446839,,rD044,802212738,100.00,,
12.635890112,69162294,,rFF44,802227245,100.00,,
12.635890112,10760562497,,instructions,802241190,100.00,3.58,insn per cycle
12.635890112,3008494697,,cycles,802267418,100.00,,
12.736175915,1348169,,rD044,802246628,100.00,,
12.736175915,72122425,,rFF44,802233648,100.00,,
12.736175915,11112396367,,instructions,802214648,100.00,3.69,insn per cycle
12.736175915,3008211511,,cycles,802193140,100.00,,
12.836453037,852089,,rD044,802239038,100.00,,
12.836453037,65886919,,rFF44,802247428,100.00,,
12.836453037,10352797090,,instructions,802245738,100.00,3.44,insn per cycle
12.836453037,3008423256,,cycles,802248678,100.00,,
12.936731030,1423050,,rD044,802244358,100.00,,
12.936731030,72436859,,rFF44,802268718,100.00,,
12.936731030,11161821716,,instructions,802275978,100.00,3.71,insn per cycle
12.936731030,3008807321,,cycles,802351848,100.00,,
13.037028643,1727574,,rD044,802321968,100.00,,
13.037028643,69964953,,rFF44,802281528,100.00,,
13.037028643,10869333288,,instructions,802270528,100.00,3.61,insn per cycle
13.037028643,3008189119,,cycles,802186658,100.00,,
13.137302826,1736762,,rD044,802228638,100.00,,
13.137302826,72894613,,rFF44,802238308,100.00,,
13.137302826,11229364880,,instructions,802245148,100.00,3.73,insn per cycle
13.137302826,3008414667,,cycles,802246758,100.00,,
13.237586508,1843790,,rD044,802228084,100.00,,
13.237586508,69398768,,rFF44,802246878,100.00,,
13.237586508,10804649589,,instructions,802254568,100.00,3.59,insn per cycle
13.237586508,3008406306,,cycles,802252768,100.00,,
13.337867031,984596,,rD044,802211144,100.00,,
13.337867031,72457215,,rFF44,802197200,100.00,,
13.337867031,11159764616,,instructions,802197998,100.00,3.71,insn per cycle
13.337867031,3008244483,,cycles,802201818,100.00,,
13.438144433,1393409,,rD044,802230618,100.00,,
13.438144433,70644360,,rFF44,802237628,100.00,,
13.438144433,10946769233,,instructions,802231800,100.00,3.64,insn per cycle
13.438144433,3008380653,,cycles,802237394,100.00,,
13.538424556,1375936,,rD044,802244658,100.00,,
13.538424556,72144853,,rFF44,802251508,100.00,,
13.538424556,11111376796,,instructions,802251838,100.00,3.69,insn per cycle
13.538424556,3008409560,,cycles,802245364,100.00,,
13.638707319,1496862,,rD044,802267558,100.00,,
13.638707319,69729904,,rFF44,802277748,100.00,,
13.638707319,10843328057,,instructions,802283268,100.00,3.60,insn per cycle
13.638707319,3008536374,,cycles,802278938,100.00,,
13.738998121,1760246,,rD044,802343838,100.00,,
13.738998121,72411334,,rFF44,802346508,100.00,,
13.738998121,11152340204,,instructions,802353808,100.00,3.71,insn per cycle
13.738998121,3008831695,,cycles,802358278,100.00,,
13.839285164,1102331,,rD044,802225888,100.00,,
13.839285164,69810585,,rFF44,802189028,100.00,,
13.839285164,10841989360,,instructions,802171978,100.00,3.60,insn per cycle
13.839285164,3008118780,,cycles,802167808,100.00,,
13.939560457,1261949,,rD044,802204068,100.00,,
13.939560457,72257547,,rFF44,802216748,100.00,,
13.939560457,11125012294,,instructions,802217628,100.00,3.70,insn per cycle
13.939560457,3008308129,,cycles,802218378,100.00,,
14.039848010,1201558,,rD044,802443677,100.00,,
14.039848010,70118511,,rFF44,802492988,100.00,,
14.039848010,10887373407,,instructions,802518508,100.00,3.62,insn per cycle
14.039848010,3009448644,,cycles,802522448,100.00,,
14.140155632,1913037,,rD044,802295501,100.00,,
14.140155632,72280633,,rFF44,802238568,100.00,,
14.140155632,11130078498,,instructions,802219868,100.00,3.70,insn per cycle
14.140155632,3008293591,,cycles,802214498,100.00,,
14.240432825,1212698,,rD044,802220558,100.00,,
14.240432825,70761782,,rFF44,802269870,100.00,,
14.240432825,10965432967,,instructions,802274797,100.00,3.64,insn per cycle
14.240432825,3008503797,,cycles,802279268,100.00,,
14.340720938,1322398,,rD044,802270898,100.00,,
14.340720938,72262241,,rFF44,802221978,100.00,,
14.340720938,11131340999,,instructions,802223171,100.00,3.70,insn per cycle
14.340720938,3008341306,,cycles,802227301,100.00,,
14.441003640,1307593,,rD044,802341248,100.00,,
14.441003640,68207944,,rFF44,802383378,100.00,,
14.441003640,10651687210,,instructions,802390018,100.00,3.54,insn per cycle
14.441003640,3008952381,,cycles,802389907,100.00,,
14.541296093,1603167,,rD044,802264058,100.00,,
14.541296093,72107032,,rFF44,802248428,100.00,,
14.541296093,11104485628,,instructions,802247408,100.00,3.69,insn per cycle
14.541296093,3008409028,,cycles,802245468,100.00,,
14.641580746,1373813,,rD044,802308088,100.00,,
14.641580746,67961488,,rFF44,802307988,100.00,,
14.641580746,10624207500,,instructions,802302098,100.00,3.53,insn per cycle
14.641580746,3008590532,,cycles,802293858,100.00,,
14.741865529,1593097,,rD044,802216668,100.00,,
14.741865529,72022990,,rFF44,802195878,100.00,,
14.741865529,11093525568,,instructions,802191518,100.00,3.69,insn per cycle
14.741865529,3008224042,,cycles,802195668,100.00,,
14.842142871,1018609,,rD044,802227838,100.00,,
14.842142871,69822204,,rFF44,802239468,100.00,,
14.842142871,10831175577,,instructions,802236178,100.00,3.60,insn per cycle
14.842142871,3008395964,,cycles,802241918,100.00,,
14.942423264,1915280,,rD044,802287834,100.00,,
14.942423264,72583858,,rFF44,802276448,100.00,,
14.942423264,11181428794,,instructions,802273718,100.00,3.72,insn per cycle
14.942423264,3008498006,,cycles,802268988,100.00,,
15.042709037,1955131,,rD044,802302254,100.00,,
15.042709037,69089651,,rFF44,802326425,100.00,,
15.042709037,10748967175,,instructions,802332558,100.00,3.57,insn per cycle
15.042709037,3008896269,,cycles,802375048,100.00,,
15.143014689,2032733,,rD044,802422918,100.00,,
15.143014689,72381065,,rFF44,802413383,100.00,,
15.143014689,11150766435,,instructions,802399497,100.00,3.71,insn per cycle
15.143014689,3008824436,,cycles,802356058,100.00,,
15.243301702,1618253,,rD044,802354088,100.00,,
15.243301702,68997893,,rFF44,802400638,100.00,,
15.243301702,10752254163,,instructions,802409562,100.00,3.57,insn per cycle
15.243301702,3009046551,,cycles,802415098,100.00,,
15.343603375,1667357,,rD044,802225677,100.00,,
15.343603375,72531233,,rFF44,802159017,100.00,,
15.343603375,11173990957,,instructions,802157286,100.00,3.71,insn per cycle
15.343603375,3008015546,,cycles,802147909,100.00,,
15.443877888,1424811,,rD044,802230008,100.00,,
15.443877888,70036703,,rFF44,802249728,100.00,,
15.443877888,10884194323,,instructions,802250458,100.00,3.62,insn per cycle
15.443877888,3008418835,,cycles,802247738,100.00,,
15.544160500,1570162,,rD044,802210828,100.00,,
15.544160500,72807216,,rFF44,802190258,100.00,,
15.544160500,11219287884,,instructions,802197338,100.00,3.73,insn per cycle
15.544160500,3008271749,,cycles,802208798,100.00,,
15.644438893,1522045,,rD044,802297558,100.00,,
15.644438893,70531301,,rFF44,802380378,100.00,,
15.644438893,10928684738,,instructions,802369398,100.00,3.63,insn per cycle
15.644438893,3008863624,,cycles,802366498,100.00,,
15.744736166,1382110,,rD044,802321458,100.00,,
15.744736166,72266516,,rFF44,802264828,100.00,,
15.744736166,11135805931,,instructions,802266478,100.00,3.70,insn per cycle
15.744736166,3008746244,,cycles,802335338,100.00,,
15.845034129,1427828,,rD044,802263434,100.00,,
15.845034129,70787142,,rFF44,802235894,100.00,,
15.845034129,10962166924,,instructions,802234384,100.00,3.64,insn per cycle
15.845034129,3007931420,,cycles,802158384,100.00,,
15.945306271,1739327,,rD044,802155790,100.00,,
15.945306271,71889386,,rFF44,802146595,100.00,,
15.945306271,11088130303,,instructions,802151128,100.00,3.69,insn per cycle
15.945306271,3008117201,,cycles,802167108,100.00,,
16.045579124,1210472,,rD044,802194858,100.00,,
16.045579124,69164987,,rFF44,802211213,100.00,,
16.045579124,10766570115,,instructions,802210670,100.00,3.58,insn per cycle
16.045579124,3008227616,,cycles,802197277,100.00,,
16.145855666,1545449,,rD044,802187428,100.00,,
16.145855666,71797597,,rFF44,802170338,100.00,,
16.145855666,11095567661,,instructions,802171258,100.00,3.69,insn per cycle
16.145855666,3008127728,,cycles,802170071,100.00,,
16.246123329,1507984,,rD044,802037447,100.00,,
16.246123329,71185910,,rFF44,802056857,100.00,,
16.246123329,11014926983,,instructions,802057747,100.00,3.66,insn per cycle
16.246123329,3007632502,,cycles,802067337,100.00,,
16.346399111,1776508,,rD044,802207518,100.00,,
16.346399111,69985866,,rFF44,802207668,100.00,,
16.346399111,10859957376,,instructions,802214258,100.00,3.61,insn per cycle
16.346399111,3008291566,,cycles,802213458,100.00,,
16.446676324,1507294,,rD044,802293018,100.00,,
16.446676324,72868856,,rFF44,802317238,100.00,,
16.446676324,11232826133,,instructions,802311268,100.00,3.73,insn per cycle
16.446676324,3008644508,,cycles,802308468,100.00,,
16.546975857,1008269,,rD044,802401598,100.00,,
16.546975857,70413702,,rFF44,802381498,100.00,,
16.546975857,10911210455,,instructions,802375078,100.00,3.63,insn per cycle
16.546975857,3008946825,,cycles,802388518,100.00,,
16.647268589,1643554,,rD044,802376876,100.00,,
16.647268589,71913825,,rFF44,802453398,100.00,,
16.647268589,11086917154,,instructions,802466108,100.00,3.68,insn per cycle
16.647268589,3009139984,,cycles,802441218,100.00,,
16.747573332,1440359,,rD044,802291712,100.00,,
16.747573332,70316071,,rFF44,802204547,100.00,,
16.747573332,10900305950,,instructions,802192268,100.00,3.62,insn per cycle
16.747573332,3008195371,,cycles,802188428,100.00,,
16.847848005,1567941,,rD044,802217828,100.00,,
16.847848005,72185965,,rFF44,802224111,100.00,,
16.847848005,11129240242,,instructions,802234682,100.00,3.70,insn per cycle
16.847848005,3008439486,,cycles,802253248,100.00,,
16.948131758,1485995,,rD044,802248908,100.00,,
16.948131758,70418462,,rFF44,802275228,100.00,,
16.948131758,10919689483,,instructions,802276606,100.00,3.63,insn per cycle
16.948131758,3008536980,,cycles,802279500,100.00,,
17.048418060,1831361,,rD044,802346008,100.00,,
17.048418060,71880034,,rFF44,802343648,100.00,,
17.048418060,11082640539,,instructions,802343788,100.00,3.68,insn per cycle
17.048418060,3008907111,,cycles,802377668,100.00,,
17.148712503,1497088,,rD044,802321758,100.00,,
17.148712503,70469885,,rFF44,802320978,100.00,,
17.148712503,10910511120,,instructions,802304418,100.00,3.63,insn per cycle
17.148712503,3008464029,,cycles,802260198,100.00,,
17.249004816,1532774,,rD044,802280938,100.00,,
17.249004816,72537229,,rFF44,802268488,100.00,,
17.249004816,11184491013,,instructions,802282268,100.00,3.72,insn per cycle
17.249004816,3008541207,,cycles,802287958,100.00,,
17.349289409,1887842,,rD044,802283218,100.00,,
17.349289409,71024486,,rFF44,802293138,100.00,,
17.349289409,11005756166,,instructions,802284668,100.00,3.66,insn per cycle
17.349289409,3008581359,,cycles,802291588,100.00,,
17.449585051,1643313,,rD044,802365328,100.00,,
17.449585051,72898525,,rFF44,802454348,100.00,,
17.449585051,11240567708,,instructions,802488148,100.00,3.74,insn per cycle
17.449585051,3009309061,,cycles,802485018,100.00,,
17.549888124,1221546,,rD044,802378628,100.00,,
17.549888124,70814997,,rFF44,802258278,100.00,,
17.549888124,10970340542,,instructions,802232638,100.00,3.65,insn per cycle
17.549888124,3008318408,,cycles,802221038,100.00,,
17.650167047,1776276,,rD044,802315315,100.00,,
17.650167047,72246234,,rFF44,802409548,100.00,,
17.650167047,11137522622,,instructions,802410088,100.00,3.70,insn per cycle
17.650167047,3009038615,,cycles,802413228,100.00,,
17.750469860,1335851,,rD044,802428526,100.00,,
17.750469860,69882914,,rFF44,802430068,100.00,,
17.750469860,10848733219,,instructions,802478888,100.00,3.60,insn per cycle
17.750469860,3009362289,,cycles,802499348,100.00,,
17.850782943,1691963,,rD044,802395115,100.00,,
17.850782943,72126340,,rFF44,802371705,100.00,,
17.850782943,11118867506,,instructions,802370728,100.00,3.70,insn per cycle
17.850782943,3008851954,,cycles,802363488,100.00,,
17.951081636,1639246,,rD044,802456908,100.00,,
17.951081636,70700313,,rFF44,802439787,100.00,,
17.951081636,10953236995,,instructions,802411938,100.00,3.64,insn per cycle
17.951081636,3009174360,,cycles,802448678,100.00,,
18.051384599,1804952,,rD044,802345808,100.00,,
18.051384599,71891348,,rFF44,802284014,100.00,,
18.051384599,11081332488,,instructions,802246930,100.00,3.68,insn per cycle
18.051384599,3008213536,,cycles,802193818,100.00,,
18.151657141,1339261,,rD044,802186068,100.00,,
18.151657141,70577717,,rFF44,802206778,100.00,,
18.151657141,10929515361,,instructions,802215948,100.00,3.63,insn per cycle
18.151657141,3008274368,,cycles,802209410,100.00,,
18.251931194,1680140,,rD044,802173548,100.00,,
18.251931194,72136401,,rFF44,802169048,100.00,,
18.251931194,11115238158,,instructions,802179488,100.00,3.69,insn per cycle
18.251931194,3008229880,,cycles,802197408,100.00,,
18.352212096,1608262,,rD044,802231478,100.00,,
18.352212096,69719351,,rFF44,802280628,100.00,,
18.352212096,10842071324,,instructions,802273988,100.00,3.60,insn per cycle
18.352212096,3008398074,,cycles,802260588,100.00,,
18.452499139,1663003,,rD044,802330448,100.00,,
18.452499139,72541735,,rFF44,802287148,100.00,,
18.452499139,11177592554,,instructions,802290108,100.00,3.72,insn per cycle
18.452499139,3008655134,,cycles,802310768,100.00,,
18.552791752,1307451,,rD044,802310978,100.00,,
18.552791752,70441699,,rFF44,802382148,100.00,,
18.552791752,10923786619,,instructions,802374048,100.00,3.63,insn per cycle
18.552791752,3008900404,,cycles,802376338,100.00,,
18.653089945,1631829,,rD044,802371738,100.00,,
18.653089945,72434655,,rFF44,802291438,100.00,,
18.653089945,11160822293,,instructions,802291748,100.00,3.71,insn per cycle
18.653089945,3008524045,,cycles,802275668,100.00,,
18.753372907,1580042,,rD044,802215681,100.00,,
18.753372907,69706272,,rFF44,802246448,100.00,,
18.753372907,10823543755,,instructions,802249618,100.00,3.60,insn per cycle
18.753372907,3008391479,,cycles,802240848,100.00,,
18.853657040,1675068,,rD044,802298487,100.00,,
18.853657040,71999721,,rFF44,802299720,100.00,,
18.853657040,11091841058,,instructions,802293818,100.00,3.69,insn per cycle
18.853657040,3008640916,,cycles,802307208,100.00,,
18.953954543,1522629,,rD044,802370638,100.00,,
18.953954543,70363767,,rFF44,802345718,100.00,,
18.953954543,10918030322,,instructions,802354041,100.00,3.63,insn per cycle
18.953954543,3008792936,,cycles,802347618,100.00,,
19.054237695,1633453,,rD044,802222528,100.00,,
19.054237695,72310588,,rFF44,802239368,100.00,,
19.054237695,11138418804,,instructions,802238287,100.00,3.70,insn per cycle
19.054237695,3008398639,,cycles,802242190,100.00,,
19.154518128,1456308,,rD044,802224258,100.00,,
19.154518128,69516561,,rFF44,802199378,100.00,,
19.154518128,10819090533,,instructions,802197438,100.00,3.60,insn per cycle
19.154518128,3008217690,,cycles,802194538,100.00,,
19.254796861,1637605,,rD044,802222808,100.00,,
19.254796861,72622996,,rFF44,802316308,100.00,,
19.254796861,11186430337,,instructions,802330888,100.00,3.72,insn per cycle
19.254796861,3008728925,,cycles,802339378,100.00,,
19.355088073,1396598,,rD044,802356918,100.00,,
19.355088073,70247989,,rFF44,802284138,100.00,,
19.355088073,10904995116,,instructions,802295498,100.00,3.62,insn per cycle
19.355088073,3008531621,,cycles,802277988,100.00,,
19.455374216,1587821,,rD044,802369658,100.00,,
19.455374216,72528563,,rFF44,802473348,100.00,,
19.455374216,11170136262,,instructions,802456698,100.00,3.71,insn per cycle
19.455374216,3009246158,,cycles,802468408,100.00,,
19.555685079,1394827,,rD044,802342478,100.00,,
19.555685079,70677097,,rFF44,802211848,100.00,,
19.555685079,10956989325,,instructions,802203708,100.00,3.64,insn per cycle
19.555685079,3008246570,,cycles,802202008,100.00,,
19.655970602,1429999,,rD044,802375637,100.00,,
19.655970602,72891515,,rFF44,802453508,100.00,,
19.655970602,11225634396,,instructions,802501458,100.00,3.73,insn per cycle
19.655970602,3009608793,,cycles,802565128,100.00,,
19.756284585,1331161,,rD044,802405225,100.00,,
19.756284585,70792689,,rFF44,802329438,100.00,,
19.756284585,10972026715,,instructions,802282608,100.00,3.65,insn per cycle
19.756284585,3008318398,,cycles,802222228,100.00,,
19.856571488,1785242,,rD044,802237424,100.00,,
19.856571488,72346813,,rFF44,802297807,100.00,,
19.856571488,11142946440,,instructions,802316928,100.00,3.70,insn per cycle
19.856571488,3008567432,,cycles,802328088,100.00,,
19.956861810,1550857,,rD044,802320488,100.00,,
19.956861810,69699176,,rFF44,802313171,100.00,,
19.956861810,10833120839,,instructions,802292546,100.00,3.60,insn per cycle
19.956861810,3008517772,,cycles,802274268,100.00,,
20.057151393,1443785,,rD044,802278768,100.00,,
20.057151393,72510811,,rFF44,802237978,100.00,,
20.057151393,11166973766,,instructions,802233342,100.00,3.71,insn per cycle
20.057151393,3008374580,,cycles,802236181,100.00,,
20.157427706,1239346,,rD044,802198148,100.00,,
20.157427706,69120296,,rFF44,802196518,100.00,,
20.157427706,10763443019,,instructions,802202408,100.00,3.58,insn per cycle
20.157427706,3008246625,,cycles,802201437,100.00,,
20.257707508,1601343,,rD044,802212298,100.00,,
20.257707508,72285280,,rFF44,802213318,100.00,,
20.257707508,11133192655,,instructions,802211108,100.00,3.70,insn per cycle
20.257707508,3008190167,,cycles,802210768,100.00,,
20.357997221,1160067,,rD044,802283508,100.00,,
20.357997221,68597599,,rFF44,802292168,100.00,,
20.357997221,10690686026,,instructions,802290588,100.00,3.55,insn per cycle
20.357997221,3008602978,,cycles,802296808,100.00,,
20.458279654,1703786,,rD044,802243618,100.00,,
20.458279654,72837068,,rFF44,802234888,100.00,,
20.458279654,11219771251,,instructions,802242178,100.00,3.73,insn per cycle
20.458279654,3008363440,,cycles,802233288,100.00,,
20.558558856,1083181,,rD044,802268117,100.00,,
20.558558856,70702056,,rFF44,802323038,100.00,,
20.558558856,10958149567,,instructions,802321398,100.00,3.64,insn per cycle
20.558558856,3008725404,,cycles,802329618,100.00,,
20.658851499,1732026,,rD044,802286251,100.00,,
20.658851499,72791000,,rFF44,802222798,100.00,,
20.658851499,11216586892,,instructions,802218728,100.00,3.73,insn per cycle
20.658851499,3008291169,,cycles,802213468,100.00,,
20.759127682,1208561,,rD044,802204378,100.00,,
20.759127682,70070010,,rFF44,802208090,100.00,,
20.759127682,10870361579,,instructions,802221034,100.00,3.61,insn per cycle
20.759127682,3008354998,,cycles,802230758,100.00,,
20.859411024,1758973,,rD044,802285038,100.00,,
20.859411024,72445030,,rFF44,802294448,100.00,,
20.859411024,11163754715,,instructions,802278604,100.00,3.71,insn per cycle
20.859411024,3008482301,,cycles,802264860,100.00,,
20.959695227,1279857,,rD044,802311138,100.00,,
20.959695227,71187645,,rFF44,802329218,100.00,,
20.959695227,11015265159,,instructions,802328238,100.00,3.66,insn per cycle
20.959695227,3008704681,,cycles,802324698,100.00,,
21.059991300,1454807,,rD044,802283908,100.00,,
21.059991300,72002824,,rFF44,802247728,100.00,,
21.059991300,11102070639,,instructions,802257998,100.00,3.69,insn per cycle
21.059991300,3008504726,,cycles,802270628,100.00,,
21.160265372,1512439,,rD044,802186968,100.00,,
21.160265372,70420606,,rFF44,802187788,100.00,,
21.160265372,10929053611,,instructions,802185428,100.00,3.63,insn per cycle
21.160265372,3008180301,,cycles,802185678,100.00,,
21.260540375,1464856,,rD044,802141508,100.00,,
21.260540375,70958139,,rFF44,802142308,100.00,,
21.260540375,10971346856,,instructions,802139498,100.00,3.65,insn per cycle
21.260540375,3007919274,,cycles,802124088,100.00,,
21.360810317,1439539,,rD044,802276717,100.00,,
21.360810317,70212819,,rFF44,802283328,100.00,,
21.360810317,10904294484,,instructions,802284168,100.00,3.62,insn per cycle
21.360810317,3008612832,,cycles,802299608,100.00,,
21.461103260,1753318,,rD044,802240981,100.00,,
21.461103260,70216572,,rFF44,802230606,100.00,,
21.461103260,10888749180,,instructions,802229888,100.00,3.62,insn per cycle
21.461103260,3008304860,,cycles,802217508,100.00,,
21.561377903,1416226,,rD044,802184868,100.00,,
21.561377903,72505284,,rFF44,802196472,100.00,,
21.561377903,11176648337,,instructions,802204900,100.00,3.72,insn per cycle
21.561377903,3008357572,,cycles,802230948,100.00,,
21.661662525,1403816,,rD044,802331388,100.00,,
21.661662525,70447171,,rFF44,802355638,100.00,,
21.661662525,10930440735,,instructions,802358998,100.00,3.63,insn per cycle
21.661662525,3008775321,,cycles,802343410,100.00,,
21.761964938,1267735,,rD044,802353068,100.00,,
21.761964938,72236867,,rFF44,802322088,100.00,,
21.761964938,11134337281,,instructions,802303698,100.00,3.70,insn per cycle
21.761964938,3008617799,,cycles,802301588,100.00,,
21.862238681,1227991,,rD044,802198088,100.00,,
21.862238681,70242060,,rFF44,802229558,100.00,,
21.862238681,10905145501,,instructions,802247958,100.00,3.62,insn per cycle
21.862238681,3008456598,,cycles,802257848,100.00,,
21.962523324,1600083,,rD044,802248828,100.00,,
21.962523324,72000843,,rFF44,802220358,100.00,,
21.962523324,11099359137,,instructions,802211028,100.00,3.69,insn per cycle
21.962523324,3008255432,,cycles,802204278,100.00,,
22.062801116,1458165,,rD044,802317108,100.00,,
22.062801116,69631484,,rFF44,802361088,100.00,,
22.062801116,10814064048,,instructions,802366808,100.00,3.59,insn per cycle
22.062801116,3008929020,,cycles,802384108,100.00,,
22.163102769,1544908,,rD044,802408898,100.00,,
22.163102769,72328645,,rFF44,802490318,100.00,,
22.163102769,11153938059,,instructions,802585518,100.00,3.71,insn per cycle
22.163102769,3009747102,,cycles,802601698,100.00,,
22.263427092,1474278,,rD044,802514668,100.00,,
22.263427092,71154799,,rFF44,802465508,100.00,,
22.263427092,11004079544,,instructions,802421288,100.00,3.66,insn per cycle
22.263427092,3009040778,,cycles,802422778,100.00,,
22.363734035,1722071,,rD044,802534558,100.00,,
22.363734035,72131358,,rFF44,802497748,100.00,,
22.363734035,11121112024,,instructions,802488458,100.00,3.70,insn per cycle
22.363734035,3009386059,,cycles,802505918,100.00,,
22.464046318,1771773,,rD044,802361438,100.00,,
22.464046318,69835551,,rFF44,802331448,100.00,,
22.464046318,10859251064,,instructions,802284198,100.00,3.61,insn per cycle
22.464046318,3008417648,,cycles,802247528,100.00,,
22.564328521,1693258,,rD044,802300173,100.00,,
22.564328521,72347110,,rFF44,802329068,100.00,,
22.564328521,11155972525,,instructions,802344578,100.00,3.71,insn per cycle
22.564328521,3008725498,,cycles,802329368,100.00,,
22.664621364,1694155,,rD044,802367935,100.00,,
22.664621364,69890424,,rFF44,802354736,100.00,,
22.664621364,10855408487,,instructions,802340368,100.00,3.61,insn per cycle
22.664621364,3008779986,,cycles,802344578,100.00,,
22.764913996,1451879,,rD044,802230638,100.00,,
22.764913996,72625102,,rFF44,802202312,100.00,,
22.764913996,11197412395,,instructions,802199240,100.00,3.72,insn per cycle
22.764913996,3008184299,,cycles,802185508,100.00,,
22.865184389,2001177,,rD044,802185068,100.00,,
22.865184389,70154357,,rFF44,802192778,100.00,,
22.865184389,10897719208,,instructions,802190108,100.00,3.62,insn per cycle
22.865184389,3008227195,,cycles,802196480,100.00,,
22.965463481,1535063,,rD044,802274918,100.00,,
22.965463481,72563397,,rFF44,802362968,100.00,,
22.965463481,11186304705,,instructions,802371488,100.00,3.72,insn per cycle
22.965463481,3008886924,,cycles,802372758,100.00,,
23.065759294,1500977,,rD044,802366958,100.00,,
23.065759294,70462560,,rFF44,802354388,100.00,,
23.065759294,10916877388,,instructions,802459728,100.00,3.63,insn per cycle
23.065759294,3009251020,,cycles,802469448,100.00,,
23.166069297,1460719,,rD044,802412708,100.00,,
23.166069297,72206331,,rFF44,802337998,100.00,,
23.166069297,11129543129,,instructions,802228918,100.00,3.70,insn per cycle
23.166069297,3008288214,,cycles,802213278,100.00,,
23.266348070,1656875,,rD044,802354928,100.00,,
23.266348070,69125021,,rFF44,802433038,100.00,,
23.266348070,10760464297,,instructions,802429238,100.00,3.58,insn per cycle
23.266348070,3009088622,,cycles,802434448,100.00,,
23.366653763,1394644,,rD044,802288188,100.00,,
23.366653763,72445438,,rFF44,802198128,100.00,,
23.366653763,11167447315,,instructions,802193808,100.00,3.71,insn per cycle
23.366653763,3008213427,,cycles,802193338,100.00,,
23.466928665,1416533,,rD044,802168485,100.00,,
23.466928665,69078808,,rFF44,802165778,100.00,,
23.466928665,10769591509,,instructions,802173128,100.00,3.58,insn per cycle
23.466928665,3008160229,,cycles,802179018,100.00,,
23.567201238,1308302,,rD044,802208103,100.00,,
23.567201238,72055783,,rFF44,802249753,100.00,,
23.567201238,11105408725,,instructions,802252148,100.00,3.69,insn per cycle
23.567201238,3008436435,,cycles,802252588,100.00,,
23.667487741,1315755,,rD044,802278168,100.00,,
23.667487741,69860849,,rFF44,802267355,100.00,,
23.667487741,10847483147,,instructions,802278170,100.00,3.61,insn per cycle
23.667487741,3008533489,,cycles,802278128,100.00,,
23.767769913,1625063,,rD044,802330928,100.00,,
23.767769913,72521907,,rFF44,802459458,100.00,,
23.767769913,11175882890,,instructions,802481988,100.00,3.71,insn per cycle
23.767769913,3009378598,,cycles,802503687,100.00,,
23.868090116,1476368,,rD044,802570358,100.00,,
23.868090116,70381993,,rFF44,802623978,100.00,,
23.868090116,10908355586,,instructions,802659333,100.00,3.62,insn per cycle
23.868090116,3009849269,,cycles,802658609,100.00,,
23.968426280,1759296,,rD044,802519048,100.00,,
23.968426280,72260401,,rFF44,802320318,100.00,,
23.968426280,11135352540,,instructions,802244593,100.00,3.70,insn per cycle
23.968426280,3008300340,,cycles,802216291,100.00,,
24.068704592,1434906,,rD044,802274998,100.00,,
24.068704592,70434237,,rFF44,802323948,100.00,,
24.068704592,10926424820,,instructions,802358708,100.00,3.63,insn per cycle
24.068704592,3008948816,,cycles,802389047,100.00,,
24.169011405,1424054,,rD044,802396898,100.00,,
24.169011405,72420812,,rFF44,802359678,100.00,,
24.169011405,11154045339,,instructions,802343898,100.00,3.71,insn per cycle
24.169011405,3008627430,,cycles,802305038,100.00,,
24.269293738,1428168,,rD044,802236178,100.00,,
24.269293738,71190712,,rFF44,802233798,100.00,,
24.269293738,11031269421,,instructions,802219488,100.00,3.67,insn per cycle
24.269293738,3008274702,,cycles,802229368,100.00,,
24.369576071,1306614,,rD044,802208548,100.00,,
24.369576071,72124639,,rFF44,802195098,100.00,,
24.369576071,11108999574,,instructions,802192198,100.00,3.69,insn per cycle
24.369576071,3008238583,,cycles,802199918,100.00,,
24.469855793,1085808,,rD044,802242498,100.00,,
24.469855793,69750487,,rFF44,802258578,100.00,,
24.469855793,10832544225,,instructions,802270378,100.00,3.60,insn per cycle
24.469855793,3008493319,,cycles,802267508,100.00,,
24.570137986,1574418,,rD044,802314466,100.00,,
24.570137986,72892290,,rFF44,802319708,100.00,,
24.570137986,11226993443,,instructions,802308168,100.00,3.73,insn per cycle
24.570137986,3008684149,,cycles,802318578,100.00,,
24.670428419,1226028,,rD044,802243922,100.00,,
24.670428419,69370889,,rFF44,802210113,100.00,,
24.670428419,10788488477,,instructions,802207038,100.00,3.59,insn per cycle
24.670428419,3008187214,,cycles,802186128,100.00,,
24.770703681,2130550,,rD044,802223268,100.00,,
24.770703681,72000356,,rFF44,802249385,100.00,,
24.770703681,11090309865,,instructions,802250310,100.00,3.69,insn per cycle
24.770703681,3008428957,,cycles,802250647,100.00,,
24.870993834,1419359,,rD044,802288268,100.00,,
24.870993834,70062948,,rFF44,802270318,100.00,,
24.870993834,10877353071,,instructions,802276118,100.00,3.62,insn per cycle
24.870993834,3008605122,,cycles,802297481,100.00,,
24.971270417,1506968,,rD044,802210328,100.00,,
24.971270417,72690934,,rFF44,802209898,100.00,,
24.971270417,11194334672,,instructions,802202978,100.00,3.72,insn per cycle
24.971270417,3008183235,,cycles,802185128,100.00,,
25.071544909,1640848,,rD044,802255248,100.00,,
25.071544909,69570777,,rFF44,802264648,100.00,,
25.071544909,10821639925,,instructions,802270808,100.00,3.60,insn per cycle
25.071544909,3008522434,,cycles,802274958,100.00,,
25.171828122,1777179,,rD044,802288998,100.00,,
25.171828122,72545374,,rFF44,802336968,100.00,,
25.171828122,11172428326,,instructions,802358688,100.00,3.71,insn per cycle
25.171828122,3008836089,,cycles,802359648,100.00,,
25.272129255,1870291,,rD044,802383468,100.00,,
25.272129255,69794068,,rFF44,802532798,100.00,,
25.272129255,10847299576,,instructions,802585898,100.00,3.60,insn per cycle
25.272129255,3009689477,,cycles,802594858,100.00,,
25.372454848,1399529,,rD044,802509148,100.00,,
25.372454848,72214839,,rFF44,802311658,100.00,,
25.372454848,11120948741,,instructions,802239148,100.00,3.70,insn per cycle
25.372454848,3008328781,,cycles,802223698,100.00,,
25.472731000,1666064,,rD044,802196917,100.00,,
25.472731000,70129286,,rFF44,802182018,100.00,,
25.472731000,10882210529,,instructions,802184548,100.00,3.62,insn per cycle
25.472731000,3008320870,,cycles,802221608,100.00,,
25.573018983,1654324,,rD044,802376353,100.00,,
25.573018983,72655078,,rFF44,802394598,100.00,,
25.573018983,11190571580,,instructions,802384198,100.00,3.72,insn per cycle
25.573018983,3008811628,,cycles,802353108,100.00,,
25.673305996,1604508,,rD044,802223926,100.00,,
25.673305996,69958707,,rFF44,802230310,100.00,,
25.673305996,10866966588,,instructions,802220786,100.00,3.61,insn per cycle
25.673305996,3008305420,,cycles,802217648,100.00,,
25.773585148,1677844,,rD044,802215528,100.00,,
25.773585148,72969045,,rFF44,802200648,100.00,,
25.773585148,11240090958,,instructions,802213962,100.00,3.74,insn per cycle
25.773585148,3008293858,,cycles,802215290,100.00,,
25.873864601,1525243,,rD044,802232998,100.00,,
25.873864601,70674004,,rFF44,802235048,100.00,,
25.873864601,10957330645,,instructions,802241578,100.00,3.64,insn per cycle
25.873864601,3008413645,,cycles,802247008,100.00,,
25.974143314,1687866,,rD044,802294168,100.00,,
25.974143314,72638733,,rFF44,802321518,100.00,,
25.974143314,11191144793,,instructions,802320338,100.00,3.72,insn per cycle
25.974143314,3008719579,,cycles,802328138,100.00,,
26.074438456,1294400,,rD044,802371848,100.00,,
26.074438456,70382016,,rFF44,802427618,100.00,,
26.074438456,10925100620,,instructions,802475328,100.00,3.63,insn per cycle
26.074438456,3009232789,,cycles,802464918,100.00,,
26.174743909,1338657,,rD044,802342308,100.00,,
26.174743909,72363978,,rFF44,802249218,100.00,,
26.174743909,11150254343,,instructions,802199098,100.00,3.71,insn per cycle
26.174743909,3008570487,,cycles,802288638,100.00,,
26.275028702,1329250,,rD044,802286248,100.00,,
26.275028702,70594151,,rFF44,802292318,100.00,,
26.275028702,10944012145,,instructions,802293628,100.00,3.64,insn per cycle
26.275028702,3008214470,,cycles,802203158,100.00,,
26.375313365,1806229,,rD044,802295938,100.00,,
26.375313365,72287000,,rFF44,802413088,100.00,,
26.375313365,11142574319,,instructions,802430308,100.00,3.70,insn per cycle
26.375313365,3009191520,,cycles,802453488,100.00,,
26.475619508,1456224,,rD044,802538457,100.00,,
26.475619508,69991741,,rFF44,802605358,100.00,,
26.475619508,10870970122,,instructions,802714218,100.00,3.61,insn per cycle
26.475619508,3010085712,,cycles,802692658,100.00,,
26.575968771,1407235,,rD044,802612099,100.00,,
26.575968771,71647531,,rFF44,802429728,100.00,,
26.575968771,11058799185,,instructions,802308318,100.00,3.68,insn per cycle
26.575968771,3008662507,,cycles,802313048,100.00,,
26.676244644,1339083,,rD044,802225863,100.00,,
26.676244644,70000176,,rFF44,802209658,100.00,,
26.676244644,10857685753,,instructions,802184268,100.00,3.61,insn per cycle
26.676244644,3008122449,,cycles,802168768,100.00,,
26.776516376,1509163,,rD044,802128495,100.00,,
26.776516376,70995463,,rFF44,802130390,100.00,,
26.776516376,10993628006,,instructions,802146292,100.00,3.65,insn per cycle
26.776516376,3008028169,,cycles,802143668,100.00,,
26.876788429,1683872,,rD044,802187888,100.00,,
26.876788429,71365640,,rFF44,802306048,100.00,,
26.876788429,11023661822,,instructions,802322696,100.00,3.66,insn per cycle
26.876788429,3008704609,,cycles,802324821,100.00,,
26.977078712,1390478,,rD044,802299738,100.00,,
26.977078712,68529974,,rFF44,802191618,100.00,,
26.977078712,10677228202,,instructions,802177878,100.00,3.55,insn per cycle
26.977078712,3008179651,,cycles,802184027,100.00,,
27.077355264,1413951,,rD044,802245548,100.00,,
27.077355264,71942747,,rFF44,802309428,100.00,,
27.077355264,11109627748,,instructions,802328948,100.00,3.69,insn per cycle
27.077355264,3008727319,,cycles,802330038,100.00,,
27.177644067,1343834,,rD044,802287648,100.00,,
27.177644067,69896210,,rFF44,802230678,100.00,,
27.177644067,10843256796,,instructions,802207228,100.00,3.60,insn per cycle
27.177644067,3008235946,,cycles,802199198,100.00,,
27.277918249,1595910,,rD044,802120677,100.00,,
27.277918249,71908584,,rFF44,802183347,100.00,,
27.277918249,11083949961,,instructions,802189587,100.00,3.68,insn per cycle
27.277918249,3008195537,,cycles,802201797,100.00,,
27.378205952,1498429,,rD044,802292647,100.00,,
27.378205952,70817236,,rFF44,802221448,100.00,,
27.378205952,10967625006,,instructions,802216858,100.00,3.65,insn per cycle
27.378205952,3008288012,,cycles,802212928,100.00,,
27.478482595,1687821,,rD044,802217761,100.00,,
27.478482595,72507972,,rFF44,802229014,100.00,,
27.478482595,11177416954,,instructions,802217708,100.00,3.72,insn per cycle
27.478482595,3008280836,,cycles,802211108,100.00,,
27.578759847,1411516,,rD044,802203068,100.00,,
27.578759847,70156047,,rFF44,802209944,100.00,,
27.578759847,10882572448,,instructions,802292792,100.00,3.62,insn per cycle
27.578759847,3008716216,,cycles,802327088,100.00,,
27.679050150,1302654,,rD044,802297358,100.00,,
27.679050150,72630902,,rFF44,802285688,100.00,,
27.679050150,11198284200,,instructions,802213666,100.00,3.72,insn per cycle
27.679050150,3008174074,,cycles,802182550,100.00,,
27.779326733,1283411,,rD044,802212268,100.00,,
27.779326733,71090169,,rFF44,802203948,100.00,,
27.779326733,10998561843,,instructions,802196268,100.00,3.66,insn per cycle
27.779326733,3008221727,,cycles,802195418,100.00,,
27.879605345,1808596,,rD044,802113188,100.00,,
27.879605345,72496268,,rFF44,802122448,100.00,,
27.879605345,11178466660,,instructions,802139878,100.00,3.72,insn per cycle
27.879605345,3007868971,,cycles,802153028,100.00,,
27.979887548,1457455,,rD044,802294368,100.00,,
27.979887548,67051457,,rFF44,802346118,100.00,,
27.979887548,10506498616,,instructions,802344718,100.00,3.49,insn per cycle
27.979887548,3008761023,,cycles,802338948,100.00,,
28.080181121,1706055,,rD044,802414788,100.00,,
28.080181121,72457008,,rFF44,802383818,100.00,,
28.080181121,11171579382,,instructions,802389548,100.00,3.71,insn per cycle
28.080181121,3009006576,,cycles,802404568,100.00,,
28.180483364,1546092,,rD044,802325858,100.00,,
28.180483364,68303700,,rFF44,802308558,100.00,,
28.180483364,10662676966,,instructions,802288988,100.00,3.54,insn per cycle
28.180483364,3008498588,,cycles,802268778,100.00,,
28.280764556,1379334,,rD044,802175810,100.00,,
28.280764556,72182065,,rFF44,802191747,100.00,,
28.280764556,11129687092,,instructions,802302807,100.00,3.70,insn per cycle
28.280764556,3008564863,,cycles,802308037,100.00,,
28.381056339,1117472,,rD044,802328307,100.00,,
28.381056339,67853583,,rFF44,802310702,100.00,,
28.381056339,10594910118,,instructions,802215478,100.00,3.52,insn per cycle
28.381056339,3008267178,,cycles,802207338,100.00,,
28.481336222,1624139,,rD044,802249598,100.00,,
28.481336222,71820852,,rFF44,802262136,100.00,,
28.481336222,11072732064,,instructions,802245870,100.00,3.68,insn per cycle
28.481336222,3008395083,,cycles,802242106,100.00,,
28.581617534,1786420,,rD044,802254628,100.00,,
28.581617534,69922178,,rFF44,802261098,100.00,,
28.581617534,10854427016,,instructions,802272518,100.00,3.61,insn per cycle
28.581617534,3008571846,,cycles,802288442,100.00,,
28.681907517,1526521,,rD044,802280228,100.00,,
28.681907517,71947668,,rFF44,802276218,100.00,,
28.681907517,11092605839,,instructions,802283308,100.00,3.69,insn per cycle
28.681907517,3008572509,,cycles,802288758,100.00,,
28.782190160,1385521,,rD044,802441638,100.00,,
28.782190160,70494791,,rFF44,802720548,100.00,,
28.782190160,10927995049,,instructions,802836218,100.00,3.63,insn per cycle
28.782190160,3010829039,,cycles,802889638,100.00,,
28.882555183,1477678,,rD044,802935868,100.00,,
28.882555183,72372022,,rFF44,802777588,100.00,,
28.882555183,11155123046,,instructions,802673228,100.00,3.71,insn per cycle
28.882555183,3009813566,,cycles,802620811,100.00,,
28.982879376,1455756,,rD044,802389888,100.00,,
28.982879376,67626327,,rFF44,802247818,100.00,,
28.982879376,10578476827,,instructions,802226488,100.00,3.52,insn per cycle
28.982879376,3008305067,,cycles,802217515,100.00,,
29.083159159,1282891,,rD044,802221448,100.00,,
29.083159159,71842837,,rFF44,802230018,100.00,,
29.083159159,11076064187,,instructions,802225288,100.00,3.68,insn per cycle
29.083159159,3008322001,,cycles,802221988,100.00,,
29.183437112,1157939,,rD044,802373908,100.00,,
29.183437112,67502508,,rFF44,802438338,100.00,,
29.183437112,10562617740,,instructions,802455868,100.00,3.51,insn per cycle
29.183437112,3009247219,,cycles,802468308,100.00,,
29.283751315,1971802,,rD044,802279998,100.00,,
29.283751315,72081347,,rFF44,802195658,100.00,,
29.283751315,11112507215,,instructions,802185488,100.00,3.69,insn per cycle
29.283751315,3008355423,,cycles,802249578,100.00,,
29.384036357,1280955,,rD044,802274548,100.00,,
29.384036357,67587175,,rFF44,802296488,100.00,,
29.384036357,10580548561,,instructions,802297808,100.00,3.52,insn per cycle
29.384036357,3008344991,,cycles,802227998,100.00,,
29.484319410,1757112,,rD044,802271337,100.00,,
29.484319410,72216969,,rFF44,802270798,100.00,,
29.484319410,11135583103,,instructions,802267988,100.00,3.70,insn per cycle
29.484319410,3008482682,,cycles,802265158,100.00,,
29.584599523,1842864,,rD044,802218611,100.00,,
29.584599523,69851942,,rFF44,802211774,100.00,,
29.584599523,10850774707,,instructions,802202778,100.00,3.61,insn per cycle
29.584599523,3008231243,,cycles,802197508,100.00,,
29.684877225,1572612,,rD044,802262578,100.00,,
29.684877225,72170922,,rFF44,802264704,100.00,,
29.684877225,11125126662,,instructions,802265450,100.00,3.70,insn per cycle
29.684877225,3008473217,,cycles,802262588,100.00,,
29.785156008,1466938,,rD044,802299508,100.00,,
29.785156008,71095461,,rFF44,802351288,100.00,,
29.785156008,11014999011,,instructions,802364058,100.00,3.66,insn per cycle
29.785156008,3008910584,,cycles,802379122,100.00,,
29.885457741,1297119,,rD044,802287138,100.00,,
29.885457741,72398870,,rFF44,802227408,100.00,,
29.885457741,11159516416,,instructions,802223628,100.00,3.71,insn per cycle
29.885457741,3008291313,,cycles,802213846,100.00,,
29.985737813,1611748,,rD044,802233088,100.00,,
29.985737813,69862015,,rFF44,802234688,100.00,,
29.985737813,10850640478,,instructions,802234328,100.00,3.61,insn per cycle
29.985737813,3008496703,,cycles,802268148,100.00,,
30.086018836,1338273,,rD044,802287998,100.00,,
30.086018836,72257881,,rFF44,802305748,100.00,,
30.086018836,11137081166,,instructions,802304598,100.00,3.70,insn per cycle
30.086018836,3008530501,,cycles,802278268,100.00,,
30.186306359,1615237,,rD044,802410428,100.00,,
30.186306359,70728283,,rFF44,802645568,100.00,,
30.186306359,10967183648,,instructions,802652128,100.00,3.64,insn per cycle
30.186306359,3009898249,,cycles,802642198,100.00,,
30.286636312,1477989,,rD044,802474128,100.00,,
30.286636312,72884261,,rFF44,802269908,100.00,,
30.286636312,11229088410,,instructions,802262698,100.00,3.73,insn per cycle
30.286636312,3008420375,,cycles,802262148,100.00,,
30.386927795,1267659,,rD044,802280228,100.00,,
30.386927795,69200559,,rFF44,802224228,100.00,,
30.386927795,10770639914,,instructions,802216098,100.00,3.58,insn per cycle
30.386927795,3008284581,,cycles,802212208,100.00,,
30.487201977,1442700,,rD044,802188543,100.00,,
30.487201977,72147418,,rFF44,802190468,100.00,,
30.487201977,11115834352,,instructions,802191058,100.00,3.70,insn per cycle
30.487201977,3008206846,,cycles,802191258,100.00,,
30.561778239,967190,,rD044,572518950,100.00,,
30.561778239,39040296,,rFF44,572298515,100.00,,
30.561778239,6254661308,,instructions,572112315,100.00,2.92,insn per cycle
30.561778239,2144578368,,cycles,571922695,100.00,,
