0.100112705,3102910,,rD044,89913933,100.00,,
0.100112705,15318390,,rFF44,89918913,100.00,,
0.100112705,335365373,,instructions,89923613,100.00,1.01,insn per cycle
0.100112705,333368516,,cycles,89928103,100.00,,
0.200335100,5034321,,rD044,100217666,100.00,,
0.200335100,22679014,,rFF44,100218066,100.00,,
0.200335100,477621060,,instructions,100217656,100.00,1.27,insn per cycle
0.200335100,375813891,,cycles,100217316,100.00,,
0.300519756,5431044,,rD044,100184315,100.00,,
0.300519756,23832103,,rFF44,100184415,100.00,,
0.300519756,502347871,,instructions,100184495,100.00,1.34,insn per cycle
0.300519756,375690076,,cycles,100184365,100.00,,
0.400706671,6403721,,rD044,100172826,100.00,,
0.400706671,27439403,,rFF44,100173346,100.00,,
0.400706671,207105737,,instructions,100173556,100.00,0.55,insn per cycle
0.400706671,375622652,,cycles,100173916,100.00,,
0.500894867,6939355,,rD044,100186485,100.00,,
0.500894867,29636632,,rFF44,100186565,100.00,,
0.500894867,36952157,,instructions,100186625,100.00,0.10,insn per cycle
0.500894867,375699268,,cycles,100186825,100.00,,
0.601086512,6210783,,rD044,485875548,100.00,,
0.601086512,57620991,,rFF44,487256698,100.00,,
0.601086512,5559611809,,instructions,488084964,100.00,3.03,insn per cycle
0.601086512,1832473908,,cycles,489026644,100.00,,
0.701553601,4675638,,rD044,1607566064,100.00,,
0.701553601,135975968,,rFF44,1608365142,100.00,,
0.701553601,21174412646,,instructions,1608989716,100.00,3.51,insn per cycle
0.701553601,6035479064,,cycles,1609468391,100.00,,
0.802151901,5260486,,rD044,1609287802,100.00,,
0.802151901,136261111,,rFF44,1608235022,100.00,,
0.802151901,21200101647,,instructions,1607665342,100.00,3.52,insn per cycle
0.802151901,6026348872,,cycles,1607035657,100.00,,
0.902584009,5365455,,rD044,1606685284,100.00,,
0.902584009,136759819,,rFF44,1606759266,100.00,,
0.902584009,21268409681,,instructions,1606644876,100.00,3.53,insn per cycle
0.902584009,6024828412,,cycles,1606626978,100.00,,
1.002996267,4571716,,rD044,1606494496,100.00,,
1.002996267,135665115,,rFF44,1606301386,100.00,,
1.002996267,21136597203,,instructions,1606533689,100.00,3.51,insn per cycle
1.002996267,6026903227,,cycles,1607178960,100.00,,
1.103450536,5023451,,rD044,1607299702,100.00,,
1.103450536,134769830,,rFF44,1607151332,100.00,,
1.103450536,21023343009,,instructions,1606878429,100.00,3.49,insn per cycle
1.103450536,6022975851,,cycles,1606133886,100.00,,
1.203830774,4933094,,rD044,1606345986,100.00,,
1.203830774,136850116,,rFF44,1607228356,100.00,,
1.203830774,21293575239,,instructions,1607371714,100.00,3.53,insn per cycle
1.203830774,6028926831,,cycles,1607717192,100.00,,
1.304334943,4875215,,rD044,1607780784,100.00,,
1.304334943,135318842,,rFF44,1607165942,100.00,,
1.304334943,21095741889,,instructions,1607069194,100.00,3.50,insn per cycle
1.304334943,6025333713,,cycles,1606770816,100.00,,
1.404741431,5105868,,rD044,1606513974,100.00,,
1.404741431,135849894,,rFF44,1606808826,100.00,,
1.404741431,21157790409,,instructions,1606958016,100.00,3.51,insn per cycle
1.404741431,6026577049,,cycles,1607118131,100.00,,
1.505187389,4548740,,rD044,1607008576,100.00,,
1.505187389,135853149,,rFF44,1606571544,100.00,,
1.505187389,21149114240,,instructions,1606331902,100.00,3.51,insn per cycle
1.505187389,6023374650,,cycles,1606236667,100.00,,
1.605591707,4941949,,rD044,1606342709,100.00,,
1.605591707,138990766,,rFF44,1606303624,100.00,,
1.605591707,21525802844,,instructions,1606572036,100.00,3.57,insn per cycle
1.605591707,6024264531,,cycles,1606478806,100.00,,
1.705976235,5169361,,rD044,1606325228,100.00,,
1.705976235,138411911,,rFF44,1606644415,100.00,,
1.705976235,21475151111,,instructions,1606494535,100.00,3.56,insn per cycle
1.705976235,6024612459,,cycles,1606577602,100.00,,
1.806404503,5066409,,rD044,1607144566,100.00,,
1.806404503,135230478,,rFF44,1607433130,100.00,,
1.806404503,21090606492,,instructions,1608224162,100.00,3.50,insn per cycle
1.806404503,6031501019,,cycles,1608405265,100.00,,
1.906924522,5188567,,rD044,1608071902,100.00,,
1.906924522,136308131,,rFF44,1607606638,100.00,,
1.906924522,21208416547,,instructions,1606826436,100.00,3.52,insn per cycle
1.906924522,6024999376,,cycles,1606672402,100.00,,
2.007345061,4899553,,rD044,1607254813,100.00,,
2.007345061,135355490,,rFF44,1608005632,100.00,,
2.007345061,21110266324,,instructions,1608258312,100.00,3.50,insn per cycle
2.007345061,6031235991,,cycles,1608335416,100.00,,
2.107865860,5158991,,rD044,1607671235,100.00,,
2.107865860,136817052,,rFF44,1606715026,100.00,,
2.107865860,21277944926,,instructions,1606336056,100.00,3.53,insn per cycle
2.107865860,6023038158,,cycles,1606149619,100.00,,
2.208247368,4984551,,rD044,1605991866,100.00,,
2.208247368,135835193,,rFF44,1606047789,100.00,,
2.208247368,21159245924,,instructions,1606114042,100.00,3.51,insn per cycle
2.208247368,6023208238,,cycles,1606194029,100.00,,
2.308632905,4835960,,rD044,1606228375,100.00,,
2.308632905,135612776,,rFF44,1606245149,100.00,,
2.308632905,21127767361,,instructions,1606245046,100.00,3.51,insn per cycle
2.308632905,6023306956,,cycles,1606221316,100.00,,
2.409022083,5105730,,rD044,1606157612,100.00,,
2.409022083,135243150,,rFF44,1606106145,100.00,,
2.409022083,21085666427,,instructions,1606038955,100.00,3.50,insn per cycle
2.409022083,6022292443,,cycles,1605960875,100.00,,
2.509398661,4616032,,rD044,1606308196,100.00,,
2.509398661,134979546,,rFF44,1606768066,100.00,,
2.509398661,21062388873,,instructions,1606850894,100.00,3.50,insn per cycle
2.509398661,6025844036,,cycles,1606897092,100.00,,
2.609846869,4952398,,rD044,1606804892,100.00,,
2.609846869,136803879,,rFF44,1606647102,100.00,,
2.609846869,21281942279,,instructions,1606734184,100.00,3.53,insn per cycle
2.609846869,6025057405,,cycles,1606713026,100.00,,
2.710259737,4718066,,rD044,1606804556,100.00,,
2.710259737,135536390,,rFF44,1606817566,100.00,,
2.710259737,21134196271,,instructions,1606896106,100.00,3.51,insn per cycle
2.710259737,6026664292,,cycles,1607115514,100.00,,
2.810712426,4431274,,rD044,1606866986,100.00,,
2.810712426,134695104,,rFF44,1606591917,100.00,,
2.810712426,21015853484,,instructions,1606675172,100.00,3.49,insn per cycle
2.810712426,6025096923,,cycles,1606698194,100.00,,
2.911124044,4739092,,rD044,1606631117,100.00,,
2.911124044,135749825,,rFF44,1606703791,100.00,,
2.911124044,21142125122,,instructions,1606500596,100.00,3.51,insn per cycle
2.911124044,6023689493,,cycles,1606323686,100.00,,
3.011528962,5436287,,rD044,1606579321,100.00,,
3.011528962,136158556,,rFF44,1606599146,100.00,,
3.011528962,21210321431,,instructions,1607277473,100.00,3.52,insn per cycle
3.011528962,6027075318,,cycles,1607288062,100.00,,
3.111984110,4806579,,rD044,1606957756,100.00,,
3.111984110,135241842,,rFF44,1606901889,100.00,,
3.111984110,21074410723,,instructions,1606192495,100.00,3.50,insn per cycle
3.111984110,6022813038,,cycles,1606089296,100.00,,
3.212363688,4835073,,rD044,1606728011,100.00,,
3.212363688,136876663,,rFF44,1607339159,100.00,,
3.212363688,21278750873,,instructions,1607418146,100.00,3.53,insn per cycle
3.212363688,6028471916,,cycles,1607597528,100.00,,
3.312854437,5020245,,rD044,1608006161,100.00,,
3.312854437,135933446,,rFF44,1608230232,100.00,,
3.312854437,21176860231,,instructions,1608654762,100.00,3.51,insn per cycle
3.312854437,6034018832,,cycles,1609076350,100.00,,
3.413421637,4809209,,rD044,1608709498,100.00,,
3.413421637,135468183,,rFF44,1609067101,100.00,,
3.413421637,21105142147,,instructions,1609049641,100.00,3.50,insn per cycle
3.413421637,6034744320,,cycles,1609288161,100.00,,
3.514009747,4691284,,rD044,1609378911,100.00,,
3.514009747,136736291,,rFF44,1609216188,100.00,,
3.514009747,21263228186,,instructions,1609055242,100.00,3.53,insn per cycle
3.514009747,6031640206,,cycles,1608445382,100.00,,
3.614534616,4349510,,rD044,1608155432,100.00,,
3.614534616,135850320,,rFF44,1607549490,100.00,,
3.614534616,21163210883,,instructions,1607251306,100.00,3.51,insn per cycle
3.614534616,6026676670,,cycles,1607129404,100.00,,
3.714973445,4924511,,rD044,1607443699,100.00,,
3.714973445,135393706,,rFF44,1607619152,100.00,,
3.714973445,21104150747,,instructions,1607695992,100.00,3.50,insn per cycle
3.714973445,6028814993,,cycles,1607689184,100.00,,
3.815459454,5117081,,rD044,1607365139,100.00,,
3.815459454,136452804,,rFF44,1606944526,100.00,,
3.815459454,21232315790,,instructions,1606764746,100.00,3.52,insn per cycle
3.815459454,6025700817,,cycles,1606859443,100.00,,
3.915894442,4868202,,rD044,1606959766,100.00,,
3.915894442,135964006,,rFF44,1606954548,100.00,,
3.915894442,21156589434,,instructions,1606972782,100.00,3.51,insn per cycle
3.915894442,6025552290,,cycles,1606820035,100.00,,
4.016313420,4750374,,rD044,1606396497,100.00,,
4.016313420,136943535,,rFF44,1606654040,100.00,,
4.016313420,21296536369,,instructions,1607120206,100.00,3.53,insn per cycle
4.016313420,6027442562,,cycles,1607323036,100.00,,
4.116778899,5537770,,rD044,1607546561,100.00,,
4.116778899,135630999,,rFF44,1607525310,100.00,,
4.116778899,21126427125,,instructions,1607390712,100.00,3.50,insn per cycle
4.116778899,6028667345,,cycles,1607649152,100.00,,
4.217269918,4861885,,rD044,1607800392,100.00,,
4.217269918,136534371,,rFF44,1607572578,100.00,,
4.217269918,21232067527,,instructions,1607245536,100.00,3.52,insn per cycle
4.217269918,6025739993,,cycles,1606870866,100.00,,
4.317686116,4944484,,rD044,1606908956,100.00,,
4.317686116,135818390,,rFF44,1607583674,100.00,,
4.317686116,21154847275,,instructions,1608075562,100.00,3.51,insn per cycle
4.317686116,6030424098,,cycles,1608119202,100.00,,
4.418193615,5003068,,rD044,1608165322,100.00,,
4.418193615,135681423,,rFF44,1607607664,100.00,,
4.418193615,21130256008,,instructions,1607166566,100.00,3.51,insn per cycle
4.418193615,6026500593,,cycles,1607084470,100.00,,
4.518638083,5638712,,rD044,1606884356,100.00,,
4.518638083,135321912,,rFF44,1606667520,100.00,,
4.518638083,21097561651,,instructions,1606829932,100.00,3.50,insn per cycle
4.518638083,6026403419,,cycles,1607045328,100.00,,
4.619079512,4810880,,rD044,1607244322,100.00,,
4.619079512,136298319,,rFF44,1607341018,100.00,,
4.619079512,21215870503,,instructions,1607386556,100.00,3.52,insn per cycle
4.619079512,6027507422,,cycles,1607350646,100.00,,
4.719539190,6027791,,rD044,1607180796,100.00,,
4.719539190,136294087,,rFF44,1607203741,100.00,,
4.719539190,21212567279,,instructions,1607281952,100.00,3.52,insn per cycle
4.719539190,6026765802,,cycles,1607144662,100.00,,
4.820011049,5064676,,rD044,1607968212,100.00,,
4.820011049,135128393,,rFF44,1608443747,100.00,,
4.820011049,21072181966,,instructions,1608376677,100.00,3.49,insn per cycle
4.820011049,6032391012,,cycles,1608644502,100.00,,
4.920530688,4738781,,rD044,1607621869,100.00,,
4.920530688,136864542,,rFF44,1607094162,100.00,,
4.920530688,21290121879,,instructions,1607167241,100.00,3.53,insn per cycle
4.920530688,6025421174,,cycles,1606785566,100.00,,
5.020951456,5707792,,rD044,1606741879,100.00,,
5.020951456,135637064,,rFF44,1606631816,100.00,,
5.020951456,21137457666,,instructions,1606320716,100.00,3.51,insn per cycle
5.020951456,6024178993,,cycles,1606452676,100.00,,
5.121360774,5254701,,rD044,1606552266,100.00,,
5.121360774,135324935,,rFF44,1606613206,100.00,,
5.121360774,21103866647,,instructions,1606659334,100.00,3.50,insn per cycle
5.121360774,6024752992,,cycles,1606607332,100.00,,
5.221770242,5356865,,rD044,1606269636,100.00,,
5.221770242,136096584,,rFF44,1606010728,100.00,,
5.221770242,21178174545,,instructions,1605881204,100.00,3.52,insn per cycle
5.221770242,6021676162,,cycles,1605787596,100.00,,
5.322129280,6191278,,rD044,1605738654,100.00,,
5.322129280,139526326,,rFF44,1605696700,100.00,,
5.322129280,21601623185,,instructions,1605696006,100.00,3.59,insn per cycle
5.322129280,6021325630,,cycles,1605692606,100.00,,
5.422484367,4700269,,rD044,1605995694,100.00,,
5.422484367,138357192,,rFF44,1606905486,100.00,,
5.422484367,21474330751,,instructions,1607306966,100.00,3.56,insn per cycle
5.422484367,6027616220,,cycles,1607378954,100.00,,
5.522953136,5489818,,rD044,1607417886,100.00,,
5.522953136,136314829,,rFF44,1606964394,100.00,,
5.522953136,21208819420,,instructions,1606630032,100.00,3.52,insn per cycle
5.522953136,6024611781,,cycles,1606568864,100.00,,
5.623365894,5038096,,rD044,1606675508,100.00,,
5.623365894,135538704,,rFF44,1606667184,100.00,,
5.623365894,21129022849,,instructions,1606738776,100.00,3.51,insn per cycle
5.623365894,6025602116,,cycles,1606841446,100.00,,
5.723823932,5046681,,rD044,1607426750,100.00,,
5.723823932,135745512,,rFF44,1607493016,100.00,,
5.723823932,21147227899,,instructions,1607453381,100.00,3.51,insn per cycle
5.723823932,6027887469,,cycles,1607442872,100.00,,
5.824267181,4465082,,rD044,1607954629,100.00,,
5.824267181,134940001,,rFF44,1609025012,100.00,,
5.824267181,21060375046,,instructions,1609538730,100.00,3.49,insn per cycle
5.824267181,6037013827,,cycles,1609875222,100.00,,
5.924883721,4707888,,rD044,1609246253,100.00,,
5.924883721,135925682,,rFF44,1608448412,100.00,,
5.924883721,21174306194,,instructions,1608205379,100.00,3.51,insn per cycle
5.924883721,6030792558,,cycles,1608216535,100.00,,
6.025397211,5125154,,rD044,1607607448,100.00,,
6.025397211,136272608,,rFF44,1607125783,100.00,,
6.025397211,21217229263,,instructions,1606814642,100.00,3.52,insn per cycle
6.025397211,6023779299,,cycles,1606348273,100.00,,
6.125801908,5449971,,rD044,1606631508,100.00,,
6.125801908,135295727,,rFF44,1606651245,100.00,,
6.125801908,21093236186,,instructions,1606605276,100.00,3.50,insn per cycle
6.125801908,6024814886,,cycles,1606622506,100.00,,
6.226205226,4728760,,rD044,1606690930,100.00,,
6.226205226,134409402,,rFF44,1607185326,100.00,,
6.226205226,20985500041,,instructions,1607373784,100.00,3.48,insn per cycle
6.226205226,6029331312,,cycles,1607824962,100.00,,
6.326725436,4777932,,rD044,1608552660,100.00,,
6.326725436,135081485,,rFF44,1609221452,100.00,,
6.326725436,21077126584,,instructions,1610379238,100.00,3.49,insn per cycle
6.326725436,6041615871,,cycles,1611104062,100.00,,
6.427428697,4926823,,rD044,1610698694,100.00,,
6.427428697,135295559,,rFF44,1609664422,100.00,,
6.427428697,21090413717,,instructions,1608713355,100.00,3.50,insn per cycle
6.427428697,6030392847,,cycles,1608117532,100.00,,
6.527913606,4922946,,rD044,1608048158,100.00,,
6.527913606,135383324,,rFF44,1608741832,100.00,,
6.527913606,21115705763,,instructions,1609130138,100.00,3.50,insn per cycle
6.527913606,6034808312,,cycles,1609287642,100.00,,
6.628509996,5191785,,rD044,1610227304,100.00,,
6.628509996,136223199,,rFF44,1611200517,100.00,,
6.628509996,21209712587,,instructions,1611442235,100.00,3.51,insn per cycle
6.628509996,6042676628,,cycles,1611399152,100.00,,
6.729208598,5391739,,rD044,1610179694,100.00,,
6.729208598,136600157,,rFF44,1608368967,100.00,,
6.729208598,21233115574,,instructions,1607466156,100.00,3.52,insn per cycle
6.729208598,6025649732,,cycles,1606847294,100.00,,
6.829628166,5147909,,rD044,1606990408,100.00,,
6.829628166,135245694,,rFF44,1607143252,100.00,,
6.829628166,21086207397,,instructions,1607097152,100.00,3.50,insn per cycle
6.829628166,6026807060,,cycles,1607153834,100.00,,
6.930073094,4932278,,rD044,1607219560,100.00,,
6.930073094,135776999,,rFF44,1608106436,100.00,,
6.930073094,21147153531,,instructions,1608637639,100.00,3.51,insn per cycle
6.930073094,6032805117,,cycles,1608753922,100.00,,
7.030627124,5293157,,rD044,1608250375,100.00,,
7.030627124,135675615,,rFF44,1607399000,100.00,,
7.030627124,21132691869,,instructions,1606889587,100.00,3.51,insn per cycle
7.030627124,6024559248,,cycles,1606658924,100.00,,
7.131054022,4426608,,rD044,1606852691,100.00,,
7.131054022,135830249,,rFF44,1606928856,100.00,,
7.131054022,21157804687,,instructions,1607007880,100.00,3.51,insn per cycle
7.131054022,6027080387,,cycles,1607226532,100.00,,
7.231507621,4959995,,rD044,1607041317,100.00,,
7.231507621,135878302,,rFF44,1606584392,100.00,,
7.231507621,21163546024,,instructions,1606480148,100.00,3.51,insn per cycle
7.231507621,6023966088,,cycles,1606397276,100.00,,
7.331903259,5137279,,rD044,1606272871,100.00,,
7.331903259,135695434,,rFF44,1606280176,100.00,,
7.331903259,21130468167,,instructions,1606300486,100.00,3.51,insn per cycle
7.331903259,6023534277,,cycles,1606281456,100.00,,
7.432307536,5102867,,rD044,1606497086,100.00,,
7.432307536,136235127,,rFF44,1607150016,100.00,,
7.432307536,21200700559,,instructions,1607358239,100.00,3.52,insn per cycle
7.432307536,6028494461,,cycles,1607620292,100.00,,
7.532801515,5670106,,rD044,1607695459,100.00,,
7.532801515,134921130,,rFF44,1607144392,100.00,,
7.532801515,21031420708,,instructions,1606920989,100.00,3.49,insn per cycle
7.532801515,6024448223,,cycles,1606525956,100.00,,
7.633190023,4809515,,rD044,1606275428,100.00,,
7.633190023,135502238,,rFF44,1606323455,100.00,,
7.633190023,21109448812,,instructions,1606292945,100.00,3.50,insn per cycle
7.633190023,6023653433,,cycles,1606337765,100.00,,
7.733591191,4830377,,rD044,1606490666,100.00,,
7.733591191,136129504,,rFF44,1606931615,100.00,,
7.733591191,21191531318,,instructions,1606873582,100.00,3.52,insn per cycle
7.733591191,6025650719,,cycles,1606845872,100.00,,
7.834018499,4462866,,rD044,1606709404,100.00,,
7.834018499,135862749,,rFF44,1606360313,100.00,,
7.834018499,21137363611,,instructions,1606468186,100.00,3.51,insn per cycle
7.834018499,6024185071,,cycles,1606457116,100.00,,
7.934423757,5112281,,rD044,1606426354,100.00,,
7.934423757,135661019,,rFF44,1606399446,100.00,,
7.934423757,21128237978,,instructions,1606306996,100.00,3.51,insn per cycle
7.934423757,6023781342,,cycles,1606346186,100.00,,
8.034835865,5484850,,rD044,1606774536,100.00,,
8.034835865,136277121,,rFF44,1606938354,100.00,,
8.034835865,21215110999,,instructions,1607195612,100.00,3.52,insn per cycle
8.034835865,6028430436,,cycles,1607587502,100.00,,
8.135312964,5524518,,rD044,1607522702,100.00,,
8.135312964,135783362,,rFF44,1607374984,100.00,,
8.135312964,21149872685,,instructions,1607238936,100.00,3.51,insn per cycle
8.135312964,6026421806,,cycles,1607051296,100.00,,
8.235746903,5048304,,rD044,1607256166,100.00,,
8.235746903,136123194,,rFF44,1607625260,100.00,,
8.235746903,21194014771,,instructions,1607863782,100.00,3.51,insn per cycle
8.235746903,6029796098,,cycles,1607950152,100.00,,
8.336243441,4528707,,rD044,1607754112,100.00,,
8.336243441,136940167,,rFF44,1607347018,100.00,,
8.336243441,21275717039,,instructions,1607002126,100.00,3.53,insn per cycle
8.336243441,6025198519,,cycles,1606726626,100.00,,
8.436657830,4717394,,rD044,1606343915,100.00,,
8.436657830,136619141,,rFF44,1606118895,100.00,,
8.436657830,21252329615,,instructions,1606103012,100.00,3.53,insn per cycle
8.436657830,6022473032,,cycles,1606038491,100.00,,
8.537038027,4752594,,rD044,1606016416,100.00,,
8.537038027,136455214,,rFF44,1606103860,100.00,,
8.537038027,21226448068,,instructions,1606246015,100.00,3.52,insn per cycle
8.537038027,6023906971,,cycles,1606380196,100.00,,
8.637444515,5065052,,rD044,1606349892,100.00,,
8.637444515,135486517,,rFF44,1606337428,100.00,,
8.637444515,21105418374,,instructions,1606210906,100.00,3.50,insn per cycle
8.637444515,6022713677,,cycles,1606092096,100.00,,
8.737859703,4112246,,rD044,1606716816,100.00,,
8.737859703,135688525,,rFF44,1606942726,100.00,,
8.737859703,21131359721,,instructions,1607033311,100.00,3.51,insn per cycle
8.737859703,6026648834,,cycles,1607111722,100.00,,
8.838274121,5212420,,rD044,1606970363,100.00,,
8.838274121,136062546,,rFF44,1607617162,100.00,,
8.838274121,21204798536,,instructions,1607960687,100.00,3.52,insn per cycle
8.838274121,6031080945,,cycles,1608293626,100.00,,
8.938811191,4669073,,rD044,1607948365,100.00,,
8.938811191,138678798,,rFF44,1606933146,100.00,,
8.938811191,21477406372,,instructions,1606498296,100.00,3.57,insn per cycle
8.938811191,6022772136,,cycles,1606078802,100.00,,
9.039170978,5538017,,rD044,1605809966,100.00,,
9.039170978,138554903,,rFF44,1605850896,100.00,,
9.039170978,21476242433,,instructions,1605801172,100.00,3.57,insn per cycle
9.039170978,6021653370,,cycles,1605780076,100.00,,
9.139534626,4513304,,rD044,1606952908,100.00,,
9.139534626,135424899,,rFF44,1607948572,100.00,,
9.139534626,21116489829,,instructions,1608660116,100.00,3.50,insn per cycle
9.139534626,6033406584,,cycles,1608914031,100.00,,
9.240096376,4949589,,rD044,1608451425,100.00,,
9.240096376,136089954,,rFF44,1607953342,100.00,,
9.240096376,21181438471,,instructions,1607415842,100.00,3.51,insn per cycle
9.240096376,6027202103,,cycles,1607259087,100.00,,
9.340553274,5434481,,rD044,1606713367,100.00,,
9.340553274,136527712,,rFF44,1606303006,100.00,,
9.340553274,21238545797,,instructions,1606391446,100.00,3.53,insn per cycle
9.340553274,6023781936,,cycles,1606348146,100.00,,
9.440942972,4977444,,rD044,1606162946,100.00,,
9.440942972,135429149,,rFF44,1606294156,100.00,,
9.440942972,21109219690,,instructions,1606186508,100.00,3.50,insn per cycle
9.440942972,6022906576,,cycles,1606136232,100.00,,
9.541333510,4657890,,rD044,1606533856,100.00,,
9.541333510,135752966,,rFF44,1606599912,100.00,,
9.541333510,21156243357,,instructions,1606512530,100.00,3.51,insn per cycle
9.541333510,6024552092,,cycles,1606553106,100.00,,
9.641745678,4674456,,rD044,1606269451,100.00,,
9.641745678,135424347,,rFF44,1606036875,100.00,,
9.641745678,21098085177,,instructions,1606056225,100.00,3.50,insn per cycle
9.641745678,6022654626,,cycles,1606070325,100.00,,
9.742131645,4942245,,rD044,1606216446,100.00,,
9.742131645,135795325,,rFF44,1606266406,100.00,,
9.742131645,21155348850,,instructions,1606271726,100.00,3.51,insn per cycle
9.742131645,6023417147,,cycles,1606250416,100.00,,
9.842518773,4835159,,rD044,1606185206,100.00,,
9.842518773,135833387,,rFF44,1606108886,100.00,,
9.842518773,21155845315,,instructions,1606163983,100.00,3.51,insn per cycle
9.842518773,6024727957,,cycles,1606600352,100.00,,
9.942948931,4730911,,rD044,1607150109,100.00,,
9.942948931,136717908,,rFF44,1607743542,100.00,,
9.942948931,21273199774,,instructions,1608254045,100.00,3.53,insn per cycle
9.942948931,6031216375,,cycles,1608329175,100.00,,
10.043465951,4702154,,rD044,1608683705,100.00,,
10.043465951,136446864,,rFF44,1609456092,100.00,,
10.043465951,21238951174,,instructions,1609611422,100.00,3.52,insn per cycle
10.043465951,6037311097,,cycles,1609954514,100.00,,
10.144092621,5229133,,rD044,1609284246,100.00,,
10.144092621,136401335,,rFF44,1608080379,100.00,,
10.144092621,21221399626,,instructions,1607407402,100.00,3.52,insn per cycle
10.144092621,6024727059,,cycles,1606601651,100.00,,
10.244495989,5024165,,rD044,1607000942,100.00,,
10.244495989,135670207,,rFF44,1607343649,100.00,,
10.244495989,21145257490,,instructions,1607541346,100.00,3.51,insn per cycle
10.244495989,6028067100,,cycles,1607490397,100.00,,
10.344963928,5320905,,rD044,1607121476,100.00,,
10.344963928,135419800,,rFF44,1607044714,100.00,,
10.344963928,21105207065,,instructions,1606768072,100.00,3.50,insn per cycle
10.344963928,6025514751,,cycles,1606809231,100.00,,
10.445393846,5004417,,rD044,1606524067,100.00,,
10.445393846,136175820,,rFF44,1606349504,100.00,,
10.445393846,21203643215,,instructions,1606641966,100.00,3.52,insn per cycle
10.445393846,6025228535,,cycles,1606762786,100.00,,
10.545830354,5044663,,rD044,1607180361,100.00,,
10.545830354,135245266,,rFF44,1607134316,100.00,,
10.545830354,21078979558,,instructions,1606867956,100.00,3.50,insn per cycle
10.545830354,6025125560,,cycles,1606706952,100.00,,
10.646240253,5172768,,rD044,1606452195,100.00,,
10.646240253,135854503,,rFF44,1606422980,100.00,,
10.646240253,21160182890,,instructions,1606396981,100.00,3.51,insn per cycle
10.646240253,6023921008,,cycles,1606398175,100.00,,
10.746638550,5279068,,rD044,1606366249,100.00,,
10.746638550,136327323,,rFF44,1606318007,100.00,,
10.746638550,21216873362,,instructions,1606346496,100.00,3.52,insn per cycle
10.746638550,6024205419,,cycles,1606459756,100.00,,
10.847042098,5454434,,rD044,1606430299,100.00,,
10.847042098,136872004,,rFF44,1606569606,100.00,,
10.847042098,21289733262,,instructions,1606882518,100.00,3.53,insn per cycle
10.847042098,6028204736,,cycles,1607524282,100.00,,
10.947543097,5064819,,rD044,1608173058,100.00,,
10.947543097,135305005,,rFF44,1608483332,100.00,,
10.947543097,21085317770,,instructions,1608344900,100.00,3.50,insn per cycle
10.947543097,6029434360,,cycles,1607857846,100.00,,
11.048002276,5014143,,rD044,1606734787,100.00,,
11.048002276,135202081,,rFF44,1606199643,100.00,,
11.048002276,21075688642,,instructions,1606032213,100.00,3.50,insn per cycle
11.048002276,6021698146,,cycles,1605883237,100.00,,
11.148397824,5027437,,rD044,1607181873,100.00,,
11.148397824,136474911,,rFF44,1608229692,100.00,,
11.148397824,21244779473,,instructions,1608889962,100.00,3.52,insn per cycle
11.148397824,6034280633,,cycles,1609146704,100.00,,
11.248974764,4641855,,rD044,1608767285,100.00,,
11.248974764,135970288,,rFF44,1607842108,100.00,,
11.248974764,21157566223,,instructions,1607350012,100.00,3.51,insn per cycle
11.248974764,6027321280,,cycles,1607290196,100.00,,
11.349423942,5199316,,rD044,1606869082,100.00,,
11.349423942,136551696,,rFF44,1607048050,100.00,,
11.349423942,21238931319,,instructions,1606857546,100.00,3.53,insn per cycle
11.349423942,6024773164,,cycles,1606634136,100.00,,
11.449850780,4933829,,rD044,1607177866,100.00,,
11.449850780,135667673,,rFF44,1607334574,100.00,,
11.449850780,21132940998,,instructions,1607462582,100.00,3.51,insn per cycle
11.449850780,6028128345,,cycles,1607506752,100.00,,
11.550309359,5426507,,rD044,1607288841,100.00,,
11.550309359,135865796,,rFF44,1607112714,100.00,,
11.550309359,21161436667,,instructions,1606973576,100.00,3.51,insn per cycle
11.550309359,6025672750,,cycles,1606851936,100.00,,
11.650737797,4907917,,rD044,1606265417,100.00,,
11.650737797,136458949,,rFF44,1605966656,100.00,,
11.650737797,21233695457,,instructions,1605957236,100.00,3.53,insn per cycle
11.650737797,6022211815,,cycles,1605940480,100.00,,
11.751113075,4951937,,rD044,1606056866,100.00,,
11.751113075,136006172,,rFF44,1606079966,100.00,,
11.751113075,21173608222,,instructions,1606089908,100.00,3.52,insn per cycle
11.751113075,6022788412,,cycles,1606082098,100.00,,
11.851490473,4726651,,rD044,1606411513,100.00,,
11.851490473,136178603,,rFF44,1606948162,100.00,,
11.851490473,21208022740,,instructions,1607571320,100.00,3.52,insn per cycle
11.851490473,6029525569,,cycles,1607878606,100.00,,
11.951988482,5101807,,rD044,1608295305,100.00,,
11.951988482,136796275,,rFF44,1608438248,100.00,,
11.951988482,21273905835,,instructions,1608066442,100.00,3.53,insn per cycle
11.951988482,6030467224,,cycles,1608130702,100.00,,
12.052502971,5279846,,rD044,1608792222,100.00,,
12.052502971,135725376,,rFF44,1609089374,100.00,,
12.052502971,21156984638,,instructions,1609130272,100.00,3.51,insn per cycle
12.052502971,6033516238,,cycles,1608943602,100.00,,
12.153057410,5104134,,rD044,1607961480,100.00,,
12.153057410,135793033,,rFF44,1607497338,100.00,,
12.153057410,21147249482,,instructions,1607300786,100.00,3.51,insn per cycle
12.153057410,6027221416,,cycles,1607265326,100.00,,
12.253508399,4771885,,rD044,1606983628,100.00,,
12.253508399,136081057,,rFF44,1606800546,100.00,,
12.253508399,21184005682,,instructions,1606944341,100.00,3.52,insn per cycle
12.253508399,6025678822,,cycles,1606852822,100.00,,
12.353936137,4909897,,rD044,1607219676,100.00,,
12.353936137,134983958,,rFF44,1607177742,100.00,,
12.353936137,21047484968,,instructions,1607178167,100.00,3.49,insn per cycle
12.353936137,6027224707,,cycles,1607265716,100.00,,
12.454392326,4651114,,rD044,1606847712,100.00,,
12.454392326,134917805,,rFF44,1607140646,100.00,,
12.454392326,21037349664,,instructions,1607081093,100.00,3.49,insn per cycle
12.454392326,6026347218,,cycles,1607044422,100.00,,
12.554847854,5191293,,rD044,1607182611,100.00,,
12.554847854,134807407,,rFF44,1606773392,100.00,,
12.554847854,21026934073,,instructions,1606672755,100.00,3.49,insn per cycle
12.554847854,6025199050,,cycles,1606724586,100.00,,
12.655259042,5611602,,rD044,1606331147,100.00,,
12.655259042,138954441,,rFF44,1606030186,100.00,,
12.655259042,21520485125,,instructions,1605926986,100.00,3.57,insn per cycle
12.655259042,6021621661,,cycles,1605786386,100.00,,
12.755620910,4923808,,rD044,1606076296,100.00,,
12.755620910,138182134,,rFF44,1606749646,100.00,,
12.755620910,21442410295,,instructions,1607333374,100.00,3.56,insn per cycle
12.755620910,6030551929,,cycles,1608149722,100.00,,
12.856160609,4990916,,rD044,1608903082,100.00,,
12.856160609,135830945,,rFF44,1609388012,100.00,,
12.856160609,21150585117,,instructions,1609100027,100.00,3.51,insn per cycle
12.856160609,6031967846,,cycles,1608532782,100.00,,
12.956683409,4611432,,rD044,1607974010,100.00,,
12.956683409,134897926,,rFF44,1607142472,100.00,,
12.956683409,21025941323,,instructions,1607086849,100.00,3.49,insn per cycle
12.956683409,6027932272,,cycles,1607453036,100.00,,
13.057178898,5185484,,rD044,1608188768,100.00,,
13.057178898,137245478,,rFF44,1608824504,100.00,,
13.057178898,21335485341,,instructions,1608741302,100.00,3.54,insn per cycle
13.057178898,6030652079,,cycles,1608181112,100.00,,
13.157647816,4894055,,rD044,1607284409,100.00,,
13.157647816,134796734,,rFF44,1606549054,100.00,,
13.157647816,21032131260,,instructions,1606751966,100.00,3.49,insn per cycle
13.157647816,6026142211,,cycles,1606975626,100.00,,
13.258092545,5022875,,rD044,1607273229,100.00,,
13.258092545,136243630,,rFF44,1607972511,100.00,,
13.258092545,21208603965,,instructions,1607927822,100.00,3.52,insn per cycle
13.258092545,6029665477,,cycles,1607917242,100.00,,
13.358578374,5194630,,rD044,1607703842,100.00,,
13.358578374,136114877,,rFF44,1607313157,100.00,,
13.358578374,21195835452,,instructions,1607153236,100.00,3.52,insn per cycle
13.358578374,6026254696,,cycles,1607006826,100.00,,
13.459017412,4945296,,rD044,1606996176,100.00,,
13.459017412,134463765,,rFF44,1606982496,100.00,,
13.459017412,20993555583,,instructions,1607060552,100.00,3.48,insn per cycle
13.459017412,6026463150,,cycles,1607072352,100.00,,
13.559472621,4842035,,rD044,1607139627,100.00,,
13.559472621,136396879,,rFF44,1606764762,100.00,,
13.559472621,21220644519,,instructions,1606536006,100.00,3.52,insn per cycle
13.559472621,6024507488,,cycles,1606541006,100.00,,
13.659877279,5614075,,rD044,1606333400,100.00,,
13.659877279,135989042,,rFF44,1606612865,100.00,,
13.659877279,21181499352,,instructions,1606979455,100.00,3.51,insn per cycle
13.659877279,6026228399,,cycles,1607007517,100.00,,
13.760301107,4915278,,rD044,1606745546,100.00,,
13.760301107,135323617,,rFF44,1606658710,100.00,,
13.760301107,21090564314,,instructions,1606317002,100.00,3.50,insn per cycle
13.760301107,6022989873,,cycles,1606137700,100.00,,
13.860696855,5073278,,rD044,1606362344,100.00,,
13.860696855,136155667,,rFF44,1606297188,100.00,,
13.860696855,21180750674,,instructions,1606326696,100.00,3.52,insn per cycle
13.860696855,6023929622,,cycles,1606386906,100.00,,
13.961095993,5031736,,rD044,1606550184,100.00,,
13.961095993,134532868,,rFF44,1606668236,100.00,,
13.961095993,21003572325,,instructions,1606819196,100.00,3.49,insn per cycle
13.961095993,6025792523,,cycles,1606882812,100.00,,
14.061519111,4791487,,rD044,1606667856,100.00,,
14.061519111,135990917,,rFF44,1606510826,100.00,,
14.061519111,21177874552,,instructions,1606494771,100.00,3.52,insn per cycle
14.061519111,6024240827,,cycles,1606470506,100.00,,
14.161931269,4883609,,rD044,1606679796,100.00,,
14.161931269,136160624,,rFF44,1606692992,100.00,,
14.161931269,21201415484,,instructions,1606564177,100.00,3.52,insn per cycle
14.161931269,6024239110,,cycles,1606469876,100.00,,
14.262337407,5378192,,rD044,1606423812,100.00,,
14.262337407,134840449,,rFF44,1606352346,100.00,,
14.262337407,21027942089,,instructions,1606343116,100.00,3.49,insn per cycle
14.262337407,6023604870,,cycles,1606299906,100.00,,
14.362727654,5239583,,rD044,1605944255,100.00,,
14.362727654,135436201,,rFF44,1605844095,100.00,,
14.362727654,21095591197,,instructions,1605756625,100.00,3.50,insn per cycle
14.362727654,6021638241,,cycles,1605785586,100.00,,
14.463097982,4449666,,rD044,1606097056,100.00,,
14.463097982,135693884,,rFF44,1606289684,100.00,,
14.463097982,21125881100,,instructions,1606375162,100.00,3.51,insn per cycle
14.463097982,6023989619,,cycles,1606403061,100.00,,
14.563493130,5473090,,rD044,1606211544,100.00,,
14.563493130,136049935,,rFF44,1606173034,100.00,,
14.563493130,21167901276,,instructions,1606199076,100.00,3.51,insn per cycle
14.563493130,6024206257,,cycles,1606459816,100.00,,
14.663889528,4805847,,rD044,1606385574,100.00,,
14.663889528,136108539,,rFF44,1606473666,100.00,,
14.663889528,21183242830,,instructions,1606411276,100.00,3.52,insn per cycle
14.663889528,6022964130,,cycles,1606139576,100.00,,
14.764287766,4996616,,rD044,1606742006,100.00,,
14.764287766,135599408,,rFF44,1607535811,100.00,,
14.764287766,21130395298,,instructions,1607890412,100.00,3.50,insn per cycle
14.764287766,6030937503,,cycles,1608255132,100.00,,
14.864822985,5159194,,rD044,1608450002,100.00,,
14.864822985,136430894,,rFF44,1608041257,100.00,,
14.864822985,21217317532,,instructions,1607804350,100.00,3.52,insn per cycle
14.864822985,6028786303,,cycles,1607680872,100.00,,
14.965288804,5175013,,rD044,1607326892,100.00,,
14.965288804,135776592,,rFF44,1607505741,100.00,,
14.965288804,21151791461,,instructions,1607934477,100.00,3.51,insn per cycle
14.965288804,6032306548,,cycles,1608707723,100.00,,
15.065862044,6126258,,rD044,1609051378,100.00,,
15.065862044,136614378,,rFF44,1608849412,100.00,,
15.065862044,21240797845,,instructions,1608628882,100.00,3.52,insn per cycle
15.065862044,6029711389,,cycles,1607931304,100.00,,
15.166346343,5159182,,rD044,1607714689,100.00,,
15.166346343,135915042,,rFF44,1607703266,100.00,,
15.166346343,21160840828,,instructions,1607509650,100.00,3.51,insn per cycle
15.166346343,6027390517,,cycles,1607309232,100.00,,
15.266805081,5200482,,rD044,1607075007,100.00,,
15.266805081,135834214,,rFF44,1606747032,100.00,,
15.266805081,21153347191,,instructions,1606734088,100.00,3.51,insn per cycle
15.266805081,6024830993,,cycles,1606627036,100.00,,
15.367210749,5162101,,rD044,1606867321,100.00,,
15.367210749,134894813,,rFF44,1607075376,100.00,,
15.367210749,21046134303,,instructions,1607145186,100.00,3.49,insn per cycle
15.367210749,6027346573,,cycles,1607297901,100.00,,
15.467668218,5361404,,rD044,1607375765,100.00,,
15.467668218,134912003,,rFF44,1607497231,100.00,,
15.467668218,21049837743,,instructions,1607592881,100.00,3.49,insn per cycle
15.467668218,6030741276,,cycles,1608231316,100.00,,
15.568199547,5398146,,rD044,1608282182,100.00,,
15.568199547,134950348,,rFF44,1608307166,100.00,,
15.568199547,21050304181,,instructions,1608310131,100.00,3.49,insn per cycle
15.568199547,6029404928,,cycles,1607849332,100.00,,
15.668692226,5215797,,rD044,1607856138,100.00,,
15.668692226,136486916,,rFF44,1607925662,100.00,,
15.668692226,21237180432,,instructions,1608095067,100.00,3.52,insn per cycle
15.668692226,6033274340,,cycles,1608885562,100.00,,
15.769265616,5199490,,rD044,1608841447,100.00,,
15.769265616,134860734,,rFF44,1608568872,100.00,,
15.769265616,21041301471,,instructions,1608333452,100.00,3.49,insn per cycle
15.769265616,6027234999,,cycles,1607270536,100.00,,
15.869695014,5419044,,rD044,1606797925,100.00,,
15.869695014,135258303,,rFF44,1606627106,100.00,,
15.869695014,21084991833,,instructions,1606592056,100.00,3.50,insn per cycle
15.869695014,6024979458,,cycles,1606666904,100.00,,
15.970114042,4926175,,rD044,1606858636,100.00,,
15.970114042,135366551,,rFF44,1607016808,100.00,,
15.970114042,21094386128,,instructions,1606801982,100.00,3.50,insn per cycle
15.970114042,6025022443,,cycles,1606678574,100.00,,
16.070534981,5384829,,rD044,1606381108,100.00,,
16.070534981,135218009,,rFF44,1605899910,100.00,,
16.070534981,21079978428,,instructions,1605967886,100.00,3.50,insn per cycle
16.070534981,6023647648,,cycles,1606308446,100.00,,
16.170959049,4967160,,rD044,1606766350,100.00,,
16.170959049,139499948,,rFF44,1606770916,100.00,,
16.170959049,21595032975,,instructions,1606695796,100.00,3.58,insn per cycle
16.170959049,6023728839,,cycles,1606336416,100.00,,
16.271316056,5193155,,rD044,1606411466,100.00,,
16.271316056,138446407,,rFF44,1607114708,100.00,,
16.271316056,21488095217,,instructions,1607386272,100.00,3.56,insn per cycle
16.271316056,6028389662,,cycles,1607576792,100.00,,
16.296273467,210526,,rD044,354974216,100.00,,
16.296273467,3341324,,rFF44,353466734,100.00,,
16.296273467,1276854060,,instructions,352508040,100.00,0.97,insn per cycle
16.296273467,1318453995,,cycles,351613430,100.00,,
