0.100118755,4344582,,rD044,89506167,100.00,,
0.100118755,19381251,,rFF44,89511817,100.00,,
0.100118755,421318567,,instructions,89516857,100.00,1.27,insn per cycle
0.100118755,331772097,,cycles,89521997,100.00,,
0.200371032,5500154,,rD044,100248436,100.00,,
0.200371032,24038427,,rFF44,100249236,100.00,,
0.200371032,506563613,,instructions,100249416,100.00,1.35,insn per cycle
0.200371032,375934481,,cycles,100249536,100.00,,
0.300561539,5509025,,rD044,100188365,100.00,,
0.300561539,23996069,,rFF44,100187695,100.00,,
0.300561539,505206625,,instructions,100187275,100.00,1.34,insn per cycle
0.300561539,375698495,,cycles,100186695,100.00,,
0.400760485,6711802,,rD044,100174656,100.00,,
0.400760485,29007215,,rFF44,100174776,100.00,,
0.400760485,98235421,,instructions,100174836,100.00,0.26,insn per cycle
0.400760485,375620172,,cycles,100174706,100.00,,
0.500953641,6931340,,rD044,100193926,100.00,,
0.500953641,30310432,,rFF44,100194436,100.00,,
0.500953641,37823230,,instructions,100194546,100.00,0.10,insn per cycle
0.500953641,375730623,,cycles,100195186,100.00,,
0.601201078,23804843,,rD044,6064788413,100.00,,
0.601201078,349492341,,rFF44,6192062949,100.00,,
0.601201078,53605325235,,instructions,6309798260,100.00,2.23,insn per cycle
0.601201078,24063112553,,cycles,6419269815,100.00,,
0.705547343,40048070,,rD044,13351214298,100.00,,
0.705547343,775466590,,rFF44,13343080028,100.00,,
0.705547343,120690463432,,instructions,13330772939,100.00,2.42,insn per cycle
0.705547343,49854231659,,cycles,13294641407,100.00,,
0.809244900,36917637,,rD044,13271450471,100.00,,
0.809244900,782911191,,rFF44,13272897748,100.00,,
0.809244900,121579600900,,instructions,13276971538,100.00,2.44,insn per cycle
0.809244900,49915695556,,cycles,13310874932,100.00,,
0.913302841,37326819,,rD044,13315891751,100.00,,
0.913302841,784670347,,rFF44,13310952679,100.00,,
0.913302841,121851749577,,instructions,13316780978,100.00,2.44,insn per cycle
0.913302841,49976471724,,cycles,13327448960,100.00,,
1.017528424,36204577,,rD044,13342412471,100.00,,
1.017528424,788298731,,rFF44,13350634806,100.00,,
1.017528424,122273755297,,instructions,13352706927,100.00,2.44,insn per cycle
1.017528424,50030602044,,cycles,13341540232,100.00,,
1.121567956,35593922,,rD044,13320037216,100.00,,
1.121567956,785751498,,rFF44,13320011176,100.00,,
1.121567956,121927426292,,instructions,13315405814,100.00,2.44,insn per cycle
1.121567956,49961159632,,cycles,13323035582,100.00,,
1.225792599,36283332,,rD044,13329310385,100.00,,
1.225792599,779850262,,rFF44,13284477837,100.00,,
1.225792599,121136014011,,instructions,13276745254,100.00,2.43,insn per cycle
1.225792599,49764623207,,cycles,13270624996,100.00,,
1.329396875,36060034,,rD044,13270072309,100.00,,
1.329396875,787381688,,rFF44,13320084726,100.00,,
1.329396875,122234232384,,instructions,13333765580,100.00,2.44,insn per cycle
1.329396875,50012148781,,cycles,13336640619,100.00,,
1.433598728,36333139,,rD044,13335813698,100.00,,
1.433598728,787979243,,rFF44,13330060843,100.00,,
1.433598728,122236687607,,instructions,13321500834,100.00,2.45,insn per cycle
1.433598728,49945567081,,cycles,13318886353,100.00,,
1.537545008,36075575,,rD044,13300141398,100.00,,
1.537545008,787309846,,rFF44,13292351948,100.00,,
1.537545008,122044374302,,instructions,13287652297,100.00,2.46,insn per cycle
1.537545008,49700755157,,cycles,13253673337,100.00,,
1.641110013,35966642,,rD044,13269809063,100.00,,
1.641110013,784783107,,rFF44,13281533517,100.00,,
1.641110013,121809957723,,instructions,13283090655,100.00,2.44,insn per cycle
1.641110013,49944248186,,cycles,13318549436,100.00,,
1.745215675,36525880,,rD044,13317822592,100.00,,
1.745215675,785592117,,rFF44,13311162489,100.00,,
1.745215675,121984542539,,instructions,13314614549,100.00,2.44,insn per cycle
1.745215675,49920425814,,cycles,13312264471,100.00,,
1.849472819,35699149,,rD044,13346242342,100.00,,
1.849472819,790559051,,rFF44,13352985837,100.00,,
1.849472819,122634387688,,instructions,13360241842,100.00,2.45,insn per cycle
1.849472819,50118524699,,cycles,13364982747,100.00,,
1.953664332,36578859,,rD044,13335749386,100.00,,
1.953664332,787770686,,rFF44,13332139926,100.00,,
1.953664332,122221060119,,instructions,13324125247,100.00,2.45,insn per cycle
1.953664332,49960582272,,cycles,13322882049,100.00,,
2.057660872,36300354,,rD044,13293184972,100.00,,
2.057660872,781441075,,rFF44,13289213651,100.00,,
2.057660872,121562780890,,instructions,13303530022,100.00,2.44,insn per cycle
2.057660872,49900553904,,cycles,13306951583,100.00,,
2.161719403,36189832,,rD044,13336763028,100.00,,
2.161719403,788821612,,rFF44,13339859410,100.00,,
2.161719403,122199231975,,instructions,13324373931,100.00,2.45,insn per cycle
2.161719403,49966733829,,cycles,13324552415,100.00,,
2.265911686,36325077,,rD044,13337232151,100.00,,
2.265911686,788621085,,rFF44,13339048341,100.00,,
2.265911686,122452291574,,instructions,13345711072,100.00,2.45,insn per cycle
2.265911686,50034394523,,cycles,13342693710,100.00,,
2.370015628,36262635,,rD044,13319009052,100.00,,
2.370015628,786590563,,rFF44,13285124734,100.00,,
2.370015628,121516930632,,instructions,13248194469,100.00,2.45,insn per cycle
2.370015628,49667003810,,cycles,13244751566,100.00,,
2.473655855,35657265,,rD044,13262933522,100.00,,
2.473655855,785431188,,rFF44,13288973396,100.00,,
2.473655855,122335896757,,instructions,13322897998,100.00,2.45,insn per cycle
2.473655855,49980332388,,cycles,13328183287,100.00,,
2.577732256,35856874,,rD044,13321243951,100.00,,
2.577732256,788078047,,rFF44,13325497274,100.00,,
2.577732256,122322590926,,instructions,13327547557,100.00,2.45,insn per cycle
2.577732256,49951414093,,cycles,13320497699,100.00,,
2.681881918,35897774,,rD044,13336671360,100.00,,
2.681881918,789318372,,rFF44,13335307994,100.00,,
2.681881918,122383448575,,instructions,13332210312,100.00,2.45,insn per cycle
2.681881918,49918300403,,cycles,13311680140,100.00,,
2.785600716,36412991,,rD044,13282952273,100.00,,
2.785600716,784026240,,rFF44,13284143163,100.00,,
2.785600716,121627860225,,instructions,13278463610,100.00,2.44,insn per cycle
2.785600716,49884168077,,cycles,13302485752,100.00,,
2.889639807,35693870,,rD044,13306396242,100.00,,
2.889639807,784926872,,rFF44,13303370321,100.00,,
2.889639807,121866340596,,instructions,13303542842,100.00,2.44,insn per cycle
2.889639807,49886264732,,cycles,13303046409,100.00,,
2.993821829,36239684,,rD044,13337311319,100.00,,
2.993821829,789331970,,rFF44,13343686684,100.00,,
2.993821829,122461553020,,instructions,13349887667,100.00,2.45,insn per cycle
2.993821829,50072781887,,cycles,13352818104,100.00,,
3.097998772,36988104,,rD044,13333200566,100.00,,
3.097998772,787980760,,rFF44,13329668044,100.00,,
3.097998772,122209429831,,instructions,13320568331,100.00,2.45,insn per cycle
3.097998772,49917739582,,cycles,13311511969,100.00,,
3.201854981,36676738,,rD044,13265781938,100.00,,
3.201854981,783454147,,rFF44,13261223675,100.00,,
3.201854981,121650749807,,instructions,13269468844,100.00,2.44,insn per cycle
3.201854981,49761577387,,cycles,13269908248,100.00,,
3.305600719,36938898,,rD044,13311517927,100.00,,
3.305600719,788632285,,rFF44,13319732510,100.00,,
3.305600719,122192009174,,instructions,13313097197,100.00,2.45,insn per cycle
3.305600719,49902869804,,cycles,13307566055,100.00,,
3.390879301,21918690,,rD044,10116618242,100.00,,
3.390879301,465589090,,rFF44,9992280220,100.00,,
3.390879301,77143890830,,instructions,9887894390,100.00,2.10,insn per cycle
3.390879301,36708690543,,cycles,9789593893,100.00,,
