0.100124051,4595689,,rD044,92365228,100.00,,
0.100124051,20232005,,rFF44,92371258,100.00,,
0.100124051,438614841,,instructions,92376098,100.00,1.28,insn per cycle
0.100124051,342193822,,cycles,92381358,100.00,,
0.200347133,5491203,,rD044,100220846,100.00,,
0.200347133,24042100,,rFF44,100220976,100.00,,
0.200347133,506601929,,instructions,100220836,100.00,1.35,insn per cycle
0.200347133,375825902,,cycles,100220616,100.00,,
0.300537835,5503858,,rD044,100189535,100.00,,
0.300537835,24031621,,rFF44,100189315,100.00,,
0.300537835,506600625,,instructions,100189695,100.00,1.35,insn per cycle
0.300537835,375709723,,cycles,100189615,100.00,,
0.400721607,6743834,,rD044,100183066,100.00,,
0.400721607,28570904,,rFF44,100182796,100.00,,
0.400721607,82534375,,instructions,100181976,100.00,0.22,insn per cycle
0.400721607,375678824,,cycles,100181376,100.00,,
0.500911499,6949415,,rD044,100187955,100.00,,
0.500911499,29621592,,rFF44,100188365,100.00,,
0.500911499,36966416,,instructions,100202015,100.00,0.10,insn per cycle
0.500911499,375759309,,cycles,100202655,100.00,,
0.601111261,3382835,,rD044,456689096,100.00,,
0.601111261,52300024,,rFF44,456916616,100.00,,
0.601111261,5925053806,,instructions,457074976,100.00,3.46,insn per cycle
0.601111261,1713994614,,cycles,457241246,100.00,,
0.701377934,31564,,rD044,802064168,100.00,,
0.701377934,75524047,,rFF44,802038928,100.00,,
0.701377934,11638395715,,instructions,802031718,100.00,3.87,insn per cycle
0.701377934,3007577379,,cycles,802028988,100.00,,
0.801635767,38880,,rD044,802051044,100.00,,
0.801635767,74411952,,rFF44,802052328,100.00,,
0.801635767,11498228708,,instructions,802047818,100.00,3.82,insn per cycle
0.801635767,3007631272,,cycles,802039418,100.00,,
0.901882460,30412,,rD044,801794544,100.00,,
0.901882460,75446997,,rFF44,801821840,100.00,,
0.901882460,11617986397,,instructions,801838080,100.00,3.86,insn per cycle
0.901882460,3006810813,,cycles,801835233,100.00,,
1.002136792,38201,,rD044,802024158,100.00,,
1.002136792,74784916,,rFF44,801990368,100.00,,
1.002136792,11550312584,,instructions,801975218,100.00,3.84,insn per cycle
1.002136792,3007397147,,cycles,801975235,100.00,,
1.102381605,30119,,rD044,801892178,100.00,,
1.102381605,75840026,,rFF44,801896178,100.00,,
1.102381605,11682094361,,instructions,801895698,100.00,3.88,insn per cycle
1.102381605,3007076674,,cycles,801895478,100.00,,
1.202632677,37484,,rD044,802008565,100.00,,
1.202632677,73881045,,rFF44,802017078,100.00,,
1.202632677,11437697306,,instructions,802012568,100.00,3.80,insn per cycle
1.202632677,3007557990,,cycles,802018068,100.00,,
1.302886280,36692,,rD044,801942153,100.00,,
1.302886280,73770540,,rFF44,801962620,100.00,,
1.302886280,11420738024,,instructions,801981790,100.00,3.80,insn per cycle
1.302886280,3007381967,,cycles,801977398,100.00,,
1.403137633,30423,,rD044,801999718,100.00,,
1.403137633,75649971,,rFF44,801964628,100.00,,
1.403137633,11663152964,,instructions,801940908,100.00,3.88,insn per cycle
1.403137633,3007261534,,cycles,801939210,100.00,,
1.503381915,36912,,rD044,801886688,100.00,,
1.503381915,74210568,,rFF44,801888388,100.00,,
1.503381915,11482652091,,instructions,801896598,100.00,3.82,insn per cycle
1.503381915,3007071779,,cycles,801894528,100.00,,
1.603628068,30632,,rD044,801960616,100.00,,
1.603628068,75367066,,rFF44,801965728,100.00,,
1.603628068,11625508776,,instructions,801970428,100.00,3.87,insn per cycle
1.603628068,3007439276,,cycles,801986368,100.00,,
1.703879771,37978,,rD044,801936112,100.00,,
1.703879771,74722983,,rFF44,801969920,100.00,,
1.703879771,11554124594,,instructions,801998173,100.00,3.84,insn per cycle
1.703879771,3007420370,,cycles,801987548,100.00,,
1.804133113,30638,,rD044,801990068,100.00,,
1.804133113,75645349,,rFF44,801946048,100.00,,
1.804133113,11668803817,,instructions,801914555,100.00,3.88,insn per cycle
1.804133113,3007134154,,cycles,801913370,100.00,,
1.904380396,37029,,rD044,801826417,100.00,,
1.904380396,74425782,,rFF44,801834617,100.00,,
1.904380396,11497504967,,instructions,801838377,100.00,3.82,insn per cycle
1.904380396,3006840470,,cycles,801840427,100.00,,
2.004627179,30101,,rD044,801970768,100.00,,
2.004627179,75389630,,rFF44,801971668,100.00,,
2.004627179,11620831669,,instructions,801965728,100.00,3.86,insn per cycle
2.004627179,3007356746,,cycles,801969048,100.00,,
2.104872661,36419,,rD044,801889230,100.00,,
2.104872661,73605857,,rFF44,801907610,100.00,,
2.104872661,11394014729,,instructions,801983776,100.00,3.79,insn per cycle
2.104872661,3007395372,,cycles,801980028,100.00,,
2.205130184,30456,,rD044,802038628,100.00,,
2.205130184,75467768,,rFF44,802015658,100.00,,
2.205130184,11624958200,,instructions,801935232,100.00,3.87,insn per cycle
2.205130184,3007246903,,cycles,801935380,100.00,,
2.305375927,36249,,rD044,801875798,100.00,,
2.305375927,73780080,,rFF44,801871608,100.00,,
2.305375927,11419288067,,instructions,801870598,100.00,3.80,insn per cycle
2.305375927,3006951575,,cycles,801868408,100.00,,
2.405620359,30675,,rD044,801958328,100.00,,
2.405620359,75469782,,rFF44,801966528,100.00,,
2.405620359,11620362844,,instructions,801972028,100.00,3.86,insn per cycle
2.405620359,3007428680,,cycles,801984308,100.00,,
2.505869692,36974,,rD044,801906750,100.00,,
2.505869692,74301491,,rFF44,801893780,100.00,,
2.505869692,11489222395,,instructions,801945446,100.00,3.82,insn per cycle
2.505869692,3007898517,,cycles,802114528,100.00,,
2.606136905,30882,,rD044,802151518,100.00,,
2.606136905,75585458,,rFF44,802160088,100.00,,
2.606136905,11645405046,,instructions,802113182,100.00,3.87,insn per cycle
2.606136905,3007257462,,cycles,801938000,100.00,,
2.706386657,37526,,rD044,801907038,100.00,,
2.706386657,75056277,,rFF44,801902678,100.00,,
2.706386657,11593911791,,instructions,801893188,100.00,3.86,insn per cycle
2.706386657,3007043021,,cycles,801887368,100.00,,
2.806629910,37530,,rD044,801937938,100.00,,
2.806629910,73734254,,rFF44,801951228,100.00,,
2.806629910,11406608304,,instructions,801956528,100.00,3.79,insn per cycle
2.806629910,3007301013,,cycles,801949488,100.00,,
2.906871833,30485,,rD044,801757050,100.00,,
2.906871833,75317132,,rFF44,801746340,100.00,,
2.906871833,11614637961,,instructions,801784248,100.00,3.86,insn per cycle
2.906871833,3006655354,,cycles,801799508,100.00,,
3.007118735,36302,,rD044,801956248,100.00,,
3.007118735,73392525,,rFF44,801956158,100.00,,
3.007118735,11362714568,,instructions,801920440,100.00,3.78,insn per cycle
3.007118735,3007174533,,cycles,801920770,100.00,,
3.107368658,31236,,rD044,801854997,100.00,,
3.107368658,75668612,,rFF44,801846067,100.00,,
3.107368658,11674101532,,instructions,801842977,100.00,3.88,insn per cycle
3.107368658,3006675151,,cycles,801839767,100.00,,
3.207609391,37312,,rD044,801936348,100.00,,
3.207609391,74491038,,rFF44,801945998,100.00,,
3.207609391,11518686638,,instructions,801947688,100.00,3.83,insn per cycle
3.207609391,3007266634,,cycles,801940838,100.00,,
3.307859663,29999,,rD044,801989170,100.00,,
3.307859663,75366082,,rFF44,801996580,100.00,,
3.307859663,11624000373,,instructions,802033708,100.00,3.86,insn per cycle
3.307859663,3007737307,,cycles,802071248,100.00,,
3.408117866,38192,,rD044,801961257,100.00,,
3.408117866,73489150,,rFF44,801958527,100.00,,
3.408117866,11388923183,,instructions,801923529,100.00,3.79,insn per cycle
3.408117866,3007042160,,cycles,801894169,100.00,,
3.508366679,30443,,rD044,801977688,100.00,,
3.508366679,75554136,,rFF44,801977508,100.00,,
3.508366679,11645391872,,instructions,801982648,100.00,3.87,insn per cycle
3.508366679,3007428971,,cycles,801983748,100.00,,
3.608616561,37208,,rD044,801932357,100.00,,
3.608616561,74543484,,rFF44,801929947,100.00,,
3.608616561,11517092987,,instructions,801915557,100.00,3.83,insn per cycle
3.608616561,3007121158,,cycles,801906917,100.00,,
3.708862664,30274,,rD044,801966560,100.00,,
3.708862664,75587335,,rFF44,801965495,100.00,,
3.708862664,11643241505,,instructions,802005458,100.00,3.87,insn per cycle
3.708862664,3007585886,,cycles,802026158,100.00,,
3.809118347,37377,,rD044,801978128,100.00,,
3.809118347,74980940,,rFF44,801989983,100.00,,
3.809118347,11579143616,,instructions,801956430,100.00,3.85,insn per cycle
3.809118347,3007236299,,cycles,801937420,100.00,,
3.909367059,30382,,rD044,801885918,100.00,,
3.909367059,75414444,,rFF44,801875628,100.00,,
3.909367059,11613660452,,instructions,801867078,100.00,3.86,insn per cycle
3.909367059,3006941065,,cycles,801868348,100.00,,
4.009614622,36582,,rD044,801893168,100.00,,
4.009614622,74281946,,rFF44,801901588,100.00,,
4.009614622,11482004886,,instructions,801906368,100.00,3.82,insn per cycle
4.009614622,3007096866,,cycles,801906758,100.00,,
4.109860155,33483,,rD044,801946830,100.00,,
4.109860155,74030180,,rFF44,801942027,100.00,,
4.109860155,11446619455,,instructions,801954178,100.00,3.81,insn per cycle
4.109860155,3007449198,,cycles,801989458,100.00,,
4.210115397,32660,,rD044,801975607,100.00,,
4.210115397,75589034,,rFF44,801966620,100.00,,
4.210115397,11652498539,,instructions,801956269,100.00,3.87,insn per cycle
4.210115397,3007208483,,cycles,801931019,100.00,,
4.310362300,36352,,rD044,801959728,100.00,,
4.310362300,73955696,,rFF44,801969918,100.00,,
4.310362300,11451631992,,instructions,801969878,100.00,3.81,insn per cycle
4.310362300,3007323349,,cycles,801955618,100.00,,
4.410609212,29693,,rD044,801915067,100.00,,
4.410609212,75401460,,rFF44,801909897,100.00,,
4.410609212,11629795177,,instructions,801914587,100.00,3.87,insn per cycle
4.410609212,3007190543,,cycles,801925587,100.00,,
4.510858005,36809,,rD044,801983312,100.00,,
4.510858005,74480139,,rFF44,801988368,100.00,,
4.510858005,11516464608,,instructions,801996538,100.00,3.83,insn per cycle
4.510858005,3008343234,,cycles,802227918,100.00,,
4.611137558,29911,,rD044,802161406,100.00,,
4.611137558,74957320,,rFF44,802152700,100.00,,
4.611137558,11563545921,,instructions,802144953,100.00,3.85,insn per cycle
4.611137558,3007135220,,cycles,801911408,100.00,,
4.711385251,36681,,rD044,801975138,100.00,,
4.711385251,73672809,,rFF44,801971408,100.00,,
4.711385251,11405032816,,instructions,801959955,100.00,3.79,insn per cycle
4.711385251,3007296962,,cycles,801948540,100.00,,
4.811631123,30233,,rD044,801917878,100.00,,
4.811631123,75456182,,rFF44,801940278,100.00,,
4.811631123,11636388943,,instructions,801945948,100.00,3.87,insn per cycle
4.811631123,3007230905,,cycles,801945118,100.00,,
4.911881706,36916,,rD044,801906287,100.00,,
4.911881706,73987184,,rFF44,801921197,100.00,,
4.911881706,11445234691,,instructions,801955617,100.00,3.81,insn per cycle
4.911881706,3007332648,,cycles,801966057,100.00,,
5.012140009,30569,,rD044,801975909,100.00,,
5.012140009,75248347,,rFF44,801947979,100.00,,
5.012140009,11595387421,,instructions,801914107,100.00,3.86,insn per cycle
5.012140009,3007112488,,cycles,801911307,100.00,,
5.112388361,37205,,rD044,801992028,100.00,,
5.112388361,74571169,,rFF44,801992618,100.00,,
5.112388361,11533090063,,instructions,801988710,100.00,3.83,insn per cycle
5.112388361,3007452607,,cycles,801989880,100.00,,
5.212636414,30047,,rD044,801893318,100.00,,
5.212636414,75581361,,rFF44,801886378,100.00,,
5.212636414,11640299610,,instructions,801882418,100.00,3.87,insn per cycle
5.212636414,3007041850,,cycles,801886078,100.00,,
5.312884367,36481,,rD044,801989998,100.00,,
5.312884367,73773763,,rFF44,802062568,100.00,,
5.312884367,11420520291,,instructions,802087678,100.00,3.80,insn per cycle
5.312884367,3007788209,,cycles,802079458,100.00,,
5.413139719,30862,,rD044,801954390,100.00,,
5.413139719,75320887,,rFF44,801885674,100.00,,
5.413139719,11601246091,,instructions,801881068,100.00,3.86,insn per cycle
5.413139719,3007061204,,cycles,801890808,100.00,,
5.513390272,37107,,rD044,802001558,100.00,,
5.513390272,74782675,,rFF44,802002494,100.00,,
5.513390272,11554541733,,instructions,801990620,100.00,3.84,insn per cycle
5.513390272,3007446241,,cycles,801988840,100.00,,
5.613634175,37418,,rD044,801870148,100.00,,
5.613634175,74854173,,rFF44,801869418,100.00,,
5.613634175,11557437434,,instructions,801872138,100.00,3.84,insn per cycle
5.613634175,3006996873,,cycles,801874198,100.00,,
5.713883107,29958,,rD044,801993288,100.00,,
5.713883107,75570537,,rFF44,802047168,100.00,,
5.713883107,11652470961,,instructions,802074048,100.00,3.87,insn per cycle
5.713883107,3007715172,,cycles,802060458,100.00,,
5.814134240,37294,,rD044,801951170,100.00,,
5.814134240,73834508,,rFF44,801893086,100.00,,
5.814134240,11432206282,,instructions,801859218,100.00,3.80,insn per cycle
5.814134240,3006930308,,cycles,801856528,100.00,,
5.914377523,30370,,rD044,801862187,100.00,,
5.914377523,75369190,,rFF44,801868481,100.00,,
5.914377523,11626225698,,instructions,801874179,100.00,3.87,insn per cycle
5.914377523,3006995413,,cycles,801876729,100.00,,
6.014623335,36826,,rD044,801969028,100.00,,
6.014623335,73860390,,rFF44,801978238,100.00,,
6.014623335,11433103257,,instructions,801976008,100.00,3.80,insn per cycle
6.014623335,3007441454,,cycles,801987368,100.00,,
6.114874588,29989,,rD044,801936168,100.00,,
6.114874588,75274722,,rFF44,801933018,100.00,,
6.114874588,11612823414,,instructions,801990628,100.00,3.86,insn per cycle
6.114874588,3007425765,,cycles,801992908,100.00,,
6.215129871,36379,,rD044,802023590,100.00,,
6.215129871,74619044,,rFF44,802011998,100.00,,
6.215129871,11526807804,,instructions,801945398,100.00,3.83,insn per cycle
6.215129871,3007247042,,cycles,801934878,100.00,,
6.315376693,30386,,rD044,801899098,100.00,,
6.315376693,75414495,,rFF44,801901410,100.00,,
6.315376693,11625517254,,instructions,801909950,100.00,3.87,insn per cycle
6.315376693,3007128620,,cycles,801909690,100.00,,
6.415622856,36848,,rD044,801966608,100.00,,
6.415622856,74042532,,rFF44,801964338,100.00,,
6.415622856,11450775008,,instructions,801955928,100.00,3.81,insn per cycle
6.415622856,3007309058,,cycles,801951718,100.00,,
6.515866458,30302,,rD044,801882438,100.00,,
6.515866458,75152842,,rFF44,801891988,100.00,,
6.515866458,11578891096,,instructions,801976698,100.00,3.85,insn per cycle
6.515866458,3008138877,,cycles,802177888,100.00,,
6.616148321,37690,,rD044,802241467,100.00,,
6.616148321,74380828,,rFF44,802229038,100.00,,
6.616148321,11493708459,,instructions,802149478,100.00,3.82,insn per cycle
6.616148321,3007315562,,cycles,801953968,100.00,,
6.716394174,30873,,rD044,801894071,100.00,,
6.716394174,75278423,,rFF44,801898460,100.00,,
6.716394174,11591438300,,instructions,801889970,100.00,3.85,insn per cycle
6.716394174,3007074436,,cycles,801894276,100.00,,
6.816638997,36201,,rD044,801948628,100.00,,
6.816638997,72465584,,rFF44,801943868,100.00,,
6.816638997,11258751362,,instructions,801960968,100.00,3.74,insn per cycle
6.816638997,3007322572,,cycles,801955262,100.00,,
6.916884219,30096,,rD044,800632864,100.00,,
6.916884219,75293343,,rFF44,800689794,100.00,,
6.916884219,11597202702,,instructions,800695624,100.00,3.86,insn per cycle
6.916884219,3002517976,,cycles,800693964,100.00,,
7.017136712,37903,,rD044,802010327,100.00,,
7.017136712,73858237,,rFF44,801962898,100.00,,
7.017136712,11426398424,,instructions,801962438,100.00,3.80,insn per cycle
7.017136712,3007411269,,cycles,801979438,100.00,,
7.117391315,37249,,rD044,801874871,100.00,,
7.117391315,74071733,,rFF44,801880010,100.00,,
7.117391315,11458051602,,instructions,801883493,100.00,3.81,insn per cycle
7.117391315,3006819371,,cycles,801879608,100.00,,
7.217641367,30106,,rD044,802004078,100.00,,
7.217641367,75226467,,rFF44,802001888,100.00,,
7.217641367,11597828022,,instructions,801986555,100.00,3.86,insn per cycle
7.217641367,3007409987,,cycles,801978620,100.00,,
7.317890390,36699,,rD044,801899188,100.00,,
7.317890390,74270663,,rFF44,801939448,100.00,,
7.317890390,11474187971,,instructions,801951138,100.00,3.82,insn per cycle
7.317890390,3007290920,,cycles,801952108,100.00,,
7.418143223,30178,,rD044,802022338,100.00,,
7.418143223,75418602,,rFF44,801976168,100.00,,
7.418143223,11633870634,,instructions,801970008,100.00,3.87,insn per cycle
7.418143223,3007389905,,cycles,801973818,100.00,,
7.518388195,37772,,rD044,801907930,100.00,,
7.518388195,74154851,,rFF44,801913350,100.00,,
7.518388195,11469017942,,instructions,801910895,100.00,3.81,insn per cycle
7.518388195,3007118710,,cycles,801907688,100.00,,
7.618657788,30713,,rD044,802146788,100.00,,
7.618657788,75370157,,rFF44,802145398,100.00,,
7.618657788,11626571804,,instructions,802147433,100.00,3.87,insn per cycle
7.618657788,3008021037,,cycles,802141810,100.00,,
7.718905201,36550,,rD044,801928318,100.00,,
7.718905201,74132459,,rFF44,801956078,100.00,,
7.718905201,11470073861,,instructions,801946648,100.00,3.81,insn per cycle
7.718905201,3007287972,,cycles,801952578,100.00,,
7.819155594,30046,,rD044,801984358,100.00,,
7.819155594,75466288,,rFF44,801950778,100.00,,
7.819155594,11633761090,,instructions,801959848,100.00,3.87,insn per cycle
7.819155594,3007326124,,cycles,801956528,100.00,,
7.919403446,36289,,rD044,801823810,100.00,,
7.919403446,73337373,,rFF44,801823257,100.00,,
7.919403446,11362845770,,instructions,801813048,100.00,3.78,insn per cycle
7.919403446,3006695453,,cycles,801802178,100.00,,
8.019645849,30113,,rD044,801931098,100.00,,
8.019645849,75661631,,rFF44,801931901,100.00,,
8.019645849,11656450459,,instructions,801942120,100.00,3.88,insn per cycle
8.019645849,3007323557,,cycles,801955560,100.00,,
8.119891781,36287,,rD044,801856487,100.00,,
8.119891781,74106898,,rFF44,801896887,100.00,,
8.119891781,11459731022,,instructions,801902227,100.00,3.81,insn per cycle
8.119891781,3007056813,,cycles,801896747,100.00,,
8.220141324,30570,,rD044,802001568,100.00,,
8.220141324,75500348,,rFF44,801960258,100.00,,
8.220141324,11624854356,,instructions,801948188,100.00,3.87,insn per cycle
8.220141324,3007310991,,cycles,801952728,100.00,,
8.320384857,36203,,rD044,801868560,100.00,,
8.320384857,74065436,,rFF44,801869062,100.00,,
8.320384857,11452214695,,instructions,801865978,100.00,3.81,insn per cycle
8.320384857,3006966387,,cycles,801865378,100.00,,
8.420632199,30669,,rD044,801976648,100.00,,
8.420632199,75058365,,rFF44,801964246,100.00,,
8.420632199,11564693745,,instructions,801970110,100.00,3.85,insn per cycle
8.420632199,3007379981,,cycles,801970930,100.00,,
8.520873552,36843,,rD044,801871748,100.00,,
8.520873552,73945601,,rFF44,801883028,100.00,,
8.520873552,11442748725,,instructions,802124748,100.00,3.80,insn per cycle
8.520873552,3007949918,,cycles,802128498,100.00,,
8.621144345,37276,,rD044,802154398,100.00,,
8.621144345,74369488,,rFF44,802158848,100.00,,
8.621144345,11495221044,,instructions,801916978,100.00,3.82,insn per cycle
8.621144345,3007155721,,cycles,801911068,100.00,,
8.721385517,30491,,rD044,801855570,100.00,,
8.721385517,75492286,,rFF44,801846857,100.00,,
8.721385517,11640122766,,instructions,801859428,100.00,3.87,insn per cycle
8.721385517,3006931488,,cycles,801857148,100.00,,
8.821630310,37928,,rD044,801964128,100.00,,
8.821630310,74343649,,rFF44,801983301,100.00,,
8.821630310,11497302277,,instructions,801969410,100.00,3.82,insn per cycle
8.821630310,3007363199,,cycles,801966290,100.00,,
8.921878682,29781,,rD044,801913288,100.00,,
8.921878682,75339742,,rFF44,801950148,100.00,,
8.921878682,11623751425,,instructions,801994408,100.00,3.86,insn per cycle
8.921878682,3007458606,,cycles,801998908,100.00,,
9.022135165,36785,,rD044,801961128,100.00,,
9.022135165,74407569,,rFF44,801913598,100.00,,
9.022135165,11511250311,,instructions,801883378,100.00,3.83,insn per cycle
9.022135165,3007046806,,cycles,801887058,100.00,,
9.122383938,29871,,rD044,801964322,100.00,,
9.122383938,75275673,,rFF44,801961688,100.00,,
9.122383938,11610228534,,instructions,801942928,100.00,3.86,insn per cycle
9.122383938,3007266269,,cycles,801946978,100.00,,
9.222630100,36882,,rD044,801907696,100.00,,
9.222630100,74329451,,rFF44,801913010,100.00,,
9.222630100,11491083146,,instructions,801920770,100.00,3.82,insn per cycle
9.222630100,3007169573,,cycles,801920020,100.00,,
9.322879633,29981,,rD044,801966748,100.00,,
9.322879633,75739910,,rFF44,801957608,100.00,,
9.322879633,11673738761,,instructions,802006818,100.00,3.88,insn per cycle
9.322879633,3007479095,,cycles,801997448,100.00,,
9.423129686,37082,,rD044,801942878,100.00,,
9.423129686,74169809,,rFF44,801941398,100.00,,
9.423129686,11470953524,,instructions,801890318,100.00,3.81,insn per cycle
9.423129686,3007074661,,cycles,801894498,100.00,,
9.523374978,30565,,rD044,801956262,100.00,,
9.523374978,75502003,,rFF44,801961928,100.00,,
9.523374978,11630885412,,instructions,801964628,100.00,3.87,insn per cycle
9.523374978,3007393709,,cycles,801974718,100.00,,
9.623626231,37138,,rD044,801961075,100.00,,
9.623626231,74688935,,rFF44,801971449,100.00,,
9.623626231,11537952482,,instructions,801958789,100.00,3.84,insn per cycle
9.623626231,3007255797,,cycles,801943299,100.00,,
9.723877334,30808,,rD044,801992648,100.00,,
9.723877334,75335769,,rFF44,801985578,100.00,,
9.723877334,11602577572,,instructions,802056648,100.00,3.86,insn per cycle
9.723877334,3007715375,,cycles,802059678,100.00,,
9.824130796,36963,,rD044,801964687,100.00,,
9.824130796,74409966,,rFF44,801960297,100.00,,
9.824130796,11514766970,,instructions,801896897,100.00,3.83,insn per cycle
9.824130796,3007074198,,cycles,801895207,100.00,,
9.924371739,34378,,rD044,801833584,100.00,,
9.924371739,74569100,,rFF44,801826598,100.00,,
9.924371739,11524156776,,instructions,801829348,100.00,3.83,insn per cycle
9.924371739,3006801194,,cycles,801823788,100.00,,
10.024612972,32676,,rD044,801864214,100.00,,
10.024612972,74694414,,rFF44,801866180,100.00,,
10.024612972,11544170281,,instructions,801864190,100.00,3.84,insn per cycle
10.024612972,3007001237,,cycles,801874720,100.00,,
10.124854704,37735,,rD044,801905698,100.00,,
10.124854704,74049060,,rFF44,801913428,100.00,,
10.124854704,11463405644,,instructions,801933558,100.00,3.81,insn per cycle
10.124854704,3007421778,,cycles,801988768,100.00,,
10.225108827,30897,,rD044,801954338,100.00,,
10.225108827,75519255,,rFF44,801952068,100.00,,
10.225108827,11646497582,,instructions,801945458,100.00,3.87,insn per cycle
10.225108827,3007073969,,cycles,801895638,100.00,,
10.325353509,36892,,rD044,801957251,100.00,,
10.325353509,74042526,,rFF44,801950828,100.00,,
10.325353509,11457028199,,instructions,801939088,100.00,3.81,insn per cycle
10.325353509,3007234535,,cycles,801931918,100.00,,
10.425598862,30209,,rD044,801906177,100.00,,
10.425598862,75140516,,rFF44,801920970,100.00,,
10.425598862,11592573871,,instructions,801920880,100.00,3.85,insn per cycle
10.425598862,3007182190,,cycles,801922620,100.00,,
10.525845845,36518,,rD044,801941298,100.00,,
10.525845845,73253671,,rFF44,801931688,100.00,,
10.525845845,11357013186,,instructions,801922298,100.00,3.78,insn per cycle
10.525845845,3007415649,,cycles,801981108,100.00,,
10.626118898,30780,,rD044,802150128,100.00,,
10.626118898,75417399,,rFF44,802163358,100.00,,
10.626118898,11630385594,,instructions,802182948,100.00,3.87,insn per cycle
10.626118898,3007936753,,cycles,802124878,100.00,,
10.726371260,36933,,rD044,802006008,100.00,,
10.726371260,74427166,,rFF44,802003748,100.00,,
10.726371260,11512325188,,instructions,801999308,100.00,3.83,insn per cycle
10.726371260,3007468899,,cycles,801994578,100.00,,
10.826616563,30544,,rD044,801899200,100.00,,
10.826616563,75747853,,rFF44,801886250,100.00,,
10.826616563,11672699734,,instructions,801873760,100.00,3.88,insn per cycle
10.826616563,3007024321,,cycles,801880998,100.00,,
10.926864946,37057,,rD044,801899047,100.00,,
10.926864946,74389677,,rFF44,801896687,100.00,,
10.926864946,11503266822,,instructions,801940567,100.00,3.83,insn per cycle
10.926864946,3007304760,,cycles,801958799,100.00,,
11.027116808,31389,,rD044,801921937,100.00,,
11.027116808,75524078,,rFF44,801918877,100.00,,
11.027116808,11630365240,,instructions,801871327,100.00,3.87,insn per cycle
11.027116808,3006869237,,cycles,801840627,100.00,,
11.127361541,35887,,rD044,801889348,100.00,,
11.127361541,74008333,,rFF44,801902218,100.00,,
11.127361541,11444715490,,instructions,801918148,100.00,3.81,insn per cycle
11.127361541,3007066144,,cycles,801938948,100.00,,
11.227609724,30560,,rD044,801887519,100.00,,
11.227609724,75273018,,rFF44,801880899,100.00,,
11.227609724,11592645400,,instructions,801869910,100.00,3.86,insn per cycle
11.227609724,3006913197,,cycles,801857617,100.00,,
11.327857696,36723,,rD044,801981938,100.00,,
11.327857696,73834424,,rFF44,801989288,100.00,,
11.327857696,11428252217,,instructions,802000897,100.00,3.80,insn per cycle
11.327857696,3007621953,,cycles,802035490,100.00,,
11.428102599,35382,,rD044,801861748,100.00,,
11.428102599,73485676,,rFF44,801845278,100.00,,
11.428102599,11383476618,,instructions,801832998,100.00,3.79,insn per cycle
11.428102599,3006691630,,cycles,801792838,100.00,,
11.528340881,31701,,rD044,801922946,100.00,,
11.528340881,75251165,,rFF44,801935878,100.00,,
11.528340881,11598436772,,instructions,801937458,100.00,3.86,insn per cycle
11.528340881,3007283790,,cycles,801945248,100.00,,
11.628588854,36420,,rD044,801965282,100.00,,
11.628588854,73382620,,rFF44,801959540,100.00,,
11.628588854,11371813012,,instructions,801973470,100.00,3.78,insn per cycle
11.628588854,3007383357,,cycles,801971466,100.00,,
11.728834916,29747,,rD044,801899138,100.00,,
11.728834916,75504897,,rFF44,801899138,100.00,,
11.728834916,11644540443,,instructions,801885488,100.00,3.87,insn per cycle
11.728834916,3007045254,,cycles,801886972,100.00,,
11.829085099,36349,,rD044,802002178,100.00,,
11.829085099,73778614,,rFF44,802008218,100.00,,
11.829085099,11428906546,,instructions,802013578,100.00,3.80,insn per cycle
11.829085099,3007530916,,cycles,802011028,100.00,,
11.929331142,30043,,rD044,801821455,100.00,,
11.929331142,75323107,,rFF44,801824607,100.00,,
11.929331142,11621230778,,instructions,801824347,100.00,3.86,insn per cycle
11.929331142,3006796724,,cycles,801829347,100.00,,
12.029581344,37015,,rD044,801978242,100.00,,
12.029581344,73993671,,rFF44,801973950,100.00,,
12.029581344,11440560428,,instructions,801977920,100.00,3.80,insn per cycle
12.029581344,3007394555,,cycles,801975017,100.00,,
12.129828707,30334,,rD044,801926138,100.00,,
12.129828707,75575408,,rFF44,801924248,100.00,,
12.129828707,11654557396,,instructions,801923218,100.00,3.88,insn per cycle
12.129828707,3007184340,,cycles,801923451,100.00,,
12.230085280,36857,,rD044,802029248,100.00,,
12.230085280,73666771,,rFF44,802031898,100.00,,
12.230085280,11416971673,,instructions,802024728,100.00,3.80,insn per cycle
12.230085280,3007563242,,cycles,802027248,100.00,,
12.330333432,30227,,rD044,801920448,100.00,,
12.330333432,75584293,,rFF44,801915468,100.00,,
12.330333432,11648564011,,instructions,801922868,100.00,3.87,insn per cycle
12.330333432,3007156201,,cycles,801916498,100.00,,
12.430577885,37305,,rD044,801947550,100.00,,
12.430577885,73841806,,rFF44,801952990,100.00,,
12.430577885,11431103076,,instructions,801960082,100.00,3.80,insn per cycle
12.430577885,3007354707,,cycles,801964388,100.00,,
12.530829058,30502,,rD044,801942108,100.00,,
12.530829058,75293480,,rFF44,801948248,100.00,,
12.530829058,11595157953,,instructions,801932906,100.00,3.86,insn per cycle
12.530829058,3007203516,,cycles,801929170,100.00,,
12.631108471,38131,,rD044,802212948,100.00,,
12.631108471,75235583,,rFF44,802198828,100.00,,
12.631108471,11607624730,,instructions,802212678,100.00,3.86,insn per cycle
12.631108471,3008317248,,cycles,802221418,100.00,,
12.731372694,30574,,rD044,802055788,100.00,,
12.731372694,75722243,,rFF44,802058358,100.00,,
12.731372694,11664086816,,instructions,802055148,100.00,3.88,insn per cycle
12.731372694,3007660859,,cycles,802050818,100.00,,
12.831618206,36588,,rD044,801975314,100.00,,
12.831618206,74507104,,rFF44,801976468,100.00,,
12.831618206,11518640336,,instructions,801954888,100.00,3.83,insn per cycle
12.831618206,3007301380,,cycles,801950278,100.00,,
12.931863839,37408,,rD044,801794474,100.00,,
12.931863839,74484072,,rFF44,801799210,100.00,,
12.931863839,11517085546,,instructions,801858850,100.00,3.83,insn per cycle
12.931863839,3007018937,,cycles,801887624,100.00,,
13.032117262,30262,,rD044,802025358,100.00,,
13.032117262,75370379,,rFF44,802026278,100.00,,
13.032117262,11619446960,,instructions,801977218,100.00,3.86,insn per cycle
13.032117262,3007280649,,cycles,801944454,100.00,,
13.132361404,37033,,rD044,801884188,100.00,,
13.132361404,74424242,,rFF44,801895588,100.00,,
13.132361404,11508163984,,instructions,801911228,100.00,3.83,insn per cycle
13.132361404,3007153896,,cycles,801916228,100.00,,
13.232607127,30456,,rD044,801934114,100.00,,
13.232607127,75333741,,rFF44,801920408,100.00,,
13.232607127,11620539304,,instructions,801905798,100.00,3.86,insn per cycle
13.232607127,3007096203,,cycles,801902388,100.00,,
13.332853349,36654,,rD044,801905084,100.00,,
13.332853349,74016889,,rFF44,801902710,100.00,,
13.332853349,11443725382,,instructions,801897030,100.00,3.81,insn per cycle
13.332853349,3007364639,,cycles,801972364,100.00,,
13.433107722,30727,,rD044,802023918,100.00,,
13.433107722,75257278,,rFF44,802031648,100.00,,
13.433107722,11610191661,,instructions,802052148,100.00,3.86,insn per cycle
13.433107722,3007422656,,cycles,801982424,100.00,,
13.533355935,36484,,rD044,801896438,100.00,,
13.533355935,74306314,,rFF44,801883348,100.00,,
13.533355935,11489857730,,instructions,801872588,100.00,3.82,insn per cycle
13.533355935,3006982068,,cycles,801870388,100.00,,
13.633598927,30279,,rD044,801949034,100.00,,
13.633598927,75427352,,rFF44,801966148,100.00,,
13.633598927,11627584040,,instructions,801979438,100.00,3.87,insn per cycle
13.633598927,3007433788,,cycles,801984808,100.00,,
13.733846330,36917,,rD044,801889554,100.00,,
13.733846330,74011080,,rFF44,801876740,100.00,,
13.733846330,11453810412,,instructions,801858650,100.00,3.81,insn per cycle
13.733846330,3007036257,,cycles,801885133,100.00,,
13.834095433,30487,,rD044,801985558,100.00,,
13.834095433,75578053,,rFF44,801979958,100.00,,
13.834095433,11643438132,,instructions,801973468,100.00,3.87,insn per cycle
13.834095433,3007282144,,cycles,801944475,100.00,,
13.934335055,37379,,rD044,801782508,100.00,,
13.934335055,73900279,,rFF44,801805158,100.00,,
13.934335055,11429285537,,instructions,801813518,100.00,3.80,insn per cycle
13.934335055,3006720977,,cycles,801808118,100.00,,
14.034580988,29712,,rD044,801961512,100.00,,
14.034580988,74923603,,rFF44,801950068,100.00,,
14.034580988,11536950015,,instructions,801961668,100.00,3.84,insn per cycle
14.034580988,3007347992,,cycles,801962868,100.00,,
14.134827450,37771,,rD044,801882225,100.00,,
14.134827450,73868890,,rFF44,801878359,100.00,,
14.134827450,11439208995,,instructions,801866289,100.00,3.80,insn per cycle
14.134827450,3006960663,,cycles,801863969,100.00,,
14.235079533,30291,,rD044,801998408,100.00,,
14.235079533,75565627,,rFF44,802005388,100.00,,
14.235079533,11640770951,,instructions,801999678,100.00,3.87,insn per cycle
14.235079533,3007483452,,cycles,802004888,100.00,,
14.335327976,36442,,rD044,801978078,100.00,,
14.335327976,74488159,,rFF44,801970998,100.00,,
14.335327976,11515966066,,instructions,801974428,100.00,3.83,insn per cycle
14.335327976,3007375139,,cycles,801969568,100.00,,
14.435570558,36991,,rD044,801863920,100.00,,
14.435570558,74293893,,rFF44,801857277,100.00,,
14.435570558,11487256585,,instructions,801866597,100.00,3.82,insn per cycle
14.435570558,3007013233,,cycles,801878347,100.00,,
14.535814011,29700,,rD044,801948957,100.00,,
14.535814011,75270533,,rFF44,801954840,100.00,,
14.535814011,11605826548,,instructions,801947290,100.00,3.86,insn per cycle
14.535814011,3007260091,,cycles,801939210,100.00,,
14.636090024,36824,,rD044,802141188,100.00,,
14.636090024,74301447,,rFF44,802145538,100.00,,
14.636090024,11498774691,,instructions,802149218,100.00,3.82,insn per cycle
14.636090024,3008077882,,cycles,802161918,100.00,,
14.736338536,29906,,rD044,801980378,100.00,,
14.736338536,75416020,,rFF44,801979548,100.00,,
14.736338536,11635057830,,instructions,801978508,100.00,3.87,insn per cycle
14.736338536,3007361123,,cycles,801965938,100.00,,
14.836585719,36567,,rD044,801904278,100.00,,
14.836585719,73988447,,rFF44,801898848,100.00,,
14.836585719,11460428247,,instructions,801901748,100.00,3.81,insn per cycle
14.836585719,3007071722,,cycles,801893818,100.00,,
14.936827752,30342,,rD044,801862750,100.00,,
14.936827752,75145630,,rFF44,801867210,100.00,,
14.936827752,11591041291,,instructions,801868020,100.00,3.85,insn per cycle
14.936827752,3007039856,,cycles,801887397,100.00,,
15.037083604,36795,,rD044,801964468,100.00,,
15.037083604,73641152,,rFF44,801966708,100.00,,
15.037083604,11399853853,,instructions,801964558,100.00,3.79,insn per cycle
15.037083604,3007284881,,cycles,801950991,100.00,,
15.137332517,30355,,rD044,801919388,100.00,,
15.137332517,76114818,,rFF44,801925788,100.00,,
15.137332517,11732388358,,instructions,801933518,100.00,3.90,insn per cycle
15.137332517,3007082536,,cycles,801944288,100.00,,
15.237583730,36820,,rD044,801893786,100.00,,
15.237583730,74347306,,rFF44,801884646,100.00,,
15.237583730,11496248892,,instructions,801876906,100.00,3.82,insn per cycle
15.237583730,3006974557,,cycles,801874036,100.00,,
15.337830962,30738,,rD044,801972500,100.00,,
15.337830962,75728376,,rFF44,801966930,100.00,,
15.337830962,11664251740,,instructions,801963612,100.00,3.88,insn per cycle
15.337830962,3007355785,,cycles,801964058,100.00,,
15.438087775,36873,,rD044,801995358,100.00,,
15.438087775,73418640,,rFF44,802007868,100.00,,
15.438087775,11379708365,,instructions,802009546,100.00,3.78,insn per cycle
15.438087775,3007466131,,cycles,801999660,100.00,,
15.538336078,28841,,rD044,801968968,100.00,,
15.538336078,75413236,,rFF44,801959648,100.00,,
15.538336078,11613905775,,instructions,801957608,100.00,3.86,insn per cycle
15.538336078,3007377679,,cycles,801970298,100.00,,
15.638583460,37137,,rD044,801916218,100.00,,
15.638583460,74232083,,rFF44,801922458,100.00,,
15.638583460,11477937646,,instructions,801920298,100.00,3.82,insn per cycle
15.638583460,3007131275,,cycles,801909738,100.00,,
15.738828853,34023,,rD044,801950810,100.00,,
15.738828853,75417411,,rFF44,801950510,100.00,,
15.738828853,11625508706,,instructions,801954507,100.00,3.87,insn per cycle
15.738828853,3007341904,,cycles,801960708,100.00,,
15.839082746,32177,,rD044,801948217,100.00,,
15.839082746,73433300,,rFF44,801942807,100.00,,
15.839082746,11375319542,,instructions,801952140,100.00,3.78,insn per cycle
15.839082746,3007269080,,cycles,801946949,100.00,,
15.939327468,36851,,rD044,801874138,100.00,,
15.939327468,74891368,,rFF44,801875288,100.00,,
15.939327468,11568311805,,instructions,801871548,100.00,3.85,insn per cycle
15.939327468,3006981118,,cycles,801871638,100.00,,
16.039574861,29918,,rD044,801910307,100.00,,
16.039574861,75535217,,rFF44,801907307,100.00,,
16.039574861,11649008951,,instructions,801907117,100.00,3.87,insn per cycle
16.039574861,3007090335,,cycles,801899467,100.00,,
16.139821023,37539,,rD044,801948170,100.00,,
16.139821023,74221167,,rFF44,801942910,100.00,,
16.139821023,11492794228,,instructions,801931857,100.00,3.82,insn per cycle
16.139821023,3007266763,,cycles,801940238,100.00,,
16.240072676,30692,,rD044,801959318,100.00,,
16.240072676,75914914,,rFF44,801973558,100.00,,
16.240072676,11713083621,,instructions,801975231,100.00,3.89,insn per cycle
16.240072676,3007368991,,cycles,801973310,100.00,,
16.340316629,36553,,rD044,801907388,100.00,,
16.340316629,74246817,,rFF44,801896198,100.00,,
16.340316629,11488515171,,instructions,801895718,100.00,3.82,insn per cycle
16.340316629,3007073369,,cycles,801895858,100.00,,
16.440557031,29695,,rD044,801851228,100.00,,
16.440557031,75702735,,rFF44,801858838,100.00,,
16.440557031,11675006872,,instructions,801872658,100.00,3.88,insn per cycle
16.440557031,3007013496,,cycles,801878478,100.00,,
16.540805044,37017,,rD044,801981290,100.00,,
16.540805044,74129000,,rFF44,801977610,100.00,,
16.540805044,11467598518,,instructions,801966195,100.00,3.81,insn per cycle
16.540805044,3007366371,,cycles,801966648,100.00,,
16.641081837,30794,,rD044,802136578,100.00,,
16.641081837,75672630,,rFF44,802129508,100.00,,
16.641081837,11661664112,,instructions,802125863,100.00,3.88,insn per cycle
16.641081837,3007924442,,cycles,802121590,100.00,,
16.741326430,36501,,rD044,801937828,100.00,,
16.741326430,74554360,,rFF44,801944168,100.00,,
16.741326430,11520700910,,instructions,801948448,100.00,3.83,insn per cycle
16.741326430,3007306795,,cycles,801951418,100.00,,
16.841565872,30280,,rD044,801765497,100.00,,
16.841565872,75659935,,rFF44,801752647,100.00,,
16.841565872,11650952309,,instructions,801755117,100.00,3.88,insn per cycle
16.841565872,3006495736,,cycles,801748247,100.00,,
16.941810895,37309,,rD044,801965770,100.00,,
16.941810895,73934958,,rFF44,801982113,100.00,,
16.941810895,11436156770,,instructions,801976668,100.00,3.80,insn per cycle
16.941810895,3007413594,,cycles,801979858,100.00,,
17.042059317,30423,,rD044,801919148,100.00,,
17.042059317,75482759,,rFF44,801916605,100.00,,
17.042059317,11627731784,,instructions,801937910,100.00,3.87,insn per cycle
17.042059317,3007260758,,cycles,801944650,100.00,,
17.142309960,36915,,rD044,801990548,100.00,,
17.142309960,74340052,,rFF44,801987168,100.00,,
17.142309960,11489671388,,instructions,801958888,100.00,3.82,insn per cycle
17.142309960,3007346264,,cycles,801961848,100.00,,
17.242553883,36900,,rD044,800760144,100.00,,
17.242553883,73857500,,rFF44,800763874,100.00,,
17.242553883,11431727957,,instructions,800765434,100.00,3.81,insn per cycle
17.242553883,3002764935,,cycles,800747364,100.00,,
17.342798275,30796,,rD044,801867630,100.00,,
17.342798275,75379302,,rFF44,801878123,100.00,,
17.342798275,11621593656,,instructions,801895688,100.00,3.86,insn per cycle
17.342798275,3007127632,,cycles,801913748,100.00,,
17.443058678,37180,,rD044,802079998,100.00,,
17.443058678,73379581,,rFF44,802069695,100.00,,
17.443058678,11372182580,,instructions,802059530,100.00,3.78,insn per cycle
17.443058678,3007668251,,cycles,802047590,100.00,,
17.543301751,30505,,rD044,801863047,100.00,,
17.543301751,75708929,,rFF44,801863387,100.00,,
17.543301751,11678802818,,instructions,801860877,100.00,3.88,insn per cycle
17.543301751,3006958976,,cycles,801863747,100.00,,
17.643545003,36666,,rD044,801946828,100.00,,
17.643545003,74214079,,rFF44,801956348,100.00,,
17.643545003,11486875757,,instructions,801963548,100.00,3.82,insn per cycle
17.643545003,3007353403,,cycles,801963858,100.00,,
17.743791794,31015,,rD044,801917270,100.00,,
17.743791794,75523052,,rFF44,801906694,100.00,,
17.743791794,11652255899,,instructions,801917308,100.00,3.87,insn per cycle
17.743791794,3007165941,,cycles,801919998,100.00,,
17.844049352,37452,,rD044,802042748,100.00,,
17.844049352,74532206,,rFF44,802043894,100.00,,
17.844049352,11523502450,,instructions,802035510,100.00,3.83,insn per cycle
17.844049352,3007617536,,cycles,802034470,100.00,,
17.944295850,30031,,rD044,801827997,100.00,,
17.944295850,75265934,,rFF44,801830017,100.00,,
17.944295850,11603759201,,instructions,801821567,100.00,3.86,insn per cycle
17.944295850,3006757224,,cycles,801817317,100.00,,
18.044538119,36802,,rD044,801935818,100.00,,
18.044538119,74109272,,rFF44,801948828,100.00,,
18.044538119,11476764172,,instructions,801955068,100.00,3.82,insn per cycle
18.044538119,3007318021,,cycles,801954418,100.00,,
18.144787347,29816,,rD044,801927260,100.00,,
18.144787347,75367275,,rFF44,801910586,100.00,,
18.144787347,11611360389,,instructions,801909168,100.00,3.86,insn per cycle
18.144787347,3007166378,,cycles,801919548,100.00,,
18.245042635,36445,,rD044,802041448,100.00,,
18.245042635,74366071,,rFF44,802053042,100.00,,
18.245042635,11495181727,,instructions,802051920,100.00,3.82,insn per cycle
18.245042635,3007658154,,cycles,802045150,100.00,,
18.345293524,30277,,rD044,801896558,100.00,,
18.345293524,75553474,,rFF44,801878298,100.00,,
18.345293524,11632978988,,instructions,801885798,100.00,3.87,insn per cycle
18.345293524,3007023958,,cycles,801888158,100.00,,
18.445541652,37977,,rD044,802004118,100.00,,
18.445541652,74176025,,rFF44,802018928,100.00,,
18.445541652,11470096620,,instructions,802010068,100.00,3.81,insn per cycle
18.445541652,3007484375,,cycles,801998658,100.00,,
18.545786530,30638,,rD044,801863240,100.00,,
18.545786530,75780018,,rFF44,801858798,100.00,,
18.545786530,11675246030,,instructions,801861988,100.00,3.88,insn per cycle
18.545786530,3006985156,,cycles,801871148,100.00,,
18.646068559,36857,,rD044,802262048,100.00,,
18.646068559,73983026,,rFF44,802266100,100.00,,
18.646068559,11438125391,,instructions,802267664,100.00,3.80,insn per cycle
18.646068559,3008468973,,cycles,802261708,100.00,,
18.746311247,36713,,rD044,801864568,100.00,,
18.746311247,74207804,,rFF44,801862708,100.00,,
18.746311247,11477264189,,instructions,801860634,100.00,3.82,insn per cycle
18.746311247,3006969202,,cycles,801866690,100.00,,
18.846557545,30728,,rD044,801952108,100.00,,
18.846557545,75650836,,rFF44,801943208,100.00,,
18.846557545,11665069741,,instructions,801947698,100.00,3.88,insn per cycle
18.846557545,3007312747,,cycles,801952728,100.00,,
18.946801133,36896,,rD044,801808866,100.00,,
18.946801133,73918020,,rFF44,801818107,100.00,,
18.946801133,11440048111,,instructions,801818547,100.00,3.80,insn per cycle
18.946801133,3006760433,,cycles,801818327,100.00,,
19.047056562,30153,,rD044,802025771,100.00,,
19.047056562,75172836,,rFF44,802019750,100.00,,
19.047056562,11597137844,,instructions,802017722,100.00,3.86,insn per cycle
19.047056562,3007542253,,cycles,802014658,100.00,,
19.147301000,37091,,rD044,801821906,100.00,,
19.147301000,73483790,,rFF44,801828726,100.00,,
19.147301000,11395361185,,instructions,801828494,100.00,3.79,insn per cycle
19.147301000,3006621279,,cycles,801828068,100.00,,
19.247550268,30571,,rD044,801985758,100.00,,
19.247550268,75154317,,rFF44,801979368,100.00,,
19.247550268,11592372354,,instructions,801977198,100.00,3.85,insn per cycle
19.247550268,3007414269,,cycles,801980138,100.00,,
19.347794176,37304,,rD044,801862158,100.00,,
19.347794176,73838352,,rFF44,801873228,100.00,,
19.347794176,11432729111,,instructions,801871038,100.00,3.80,insn per cycle
19.347794176,3006955228,,cycles,801870368,100.00,,
19.448052295,30454,,rD044,802050850,100.00,,
19.448052295,75497677,,rFF44,802034040,100.00,,
19.448052295,11637611843,,instructions,802034034,100.00,3.87,insn per cycle
19.448052295,3007581572,,cycles,802023758,100.00,,
19.548292443,36553,,rD044,801850958,100.00,,
19.548292443,74344057,,rFF44,801855378,100.00,,
19.548292443,11500957595,,instructions,801857644,100.00,3.82,insn per cycle
19.548292443,3006973621,,cycles,801868540,100.00,,
19.648537691,31252,,rD044,801950778,100.00,,
19.648537691,75436478,,rFF44,801959878,100.00,,
19.648537691,11620598493,,instructions,801967838,100.00,3.86,insn per cycle
19.648537691,3007355929,,cycles,801964758,100.00,,
19.748784629,36442,,rD044,801903248,100.00,,
19.748784629,74562436,,rFF44,801900748,100.00,,
19.748784629,11527677038,,instructions,801891578,100.00,3.83,insn per cycle
19.748784629,3007044225,,cycles,801886258,100.00,,
19.849028218,30401,,rD044,801851540,100.00,,
19.849028218,75599710,,rFF44,801847090,100.00,,
19.849028218,11641373307,,instructions,801863810,100.00,3.87,insn per cycle
19.849028218,3006963874,,cycles,801867918,100.00,,
19.949279096,36829,,rD044,802021168,100.00,,
19.949279096,73912385,,rFF44,802035048,100.00,,
19.949279096,11443781743,,instructions,802022518,100.00,3.80,insn per cycle
19.949279096,3007574133,,cycles,802022630,100.00,,
20.049529064,29795,,rD044,801932768,100.00,,
20.049529064,75469930,,rFF44,801928008,100.00,,
20.049529064,11628555788,,instructions,801930098,100.00,3.87,insn per cycle
20.049529064,3007240915,,cycles,801939278,100.00,,
20.149781413,38326,,rD044,802006088,100.00,,
20.149781413,74950319,,rFF44,802012658,100.00,,
20.149781413,11573641562,,instructions,802020178,100.00,3.85,insn per cycle
20.149781413,3007544681,,cycles,802014728,100.00,,
20.250038461,36686,,rD044,801968930,100.00,,
20.250038461,73774245,,rFF44,801953110,100.00,,
20.250038461,11408269529,,instructions,801942267,100.00,3.79,insn per cycle
20.250038461,3007205041,,cycles,801929708,100.00,,
20.350281599,30215,,rD044,801931808,100.00,,
20.350281599,75038295,,rFF44,801926558,100.00,,
20.350281599,11571236340,,instructions,801926031,100.00,3.85,insn per cycle
20.350281599,3007239707,,cycles,801933080,100.00,,
20.450525937,37030,,rD044,801869578,100.00,,
20.450525937,74271307,,rFF44,801876078,100.00,,
20.450525937,11481235627,,instructions,801874948,100.00,3.82,insn per cycle
20.450525937,3006983879,,cycles,801878228,100.00,,
20.550774626,30207,,rD044,801989668,100.00,,
20.550774626,75398778,,rFF44,801995848,100.00,,
20.550774626,11632741383,,instructions,801996958,100.00,3.87,insn per cycle
20.550774626,3007475729,,cycles,801996498,100.00,,
20.651019924,37477,,rD044,801876079,100.00,,
20.651019924,73897574,,rFF44,801876519,100.00,,
20.651019924,11434867580,,instructions,801875793,100.00,3.80,insn per cycle
20.651019924,3006990954,,cycles,801872227,100.00,,
20.751271032,30242,,rD044,802010578,100.00,,
20.751271032,75784220,,rFF44,802005548,100.00,,
20.751271032,11687869369,,instructions,802004054,100.00,3.89,insn per cycle
20.751271032,3007481834,,cycles,801997860,100.00,,
20.851517150,37435,,rD044,801913498,100.00,,
20.851517150,74281154,,rFF44,801922398,100.00,,
20.851517150,11493073359,,instructions,801922618,100.00,3.82,insn per cycle
20.851517150,3007207846,,cycles,801930538,100.00,,
20.951768919,30107,,rD044,801902138,100.00,,
20.951768919,75455867,,rFF44,801875108,100.00,,
20.951768919,11629820233,,instructions,801877398,100.00,3.87,insn per cycle
20.951768919,3007015265,,cycles,801881028,100.00,,
21.052011667,37272,,rD044,801889470,100.00,,
21.052011667,74953471,,rFF44,801909080,100.00,,
21.052011667,11566864074,,instructions,801913536,100.00,3.85,insn per cycle
21.052011667,3007139212,,cycles,801911818,100.00,,
21.152262265,30591,,rD044,801998388,100.00,,
21.152262265,75713736,,rFF44,801991648,100.00,,
21.152262265,11659183835,,instructions,801985612,100.00,3.88,insn per cycle
21.152262265,3007424438,,cycles,801983110,100.00,,
21.252509054,37331,,rD044,801897928,100.00,,
21.252509054,73768901,,rFF44,801904348,100.00,,
21.252509054,11415473580,,instructions,801909078,100.00,3.80,insn per cycle
21.252509054,3007180462,,cycles,801923128,100.00,,
21.352758762,29702,,rD044,801996038,100.00,,
21.352758762,75377277,,rFF44,801997738,100.00,,
21.352758762,11609420569,,instructions,801986258,100.00,3.86,insn per cycle
21.352758762,3007390540,,cycles,801973658,100.00,,
21.453008070,37331,,rD044,801892830,100.00,,
21.453008070,73952642,,rFF44,801891190,100.00,,
21.453008070,11443992489,,instructions,801896547,100.00,3.81,insn per cycle
21.453008070,3007066049,,cycles,801900808,100.00,,
21.553253398,36121,,rD044,801948698,100.00,,
21.553253398,73569388,,rFF44,801934198,100.00,,
21.553253398,11400997030,,instructions,801931991,100.00,3.79,insn per cycle
21.553253398,3007227314,,cycles,801929960,100.00,,
21.653495306,31535,,rD044,801865268,100.00,,
21.653495306,75479809,,rFF44,801876088,100.00,,
21.653495306,11634410411,,instructions,801880868,100.00,3.87,insn per cycle
21.653495306,3007001652,,cycles,801875618,100.00,,
21.753741665,37394,,rD044,801960968,100.00,,
21.753741665,74386541,,rFF44,801946308,100.00,,
21.753741665,11502470001,,instructions,801943748,100.00,3.82,insn per cycle
21.753741665,3007302353,,cycles,801949828,100.00,,
21.853984263,31542,,rD044,801891590,100.00,,
21.853984263,75609901,,rFF44,801910530,100.00,,
21.853984263,11662520350,,instructions,801915852,100.00,3.88,insn per cycle
21.853984263,3007141050,,cycles,801913078,100.00,,
21.954233461,37031,,rD044,801911618,100.00,,
21.954233461,74339956,,rFF44,801913778,100.00,,
21.954233461,11500266050,,instructions,801901836,100.00,3.82,insn per cycle
21.954233461,3007084671,,cycles,801898830,100.00,,
22.054480029,30173,,rD044,801885487,100.00,,
22.054480029,75326158,,rFF44,801874637,100.00,,
22.054480029,11621042240,,instructions,801878817,100.00,3.86,insn per cycle
22.054480029,3007010181,,cycles,801878507,100.00,,
22.154720498,36491,,rD044,801915997,100.00,,
22.154720498,74144957,,rFF44,801916448,100.00,,
22.154720498,11456939058,,instructions,801913638,100.00,3.81,insn per cycle
22.154720498,3007147324,,cycles,801908608,100.00,,
22.254961796,30145,,rD044,801872630,100.00,,
22.254961796,75343886,,rFF44,801873769,100.00,,
22.254961796,11616606320,,instructions,801881149,100.00,3.86,insn per cycle
22.254961796,3007041610,,cycles,801886664,100.00,,
22.355209384,36787,,rD044,801970228,100.00,,
22.355209384,74320419,,rFF44,801976838,100.00,,
22.355209384,11497471109,,instructions,801979918,100.00,3.82,insn per cycle
22.355209384,3007453322,,cycles,801989843,100.00,,
22.455458462,29787,,rD044,801889728,100.00,,
22.455458462,75652121,,rFF44,801886678,100.00,,
22.455458462,11655964577,,instructions,801887228,100.00,3.88,insn per cycle
22.455458462,3006952995,,cycles,801870588,100.00,,
22.555706031,37976,,rD044,801982356,100.00,,
22.555706031,74659888,,rFF44,801988658,100.00,,
22.555706031,11529009554,,instructions,801986798,100.00,3.83,insn per cycle
22.555706031,3007499637,,cycles,802002998,100.00,,
22.655960349,31657,,rD044,802019582,100.00,,
22.655960349,75664918,,rFF44,802008750,100.00,,
22.655960349,11650057972,,instructions,802002470,100.00,3.87,insn per cycle
22.655960349,3007459372,,cycles,801992198,100.00,,
22.756206147,37077,,rD044,801898868,100.00,,
22.756206147,74462301,,rFF44,801911988,100.00,,
22.756206147,11506558713,,instructions,801910048,100.00,3.83,insn per cycle
22.756206147,3007147187,,cycles,801913810,100.00,,
22.856453035,30285,,rD044,801878458,100.00,,
22.856453035,75477132,,rFF44,801874338,100.00,,
22.856453035,11627887267,,instructions,801881518,100.00,3.87,insn per cycle
22.856453035,3007023749,,cycles,801883638,100.00,,
22.956703534,37576,,rD044,801929908,100.00,,
22.956703534,74750163,,rFF44,801930588,100.00,,
22.956703534,11546108095,,instructions,801936858,100.00,3.84,insn per cycle
22.956703534,3007210016,,cycles,801939138,100.00,,
23.056953372,37678,,rD044,801986070,100.00,,
23.056953372,74244613,,rFF44,801984810,100.00,,
23.056953372,11480485899,,instructions,801980140,100.00,3.82,insn per cycle
23.056953372,3007391035,,cycles,801973698,100.00,,
23.157199260,30205,,rD044,801858978,100.00,,
23.157199260,75462808,,rFF44,801867928,100.00,,
23.157199260,11636774402,,instructions,801881078,100.00,3.87,insn per cycle
23.157199260,3006858681,,cycles,801886030,100.00,,
23.257451869,38079,,rD044,802005238,100.00,,
23.257451869,73925018,,rFF44,801997228,100.00,,
23.257451869,11427700767,,instructions,801976018,100.00,3.80,insn per cycle
23.257451869,3007403773,,cycles,801977208,100.00,,
23.357698967,30518,,rD044,801889248,100.00,,
23.357698967,75335339,,rFF44,801886018,100.00,,
23.357698967,11622749350,,instructions,801882388,100.00,3.87,insn per cycle
23.357698967,3007000191,,cycles,801875248,100.00,,
23.457944745,36303,,rD044,801927850,100.00,,
23.457944745,73457972,,rFF44,801929740,100.00,,
23.457944745,11387377449,,instructions,801946721,100.00,3.79,insn per cycle
23.457944745,3007277780,,cycles,801949738,100.00,,
23.558192673,30306,,rD044,801923768,100.00,,
23.558192673,75515983,,rFF44,801917758,100.00,,
23.558192673,11648469194,,instructions,801906587,100.00,3.87,insn per cycle
23.558192673,3007120068,,cycles,801906340,100.00,,
23.658434951,36421,,rD044,801937948,100.00,,
23.658434951,73566369,,rFF44,801935988,100.00,,
23.658434951,11397036344,,instructions,801945908,100.00,3.79,insn per cycle
23.658434951,3007322112,,cycles,801955588,100.00,,
23.758686410,30072,,rD044,801934607,100.00,,
23.758686410,75343965,,rFF44,801940747,100.00,,
23.758686410,11614072882,,instructions,801942447,100.00,3.86,insn per cycle
23.758686410,3007220779,,cycles,801933727,100.00,,
23.858937858,36463,,rD044,801993680,100.00,,
23.858937858,73438388,,rFF44,801979720,100.00,,
23.858937858,11376177438,,instructions,801960571,100.00,3.78,insn per cycle
23.858937858,3007300311,,cycles,801949848,100.00,,
23.959180796,29844,,rD044,801805937,100.00,,
23.959180796,75628369,,rFF44,801820577,100.00,,
23.959180796,11650242613,,instructions,801823096,100.00,3.87,insn per cycle
23.959180796,3006794442,,cycles,801827459,100.00,,
24.059425825,38845,,rD044,801943428,100.00,,
24.059425825,74081690,,rFF44,801939458,100.00,,
24.059425825,11460535640,,instructions,801943898,100.00,3.81,insn per cycle
24.059425825,3007324915,,cycles,801956018,100.00,,
24.159673783,29917,,rD044,801936348,100.00,,
24.159673783,75485247,,rFF44,801951518,100.00,,
24.159673783,11624164766,,instructions,801961378,100.00,3.87,insn per cycle
24.159673783,3007322456,,cycles,801961308,100.00,,
24.259926241,37545,,rD044,802267590,100.00,,
24.259926241,74122213,,rFF44,802255868,100.00,,
24.259926241,11465555499,,instructions,802244998,100.00,3.81,insn per cycle
24.259926241,3008376403,,cycles,802236588,100.00,,
24.360203590,31392,,rD044,801882998,100.00,,
24.360203590,75345796,,rFF44,801889550,100.00,,
24.360203590,11610482202,,instructions,801900320,100.00,3.86,insn per cycle
24.360203590,3007102048,,cycles,801902410,100.00,,
24.460454048,37329,,rD044,801974277,100.00,,
24.460454048,74509911,,rFF44,801965027,100.00,,
24.460454048,11503048457,,instructions,801953097,100.00,3.83,insn per cycle
24.460454048,3007268931,,cycles,801949097,100.00,,
24.560697086,36384,,rD044,801885018,100.00,,
24.560697086,72948390,,rFF44,801887598,100.00,,
24.560697086,11309955082,,instructions,801896118,100.00,3.76,insn per cycle
24.560697086,3007106600,,cycles,801903488,100.00,,
24.660944435,29794,,rD044,801963800,100.00,,
24.660944435,75561199,,rFF44,801958905,100.00,,
24.660944435,11651741063,,instructions,801955108,100.00,3.87,insn per cycle
24.660944435,3007322103,,cycles,801955088,100.00,,
24.761188803,37581,,rD044,801889788,100.00,,
24.761188803,74558057,,rFF44,801895553,100.00,,
24.761188803,11523689552,,instructions,801904510,100.00,3.83,insn per cycle
24.761188803,3007095547,,cycles,801901140,100.00,,
24.861439281,29632,,rD044,801924788,100.00,,
24.861439281,75549584,,rFF44,801921008,100.00,,
24.861439281,11656298775,,instructions,801908568,100.00,3.88,insn per cycle
24.861439281,3007086714,,cycles,801899008,100.00,,
24.961684199,36300,,rD044,801875228,100.00,,
24.961684199,74361628,,rFF44,801882468,100.00,,
24.961684199,11509567054,,instructions,801898188,100.00,3.83,insn per cycle
24.961684199,3007123227,,cycles,801907868,100.00,,
25.061940968,30349,,rD044,802040940,100.00,,
25.061940968,75562041,,rFF44,802030757,100.00,,
25.061940968,11654029362,,instructions,802017218,100.00,3.87,insn per cycle
25.061940968,3007518453,,cycles,802007828,100.00,,
25.162182106,36987,,rD044,801869468,100.00,,
25.162182106,74252100,,rFF44,801882611,100.00,,
25.162182106,11480132953,,instructions,801886130,100.00,3.82,insn per cycle
25.162182106,3007092449,,cycles,801899250,100.00,,
25.262434514,30154,,rD044,801997828,100.00,,
25.262434514,75210510,,rFF44,801983968,100.00,,
25.262434514,11591847308,,instructions,801980858,100.00,3.85,insn per cycle
25.262434514,3007416237,,cycles,801980808,100.00,,
25.362676382,37077,,rD044,801871967,100.00,,
25.362676382,74480442,,rFF44,801876237,100.00,,
25.362676382,11509088800,,instructions,801874967,100.00,3.83,insn per cycle
25.362676382,3006985452,,cycles,801870947,100.00,,
25.462924431,30582,,rD044,802207776,100.00,,
25.462924431,75164646,,rFF44,802207648,100.00,,
25.462924431,11577603531,,instructions,802217788,100.00,3.85,insn per cycle
25.462924431,3008306060,,cycles,802217618,100.00,,
25.563204139,36961,,rD044,801975782,100.00,,
25.563204139,73934707,,rFF44,801979660,100.00,,
25.563204139,11426262692,,instructions,801975220,100.00,3.80,insn per cycle
25.563204139,3007374651,,cycles,801976937,100.00,,
25.663448467,29291,,rD044,801881758,100.00,,
25.663448467,75163328,,rFF44,801877388,100.00,,
25.663448467,11575718113,,instructions,801868908,100.00,3.85,insn per cycle
25.663448467,3006989273,,cycles,801871761,100.00,,
25.763694826,37587,,rD044,801967798,100.00,,
25.763694826,74464629,,rFF44,801980198,100.00,,
25.763694826,11511341538,,instructions,801979328,100.00,3.83,insn per cycle
25.763694826,3007379654,,cycles,801970818,100.00,,
25.863936124,34615,,rD044,801777064,100.00,,
25.863936124,74689041,,rFF44,801762478,100.00,,
25.863936124,11528013539,,instructions,801770718,100.00,3.83,insn per cycle
25.863936124,3006594011,,cycles,801773098,100.00,,
25.964182492,33163,,rD044,801964644,100.00,,
25.964182492,75036490,,rFF44,801969840,100.00,,
25.964182492,11586008277,,instructions,801971550,100.00,3.85,insn per cycle
25.964182492,3007363680,,cycles,801966930,100.00,,
26.064426960,36841,,rD044,801898008,100.00,,
26.064426960,74336230,,rFF44,801887548,100.00,,
26.064426960,11493793234,,instructions,801879988,100.00,3.82,insn per cycle
26.064426960,3007029497,,cycles,801882818,100.00,,
26.164668769,30503,,rD044,801943298,100.00,,
26.164668769,75344345,,rFF44,801961738,100.00,,
26.164668769,11619878439,,instructions,801963398,100.00,3.86,insn per cycle
26.164668769,3007359733,,cycles,801965238,100.00,,
26.264915227,36743,,rD044,801931253,100.00,,
26.264915227,73550872,,rFF44,801936578,100.00,,
26.264915227,11400429016,,instructions,801931348,100.00,3.79,insn per cycle
26.264915227,3007195856,,cycles,801927668,100.00,,
26.365167325,29910,,rD044,801985875,100.00,,
26.365167325,75019427,,rFF44,801978880,100.00,,
26.365167325,11573605247,,instructions,801986090,100.00,3.85,insn per cycle
26.365167325,3007457428,,cycles,801991000,100.00,,
26.465418933,37607,,rD044,801918638,100.00,,
26.465418933,73471890,,rFF44,801916388,100.00,,
26.465418933,11385585983,,instructions,801916818,100.00,3.79,insn per cycle
26.465418933,3007134288,,cycles,801910808,100.00,,
26.565663102,29650,,rD044,801929248,100.00,,
26.565663102,75360968,,rFF44,801926078,100.00,,
26.565663102,11621715952,,instructions,801931668,100.00,3.86,insn per cycle
26.565663102,3007205667,,cycles,801932078,100.00,,
26.665907920,37253,,rD044,801914394,100.00,,
26.665907920,73476551,,rFF44,802078148,100.00,,
26.665907920,11381593565,,instructions,802070478,100.00,3.78,insn per cycle
26.665907920,3007745316,,cycles,802073858,100.00,,
26.766179518,30161,,rD044,802139884,100.00,,
26.766179518,75353597,,rFF44,801979330,100.00,,
26.766179518,11613335494,,instructions,801970320,100.00,3.86,insn per cycle
26.766179518,3007339051,,cycles,801959838,100.00,,
26.866423637,36604,,rD044,801893848,100.00,,
26.866423637,74603952,,rFF44,801890248,100.00,,
26.866423637,11531180858,,instructions,801905348,100.00,3.83,insn per cycle
26.866423637,3007152745,,cycles,801915740,100.00,,
26.966671585,30685,,rD044,801883688,100.00,,
26.966671585,75869615,,rFF44,801882748,100.00,,
26.966671585,11684878903,,instructions,801886808,100.00,3.89,insn per cycle
26.966671585,3007048847,,cycles,801889738,100.00,,
27.066935743,37691,,rD044,801949466,100.00,,
27.066935743,74747237,,rFF44,801941216,100.00,,
27.066935743,11541878251,,instructions,801939566,100.00,3.84,insn per cycle
27.066935743,3007065030,,cycles,801944606,100.00,,
27.167178101,30742,,rD044,801940590,100.00,,
27.167178101,75593697,,rFF44,801953840,100.00,,
27.167178101,11643108684,,instructions,801951354,100.00,3.87,insn per cycle
27.167178101,3007324585,,cycles,801955988,100.00,,
27.267428820,37064,,rD044,801927848,100.00,,
27.267428820,74346517,,rFF44,801922958,100.00,,
27.267428820,11481623879,,instructions,801927094,100.00,3.82,insn per cycle
27.267428820,3007144125,,cycles,801913080,100.00,,
27.367675888,34043,,rD044,801972518,100.00,,
27.367675888,72614834,,rFF44,801964338,100.00,,
27.367675888,11277372528,,instructions,801955968,100.00,3.75,insn per cycle
27.367675888,3007307626,,cycles,801952018,100.00,,
27.467918086,32427,,rD044,800742154,100.00,,
27.467918086,75695199,,rFF44,800752894,100.00,,
27.467918086,11667002515,,instructions,800748264,100.00,3.89,insn per cycle
27.467918086,3002735751,,cycles,800745734,100.00,,
27.568168005,37243,,rD044,801921740,100.00,,
27.568168005,73529654,,rFF44,801921960,100.00,,
27.568168005,11398140931,,instructions,801921884,100.00,3.79,insn per cycle
27.568168005,3007199081,,cycles,801928258,100.00,,
27.668408953,29488,,rD044,801846848,100.00,,
27.668408953,74981735,,rFF44,801839138,100.00,,
27.668408953,11563543913,,instructions,801851094,100.00,3.85,insn per cycle
27.668408953,3006930524,,cycles,801855850,100.00,,
27.768654871,36698,,rD044,801960978,100.00,,
27.768654871,73638112,,rFF44,801963768,100.00,,
27.768654871,11410120968,,instructions,801954228,100.00,3.79,insn per cycle
27.768654871,3007313398,,cycles,801952978,100.00,,
27.868899279,29841,,rD044,801821597,100.00,,
27.868899279,75326639,,rFF44,801878638,100.00,,
27.868899279,11621380466,,instructions,801881418,100.00,3.86,insn per cycle
27.868899279,3006979827,,cycles,801876298,100.00,,
27.969153897,37196,,rD044,801987181,100.00,,
27.969153897,74185666,,rFF44,801936870,100.00,,
27.969153897,11474514100,,instructions,801947871,100.00,3.82,insn per cycle
27.969153897,3007307329,,cycles,801952548,100.00,,
28.069398956,29849,,rD044,801901438,100.00,,
28.069398956,75269359,,rFF44,801887448,100.00,,
28.069398956,11607250206,,instructions,801867327,100.00,3.86,insn per cycle
28.069398956,3006920681,,cycles,801854080,100.00,,
28.169637654,36497,,rD044,801910038,100.00,,
28.169637654,74256531,,rFF44,801916438,100.00,,
28.169637654,11481265151,,instructions,801925998,100.00,3.82,insn per cycle
28.169637654,3007249337,,cycles,801935388,100.00,,
28.269887832,30247,,rD044,802000337,100.00,,
28.269887832,75603508,,rFF44,802065428,100.00,,
28.269887832,11650744608,,instructions,802082318,100.00,3.87,insn per cycle
28.269887832,3007816882,,cycles,802087618,100.00,,
28.370143291,37299,,rD044,801959720,100.00,,
28.370143291,73779593,,rFF44,801894559,100.00,,
28.370143291,11424367533,,instructions,801875970,100.00,3.80,insn per cycle
28.370143291,3006982595,,cycles,801870247,100.00,,
28.470389379,29880,,rD044,801957028,100.00,,
28.470389379,75361465,,rFF44,801951408,100.00,,
28.470389379,11605803578,,instructions,801945087,100.00,3.86,insn per cycle
28.470389379,3007306668,,cycles,801951630,100.00,,
28.570634207,36214,,rD044,801887587,100.00,,
28.570634207,74189105,,rFF44,801906797,100.00,,
28.570634207,11473506499,,instructions,801915857,100.00,3.82,insn per cycle
28.570634207,3007119090,,cycles,801914227,100.00,,
28.670878795,30375,,rD044,801970017,100.00,,
28.670878795,75426321,,rFF44,802003658,100.00,,
28.670878795,11618916904,,instructions,802197758,100.00,3.86,insn per cycle
28.670878795,3008244096,,cycles,802200768,100.00,,
28.771159464,37678,,rD044,802155211,100.00,,
28.771159464,74571965,,rFF44,802114235,100.00,,
28.771159464,11518622844,,instructions,801913918,100.00,3.83,insn per cycle
28.771159464,3007115746,,cycles,801906148,100.00,,
28.871402762,36829,,rD044,801855118,100.00,,
28.871402762,74342840,,rFF44,801843393,100.00,,
28.871402762,11497318827,,instructions,801844360,100.00,3.82,insn per cycle
28.871402762,3006899957,,cycles,801850530,100.00,,
28.971651580,29851,,rD044,801919368,100.00,,
28.971651580,75327605,,rFF44,801926768,100.00,,
28.971651580,11612891029,,instructions,801926908,100.00,3.86,insn per cycle
28.971651580,3007204296,,cycles,801929348,100.00,,
29.071896459,176392,,rD044,797344811,100.00,,
29.071896459,63781577,,rFF44,797391781,100.00,,
29.071896459,10053409617,,instructions,797399971,100.00,3.36,insn per cycle
29.071896459,2990101537,,cycles,797386211,100.00,,
29.076712405,47448,,rD044,19713128,100.00,,
29.076712405,362020,,rFF44,19464728,100.00,,
29.076712405,58558773,,instructions,19298278,100.00,0.82,insn per cycle
29.076712405,71774326,,cycles,19147988,100.00,,
