0.100112459,3801871,,rD044,89180017,100.00,,
0.100112459,17606386,,rFF44,89186247,100.00,,
0.100112459,383587399,,instructions,89191277,100.00,1.16,insn per cycle
0.100112459,330522946,,cycles,89196268,100.00,,
0.200339840,5457787,,rD044,100223686,100.00,,
0.200339840,23905500,,rFF44,100223356,100.00,,
0.200339840,503776437,,instructions,100223836,100.00,1.34,insn per cycle
0.200339840,375839437,,cycles,100224425,100.00,,
0.300530491,5479427,,rD044,100188716,100.00,,
0.300530491,23973126,,rFF44,100188996,100.00,,
0.300530491,505196524,,instructions,100188496,100.00,1.34,insn per cycle
0.300530491,375702369,,cycles,100187436,100.00,,
0.400717171,6609066,,rD044,100187175,100.00,,
0.400717171,28599673,,rFF44,100186895,100.00,,
0.400717171,135986489,,instructions,100186935,100.00,0.36,insn per cycle
0.400717171,375699644,,cycles,100186935,100.00,,
0.500909462,6918665,,rD044,100178076,100.00,,
0.500909462,30151782,,rFF44,100178316,100.00,,
0.500909462,37615196,,instructions,100178476,100.00,0.10,insn per cycle
0.500909462,375642597,,cycles,100178896,100.00,,
0.601104042,11287119,,rD044,2707822827,100.00,,
0.601104042,219649064,,rFF44,2731603312,100.00,,
0.601104042,31702542159,,instructions,2751085550,100.00,3.05,insn per cycle
0.601104042,10381875161,,cycles,2769572316,100.00,,
0.702591768,17463867,,rD044,6490010084,100.00,,
0.702591768,495655648,,rFF44,6479898050,100.00,,
0.702591768,76660982240,,instructions,6473739358,100.00,3.16,insn per cycle
0.702591768,24288333650,,cycles,6476914406,100.00,,
0.803797930,17407139,,rD044,6480505277,100.00,,
0.803797930,497980444,,rFF44,6488659271,100.00,,
0.803797930,77333261110,,instructions,6494365462,100.00,3.18,insn per cycle
0.803797930,24342869910,,cycles,6491480734,100.00,,
0.905264566,16859199,,rD044,6493631793,100.00,,
0.905264566,501981302,,rFF44,6493133532,100.00,,
0.905264566,77693203886,,instructions,6493817684,100.00,3.19,insn per cycle
0.905264566,24349059192,,cycles,6493136644,100.00,,
1.006673190,16560140,,rD044,6489237420,100.00,,
1.006673190,502561947,,rFF44,6488244696,100.00,,
1.006673190,77731629343,,instructions,6486893960,100.00,3.20,insn per cycle
1.006673190,24324784856,,cycles,6486631049,100.00,,
1.108034304,16253557,,rD044,6487725365,100.00,,
1.108034304,501364311,,rFF44,6487595132,100.00,,
1.108034304,77608752131,,instructions,6487918776,100.00,3.19,insn per cycle
1.108034304,24331972749,,cycles,6488551835,100.00,,
1.209424888,16156052,,rD044,6488483889,100.00,,
1.209424888,502739061,,rFF44,6488289625,100.00,,
1.209424888,77763293550,,instructions,6488125753,100.00,3.20,insn per cycle
1.209424888,24330802559,,cycles,6488262048,100.00,,
1.310790533,15511898,,rD044,6488634530,100.00,,
1.310790533,501972216,,rFF44,6491257284,100.00,,
1.310790533,77695557784,,instructions,6491550588,100.00,3.19,insn per cycle
1.310790533,24340786052,,cycles,6490897812,100.00,,
1.412227778,16275402,,rD044,6490198642,100.00,,
1.412227778,501160369,,rFF44,6486558472,100.00,,
1.412227778,77562523646,,instructions,6485628415,100.00,3.19,insn per cycle
1.412227778,24324127884,,cycles,6486582740,100.00,,
1.513585511,15625877,,rD044,6487580765,100.00,,
1.513585511,502803648,,rFF44,6490162882,100.00,,
1.513585511,77803730080,,instructions,6492123201,100.00,3.20,insn per cycle
1.513585511,24343973839,,cycles,6491748918,100.00,,
1.615011056,15861509,,rD044,6491628676,100.00,,
1.615011056,501831807,,rFF44,6491832877,100.00,,
1.615011056,77650709754,,instructions,6490108260,100.00,3.19,insn per cycle
1.615011056,24336996735,,cycles,6489886941,100.00,,
1.716429101,15809637,,rD044,6489699514,100.00,,
1.716429101,502776217,,rFF44,6489476402,100.00,,
1.716429101,77781765348,,instructions,6490032941,100.00,3.20,insn per cycle
1.716429101,24334902412,,cycles,6489353579,100.00,,
1.817823985,15738955,,rD044,6488141836,100.00,,
1.817823985,501724334,,rFF44,6486701627,100.00,,
1.817823985,77635435468,,instructions,6486409058,100.00,3.19,insn per cycle
1.817823985,24329074352,,cycles,6487886472,100.00,,
1.919205640,15519228,,rD044,6488813530,100.00,,
1.919205640,499082582,,rFF44,6487794364,100.00,,
1.919205640,77335883151,,instructions,6487701114,100.00,3.18,insn per cycle
1.919205640,24329464037,,cycles,6487878765,100.00,,
2.020563584,15710434,,rD044,6487086375,100.00,,
2.020563584,503016895,,rFF44,6488816037,100.00,,
2.020563584,77806701928,,instructions,6489417830,100.00,3.20,insn per cycle
2.020563584,24332211821,,cycles,6488629676,100.00,,
2.121965025,15669101,,rD044,6490215630,100.00,,
2.121965025,501201946,,rFF44,6489939780,100.00,,
2.121965025,77582694694,,instructions,6488881939,100.00,3.19,insn per cycle
2.121965025,24337192431,,cycles,6489994713,100.00,,
2.223382196,15683736,,rD044,6489834147,100.00,,
2.223382196,502901240,,rFF44,6490665308,100.00,,
2.223382196,77822780816,,instructions,6492973712,100.00,3.20,insn per cycle
2.223382196,24341831897,,cycles,6491195033,100.00,,
2.324786337,16390935,,rD044,6490383510,100.00,,
2.324786337,502170037,,rFF44,6489897528,100.00,,
2.324786337,77677581711,,instructions,6487871961,100.00,3.19,insn per cycle
2.324786337,24328937923,,cycles,6487738367,100.00,,
2.426161808,15966268,,rD044,6487868289,100.00,,
2.426161808,501867456,,rFF44,6487259202,100.00,,
2.426161808,77655890022,,instructions,6486544533,100.00,3.19,insn per cycle
2.426161808,24323660288,,cycles,6486335156,100.00,,
2.527523588,15560042,,rD044,6485999269,100.00,,
2.527523588,502824976,,rFF44,6485070904,100.00,,
2.527523588,77780886342,,instructions,6485797535,100.00,3.20,insn per cycle
2.527523588,24329931880,,cycles,6488002905,100.00,,
2.628897699,15817175,,rD044,6488951965,100.00,,
2.628897699,502142732,,rFF44,6490603682,100.00,,
2.628897699,77749579086,,instructions,6493840785,100.00,3.19,insn per cycle
2.628897699,24353364863,,cycles,6494252847,100.00,,
2.730382251,15773608,,rD044,6494197748,100.00,,
2.730382251,502887703,,rFF44,6493094199,100.00,,
2.730382251,77763427111,,instructions,6489939918,100.00,3.20,insn per cycle
2.730382251,24333651454,,cycles,6489063564,100.00,,
2.831773432,15798229,,rD044,6489091491,100.00,,
2.831773432,501656741,,rFF44,6491604027,100.00,,
2.831773432,77638010862,,instructions,6491690423,100.00,3.19,insn per cycle
2.831773432,24335592770,,cycles,6489763478,100.00,,
2.933175773,15541831,,rD044,6488757485,100.00,,
2.933175773,501726562,,rFF44,6485866416,100.00,,
2.933175773,77653033988,,instructions,6486822778,100.00,3.19,insn per cycle
2.933175773,24332772763,,cycles,6488764858,100.00,,
3.034569603,15589392,,rD044,6489801212,100.00,,
3.034569603,503056206,,rFF44,6491342476,100.00,,
3.034569603,77803544755,,instructions,6490852885,100.00,3.20,insn per cycle
3.034569603,24337268834,,cycles,6490000781,100.00,,
3.135972114,15504561,,rD044,6488976300,100.00,,
3.135972114,501957299,,rFF44,6489196898,100.00,,
3.135972114,77688027179,,instructions,6489471282,100.00,3.19,insn per cycle
3.135972114,24337078551,,cycles,6489942140,100.00,,
3.237403386,15181838,,rD044,6490703435,100.00,,
3.237403386,503354626,,rFF44,6490550104,100.00,,
3.237403386,77866263440,,instructions,6492060479,100.00,3.20,insn per cycle
3.237403386,24344896206,,cycles,6492034010,100.00,,
3.338834177,15899067,,rD044,6492753441,100.00,,
3.338834177,502486524,,rFF44,6493393844,100.00,,
3.338834177,77728397242,,instructions,6491597858,100.00,3.19,insn per cycle
3.338834177,24340828533,,cycles,6490911785,100.00,,
3.440247248,15557201,,rD044,6489421712,100.00,,
3.440247248,501908884,,rFF44,6488963290,100.00,,
3.440247248,77671777233,,instructions,6488938457,100.00,3.19,insn per cycle
3.440247248,24328134736,,cycles,6487606613,100.00,,
3.541603338,15491840,,rD044,6487715000,100.00,,
3.541603338,502543308,,rFF44,6488245315,100.00,,
3.541603338,77766365990,,instructions,6490594125,100.00,3.19,insn per cycle
3.541603338,24349090602,,cycles,6493108234,100.00,,
3.643082640,15659194,,rD044,6494763081,100.00,,
3.643082640,502029445,,rFF44,6493109081,100.00,,
3.643082640,77674684968,,instructions,6490661855,100.00,3.19,insn per cycle
3.643082640,24339616463,,cycles,6490590493,100.00,,
3.744501561,15311468,,rD044,6490097827,100.00,,
3.744501561,502800868,,rFF44,6490530792,100.00,,
3.744501561,77788900564,,instructions,6490848702,100.00,3.20,insn per cycle
3.744501561,24338043141,,cycles,6490221641,100.00,,
3.845900022,15666368,,rD044,6489715646,100.00,,
3.845900022,501785474,,rFF44,6491589999,100.00,,
3.845900022,77663294075,,instructions,6491890349,100.00,3.19,insn per cycle
3.845900022,24343055228,,cycles,6491548135,100.00,,
3.947330023,15472961,,rD044,6489391884,100.00,,
3.947330023,500220405,,rFF44,6487521070,100.00,,
3.947330023,77454299705,,instructions,6486768220,100.00,3.18,insn per cycle
3.947330023,24323989415,,cycles,6486445620,100.00,,
4.048686394,16076135,,rD044,6488087465,100.00,,
4.048686394,502922007,,rFF44,6489219827,100.00,,
4.048686394,77808486458,,instructions,6490679040,100.00,3.20,insn per cycle
4.048686394,24341239971,,cycles,6491081355,100.00,,
4.150121095,15559985,,rD044,6491928901,100.00,,
4.150121095,501946366,,rFF44,6491370278,100.00,,
4.150121095,77675273117,,instructions,6490429925,100.00,3.19,insn per cycle
4.150121095,24336524272,,cycles,6489822941,100.00,,
4.251525926,15148273,,rD044,6488620406,100.00,,
4.251525926,502682103,,rFF44,6487826035,100.00,,
4.251525926,77770140136,,instructions,6488781757,100.00,3.20,insn per cycle
4.251525926,24335207494,,cycles,6489411339,100.00,,
4.352915777,15336703,,rD044,6489972351,100.00,,
4.352915777,501337381,,rFF44,6490537651,100.00,,
4.352915777,77582073343,,instructions,6488416617,100.00,3.19,insn per cycle
4.352915777,24332113550,,cycles,6488587706,100.00,,
4.454307248,15807692,,rD044,6486408504,100.00,,
4.454307248,501291135,,rFF44,6485988764,100.00,,
4.454307248,77597976987,,instructions,6487363570,100.00,3.19,insn per cycle
4.454307248,24323210470,,cycles,6486619339,100.00,,
4.555663268,15273190,,rD044,6488365827,100.00,,
4.555663268,502917948,,rFF44,6489625922,100.00,,
4.555663268,77794186476,,instructions,6489930269,100.00,3.20,insn per cycle
4.555663268,24345098711,,cycles,6492047956,100.00,,
4.657130170,15771537,,rD044,6493406493,100.00,,
4.657130170,502231101,,rFF44,6491677568,100.00,,
4.657130170,77716070053,,instructions,6491167237,100.00,3.19,insn per cycle
4.657130170,24340485368,,cycles,6490830925,100.00,,
4.758551031,15322570,,rD044,6489977793,100.00,,
4.758551031,502846019,,rFF44,6490386704,100.00,,
4.758551031,77800362230,,instructions,6491720307,100.00,3.20,insn per cycle
4.758551031,24340564024,,cycles,6490939179,100.00,,
4.859947322,13895419,,rD044,6481111554,100.00,,
4.859947322,443197500,,rFF44,6473812745,100.00,,
4.859947322,70352310080,,instructions,6465673559,100.00,2.90,insn per cycle
4.859947322,24218973059,,cycles,6458478169,100.00,,
4.868526462,98845,,rD044,297970509,100.00,,
4.868526462,1481498,,rFF44,284770286,100.00,,
4.868526462,809992343,,instructions,272550021,100.00,0.83,insn per cycle
4.868526462,977777953,,cycles,260919891,100.00,,
