0.100120116,4443320,,rD044,89787066,100.00,,
0.100120116,19695331,,rFF44,89792936,100.00,,
0.100120116,427505647,,instructions,89798696,100.00,1.29,insn per cycle
0.100120116,332634263,,cycles,89804176,100.00,,
0.200354972,5500626,,rD044,100230716,100.00,,
0.200354972,24023402,,rFF44,100231076,100.00,,
0.200354972,506432050,,instructions,100231806,100.00,1.35,insn per cycle
0.200354972,375864755,,cycles,100231176,100.00,,
0.300550699,5498745,,rD044,100194146,100.00,,
0.300550699,24010044,,rFF44,100193866,100.00,,
0.300550699,506232957,,instructions,100191946,100.00,1.35,insn per cycle
0.300550699,375717121,,cycles,100191596,100.00,,
0.400738305,6756933,,rD044,100186535,100.00,,
0.400738305,28704900,,rFF44,100186705,100.00,,
0.400738305,91582716,,instructions,100187465,100.00,0.24,insn per cycle
0.400738305,375702331,,cycles,100187635,100.00,,
0.500934141,6930071,,rD044,100186076,100.00,,
0.500934141,29897285,,rFF44,100185816,100.00,,
0.500934141,37298129,,instructions,100186506,100.00,0.10,insn per cycle
0.500934141,375670066,,cycles,100186546,100.00,,
0.601120947,3380591,,rD044,1657058434,100.00,,
0.601120947,163052471,,rFF44,1660992006,100.00,,
0.601120947,23092082420,,instructions,1663892676,100.00,3.70,insn per cycle
0.601120947,6248124137,,cycles,1666841193,100.00,,
0.701705138,125826,,rD044,3218434827,100.00,,
0.701705138,298853699,,rFF44,3217786264,100.00,,
0.701705138,46323393028,,instructions,3217635074,100.00,3.84,insn per cycle
0.701705138,12065223679,,cycles,3217407457,100.00,,
0.802244018,121997,,rD044,3217012850,100.00,,
0.802244018,299748508,,rFF44,3216855031,100.00,,
0.802244018,46421970994,,instructions,3216814233,100.00,3.85,insn per cycle
0.802244018,12063172957,,cycles,3216865213,100.00,,
0.902771239,119149,,rD044,3216780514,100.00,,
0.902771239,299802555,,rFF44,3216881524,100.00,,
0.902771239,46429496946,,instructions,3216923679,100.00,3.85,insn per cycle
0.902771239,12063514527,,cycles,3216958504,100.00,,
1.003303989,117689,,rD044,3216981066,100.00,,
1.003303989,302049872,,rFF44,3216833664,100.00,,
1.003303989,46707728040,,instructions,3216797717,100.00,3.87,insn per cycle
1.003303989,12062582113,,cycles,3216699203,100.00,,
1.103825779,115904,,rD044,3216725872,100.00,,
1.103825779,301729274,,rFF44,3216705434,100.00,,
1.103825779,46662296312,,instructions,3216513224,100.00,3.87,insn per cycle
1.103825779,12061751476,,cycles,3216478773,100.00,,
1.204348529,117339,,rD044,3216701862,100.00,,
1.204348529,302148863,,rFF44,3216838168,100.00,,
1.204348529,46721816736,,instructions,3217041244,100.00,3.87,insn per cycle
1.204348529,12063747271,,cycles,3217010364,100.00,,
1.304873939,121583,,rD044,3216632224,100.00,,
1.304873939,299051075,,rFF44,3216645738,100.00,,
1.304873939,46335308213,,instructions,3216649402,100.00,3.84,insn per cycle
1.304873939,12062668848,,cycles,3216730804,100.00,,
1.405403589,117034,,rD044,3216897682,100.00,,
1.405403589,302419213,,rFF44,3216898444,100.00,,
1.405403589,46747526758,,instructions,3216969654,100.00,3.88,insn per cycle
1.405403589,12063449727,,cycles,3216930259,100.00,,
1.505927669,115652,,rD044,3216741714,100.00,,
1.505927669,301753236,,rFF44,3216662390,100.00,,
1.505927669,46671229169,,instructions,3216550534,100.00,3.87,insn per cycle
1.505927669,12062157597,,cycles,3216586277,100.00,,
1.606447889,117633,,rD044,3216715504,100.00,,
1.606447889,301690922,,rFF44,3216742726,100.00,,
1.606447889,46664338741,,instructions,3216660993,100.00,3.87,insn per cycle
1.606447889,12061812058,,cycles,3216496684,100.00,,
1.706964669,115743,,rD044,3216225711,100.00,,
1.706964669,300177507,,rFF44,3216187223,100.00,,
1.706964669,46476348426,,instructions,3216274082,100.00,3.85,insn per cycle
1.706964669,12062352868,,cycles,3216661771,100.00,,
1.807494250,116754,,rD044,3216988945,100.00,,
1.807494250,300700862,,rFF44,3216968514,100.00,,
1.807494250,46534565514,,instructions,3216927994,100.00,3.86,insn per cycle
1.807494250,12062514659,,cycles,3216682516,100.00,,
1.908011330,121912,,rD044,3216704833,100.00,,
1.908011330,300284074,,rFF44,3216833451,100.00,,
1.908011330,46492889260,,instructions,3217025724,100.00,3.85,insn per cycle
1.908011330,12065189813,,cycles,3217400362,100.00,,
2.008550390,117257,,rD044,3217140674,100.00,,
2.008550390,301396359,,rFF44,3217110155,100.00,,
2.008550390,46627143612,,instructions,3216927718,100.00,3.87,insn per cycle
2.008550390,12061735833,,cycles,3216480534,100.00,,
2.109070180,117524,,rD044,3216687390,100.00,,
2.109070180,301401270,,rFF44,3216670194,100.00,,
2.109070180,46632111282,,instructions,3216794888,100.00,3.87,insn per cycle
2.109070180,12062966692,,cycles,3216811732,100.00,,
2.209598730,118030,,rD044,3216738494,100.00,,
2.209598730,301790689,,rFF44,3216658774,100.00,,
2.209598730,46682220368,,instructions,3216455734,100.00,3.87,insn per cycle
2.209598730,12061852591,,cycles,3216505044,100.00,,
2.310120840,116413,,rD044,3216559566,100.00,,
2.310120840,301197564,,rFF44,3216698278,100.00,,
2.310120840,46609799641,,instructions,3216839234,100.00,3.86,insn per cycle
2.310120840,12062965650,,cycles,3216810024,100.00,,
2.410642860,117347,,rD044,3216702684,100.00,,
2.410642860,301791427,,rFF44,3216672898,100.00,,
2.410642860,46674736134,,instructions,3216579490,100.00,3.87,insn per cycle
2.410642860,12062016129,,cycles,3216548764,100.00,,
2.511161041,116179,,rD044,3216578664,100.00,,
2.511161041,301465095,,rFF44,3216568664,100.00,,
2.511161041,46644376947,,instructions,3216553436,100.00,3.87,insn per cycle
2.511161041,12062399765,,cycles,3216650811,100.00,,
2.611686681,122241,,rD044,3216819173,100.00,,
2.611686681,298683355,,rFF44,3216851984,100.00,,
2.611686681,46286988395,,instructions,3217003534,100.00,3.84,insn per cycle
2.611686681,12064290906,,cycles,3217162405,100.00,,
2.712224061,117047,,rD044,3217000493,100.00,,
2.712224061,302035386,,rFF44,3216916840,100.00,,
2.712224061,46708798556,,instructions,3216985784,100.00,3.87,insn per cycle
2.712224061,12063328818,,cycles,3216914394,100.00,,
2.812757881,118368,,rD044,3217025294,100.00,,
2.812757881,302442396,,rFF44,3217050736,100.00,,
2.812757881,46756302402,,instructions,3216988249,100.00,3.88,insn per cycle
2.812757881,12063463836,,cycles,3216935334,100.00,,
2.913291141,117093,,rD044,3217166127,100.00,,
2.913291141,302575406,,rFF44,3217193614,100.00,,
2.913291141,46773511177,,instructions,3217154167,100.00,3.88,insn per cycle
2.913291141,12064173335,,cycles,3217130067,100.00,,
3.013820432,118511,,rD044,3216817373,100.00,,
3.013820432,302271308,,rFF44,3216828004,100.00,,
3.013820432,46734579285,,instructions,3216808244,100.00,3.87,insn per cycle
3.013820432,12062829487,,cycles,3216766149,100.00,,
3.114342742,119198,,rD044,3216483890,100.00,,
3.114342742,302651769,,rFF44,3216398078,100.00,,
3.114342742,46787750235,,instructions,3216454434,100.00,3.88,insn per cycle
3.114342742,12061412688,,cycles,3216395584,100.00,,
3.214858872,120811,,rD044,3216680814,100.00,,
3.214858872,299696983,,rFF44,3216673908,100.00,,
3.214858872,46426457058,,instructions,3216623531,100.00,3.85,insn per cycle
3.214858872,12063084148,,cycles,3216832934,100.00,,
3.315408132,116091,,rD044,3217545227,100.00,,
3.315408132,301669547,,rFF44,3217682064,100.00,,
3.315408132,46660943813,,instructions,3217737635,100.00,3.87,insn per cycle
3.315408132,12065790256,,cycles,3217563717,100.00,,
3.415939902,115017,,rD044,3216980045,100.00,,
3.415939902,301607056,,rFF44,3216927284,100.00,,
3.415939902,46644302404,,instructions,3216788954,100.00,3.87,insn per cycle
3.415939902,12063170617,,cycles,3216856739,100.00,,
3.516465072,117831,,rD044,3216702068,100.00,,
3.516465072,301569250,,rFF44,3216665463,100.00,,
3.516465072,46651373061,,instructions,3216676814,100.00,3.87,insn per cycle
3.516465072,12062271549,,cycles,3216616544,100.00,,
3.616985142,117001,,rD044,3216663954,100.00,,
3.616985142,301651461,,rFF44,3216689113,100.00,,
3.616985142,46660940230,,instructions,3216699596,100.00,3.87,insn per cycle
3.616985142,12063189455,,cycles,3216868714,100.00,,
3.717518233,116349,,rD044,3217069435,100.00,,
3.717518233,300897509,,rFF44,3217135573,100.00,,
3.717518233,46560818087,,instructions,3217241939,100.00,3.86,insn per cycle
3.717518233,12064278582,,cycles,3217159805,100.00,,
3.818058533,121861,,rD044,3217258387,100.00,,
3.818058533,300607342,,rFF44,3217257784,100.00,,
3.818058533,46528915329,,instructions,3217226414,100.00,3.86,insn per cycle
3.818058533,12063892337,,cycles,3217057530,100.00,,
3.918583143,119203,,rD044,3216677977,100.00,,
3.918583143,301708446,,rFF44,3216661526,100.00,,
3.918583143,46664008967,,instructions,3216541494,100.00,3.87,insn per cycle
3.918583143,12062045657,,cycles,3216563324,100.00,,
4.019104703,116134,,rD044,3216500084,100.00,,
4.019104703,301927001,,rFF44,3216458760,100.00,,
4.019104703,46697508442,,instructions,3216563696,100.00,3.87,insn per cycle
4.019104703,12062470980,,cycles,3216670104,100.00,,
4.119628043,117149,,rD044,3216892464,100.00,,
4.119628043,301400719,,rFF44,3216899754,100.00,,
4.119628043,46631423863,,instructions,3216830160,100.00,3.87,insn per cycle
4.119628043,12063007605,,cycles,3216821701,100.00,,
4.220175824,117299,,rD044,3217433619,100.00,,
4.220175824,302071250,,rFF44,3217472674,100.00,,
4.220175824,46714173017,,instructions,3217508974,100.00,3.87,insn per cycle
4.220175824,12065678735,,cycles,3217526955,100.00,,
4.320708824,118492,,rD044,3216780386,100.00,,
4.320708824,302751703,,rFF44,3216553052,100.00,,
4.320708824,46798886572,,instructions,3216492773,100.00,3.88,insn per cycle
4.320708824,12061774388,,cycles,3216492823,100.00,,
4.421220474,117719,,rD044,3216688244,100.00,,
4.421220474,302401399,,rFF44,3216859953,100.00,,
4.421220474,46757511380,,instructions,3216881709,100.00,3.88,insn per cycle
4.421220474,12063298730,,cycles,3216891214,100.00,,
4.521757974,122188,,rD044,3216639253,100.00,,
4.521757974,299463391,,rFF44,3216743151,100.00,,
4.521757974,46392009738,,instructions,3216907794,100.00,3.85,insn per cycle
4.521757974,12063233442,,cycles,3217039655,100.00,,
4.622299404,117189,,rD044,3217246327,100.00,,
4.622299404,302095534,,rFF44,3217080984,100.00,,
4.622299404,46720291383,,instructions,3216998434,100.00,3.87,insn per cycle
4.622299404,12062898945,,cycles,3216791078,100.00,,
4.722819384,118862,,rD044,3216593767,100.00,,
4.722819384,301546960,,rFF44,3216582313,100.00,,
4.722819384,46646791708,,instructions,3216478514,100.00,3.87,insn per cycle
4.722819384,12061314900,,cycles,3216370134,100.00,,
4.823331774,117820,,rD044,3216358584,100.00,,
4.823331774,301907531,,rFF44,3216351363,100.00,,
4.823331774,46692303542,,instructions,3216464942,100.00,3.87,insn per cycle
4.823331774,12062548803,,cycles,3216691704,100.00,,
4.923859355,115943,,rD044,3216902792,100.00,,
4.923859355,301238310,,rFF44,3217033854,100.00,,
4.923859355,46610677748,,instructions,3217072624,100.00,3.86,insn per cycle
4.923859355,12063326210,,cycles,3216903570,100.00,,
5.024400885,116566,,rD044,3217222335,100.00,,
5.024400885,301282681,,rFF44,3217212234,100.00,,
5.024400885,46621054389,,instructions,3217301464,100.00,3.86,insn per cycle
5.024400885,12065370826,,cycles,3217443936,100.00,,
5.124938475,123168,,rD044,3217214993,100.00,,
5.124938475,299668727,,rFF44,3217091223,100.00,,
5.124938475,46416847424,,instructions,3216960714,100.00,3.85,insn per cycle
5.124938475,12064121566,,cycles,3217111764,100.00,,
5.225467645,116962,,rD044,3216856014,100.00,,
5.225467645,301270000,,rFF44,3216954853,100.00,,
5.225467645,46614314006,,instructions,3216947921,100.00,3.86,insn per cycle
5.225467645,12062548202,,cycles,3216691394,100.00,,
5.325993346,116131,,rD044,3216711135,100.00,,
5.325993346,301384798,,rFF44,3216582113,100.00,,
5.325993346,46634156392,,instructions,3216445824,100.00,3.87,insn per cycle
5.325993346,12061763474,,cycles,3216490071,100.00,,
5.426509626,117336,,rD044,3216588031,100.00,,
5.426509626,301160973,,rFF44,3216709184,100.00,,
5.426509626,46611985074,,instructions,3216825554,100.00,3.86,insn per cycle
5.426509626,12063150763,,cycles,3216850994,100.00,,
5.527034706,115659,,rD044,3216693733,100.00,,
5.527034706,302268536,,rFF44,3216642406,100.00,,
5.527034706,46738395362,,instructions,3216686134,100.00,3.87,insn per cycle
5.527034706,12062674865,,cycles,3216725034,100.00,,
5.627559066,116916,,rD044,3216680014,100.00,,
5.627559066,300760195,,rFF44,3216667400,100.00,,
5.627559066,46544809364,,instructions,3216505106,100.00,3.86,insn per cycle
5.627559066,12061174246,,cycles,3216329904,100.00,,
5.728071486,116239,,rD044,3216433316,100.00,,
5.728071486,301120498,,rFF44,3216472604,100.00,,
5.728071486,46597133375,,instructions,3216557430,100.00,3.86,insn per cycle
5.728071486,12061981964,,cycles,3216548657,100.00,,
5.828591486,121047,,rD044,3216660350,100.00,,
5.828591486,299808580,,rFF44,3216703093,100.00,,
5.828591486,46432321215,,instructions,3216771034,100.00,3.85,insn per cycle
5.828591486,12063165733,,cycles,3216854889,100.00,,
5.929117096,117073,,rD044,3216909824,100.00,,
5.929117096,302908192,,rFF44,3217218033,100.00,,
5.929117096,46816981029,,instructions,3217525444,100.00,3.88,insn per cycle
5.929117096,12066001042,,cycles,3217611814,100.00,,
6.029669346,116931,,rD044,3217552714,100.00,,
6.029669346,301878978,,rFF44,3217292414,100.00,,
6.029669346,46687235972,,instructions,3216984959,100.00,3.87,insn per cycle
6.029669346,12063074756,,cycles,3216832764,100.00,,
6.130195157,116926,,rD044,3216746247,100.00,,
6.130195157,303381501,,rFF44,3216614184,100.00,,
6.130195157,46874372383,,instructions,3216611747,100.00,3.89,insn per cycle
6.130195157,12062576660,,cycles,3216697651,100.00,,
6.230717217,116375,,rD044,3216575739,100.00,,
6.230717217,300860961,,rFF44,3216648556,100.00,,
6.230717217,46562942212,,instructions,3216573834,100.00,3.86,insn per cycle
6.230717217,12061805541,,cycles,3216500935,100.00,,
6.331239457,116223,,rD044,3216730754,100.00,,
6.331239457,301105805,,rFF44,3216585180,100.00,,
6.331239457,46595349768,,instructions,3216618807,100.00,3.86,insn per cycle
6.331239457,12062551115,,cycles,3216691254,100.00,,
6.431764867,120553,,rD044,3216848961,100.00,,
6.431764867,299086230,,rFF44,3217065804,100.00,,
6.431764867,46350383888,,instructions,3217044159,100.00,3.84,insn per cycle
6.431764867,12063768924,,cycles,3217017264,100.00,,
6.532292587,116560,,rD044,3216647833,100.00,,
6.532292587,302262533,,rFF44,3216367564,100.00,,
6.532292587,46724779863,,instructions,3216370694,100.00,3.87,insn per cycle
6.532292587,12061745813,,cycles,3216475422,100.00,,
6.632810057,118474,,rD044,3216609686,100.00,,
6.632810057,301377062,,rFF44,3216848298,100.00,,
6.632810057,46630296129,,instructions,3216911224,100.00,3.87,insn per cycle
6.632810057,12062685821,,cycles,3216734954,100.00,,
6.733329797,116630,,rD044,3216515814,100.00,,
6.733329797,302079249,,rFF44,3216374808,100.00,,
6.733329797,46714567420,,instructions,3216461458,100.00,3.87,insn per cycle
6.733329797,12062467704,,cycles,3216676954,100.00,,
6.833863607,117549,,rD044,3217240488,100.00,,
6.833863607,301547857,,rFF44,3217343444,100.00,,
6.833863607,46646920755,,instructions,3217196008,100.00,3.87,insn per cycle
6.833863607,12064083228,,cycles,3217101506,100.00,,
6.934402078,117276,,rD044,3217144076,100.00,,
6.934402078,302475772,,rFF44,3217272974,100.00,,
6.934402078,46769832409,,instructions,3217418064,100.00,3.88,insn per cycle
6.934402078,12065342663,,cycles,3217434963,100.00,,
7.034938068,121409,,rD044,3217004106,100.00,,
7.034938068,300554519,,rFF44,3216781829,100.00,,
7.034938068,46523227768,,instructions,3216567724,100.00,3.86,insn per cycle
7.034938068,12062179679,,cycles,3216592581,100.00,,
7.135464148,116899,,rD044,3216785564,100.00,,
7.135464148,301406924,,rFF44,3216832707,100.00,,
7.135464148,46635787735,,instructions,3216913614,100.00,3.87,insn per cycle
7.135464148,12063222253,,cycles,3216877554,100.00,,
7.235985098,118134,,rD044,3216629057,100.00,,
7.235985098,301846133,,rFF44,3216526404,100.00,,
7.235985098,46683351536,,instructions,3216418542,100.00,3.87,insn per cycle
7.235985098,12061348445,,cycles,3216371323,100.00,,
7.336499708,114849,,rD044,3216482542,100.00,,
7.336499708,300994175,,rFF44,3216764044,100.00,,
7.336499708,46586980102,,instructions,3216888654,100.00,3.86,insn per cycle
7.336499708,12063215091,,cycles,3216883633,100.00,,
7.437031358,116968,,rD044,3217011621,100.00,,
7.437031358,302456176,,rFF44,3216905843,100.00,,
7.437031358,46763603654,,instructions,3217017134,100.00,3.88,insn per cycle
7.437031358,12064261370,,cycles,3217147484,100.00,,
7.537563794,117262,,rD044,3216837714,100.00,,
7.537563794,300961247,,rFF44,3216759673,100.00,,
7.537563794,46573197723,,instructions,3216696818,100.00,3.86,insn per cycle
7.537563794,12062376858,,cycles,3216646224,100.00,,
7.638086868,117954,,rD044,3216691544,100.00,,
7.638086868,301627697,,rFF44,3216643634,100.00,,
7.638086868,46663218785,,instructions,3216623878,100.00,3.87,insn per cycle
7.638086868,12062270955,,cycles,3216622461,100.00,,
7.659835775,207719,,rD044,593557367,100.00,,
7.659835775,5293082,,rFF44,590453127,100.00,,
7.659835775,2174791815,,instructions,587703897,100.00,0.99,insn per cycle
7.659835775,2193502283,,cycles,584958418,100.00,,
