0.100119773,76155,,rD044,2809552785,100.00,,
0.100119773,320086330,,rFF44,2813253651,100.00,,
0.100119773,29050836528,,instructions,2816083837,100.00,2.75,insn per cycle
0.100119773,10565233102,,cycles,2818927753,100.00,,
0.200798163,15188,,rD044,3221373854,100.00,,
0.200798163,299573852,,rFF44,3221115294,100.00,,
0.200798163,46396181337,,instructions,3220969779,100.00,3.84,insn per cycle
0.200798163,12078086585,,cycles,3220839714,100.00,,
0.301364681,14013,,rD044,3217795378,100.00,,
0.301364681,299328588,,rFF44,3217690279,100.00,,
0.301364681,46366369030,,instructions,3217752833,100.00,3.84,insn per cycle
0.301364681,12065888600,,cycles,3217591292,100.00,,
0.401909360,12915,,rD044,3216640207,100.00,,
0.401909360,298921500,,rFF44,3216575172,100.00,,
0.401909360,46323772578,,instructions,3216474567,100.00,3.84,insn per cycle
0.401909360,12061314565,,cycles,3216540727,100.00,,
0.502446818,11989,,rD044,3217005683,100.00,,
0.502446818,299058009,,rFF44,3216850921,100.00,,
0.502446818,46331883894,,instructions,3216646396,100.00,3.84,insn per cycle
0.502446818,12062017275,,cycles,3216582443,100.00,,
0.602960296,12431,,rD044,3216318332,100.00,,
0.602960296,299608546,,rFF44,3216189166,100.00,,
0.602960296,46404483308,,instructions,3216269749,100.00,3.85,insn per cycle
0.602960296,12060820794,,cycles,3216238512,100.00,,
0.703464514,14064,,rD044,3216169291,100.00,,
0.703464514,294785759,,rFF44,3216403569,100.00,,
0.703464514,45796066822,,instructions,3216430071,100.00,3.80,insn per cycle
0.703464514,12061992860,,cycles,3216552669,100.00,,
0.803992432,13013,,rD044,3216872463,100.00,,
0.803992432,302162053,,rFF44,3216797721,100.00,,
0.803992432,46726237468,,instructions,3216811294,100.00,3.87,insn per cycle
0.803992432,12062537777,,cycles,3216711755,100.00,,
0.904513270,12635,,rD044,3216606912,100.00,,
0.904513270,303098861,,rFF44,3216708639,100.00,,
0.904513270,46840783588,,instructions,3216621781,100.00,3.88,insn per cycle
0.904513270,12061789687,,cycles,3216522882,100.00,,
1.005028908,13230,,rD044,3216229162,100.00,,
1.005028908,303097431,,rFF44,3216096542,100.00,,
1.005028908,46856405325,,instructions,3216099492,100.00,3.89,insn per cycle
1.005028908,12060384318,,cycles,3216139608,100.00,,
1.105541106,25007,,rD044,3216118186,100.00,,
1.105541106,300912457,,rFF44,3216213137,100.00,,
1.105541106,46549334137,,instructions,3216378793,100.00,3.86,insn per cycle
1.105541106,12061562857,,cycles,3216561218,100.00,,
1.206079214,10590,,rD044,3216873720,100.00,,
1.206079214,303553527,,rFF44,3216773842,100.00,,
1.206079214,46905734610,,instructions,3216702789,100.00,3.89,insn per cycle
1.206079214,12061902381,,cycles,3216548132,100.00,,
1.306596342,11453,,rD044,3216435912,100.00,,
1.306596342,302185998,,rFF44,3216306220,100.00,,
1.306596342,46737128771,,instructions,3216389186,100.00,3.87,insn per cycle
1.306596342,12061476725,,cycles,3216421892,100.00,,
1.407108150,10813,,rD044,3216329519,100.00,,
1.407108150,303425202,,rFF44,3216505096,100.00,,
1.407108150,46884985980,,instructions,3216361512,100.00,3.89,insn per cycle
1.407108150,12061102196,,cycles,3216330955,100.00,,
1.507625628,11421,,rD044,3216261037,100.00,,
1.507625628,301703947,,rFF44,3215983932,100.00,,
1.507625628,46675087315,,instructions,3216024592,100.00,3.87,insn per cycle
1.507625628,12060166026,,cycles,3216092161,100.00,,
1.608131106,10806,,rD044,3216039682,100.00,,
1.608131106,303183595,,rFF44,3216205102,100.00,,
1.608131106,46851085993,,instructions,3216148032,100.00,3.88,insn per cycle
1.608131106,12060187084,,cycles,3216100342,100.00,,
1.708641124,10502,,rD044,3216040502,100.00,,
1.708641124,303690906,,rFF44,3215976680,100.00,,
1.708641124,46920960612,,instructions,3216051234,100.00,3.89,insn per cycle
1.708641124,12059881432,,cycles,3216045162,100.00,,
1.809149142,11740,,rD044,3216106435,100.00,,
1.809149142,303540299,,rFF44,3216284833,100.00,,
1.809149142,46908721900,,instructions,3216349639,100.00,3.89,insn per cycle
1.809149142,12061596908,,cycles,3216518804,100.00,,
1.909679080,11531,,rD044,3216733872,100.00,,
1.909679080,300850497,,rFF44,3216486002,100.00,,
1.909679080,46566623008,,instructions,3216435718,100.00,3.86,insn per cycle
1.909679080,12061022947,,cycles,3216328999,100.00,,
2.010230098,11349,,rD044,3217432356,100.00,,
2.010230098,304218620,,rFF44,3217534122,100.00,,
2.010230098,46980748013,,instructions,3217397526,100.00,3.89,insn per cycle
2.010230098,12064586919,,cycles,3217293860,100.00,,
2.110756626,11940,,rD044,3216725742,100.00,,
2.110756626,302061392,,rFF44,3216810530,100.00,,
2.110756626,46711294514,,instructions,3216928070,100.00,3.87,insn per cycle
2.110756626,12063606677,,cycles,3216995720,100.00,,
2.211274904,10494,,rD044,3216208028,100.00,,
2.211274904,302908158,,rFF44,3216183491,100.00,,
2.211274904,46828796394,,instructions,3216329824,100.00,3.88,insn per cycle
2.211274904,12062297578,,cycles,3216654473,100.00,,
2.311806572,11058,,rD044,3217088815,100.00,,
2.311806572,303706078,,rFF44,3217034531,100.00,,
2.311806572,46918133347,,instructions,3216711481,100.00,3.89,insn per cycle
2.311806572,12060886316,,cycles,3216263822,100.00,,
2.412311110,10856,,rD044,3215975575,100.00,,
2.412311110,303465560,,rFF44,3216092974,100.00,,
2.412311110,46902590728,,instructions,3216381121,100.00,3.89,insn per cycle
2.412311110,12062566546,,cycles,3216732186,100.00,,
2.512841458,11620,,rD044,3216808622,100.00,,
2.512841458,301617710,,rFF44,3216880022,100.00,,
2.512841458,46659906503,,instructions,3216830780,100.00,3.87,insn per cycle
2.512841458,12061987432,,cycles,3216574889,100.00,,
2.613360386,10640,,rD044,3216453289,100.00,,
2.613360386,303469776,,rFF44,3216326418,100.00,,
2.613360386,46896281603,,instructions,3216330855,100.00,3.89,insn per cycle
2.613360386,12061173952,,cycles,3216358941,100.00,,
2.713875164,10703,,rD044,3216288131,100.00,,
2.713875164,303225162,,rFF44,3216308394,100.00,,
2.713875164,46866785720,,instructions,3216200861,100.00,3.89,insn per cycle
2.713875164,12060918712,,cycles,3216307824,100.00,,
2.814396162,10618,,rD044,3216527858,100.00,,
2.814396162,303079116,,rFF44,3216632733,100.00,,
2.814396162,46837271635,,instructions,3216956791,100.00,3.88,insn per cycle
2.814396162,12063291689,,cycles,3216951620,100.00,,
2.914932471,11284,,rD044,3216865267,100.00,,
2.914932471,302947158,,rFF44,3216734493,100.00,,
2.914932471,46833320921,,instructions,3216344134,100.00,3.88,insn per cycle
2.914932471,12060311304,,cycles,3216179452,100.00,,
3.015441638,10901,,rD044,3216152282,100.00,,
3.015441638,302969062,,rFF44,3216286805,100.00,,
3.015441638,46832067713,,instructions,3216349792,100.00,3.88,insn per cycle
3.015441638,12061330221,,cycles,3216408137,100.00,,
3.115960936,13726,,rD044,3216404243,100.00,,
3.115960936,300771133,,rFF44,3216357369,100.00,,
3.115960936,46551413521,,instructions,3216352351,100.00,3.86,insn per cycle
3.115960936,12061058315,,cycles,3216338825,100.00,,
3.216481125,10517,,rD044,3216415597,100.00,,
3.216481125,303748384,,rFF44,3216503461,100.00,,
3.216481125,46933405033,,instructions,3216532254,100.00,3.89,insn per cycle
3.216481125,12061784670,,cycles,3216510204,100.00,,
3.317001502,10870,,rD044,3216486826,100.00,,
3.317001502,303401928,,rFF44,3216226804,100.00,,
3.317001502,46882578222,,instructions,3216188351,100.00,3.89,insn per cycle
3.317001502,12060916619,,cycles,3216271302,100.00,,
3.417515221,11061,,rD044,3216482045,100.00,,
3.417515221,303671917,,rFF44,3216714240,100.00,,
3.417515221,46925045472,,instructions,3216773700,100.00,3.89,insn per cycle
3.417515221,12062677294,,cycles,3216759881,100.00,,
3.518042149,13179,,rD044,3216652489,100.00,,
3.518042149,302939092,,rFF44,3216605162,100.00,,
3.518042149,46820325373,,instructions,3216596416,100.00,3.88,insn per cycle
3.518042149,12062050779,,cycles,3216594123,100.00,,
3.618564157,11430,,rD044,3216677550,100.00,,
3.618564157,303439532,,rFF44,3217033236,100.00,,
3.618564157,46899248106,,instructions,3217179818,100.00,3.89,insn per cycle
3.618564157,12063863770,,cycles,3217125020,100.00,,
3.719106005,12316,,rD044,3216728276,100.00,,
3.719106005,301395695,,rFF44,3216334207,100.00,,
3.719106005,46631012284,,instructions,3216206051,100.00,3.87,insn per cycle
3.719106005,12060830907,,cycles,3216362054,100.00,,
3.819671584,12487,,rD044,3217702808,100.00,,
3.819671584,304058821,,rFF44,3217526861,100.00,,
3.819671584,46973447539,,instructions,3217490429,100.00,3.89,insn per cycle
3.819671584,12064544823,,cycles,3217340370,100.00,,
3.920186911,11000,,rD044,3216257671,100.00,,
3.920186911,303608168,,rFF44,3216488634,100.00,,
3.920186911,46904581638,,instructions,3216452765,100.00,3.89,insn per cycle
3.920186911,12061588085,,cycles,3216530584,100.00,,
4.020715939,11202,,rD044,3216737133,100.00,,
4.020715939,302751638,,rFF44,3216607010,100.00,,
4.020715939,46807306433,,instructions,3216589101,100.00,3.88,insn per cycle
4.020715939,12061550348,,cycles,3216457486,100.00,,
4.121224937,12418,,rD044,3215996245,100.00,,
4.121224937,302716921,,rFF44,3215989111,100.00,,
4.121224937,46786427070,,instructions,3216090500,100.00,3.88,insn per cycle
4.121224937,12060309174,,cycles,3216136185,100.00,,
4.221741415,10945,,rD044,3216454787,100.00,,
4.221741415,303076052,,rFF44,3216501590,100.00,,
4.221741415,46848868794,,instructions,3216557784,100.00,3.88,insn per cycle
4.221741415,12062007085,,cycles,3216564111,100.00,,
4.322258523,11826,,rD044,3216583645,100.00,,
4.322258523,302517375,,rFF44,3216807295,100.00,,
4.322258523,46773793256,,instructions,3216709382,100.00,3.88,insn per cycle
4.322258523,12062831463,,cycles,3216789421,100.00,,
4.422789842,11046,,rD044,3216733990,100.00,,
4.422789842,304708512,,rFF44,3216442822,100.00,,
4.422789842,47048989994,,instructions,3216256368,100.00,3.90,insn per cycle
4.422789842,12060881663,,cycles,3216266215,100.00,,
4.523298140,10994,,rD044,3216035841,100.00,,
4.523298140,303456934,,rFF44,3216012110,100.00,,
4.523298140,46887729396,,instructions,3216095381,100.00,3.89,insn per cycle
4.523298140,12060898609,,cycles,3216293600,100.00,,
4.623829278,11376,,rD044,3216894062,100.00,,
4.623829278,303135292,,rFF44,3217027780,100.00,,
4.623829278,46864026019,,instructions,3217099987,100.00,3.88,insn per cycle
4.623829278,12062823025,,cycles,3216816260,100.00,,
4.724346466,10590,,rD044,3216210513,100.00,,
4.724346466,304283260,,rFF44,3216204355,100.00,,
4.724346466,47004853950,,instructions,3216477031,100.00,3.90,insn per cycle
4.724346466,12061518162,,cycles,3216455245,100.00,,
4.824862044,11296,,rD044,3216369727,100.00,,
4.824862044,302121968,,rFF44,3216309580,100.00,,
4.824862044,46726924420,,instructions,3216102743,100.00,3.87,insn per cycle
4.824862044,12059941935,,cycles,3216066710,100.00,,
4.925378011,11657,,rD044,3216507064,100.00,,
4.925378011,300802802,,rFF44,3216653119,100.00,,
4.925378011,46563180782,,instructions,3216745620,100.00,3.86,insn per cycle
4.925378011,12062865736,,cycles,3216840561,100.00,,
5.025909450,11243,,rD044,3216621166,100.00,,
5.025909450,302519129,,rFF44,3216461124,100.00,,
5.025909450,46777017853,,instructions,3216268880,100.00,3.88,insn per cycle
5.025909450,12060649175,,cycles,3216234822,100.00,,
5.126423738,12548,,rD044,3216335318,100.00,,
5.126423738,302695517,,rFF44,3216403371,100.00,,
5.126423738,46792663102,,instructions,3216568196,100.00,3.88,insn per cycle
5.126423738,12062451457,,cycles,3216697161,100.00,,
5.226941616,10841,,rD044,3216247269,100.00,,
5.226941616,303335838,,rFF44,3216027660,100.00,,
5.226941616,46883494545,,instructions,3215854117,100.00,3.89,insn per cycle
5.226941616,12059367185,,cycles,3215861680,100.00,,
5.327455504,11151,,rD044,3216358682,100.00,,
5.327455504,304167163,,rFF44,3216670098,100.00,,
5.327455504,46991479958,,instructions,3216843972,100.00,3.90,insn per cycle
5.327455504,12062414507,,cycles,3216683011,100.00,,
5.427977472,11253,,rD044,3216734356,100.00,,
5.427977472,303004125,,rFF44,3216747687,100.00,,
5.427977472,46837072480,,instructions,3216585432,100.00,3.88,insn per cycle
5.427977472,12061569910,,cycles,3216456964,100.00,,
5.528491730,11623,,rD044,3216431956,100.00,,
5.528491730,300437015,,rFF44,3217095976,100.00,,
5.528491730,46526957224,,instructions,3217250972,100.00,3.86,insn per cycle
5.528491730,12064984411,,cycles,3217383491,100.00,,
5.629040568,11163,,rD044,3217243954,100.00,,
5.629040568,303258028,,rFF44,3216515896,100.00,,
5.629040568,46865851665,,instructions,3216447312,100.00,3.89,insn per cycle
5.629040568,12061390204,,cycles,3216413971,100.00,,
5.729572396,10832,,rD044,3217007381,100.00,,
5.729572396,303675911,,rFF44,3216933114,100.00,,
5.729572396,46919539111,,instructions,3216894860,100.00,3.89,insn per cycle
5.729572396,12063421276,,cycles,3216981774,100.00,,
5.830101054,11411,,rD044,3216497304,100.00,,
5.830101054,303683960,,rFF44,3216468152,100.00,,
5.830101054,46925679855,,instructions,3216401415,100.00,3.89,insn per cycle
5.830101054,12060816156,,cycles,3216277092,100.00,,
5.930613632,11465,,rD044,3216176232,100.00,,
5.930613632,303509802,,rFF44,3216067505,100.00,,
5.930613632,46897392423,,instructions,3216025552,100.00,3.89,insn per cycle
5.930613632,12059842341,,cycles,3216064552,100.00,,
6.031126370,11076,,rD044,3216294592,100.00,,
6.031126370,303215163,,rFF44,3216506631,100.00,,
6.031126370,46861918481,,instructions,3216658762,100.00,3.88,insn per cycle
6.031126370,12062837753,,cycles,3216806371,100.00,,
6.131652298,13348,,rD044,3216332756,100.00,,
6.131652298,301464580,,rFF44,3216274389,100.00,,
6.131652298,46633030013,,instructions,3216357850,100.00,3.87,insn per cycle
6.131652298,12060905236,,cycles,3216295292,100.00,,
6.232168126,10709,,rD044,3216545086,100.00,,
6.232168126,304045787,,rFF44,3216449112,100.00,,
6.232168126,46965420436,,instructions,3216240562,100.00,3.89,insn per cycle
6.232168126,12060842764,,cycles,3216253441,100.00,,
6.332682304,11244,,rD044,3216234712,100.00,,
6.332682304,303340884,,rFF44,3216263962,100.00,,
6.332682304,46879750792,,instructions,3216487112,100.00,3.89,insn per cycle
6.332682304,12061953428,,cycles,3216554269,100.00,,
6.433202952,11510,,rD044,3216644951,100.00,,
6.433202952,303475861,,rFF44,3216508483,100.00,,
6.433202952,46885522559,,instructions,3216272494,100.00,3.89,insn per cycle
6.433202952,12060684719,,cycles,3216224737,100.00,,
6.533739630,11047,,rD044,3217034533,100.00,,
6.533739630,303951024,,rFF44,3217259728,100.00,,
6.533739630,46964875417,,instructions,3217424140,100.00,3.89,insn per cycle
6.533739630,12065195167,,cycles,3217431570,100.00,,
6.634263519,11314,,rD044,3216580562,100.00,,
6.634263519,303502844,,rFF44,3216562416,100.00,,
6.634263519,46899912999,,instructions,3216421942,100.00,3.89,insn per cycle
6.634263519,12061297729,,cycles,3216409057,100.00,,
6.734778686,11644,,rD044,3216222919,100.00,,
6.734778686,300706040,,rFF44,3216149912,100.00,,
6.734778686,46548690007,,instructions,3216211504,100.00,3.86,insn per cycle
6.734778686,12060155769,,cycles,3216126669,100.00,,
6.835290744,11052,,rD044,3216207835,100.00,,
6.835290744,303196135,,rFF44,3216261461,100.00,,
6.835290744,46852579463,,instructions,3216139583,100.00,3.88,insn per cycle
6.835290744,12060848089,,cycles,3216289911,100.00,,
6.935809982,11244,,rD044,3216451593,100.00,,
6.935809982,303791204,,rFF44,3216397050,100.00,,
6.935809982,46941567551,,instructions,3216498710,100.00,3.89,insn per cycle
6.935809982,12061203837,,cycles,3216410902,100.00,,
7.036327080,11020,,rD044,3216445419,100.00,,
7.036327080,303197092,,rFF44,3216508326,100.00,,
7.036327080,46852814053,,instructions,3216521712,100.00,3.88,insn per cycle
7.036327080,12062497792,,cycles,3216704957,100.00,,
7.124046595,211848,,rD044,2677064719,100.00,,
7.124046595,207716793,,rFF44,2673955594,100.00,,
7.124046595,33279248681,,instructions,2671439064,100.00,3.33,insn per cycle
7.124046595,10007345928,,cycles,2668676909,100.00,,
