0.100199868,160792,,rD044,10619613842,100.00,,
0.100199868,479132627,,rFF44,10749971156,100.00,,
0.100199868,55883245830,,instructions,10867315570,100.00,1.36,insn per cycle
0.100199868,41155162408,,cycles,10978707109,100.00,,
0.204701925,110852,,rD044,13412040024,100.00,,
0.204701925,800654743,,rFF44,13429424367,100.00,,
0.204701925,125292180801,,instructions,13420588095,100.00,2.49,insn per cycle
0.204701925,50301220224,,cycles,13413763774,100.00,,
0.309390343,91119,,rD044,13347614824,100.00,,
0.309390343,818266855,,rFF44,13315812272,100.00,,
0.309390343,126848318292,,instructions,13275523018,100.00,2.55,insn per cycle
0.309390343,49824009549,,cycles,13286492438,100.00,,
0.413260743,115003,,rD044,13297259003,100.00,,
0.413260743,816611222,,rFF44,13299189484,100.00,,
0.413260743,127313995848,,instructions,13330634939,100.00,2.55,insn per cycle
0.413260743,49931389257,,cycles,13315160556,100.00,,
0.517108222,113729,,rD044,13289510809,100.00,,
0.517108222,815055350,,rFF44,13282239708,100.00,,
0.517108222,126681620593,,instructions,13278435329,100.00,2.54,insn per cycle
0.517108222,49810012100,,cycles,13282776781,100.00,,
0.620939491,119650,,rD044,13290605145,100.00,,
0.620939491,814019604,,rFF44,13292953749,100.00,,
0.620939491,126658420960,,instructions,13296454276,100.00,2.54,insn per cycle
0.620939491,49829401073,,cycles,13287959192,100.00,,
0.724709270,103472,,rD044,13284246609,100.00,,
0.724709270,810936669,,rFF44,13284715197,100.00,,
0.724709270,126250291269,,instructions,13283353965,100.00,2.53,insn per cycle
0.724709270,49807635338,,cycles,13282134308,100.00,,
0.828563989,89965,,rD044,13322546814,100.00,,
0.828563989,815206689,,rFF44,13328304395,100.00,,
0.828563989,126878730557,,instructions,13331737245,100.00,2.54,insn per cycle
0.828563989,50039834041,,cycles,13344033034,100.00,,
0.932760102,94751,,rD044,13303265093,100.00,,
0.932760102,814909895,,rFF44,13299061586,100.00,,
0.932760102,126555564054,,instructions,13284843296,100.00,2.55,insn per cycle
0.932760102,49605060358,,cycles,13228336150,100.00,,
1.035665091,149618,,rD044,13162000627,100.00,,
1.035665091,778082636,,rFF44,13156943391,100.00,,
1.035665091,122383578581,,instructions,13174954251,100.00,2.47,insn per cycle
1.035665091,49594715646,,cycles,13225702871,100.00,,
1.139421379,92429,,rD044,13290160738,100.00,,
1.139421379,812029794,,rFF44,13298696375,100.00,,
1.139421379,126369609340,,instructions,13294710802,100.00,2.53,insn per cycle
1.139421379,49855991775,,cycles,13295004638,100.00,,
1.243227878,114251,,rD044,13266357364,100.00,,
1.243227878,801723257,,rFF44,13314625587,100.00,,
1.243227878,125517852809,,instructions,13335730463,100.00,2.51,insn per cycle
1.243227878,50022473738,,cycles,13339672545,100.00,,
1.347556773,88884,,rD044,13371301729,100.00,,
1.347556773,815260115,,rFF44,13316121190,100.00,,
1.347556773,126585437949,,instructions,13296878191,100.00,2.54,insn per cycle
1.347556773,49803804126,,cycles,13281172000,100.00,,
1.450899377,107285,,rD044,13231660560,100.00,,
1.450899377,803371510,,rFF44,13243029688,100.00,,
1.450899377,125338861671,,instructions,13246580587,100.00,2.52,insn per cycle
1.450899377,49726361348,,cycles,13260638687,100.00,,
1.554959038,90935,,rD044,13319294846,100.00,,
1.554959038,805825513,,rFF44,13311980877,100.00,,
1.554959038,125672218531,,instructions,13303677637,100.00,2.52,insn per cycle
1.554959038,49855420564,,cycles,13295442060,100.00,,
1.658720817,99204,,rD044,13280280468,100.00,,
1.658720817,810952609,,rFF44,13288635366,100.00,,
1.658720817,126355224819,,instructions,13297814885,100.00,2.53,insn per cycle
1.658720817,49916331410,,cycles,13311442913,100.00,,
1.762818429,87236,,rD044,13307061686,100.00,,
1.762818429,810387519,,rFF44,13281847965,100.00,,
1.762818429,126520845073,,instructions,13318065279,100.00,2.54,insn per cycle
1.762818429,49895526235,,cycles,13305999317,100.00,,
1.866734719,82182,,rD044,13314555863,100.00,,
1.866734719,818231088,,rFF44,13327265785,100.00,,
1.866734719,126758918615,,instructions,13285659536,100.00,2.54,insn per cycle
1.866734719,49821940227,,cycles,13286108078,100.00,,
1.970296075,89283,,rD044,13252370819,100.00,,
1.970296075,808791181,,rFF44,13252902412,100.00,,
1.970296075,125917711533,,instructions,13250735236,100.00,2.53,insn per cycle
1.970296075,49687635745,,cycles,13250315008,100.00,,
2.074164764,100385,,rD044,13298178428,100.00,,
2.074164764,800165365,,rFF44,13303605292,100.00,,
2.074164764,125191845108,,instructions,13308062559,100.00,2.51,insn per cycle
2.074164764,49906323832,,cycles,13308509031,100.00,,
2.178032864,55907,,rD044,13293775845,100.00,,
2.178032864,817210499,,rFF44,13289876687,100.00,,
2.178032864,126948630657,,instructions,13289925789,100.00,2.55,insn per cycle
2.178032864,49835892847,,cycles,13289649797,100.00,,
2.281772752,58567,,rD044,13283778284,100.00,,
2.281772752,816015401,,rFF44,13311374588,100.00,,
2.281772752,126799629794,,instructions,13304189002,100.00,2.54,insn per cycle
2.281772752,49896645680,,cycles,13305908021,100.00,,
2.385802363,53863,,rD044,13308743184,100.00,,
2.385802363,818159023,,rFF44,13283618616,100.00,,
2.385802363,126990552417,,instructions,13282510231,100.00,2.56,insn per cycle
2.385802363,49698645137,,cycles,13253158012,100.00,,
2.489683323,57313,,rD044,13297982098,100.00,,
2.489683323,814387792,,rFF44,13304716699,100.00,,
2.489683323,126717313058,,instructions,13310273781,100.00,2.53,insn per cycle
2.489683323,50033901499,,cycles,13342545923,100.00,,
2.593609693,60669,,rD044,13299363523,100.00,,
2.593609693,816809113,,rFF44,13286322327,100.00,,
2.593609693,126843137120,,instructions,13281084688,100.00,2.55,insn per cycle
2.593609693,49782173469,,cycles,13275420461,100.00,,
2.697392672,55076,,rD044,13280643353,100.00,,
2.697392672,816773700,,rFF44,13285274839,100.00,,
2.697392672,126956103772,,instructions,13291469344,100.00,2.55,insn per cycle
2.697392672,49861003424,,cycles,13296502978,100.00,,
2.801134870,304616,,rD044,12422562331,100.00,,
2.801134870,637026840,,rFF44,12308264311,100.00,,
2.801134870,103424716371,,instructions,12205565915,100.00,2.28,insn per cycle
2.801134870,45387482003,,cycles,12104218227,100.00,,
