0.100130052,97731,,rD044,5496969041,100.00,,
0.100130052,463845956,,rFF44,5513349052,100.00,,
0.100130052,51754307629,,instructions,5526555224,100.00,2.49,insn per cycle
0.100130052,20763119189,,cycles,5538873451,100.00,,
0.201298896,31491,,rD044,6473734524,100.00,,
0.201298896,593696700,,rFF44,6471796331,100.00,,
0.201298896,92218662644,,instructions,6469929479,100.00,3.80,insn per cycle
0.201298896,24258304086,,cycles,6468914205,100.00,,
0.302297588,34160,,rD044,6461324834,100.00,,
0.302297588,595533474,,rFF44,6459917523,100.00,,
0.302297588,92443034665,,instructions,6459970368,100.00,3.82,insn per cycle
0.302297588,24224188148,,cycles,6460183121,100.00,,
0.403232119,31180,,rD044,6458892476,100.00,,
0.403232119,589161006,,rFF44,6457553710,100.00,,
0.403232119,91543691479,,instructions,6455802385,100.00,3.78,insn per cycle
0.403232119,24199910044,,cycles,6453357566,100.00,,
0.504046739,30123,,rD044,6452946237,100.00,,
0.504046739,597205514,,rFF44,6453993724,100.00,,
0.504046739,92788914802,,instructions,6455673618,100.00,3.83,insn per cycle
0.504046739,24216869375,,cycles,6457886024,100.00,,
0.604979930,28627,,rD044,6459751875,100.00,,
0.604979930,605077720,,rFF44,6460310586,100.00,,
0.604979930,93646225469,,instructions,6460440118,100.00,3.87,insn per cycle
0.604979930,24226158208,,cycles,6460360416,100.00,,
0.705926471,29279,,rD044,6460640666,100.00,,
0.705926471,602902217,,rFF44,6460187401,100.00,,
0.705926471,93368305081,,instructions,6459353531,100.00,3.85,insn per cycle
0.705926471,24221949325,,cycles,6459237599,100.00,,
0.806849392,31306,,rD044,6458378811,100.00,,
0.806849392,599582961,,rFF44,6458432455,100.00,,
0.806849392,92967945219,,instructions,6458800141,100.00,3.84,insn per cycle
0.806849392,24222498277,,cycles,6459384758,100.00,,
0.907776733,29000,,rD044,6459432171,100.00,,
0.907776733,601452492,,rFF44,6459477035,100.00,,
0.907776733,93191343564,,instructions,6459339100,100.00,3.85,insn per cycle
0.907776733,24220920414,,cycles,6458960027,100.00,,
1.008707074,28540,,rD044,6459261782,100.00,,
1.008707074,601924040,,rFF44,6459061915,100.00,,
1.008707074,93255496993,,instructions,6458916579,100.00,3.85,insn per cycle
1.008707074,24218511175,,cycles,6458327728,100.00,,
1.109620755,50370,,rD044,6458336336,100.00,,
1.109620755,592110191,,rFF44,6458890807,100.00,,
1.109620755,91969848404,,instructions,6459574799,100.00,3.80,insn per cycle
1.109620755,24224808434,,cycles,6460096226,100.00,,
1.210567226,24256,,rD044,6459856299,100.00,,
1.210567226,603208526,,rFF44,6459764450,100.00,,
1.210567226,93416130814,,instructions,6460048715,100.00,3.86,insn per cycle
1.210567226,24224698047,,cycles,6459974689,100.00,,
1.311501177,23995,,rD044,6459495102,100.00,,
1.311501177,603218021,,rFF44,6458968989,100.00,,
1.311501177,93397974287,,instructions,6458560855,100.00,3.86,insn per cycle
1.311501177,24219194174,,cycles,6458515696,100.00,,
1.412417118,23785,,rD044,6458916638,100.00,,
1.412417118,603497984,,rFF44,6459993950,100.00,,
1.412417118,93452737378,,instructions,6460013136,100.00,3.86,insn per cycle
1.412417118,24223435236,,cycles,6459673151,100.00,,
1.513342069,25019,,rD044,6459149956,100.00,,
1.513342069,601100774,,rFF44,6458887389,100.00,,
1.513342069,93135163838,,instructions,6458807524,100.00,3.85,insn per cycle
1.513342069,24220309016,,cycles,6458863983,100.00,,
1.614281070,24286,,rD044,6459765314,100.00,,
1.614281070,603476199,,rFF44,6459450503,100.00,,
1.614281070,93434809086,,instructions,6459297643,100.00,3.86,insn per cycle
1.614281070,24223601790,,cycles,6459721999,100.00,,
1.715214101,25153,,rD044,6459062485,100.00,,
1.715214101,603282837,,rFF44,6459339546,100.00,,
1.715214101,93420902241,,instructions,6459379401,100.00,3.86,insn per cycle
1.715214101,24220983009,,cycles,6459104641,100.00,,
1.816146702,25377,,rD044,6459247107,100.00,,
1.816146702,599079787,,rFF44,6459064953,100.00,,
1.816146702,92885880071,,instructions,6459223337,100.00,3.83,insn per cycle
1.816146702,24222320015,,cycles,6459407342,100.00,,
1.917079023,24669,,rD044,6459612035,100.00,,
1.917079023,601365962,,rFF44,6459445529,100.00,,
1.917079023,93167437105,,instructions,6459473990,100.00,3.85,insn per cycle
1.917079023,24222209404,,cycles,6459376274,100.00,,
2.018070215,24270,,rD044,6463499784,100.00,,
2.018070215,603144593,,rFF44,6463880400,100.00,,
2.018070215,93414841389,,instructions,6463937536,100.00,3.85,insn per cycle
2.018070215,24238807354,,cycles,6463756571,100.00,,
2.119011166,30107,,rD044,6459938919,100.00,,
2.119011166,596878007,,rFF44,6460121334,100.00,,
2.119011166,92613040723,,instructions,6460676871,100.00,3.82,insn per cycle
2.119011166,24229346430,,cycles,6461222959,100.00,,
2.219974308,23581,,rD044,6461491604,100.00,,
2.219974308,604151042,,rFF44,6461153342,100.00,,
2.219974308,93519074409,,instructions,6460885019,100.00,3.86,insn per cycle
2.219974308,24229726518,,cycles,6461307987,100.00,,
2.320933919,22257,,rD044,6460980946,100.00,,
2.320933919,603860769,,rFF44,6461024975,100.00,,
2.320933919,93497422827,,instructions,6460591512,100.00,3.86,insn per cycle
2.320933919,24223488136,,cycles,6459654016,100.00,,
2.421858640,25421,,rD044,6458845203,100.00,,
2.421858640,601971546,,rFF44,6458639356,100.00,,
2.421858640,93240761016,,instructions,6458625547,100.00,3.85,insn per cycle
2.421858640,24222747644,,cycles,6459496816,100.00,,
2.522814791,24139,,rD044,6460833162,100.00,,
2.522814791,604210816,,rFF44,6460528586,100.00,,
2.522814791,93541575812,,instructions,6460637889,100.00,3.86,insn per cycle
2.522814791,24226229793,,cycles,6460411275,100.00,,
2.623745353,25668,,rD044,6459332739,100.00,,
2.623745353,604676208,,rFF44,6459331559,100.00,,
2.623745353,93589047771,,instructions,6458995312,100.00,3.86,insn per cycle
2.623745353,24219452322,,cycles,6458650012,100.00,,
2.724669914,23697,,rD044,6458603442,100.00,,
2.724669914,602731847,,rFF44,6458314654,100.00,,
2.724669914,93348341880,,instructions,6458036355,100.00,3.85,insn per cycle
2.724669914,24214982172,,cycles,6457519410,100.00,,
2.825562724,25129,,rD044,6456949048,100.00,,
2.825562724,598063195,,rFF44,6457104819,100.00,,
2.825562724,92773082880,,instructions,6457542252,100.00,3.83,insn per cycle
2.825562724,24216759334,,cycles,6457930397,100.00,,
2.926487245,24107,,rD044,6458473988,100.00,,
2.926487245,602402792,,rFF44,6458251488,100.00,,
2.926487245,93311106910,,instructions,6457843315,100.00,3.85,insn per cycle
2.926487245,24216116562,,cycles,6457736663,100.00,,
3.027388926,24638,,rD044,6457565294,100.00,,
3.027388926,600967210,,rFF44,6457537949,100.00,,
3.027388926,93139671125,,instructions,6458276566,100.00,3.85,insn per cycle
3.027388926,24219717770,,cycles,6458666659,100.00,,
3.128312637,26610,,rD044,6459474219,100.00,,
3.128312637,599266347,,rFF44,6459903391,100.00,,
3.128312637,92912044841,,instructions,6459286072,100.00,3.84,insn per cycle
3.128312637,24220281601,,cycles,6458794257,100.00,,
3.229240968,23733,,rD044,6459266776,100.00,,
3.229240968,603845389,,rFF44,6459705833,100.00,,
3.229240968,93491119862,,instructions,6459819876,100.00,3.86,insn per cycle
3.229240968,24224692208,,cycles,6459976690,100.00,,
3.330166459,22003,,rD044,6458784580,100.00,,
3.330166459,601662760,,rFF44,6459054358,100.00,,
3.330166459,93236558794,,instructions,6460113721,100.00,3.85,insn per cycle
3.330166459,24224918056,,cycles,6460048953,100.00,,
3.431116430,25012,,rD044,6460529586,100.00,,
3.431116430,599923081,,rFF44,6459729487,100.00,,
3.431116430,92982456757,,instructions,6458842183,100.00,3.84,insn per cycle
3.431116430,24219893114,,cycles,6458759621,100.00,,
3.532034801,25672,,rD044,6458312643,100.00,,
3.532034801,603683577,,rFF44,6458608949,100.00,,
3.532034801,93468782191,,instructions,6459382316,100.00,3.86,insn per cycle
3.532034801,24223454703,,cycles,6459783535,100.00,,
3.632962942,229512,,rD044,6434035055,100.00,,
3.632962942,508387493,,rFF44,6420919269,100.00,,
3.632962942,81258088572,,instructions,6409048142,100.00,3.39,insn per cycle
3.632962942,23990110176,,cycles,6397769760,100.00,,
3.637293411,8618,,rD044,1968920,100.00,,
3.637293411,83238,,rFF44,1964000,100.00,,
3.637293411,4599631,,instructions,1959170,100.00,0.63,insn per cycle
3.637293411,7309837,,cycles,1955120,100.00,,
