0.100125104,14490,,rD044,696992220,100.00,,
0.100125104,53439431,,rFF44,697357565,100.00,,
0.100125104,624211208,,instructions,697690818,100.00,0.24,insn per cycle
0.100125104,2613171538,,cycles,698010978,100.00,,
0.200590911,1144,,rD044,803782039,100.00,,
0.200590911,61957792,,rFF44,803888051,100.00,,
0.200590911,715153758,,instructions,803906978,100.00,0.24,insn per cycle
0.200590911,3014649211,,cycles,803910688,100.00,,
0.300988187,1369,,rD044,802960577,100.00,,
0.300988187,69412909,,rFF44,802711710,100.00,,
0.300988187,6701860847,,instructions,802556370,100.00,2.23,insn per cycle
0.300988187,3009049524,,cycles,802419430,100.00,,
0.401286013,499,,rD044,802382280,100.00,,
0.401286013,76629327,,rFF44,802385290,100.00,,
0.401286013,11804626671,,instructions,802375540,100.00,3.92,insn per cycle
0.401286013,3008880069,,cycles,802372386,100.00,,
0.501581148,814,,rD044,802353050,100.00,,
0.501581148,72519644,,rFF44,802340384,100.00,,
0.501581148,11305865938,,instructions,802396878,100.00,3.76,insn per cycle
0.501581148,3009219685,,cycles,802465482,100.00,,
0.601888434,471,,rD044,802205398,100.00,,
0.601888434,76660705,,rFF44,802205584,100.00,,
0.601888434,11817178038,,instructions,802153560,100.00,3.93,insn per cycle
0.601888434,3007697020,,cycles,802084320,100.00,,
0.702182959,1042,,rD044,802350970,100.00,,
0.702182959,72851114,,rFF44,802348490,100.00,,
0.702182959,11345287887,,instructions,802345740,100.00,3.77,insn per cycle
0.702182959,3008843686,,cycles,802362390,100.00,,
0.802479875,445,,rD044,802369770,100.00,,
0.802479875,76604398,,rFF44,802369760,100.00,,
0.802479875,11815325078,,instructions,802369200,100.00,3.93,insn per cycle
0.802479875,3008790450,,cycles,802347940,100.00,,
0.902782980,758,,rD044,802424500,100.00,,
0.902782980,73153140,,rFF44,802429520,100.00,,
0.902782980,11386079237,,instructions,802431448,100.00,3.78,insn per cycle
0.902782980,3009106911,,cycles,802432388,100.00,,
1.003075965,789,,rD044,802337884,100.00,,
1.003075965,73326579,,rFF44,802327588,100.00,,
1.003075965,11415505269,,instructions,802315030,100.00,3.79,insn per cycle
1.003075965,3008640281,,cycles,802308120,100.00,,
1.103363981,1032,,rD044,802279963,100.00,,
1.103363981,76410370,,rFF44,802282519,100.00,,
1.103363981,11781085619,,instructions,802290849,100.00,3.92,insn per cycle
1.103363981,3008608945,,cycles,802305799,100.00,,
1.203686696,2052,,rD044,802467940,100.00,,
1.203686696,72617806,,rFF44,802467150,100.00,,
1.203686696,11316354569,,instructions,802465950,100.00,3.76,insn per cycle
1.203686696,3009058459,,cycles,802458040,100.00,,
1.303978082,452,,rD044,802323900,100.00,,
1.303978082,76596682,,rFF44,802326150,100.00,,
1.303978082,11803542143,,instructions,802317170,100.00,3.92,insn per cycle
1.303978082,3008670108,,cycles,802316027,100.00,,
1.404268917,707,,rD044,802260740,100.00,,
1.404268917,72676682,,rFF44,802264875,100.00,,
1.404268917,11327303093,,instructions,802281058,100.00,3.77,insn per cycle
1.404268917,3008457226,,cycles,802284141,100.00,,
1.504560592,444,,rD044,802304178,100.00,,
1.504560592,76792244,,rFF44,802305193,100.00,,
1.504560592,11824036526,,instructions,802301260,100.00,3.93,insn per cycle
1.504560592,3008827986,,cycles,802369820,100.00,,
1.604864248,530,,rD044,802421920,100.00,,
1.604864248,72972180,,rFF44,802423590,100.00,,
1.604864248,11360978629,,instructions,802423200,100.00,3.78,insn per cycle
1.604864248,3008772666,,cycles,802343250,100.00,,
1.705153313,433,,rD044,802305800,100.00,,
1.705153313,76707787,,rFF44,802293660,100.00,,
1.705153313,11808543186,,instructions,802288070,100.00,3.92,insn per cycle
1.705153313,3008632271,,cycles,802305790,100.00,,
1.805445088,651,,rD044,802340620,100.00,,
1.805445088,72699881,,rFF44,802346970,100.00,,
1.805445088,11327035980,,instructions,802351540,100.00,3.76,insn per cycle
1.805445088,3008846303,,cycles,802362958,100.00,,
1.905741964,455,,rD044,802354280,100.00,,
1.905741964,76686323,,rFF44,802361087,100.00,,
1.905741964,11814822984,,instructions,802366758,100.00,3.93,insn per cycle
1.905741964,3008763457,,cycles,802340640,100.00,,
2.006034639,670,,rD044,802322058,100.00,,
2.006034639,72949613,,rFF44,802313471,100.00,,
2.006034639,11357618436,,instructions,802306620,100.00,3.77,insn per cycle
2.006034639,3008666878,,cycles,802320460,100.00,,
2.106370415,670,,rD044,802688030,100.00,,
2.106370415,76647864,,rFF44,802700260,100.00,,
2.106370415,11816070715,,instructions,802709840,100.00,3.93,insn per cycle
2.106370415,3010147012,,cycles,802710420,100.00,,
2.206670280,712,,rD044,802384980,100.00,,
2.206670280,72814880,,rFF44,802373730,100.00,,
2.206670280,11343999770,,instructions,802367702,100.00,3.77,insn per cycle
2.206670280,3008873937,,cycles,802369618,100.00,,
2.306965196,457,,rD044,802362340,100.00,,
2.306965196,76505110,,rFF44,802356098,100.00,,
2.306965196,11800269159,,instructions,802341656,100.00,3.92,insn per cycle
2.306965196,3008745164,,cycles,802336160,100.00,,
2.407254821,664,,rD044,802246358,100.00,,
2.407254821,73225831,,rFF44,802261900,100.00,,
2.407254821,11394047297,,instructions,802273400,100.00,3.79,insn per cycle
2.407254821,3008423806,,cycles,802275540,100.00,,
2.507549407,671,,rD044,802353950,100.00,,
2.507549407,73437255,,rFF44,802348800,100.00,,
2.507549407,11425683489,,instructions,802346290,100.00,3.80,insn per cycle
2.507549407,3008737822,,cycles,802333640,100.00,,
2.607872102,467,,rD044,802576250,100.00,,
2.607872102,76488547,,rFF44,802568080,100.00,,
2.607872102,11794073214,,instructions,802558880,100.00,3.92,insn per cycle
2.607872102,3009589260,,cycles,802564635,100.00,,
2.708161588,618,,rD044,802311680,100.00,,
2.708161588,73041729,,rFF44,802316022,100.00,,
2.708161588,11375014509,,instructions,802322688,100.00,3.78,insn per cycle
2.708161588,3008720103,,cycles,802329193,100.00,,
2.808452183,426,,rD044,802319376,100.00,,
2.808452183,76646679,,rFF44,802323086,100.00,,
2.808452183,11809337676,,instructions,802320810,100.00,3.93,insn per cycle
2.808452183,3008698923,,cycles,802324020,100.00,,
2.908746158,653,,rD044,802344392,100.00,,
2.908746158,72672850,,rFF44,802345510,100.00,,
2.908746158,11325929081,,instructions,802359750,100.00,3.76,insn per cycle
2.908746158,3008811121,,cycles,802356470,100.00,,
3.009040584,435,,rD044,802349630,100.00,,
3.009040584,76522397,,rFF44,802343970,100.00,,
3.009040584,11781787045,,instructions,802343090,100.00,3.92,insn per cycle
3.009040584,3008802793,,cycles,802351490,100.00,,
3.109335719,944,,rD044,802343590,100.00,,
3.109335719,73118723,,rFF44,802351840,100.00,,
3.109335719,11380913070,,instructions,802349720,100.00,3.78,insn per cycle
3.109335719,3008741271,,cycles,802343665,100.00,,
3.209629754,470,,rD044,802391720,100.00,,
3.209629754,76490646,,rFF44,802435597,100.00,,
3.209629754,11775829415,,instructions,802436738,100.00,3.91,insn per cycle
3.209629754,3009139712,,cycles,802440683,100.00,,
3.309935510,679,,rD044,802393358,100.00,,
3.309935510,72830391,,rFF44,802344331,100.00,,
3.309935510,11346236534,,instructions,802341530,100.00,3.77,insn per cycle
3.309935510,3008699347,,cycles,802323870,100.00,,
3.410227055,429,,rD044,802326640,100.00,,
3.410227055,76803497,,rFF44,802329120,100.00,,
3.410227055,11832818476,,instructions,802330310,100.00,3.93,insn per cycle
3.410227055,3008726461,,cycles,802330910,100.00,,
3.510517051,704,,rD044,802140290,100.00,,
3.510517051,72830706,,rFF44,802141530,100.00,,
3.510517051,11340921193,,instructions,802137200,100.00,3.77,insn per cycle
3.510517051,3007920515,,cycles,802149800,100.00,,
3.610820076,476,,rD044,802413830,100.00,,
3.610820076,76624514,,rFF44,802414790,100.00,,
3.610820076,11815905045,,instructions,802425242,100.00,3.93,insn per cycle
3.610820076,3009078137,,cycles,802428418,100.00,,
3.711115571,646,,rD044,802361170,100.00,,
3.711115571,73022692,,rFF44,802359348,100.00,,
3.711115571,11368065319,,instructions,802354616,100.00,3.78,insn per cycle
3.711115571,3008784569,,cycles,802346410,100.00,,
3.811407227,569,,rD044,802324148,100.00,,
3.811407227,76075092,,rFF44,802328810,100.00,,
3.811407227,11751819091,,instructions,802336000,100.00,3.91,insn per cycle
3.811407227,3008783495,,cycles,802346410,100.00,,
3.911702862,555,,rD044,802286609,100.00,,
3.911702862,73366497,,rFF44,802277909,100.00,,
3.911702862,11412536362,,instructions,802264049,100.00,3.79,insn per cycle
3.911702862,3008390780,,cycles,802264929,100.00,,
4.012026048,698,,rD044,802577880,100.00,,
4.012026048,72998549,,rFF44,802575220,100.00,,
4.012026048,11373633636,,instructions,802576480,100.00,3.78,insn per cycle
4.012026048,3009609271,,cycles,802566356,100.00,,
4.112313793,705,,rD044,802253950,100.00,,
4.112313793,76433159,,rFF44,802254232,100.00,,
4.112313793,11784023723,,instructions,802253608,100.00,3.92,insn per cycle
4.112313793,3008388727,,cycles,802252572,100.00,,
4.212595688,687,,rD044,802247193,100.00,,
4.212595688,72593923,,rFF44,802237686,100.00,,
4.212595688,11314238468,,instructions,802418720,100.00,3.76,insn per cycle
4.212595688,3009065215,,cycles,802421290,100.00,,
4.312907784,443,,rD044,802491705,100.00,,
4.312907784,76731887,,rFF44,802497230,100.00,,
4.312907784,11818914366,,instructions,802320270,100.00,3.93,insn per cycle
4.312907784,3008674315,,cycles,802317160,100.00,,
4.413199889,494,,rD044,802258560,100.00,,
4.413199889,73110857,,rFF44,802271950,100.00,,
4.413199889,11375735304,,instructions,802285950,100.00,3.78,insn per cycle
4.413199889,3008430736,,cycles,802286930,100.00,,
4.513495785,433,,rD044,802355300,100.00,,
4.513495785,76655330,,rFF44,802337690,100.00,,
4.513495785,11801834855,,instructions,802329070,100.00,3.92,insn per cycle
4.513495785,3008731399,,cycles,802332397,100.00,,
4.613801100,737,,rD044,802447320,100.00,,
4.613801100,73019408,,rFF44,802454978,100.00,,
4.613801100,11369026707,,instructions,802439338,100.00,3.78,insn per cycle
4.613801100,3009112463,,cycles,802437521,100.00,,
4.714091475,421,,rD044,802315358,100.00,,
4.714091475,76672947,,rFF44,802331080,100.00,,
4.714091475,11805334646,,instructions,802345450,100.00,3.92,insn per cycle
4.714091475,3008782307,,cycles,802346080,100.00,,
4.814387151,1185,,rD044,802359730,100.00,,
4.814387151,73276861,,rFF44,802347810,100.00,,
4.814387151,11396888351,,instructions,802334350,100.00,3.79,insn per cycle
4.814387151,3008675958,,cycles,802319360,100.00,,
4.914676216,414,,rD044,802301570,100.00,,
4.914676216,76626572,,rFF44,802307770,100.00,,
4.914676216,11808957946,,instructions,802316560,100.00,3.92,insn per cycle
4.914676216,3008723997,,cycles,802330770,100.00,,
5.014967192,696,,rD044,802285330,100.00,,
5.014967192,72662460,,rFF44,802281140,100.00,,
5.014967192,11323582948,,instructions,802280940,100.00,3.76,insn per cycle
5.014967192,3008503608,,cycles,802282638,100.00,,
5.115259037,643,,rD044,802332930,100.00,,
5.115259037,76552074,,rFF44,802330415,100.00,,
5.115259037,11804171685,,instructions,802331308,100.00,3.92,insn per cycle
5.115259037,3008729238,,cycles,802331970,100.00,,
5.215552372,873,,rD044,802348828,100.00,,
5.215552372,72980234,,rFF44,802346233,100.00,,
5.215552372,11359058275,,instructions,802336700,100.00,3.78,insn per cycle
5.215552372,3008768264,,cycles,802344960,100.00,,
5.315877158,904,,rD044,802581350,100.00,,
5.315877158,74950826,,rFF44,802590410,100.00,,
5.315877158,11606592020,,instructions,802602430,100.00,3.86,insn per cycle
5.315877158,3009710503,,cycles,802594410,100.00,,
5.416169503,726,,rD044,802273810,100.00,,
5.416169503,74738271,,rFF44,802274460,100.00,,
5.416169503,11578663600,,instructions,802278460,100.00,3.85,insn per cycle
5.416169503,3008416337,,cycles,802283284,100.00,,
5.516467469,1147,,rD044,802369730,100.00,,
5.516467469,73474057,,rFF44,802369833,100.00,,
5.516467469,11424592409,,instructions,802360258,100.00,3.80,insn per cycle
5.516467469,3008814262,,cycles,802354054,100.00,,
5.616759054,612,,rD044,802324266,100.00,,
5.616759054,76535097,,rFF44,802322095,100.00,,
5.616759054,11796013683,,instructions,802326690,100.00,3.92,insn per cycle
5.616759054,3008739752,,cycles,802334620,100.00,,
5.717053289,819,,rD044,802345412,100.00,,
5.717053289,72650472,,rFF44,802337090,100.00,,
5.717053289,11320815530,,instructions,802321270,100.00,3.76,insn per cycle
5.717053289,3008640793,,cycles,802308390,100.00,,
5.817340535,801,,rD044,802266470,100.00,,
5.817340535,76550608,,rFF44,802275290,100.00,,
5.817340535,11790848119,,instructions,802281670,100.00,3.92,insn per cycle
5.817340535,3008565296,,cycles,802293880,100.00,,
5.917667650,744,,rD044,802598310,100.00,,
5.917667650,73360711,,rFF44,802591080,100.00,,
5.917667650,11408544798,,instructions,802600375,100.00,3.79,insn per cycle
5.917667650,3009674322,,cycles,802583378,100.00,,
6.017957586,525,,rD044,802321271,100.00,,
6.017957586,76775635,,rFF44,802331588,100.00,,
6.017957586,11817605452,,instructions,802326443,100.00,3.93,insn per cycle
6.017957586,3008715685,,cycles,802328080,100.00,,
6.118250411,791,,rD044,802304487,100.00,,
6.118250411,73027891,,rFF44,802302190,100.00,,
6.118250411,11361496947,,instructions,802313370,100.00,3.78,insn per cycle
6.118250411,3008679322,,cycles,802329530,100.00,,
6.218544786,514,,rD044,802351330,100.00,,
6.218544786,76617655,,rFF44,802355410,100.00,,
6.218544786,11798444336,,instructions,802358330,100.00,3.92,insn per cycle
6.218544786,3008781730,,cycles,802345730,100.00,,
6.318868602,1187,,rD044,802571370,100.00,,
6.318868602,72936971,,rFF44,802570440,100.00,,
6.318868602,11348592178,,instructions,802557550,100.00,3.77,insn per cycle
6.318868602,3009506127,,cycles,802544788,100.00,,
6.419159047,588,,rD044,802297140,100.00,,
6.419159047,76654034,,rFF44,802295436,100.00,,
6.419159047,11812232884,,instructions,802305218,100.00,3.93,insn per cycle
6.419159047,3008624489,,cycles,802318300,100.00,,
6.519454083,2157,,rD044,802101698,100.00,,
6.519454083,72714829,,rFF44,802092952,100.00,,
6.519454083,11323819832,,instructions,802073200,100.00,3.77,insn per cycle
6.519454083,3007475988,,cycles,802077380,100.00,,
6.619743618,489,,rD044,802308030,100.00,,
6.619743618,76482546,,rFF44,802307240,100.00,,
6.619743618,11795188284,,instructions,802324040,100.00,3.92,insn per cycle
6.619743618,3008726588,,cycles,802331020,100.00,,
6.720035073,626,,rD044,802323120,100.00,,
6.720035073,72037696,,rFF44,802332210,100.00,,
6.720035073,11249527511,,instructions,802321550,100.00,3.74,insn per cycle
6.720035073,3008663481,,cycles,802314340,100.00,,
6.820324859,488,,rD044,802314420,100.00,,
6.820324859,74154392,,rFF44,802303210,100.00,,
6.820324859,11510127292,,instructions,802305450,100.00,3.83,insn per cycle
6.820324859,3008653563,,cycles,802311124,100.00,,
6.920616534,471,,rD044,802336280,100.00,,
6.920616534,75209886,,rFF44,802565418,100.00,,
6.920616534,11642958849,,instructions,802574608,100.00,3.87,insn per cycle
6.920616534,3009629866,,cycles,802571984,100.00,,
7.020938730,571,,rD044,802541238,100.00,,
7.020938730,72949335,,rFF44,802311940,100.00,,
7.020938730,11359452225,,instructions,802297300,100.00,3.78,insn per cycle
7.020938730,3008510926,,cycles,802283660,100.00,,
7.121229855,441,,rD044,802320310,100.00,,
7.121229855,76444290,,rFF44,802327270,100.00,,
7.121229855,11784265764,,instructions,802333170,100.00,3.92,insn per cycle
7.121229855,3008770195,,cycles,802342590,100.00,,
7.221522840,434,,rD044,802340070,100.00,,
7.221522840,73103166,,rFF44,802342270,100.00,,
7.221522840,11382210550,,instructions,802340420,100.00,3.78,insn per cycle
7.221522840,3008773613,,cycles,802343960,100.00,,
7.321845536,449,,rD044,802571260,100.00,,
7.321845536,76651190,,rFF44,802558806,100.00,,
7.321845536,11806633959,,instructions,802548378,100.00,3.92,insn per cycle
7.321845536,3009479147,,cycles,802531478,100.00,,
7.422130282,550,,rD044,802214757,100.00,,
7.422130282,72779921,,rFF44,802220852,100.00,,
7.422130282,11337856453,,instructions,802227940,100.00,3.77,insn per cycle
7.422130282,3008259035,,cycles,802238460,100.00,,
7.522420977,465,,rD044,802320671,100.00,,
7.522420977,76766991,,rFF44,802335330,100.00,,
7.522420977,11817985866,,instructions,802346920,100.00,3.93,insn per cycle
7.522420977,3008742532,,cycles,802335810,100.00,,
7.622713502,560,,rD044,802335240,100.00,,
7.622713502,72638330,,rFF44,802314240,100.00,,
7.622713502,11313337839,,instructions,802299640,100.00,3.76,insn per cycle
7.622713502,3008711679,,cycles,802326950,100.00,,
7.723006857,478,,rD044,802334420,100.00,,
7.723006857,76730425,,rFF44,802340910,100.00,,
7.723006857,11816749262,,instructions,802351990,100.00,3.93,insn per cycle
7.723006857,3008772057,,cycles,802343123,100.00,,
7.823330633,573,,rD044,802591143,100.00,,
7.823330633,73130594,,rFF44,802596528,100.00,,
7.823330633,11382061806,,instructions,802594818,100.00,3.78,insn per cycle
7.823330633,3009696489,,cycles,802589335,100.00,,
7.923622289,441,,rD044,802303325,100.00,,
7.923622289,76628261,,rFF44,802391730,100.00,,
7.923622289,11808605666,,instructions,802392900,100.00,3.92,insn per cycle
7.923622289,3008931927,,cycles,802407840,100.00,,
8.023936194,614,,rD044,802422590,100.00,,
8.023936194,73059573,,rFF44,802330130,100.00,,
8.023936194,11372292385,,instructions,802323980,100.00,3.78,insn per cycle
8.023936194,3008585511,,cycles,802306420,100.00,,
8.124226289,478,,rD044,802314940,100.00,,
8.124226289,76641540,,rFF44,802313990,100.00,,
8.124226289,11819731801,,instructions,802315940,100.00,3.93,insn per cycle
8.124226289,3008664994,,cycles,802314624,100.00,,
8.224500875,552,,rD044,802189560,100.00,,
8.224500875,72968689,,rFF44,802196550,100.00,,
8.224500875,11360568527,,instructions,802195344,100.00,3.78,insn per cycle
8.224500875,3008199738,,cycles,802190724,100.00,,
8.324800810,526,,rD044,802406074,100.00,,
8.324800810,73465793,,rFF44,802398128,100.00,,
8.324800810,11430770192,,instructions,802406244,100.00,3.80,insn per cycle
8.324800810,3009056488,,cycles,802418370,100.00,,
8.425094275,447,,rD044,802274754,100.00,,
8.425094275,76426221,,rFF44,802275700,100.00,,
8.425094275,11787723041,,instructions,802270760,100.00,3.92,insn per cycle
8.425094275,3008385123,,cycles,802268360,100.00,,
8.525385211,626,,rD044,802327980,100.00,,
8.525385211,73191181,,rFF44,802330510,100.00,,
8.525385211,11392378460,,instructions,802320850,100.00,3.79,insn per cycle
8.525385211,3008651196,,cycles,802310910,100.00,,
8.625675146,466,,rD044,802310400,100.00,,
8.625675146,76530799,,rFF44,802310180,100.00,,
8.625675146,11794850821,,instructions,802328890,100.00,3.92,insn per cycle
8.625675146,3008793675,,cycles,802349270,100.00,,
8.725970971,727,,rD044,802363280,100.00,,
8.725970971,72811325,,rFF44,802353660,100.00,,
8.725970971,11341690365,,instructions,802341644,100.00,3.77,insn per cycle
8.725970971,3008694167,,cycles,802325038,100.00,,
8.826262917,855,,rD044,802327321,100.00,,
8.826262917,76579189,,rFF44,802333268,100.00,,
8.826262917,11791917272,,instructions,802343484,100.00,3.92,insn per cycle
8.826262917,3008812384,,cycles,802353970,100.00,,
8.926554992,677,,rD044,802336257,100.00,,
8.926554992,72902238,,rFF44,802339280,100.00,,
8.926554992,11350195771,,instructions,802330710,100.00,3.77,insn per cycle
8.926554992,3008893507,,cycles,802375330,100.00,,
9.026859237,516,,rD044,802426880,100.00,,
9.026859237,76746654,,rFF44,802431650,100.00,,
9.026859237,11812921833,,instructions,802434280,100.00,3.93,insn per cycle
9.026859237,3008929979,,cycles,802385070,100.00,,
9.127151623,716,,rD044,802295390,100.00,,
9.127151623,73091119,,rFF44,802277910,100.00,,
9.127151623,11370864302,,instructions,802273330,100.00,3.78,insn per cycle
9.127151623,3008456024,,cycles,802270330,100.00,,
9.227438638,571,,rD044,802291060,100.00,,
9.227438638,76695166,,rFF44,802303090,100.00,,
9.227438638,11810302468,,instructions,802309185,100.00,3.93,insn per cycle
9.227438638,3008637249,,cycles,802306708,100.00,,
9.327726954,670,,rD044,802304150,100.00,,
9.327726954,72852934,,rFF44,802307048,100.00,,
9.327726954,11341775513,,instructions,802303403,100.00,3.77,insn per cycle
9.327726954,3008611603,,cycles,802300200,100.00,,
9.428017569,527,,rD044,802273828,100.00,,
9.428017569,76504391,,rFF44,802281440,100.00,,
9.428017569,11791129802,,instructions,802282260,100.00,3.92,insn per cycle
9.428017569,3008463581,,cycles,802288210,100.00,,
9.528312884,748,,rD044,802333200,100.00,,
9.528312884,72659079,,rFF44,802325010,100.00,,
9.528312884,11317784335,,instructions,802331110,100.00,3.76,insn per cycle
9.528312884,3008749603,,cycles,802342840,100.00,,
9.628606270,547,,rD044,802336560,100.00,,
9.628606270,76620188,,rFF44,802388880,100.00,,
9.628606270,11816815743,,instructions,802449610,100.00,3.93,insn per cycle
9.628606270,3009180963,,cycles,802452251,100.00,,
9.728929405,744,,rD044,802591650,100.00,,
9.728929405,72969936,,rFF44,802547415,100.00,,
9.728929405,11360727176,,instructions,802487978,100.00,3.78,insn per cycle
9.728929405,3009234242,,cycles,802466537,100.00,,
9.829224461,621,,rD044,802348408,100.00,,
9.829224461,73262937,,rFF44,802330743,100.00,,
9.829224461,11400877843,,instructions,802315760,100.00,3.79,insn per cycle
9.829224461,3008695929,,cycles,802322360,100.00,,
9.929518226,568,,rD044,802270740,100.00,,
9.929518226,76484604,,rFF44,802286440,100.00,,
9.929518226,11794725365,,instructions,802292010,100.00,3.92,insn per cycle
9.929518226,3008457411,,cycles,802288360,100.00,,
10.029825661,569,,rD044,802427170,100.00,,
10.029825661,72671933,,rFF44,802421280,100.00,,
10.029825661,11323681276,,instructions,802429540,100.00,3.76,insn per cycle
10.029825661,3009092471,,cycles,802434590,100.00,,
10.130116337,481,,rD044,802326490,100.00,,
10.130116337,76650036,,rFF44,802329560,100.00,,
10.130116337,11812266105,,instructions,802334663,100.00,3.93,insn per cycle
10.130116337,3008733028,,cycles,802332538,100.00,,
10.230408582,721,,rD044,802337220,100.00,,
10.230408582,73067172,,rFF44,802332598,100.00,,
10.230408582,11373611894,,instructions,802321855,100.00,3.78,insn per cycle
10.230408582,3008722388,,cycles,802329820,100.00,,
10.330699428,613,,rD044,802314318,100.00,,
10.330699428,76485766,,rFF44,802309650,100.00,,
10.330699428,11777374189,,instructions,802309210,100.00,3.91,insn per cycle
10.330699428,3008653407,,cycles,802312760,100.00,,
10.430995363,699,,rD044,802295630,100.00,,
10.430995363,73269471,,rFF44,802299340,100.00,,
10.430995363,11395484661,,instructions,802291590,100.00,3.79,insn per cycle
10.430995363,3008428776,,cycles,802285240,100.00,,
10.531285628,762,,rD044,802324680,100.00,,
10.531285628,76592439,,rFF44,802324720,100.00,,
10.531285628,11787963237,,instructions,802330780,100.00,3.92,insn per cycle
10.531285628,3008746792,,cycles,802336780,100.00,,
10.631579684,794,,rD044,802342500,100.00,,
10.631579684,73404345,,rFF44,802343220,100.00,,
10.631579684,11412520831,,instructions,802375283,100.00,3.79,insn per cycle
10.631579684,3009098999,,cycles,802429908,100.00,,
10.731880899,513,,rD044,802405921,100.00,,
10.731880899,76723596,,rFF44,802402678,100.00,,
10.731880899,11817552078,,instructions,802367085,100.00,3.93,insn per cycle
10.731880899,3008594882,,cycles,802295870,100.00,,
10.832169514,578,,rD044,802305487,100.00,,
10.832169514,72915753,,rFF44,802307490,100.00,,
10.832169514,11353994439,,instructions,802307800,100.00,3.77,insn per cycle
10.832169514,3008672162,,cycles,802316710,100.00,,
10.932461970,476,,rD044,802333990,100.00,,
10.932461970,76681647,,rFF44,802335350,100.00,,
10.932461970,11821674748,,instructions,802333050,100.00,3.93,insn per cycle
10.932461970,3008697738,,cycles,802326690,100.00,,
11.032753595,597,,rD044,802301660,100.00,,
11.032753595,72798958,,rFF44,802301900,100.00,,
11.032753595,11342631945,,instructions,802317250,100.00,3.77,insn per cycle
11.032753595,3008690033,,cycles,802327270,100.00,,
11.133051320,471,,rD044,802387520,100.00,,
11.133051320,76622593,,rFF44,802392190,100.00,,
11.133051320,11818462097,,instructions,802391933,100.00,3.93,insn per cycle
11.133051320,3008926620,,cycles,802387378,100.00,,
11.233343566,627,,rD044,802324950,100.00,,
11.233343566,73007967,,rFF44,802317928,100.00,,
11.233343566,11367541238,,instructions,802312785,100.00,3.78,insn per cycle
11.233343566,3008684430,,cycles,802320000,100.00,,
11.333639141,570,,rD044,802466818,100.00,,
11.333639141,73025197,,rFF44,802604770,100.00,,
11.333639141,11375245979,,instructions,802592600,100.00,3.78,insn per cycle
11.333639141,3009650076,,cycles,802577130,100.00,,
11.433959627,527,,rD044,802395070,100.00,,
11.433959627,76431375,,rFF44,802267460,100.00,,
11.433959627,11786023815,,instructions,802284010,100.00,3.92,insn per cycle
11.433959627,3008475132,,cycles,802293390,100.00,,
11.534252262,556,,rD044,802331720,100.00,,
11.534252262,72903227,,rFF44,802319580,100.00,,
11.534252262,11359327695,,instructions,802304720,100.00,3.78,insn per cycle
11.534252262,3008628620,,cycles,802305144,100.00,,
11.634571818,480,,rD044,802547873,100.00,,
11.634571818,76567823,,rFF44,802542758,100.00,,
11.634571818,11799535119,,instructions,802545748,100.00,3.92,insn per cycle
11.634571818,3009999352,,cycles,802670054,100.00,,
11.734874493,663,,rD044,802421935,100.00,,
11.734874493,73310541,,rFF44,802424710,100.00,,
11.734874493,11404301831,,instructions,802417860,100.00,3.79,insn per cycle
11.734874493,3008550388,,cycles,802284160,100.00,,
11.835156099,851,,rD044,802247190,100.00,,
11.835156099,76662168,,rFF44,802254930,100.00,,
11.835156099,11803725395,,instructions,802278660,100.00,3.92,insn per cycle
11.835156099,3008558660,,cycles,802289000,100.00,,
11.935451924,612,,rD044,802292570,100.00,,
11.935451924,73151974,,rFF44,802293920,100.00,,
11.935451924,11382621822,,instructions,802285900,100.00,3.78,insn per cycle
11.935451924,3008450975,,cycles,802281030,100.00,,
12.035752669,471,,rD044,802370960,100.00,,
12.035752669,76769534,,rFF44,802361370,100.00,,
12.035752669,11819026746,,instructions,802361798,100.00,3.93,insn per cycle
12.035752669,3008834388,,cycles,802370148,100.00,,
12.136046065,626,,rD044,802329605,100.00,,
12.136046065,73120198,,rFF44,802331338,100.00,,
12.136046065,11381326246,,instructions,802324060,100.00,3.78,insn per cycle
12.136046065,3008679131,,cycles,802323260,100.00,,
12.236336700,462,,rD044,802319793,100.00,,
12.236336700,76827063,,rFF44,802321410,100.00,,
12.236336700,11836605620,,instructions,802339100,100.00,3.93,insn per cycle
12.236336700,3008768911,,cycles,802342760,100.00,,
12.336630515,574,,rD044,802403490,100.00,,
12.336630515,72723203,,rFF44,802463160,100.00,,
12.336630515,11332129473,,instructions,802451390,100.00,3.77,insn per cycle
12.336630515,3009128909,,cycles,802437880,100.00,,
12.436934311,478,,rD044,802290320,100.00,,
12.436934311,76664455,,rFF44,802236130,100.00,,
12.436934311,11821128358,,instructions,802245200,100.00,3.93,insn per cycle
12.436934311,3008292424,,cycles,802247674,100.00,,
12.537226106,564,,rD044,802333700,100.00,,
12.537226106,72876263,,rFF44,802330051,100.00,,
12.537226106,11350579745,,instructions,802318098,100.00,3.77,insn per cycle
12.537226106,3008706071,,cycles,802325294,100.00,,
12.637519892,527,,rD044,802337446,100.00,,
12.637519892,76430462,,rFF44,802339407,100.00,,
12.637519892,11793832060,,instructions,802353420,100.00,3.92,insn per cycle
12.637519892,3008841798,,cycles,802362000,100.00,,
12.737825397,554,,rD044,802446112,100.00,,
12.737825397,73089894,,rFF44,802440140,100.00,,
12.737825397,11377119572,,instructions,802416280,100.00,3.78,insn per cycle
12.737825397,3009022743,,cycles,802409470,100.00,,
12.838116202,532,,rD044,802324810,100.00,,
12.838116202,73310455,,rFF44,802338110,100.00,,
12.838116202,11407619209,,instructions,802347550,100.00,3.79,insn per cycle
12.838116202,3008725885,,cycles,802333350,100.00,,
12.938410338,322,,rD044,802347580,100.00,,
12.938410338,76428038,,rFF44,802346720,100.00,,
12.938410338,11783868982,,instructions,802352620,100.00,3.92,insn per cycle
12.938410338,3008840951,,cycles,802362208,100.00,,
13.038704343,605,,rD044,802330190,100.00,,
13.038704343,73151572,,rFF44,802320205,100.00,,
13.038704343,11384830781,,instructions,802311518,100.00,3.78,insn per cycle
13.038704343,3008607292,,cycles,802305020,100.00,,
13.138993128,458,,rD044,802306588,100.00,,
13.138993128,76643981,,rFF44,802306263,100.00,,
13.138993128,11807072111,,instructions,802307630,100.00,3.92,insn per cycle
13.138993128,3008646918,,cycles,802309570,100.00,,
13.239281754,697,,rD044,802298950,100.00,,
13.239281754,72450530,,rFF44,802298890,100.00,,
13.239281754,11297838900,,instructions,802295630,100.00,3.76,insn per cycle
13.239281754,3008597936,,cycles,802296660,100.00,,
13.339571499,589,,rD044,802318490,100.00,,
13.339571499,76624652,,rFF44,802327130,100.00,,
13.339571499,11796370190,,instructions,802361140,100.00,3.92,insn per cycle
13.339571499,3009679031,,cycles,802584870,100.00,,
13.439891595,684,,rD044,802486570,100.00,,
13.439891595,72125341,,rFF44,802475090,100.00,,
13.439891595,11249788353,,instructions,802449783,100.00,3.74,insn per cycle
13.439891595,3008227482,,cycles,802231878,100.00,,
13.540214330,492,,rD044,802570188,100.00,,
13.540214330,76682386,,rFF44,802574318,100.00,,
13.540214330,11805211148,,instructions,802574415,100.00,3.92,insn per cycle
13.540214330,3009602620,,cycles,802564520,100.00,,
13.640503546,709,,rD044,802313470,100.00,,
13.640503546,72874820,,rFF44,802315360,100.00,,
13.640503546,11350236748,,instructions,802311330,100.00,3.77,insn per cycle
13.640503546,3008709800,,cycles,802327050,100.00,,
13.740811131,495,,rD044,802461610,100.00,,
13.740811131,76738572,,rFF44,802464980,100.00,,
13.740811131,11821296900,,instructions,802471410,100.00,3.93,insn per cycle
13.740811131,3009220873,,cycles,802462390,100.00,,
13.841101286,616,,rD044,802309360,100.00,,
13.841101286,72831083,,rFF44,802316840,100.00,,
13.841101286,11342499510,,instructions,802308511,100.00,3.77,insn per cycle
13.841101286,3008614651,,cycles,802300998,100.00,,
13.941394532,456,,rD044,802338040,100.00,,
13.941394532,76532969,,rFF44,802317397,100.00,,
13.941394532,11801938722,,instructions,802315267,100.00,3.92,insn per cycle
13.941394532,3008711978,,cycles,802327120,100.00,,
14.041684407,591,,rD044,802298068,100.00,,
14.041684407,72949556,,rFF44,802309381,100.00,,
14.041684407,11357413848,,instructions,802329900,100.00,3.77,insn per cycle
14.041684407,3008720211,,cycles,802335170,100.00,,
14.141980793,556,,rD044,802370030,100.00,,
14.141980793,76209051,,rFF44,802374070,100.00,,
14.141980793,11767611987,,instructions,802362910,100.00,3.91,insn per cycle
14.141980793,3008833288,,cycles,802359280,100.00,,
14.242273348,491,,rD044,802338540,100.00,,
14.242273348,73224308,,rFF44,802328530,100.00,,
14.242273348,11392414860,,instructions,802324470,100.00,3.79,insn per cycle
14.242273348,3008675719,,cycles,802317170,100.00,,
14.342563693,612,,rD044,802314230,100.00,,
14.342563693,72713802,,rFF44,802318850,100.00,,
14.342563693,11333207267,,instructions,802315300,100.00,3.77,insn per cycle
14.342563693,3008939374,,cycles,802387927,100.00,,
14.442864699,472,,rD044,802342800,100.00,,
14.442864699,76489575,,rFF44,802344928,100.00,,
14.442864699,11794187196,,instructions,802351338,100.00,3.92,insn per cycle
14.442864699,3008414898,,cycles,802281891,100.00,,
14.543158154,571,,rD044,802339688,100.00,,
14.543158154,73464679,,rFF44,802346670,100.00,,
14.543158154,11421372389,,instructions,802343700,100.00,3.80,insn per cycle
14.543158154,3008745610,,cycles,802335930,100.00,,
14.643450959,460,,rD044,802336490,100.00,,
14.643450959,76710821,,rFF44,802325720,100.00,,
14.643450959,11817947363,,instructions,802325140,100.00,3.93,insn per cycle
14.643450959,3008718421,,cycles,802328730,100.00,,
14.743742255,585,,rD044,802322250,100.00,,
14.743742255,73065411,,rFF44,802325730,100.00,,
14.743742255,11372374142,,instructions,802334060,100.00,3.78,insn per cycle
14.743742255,3008760858,,cycles,802343240,100.00,,
14.844037970,499,,rD044,802365810,100.00,,
14.844037970,76595295,,rFF44,802368510,100.00,,
14.844037970,11792390508,,instructions,802365772,100.00,3.92,insn per cycle
14.844037970,3008849385,,cycles,802363508,100.00,,
14.944332436,583,,rD044,802351600,100.00,,
14.944332436,73096996,,rFF44,802343268,100.00,,
14.944332436,11378538352,,instructions,802334486,100.00,3.78,insn per cycle
14.944332436,3008702426,,cycles,802324790,100.00,,
15.044621821,471,,rD044,802307768,100.00,,
15.044621821,76689178,,rFF44,802542530,100.00,,
15.044621821,11807653322,,instructions,802557790,100.00,3.92,insn per cycle
15.044621821,3009621848,,cycles,802574600,100.00,,
15.144945667,568,,rD044,802576930,100.00,,
15.144945667,72793475,,rFF44,802345840,100.00,,
15.144945667,11336594897,,instructions,802331670,100.00,3.77,insn per cycle
15.144945667,3008675790,,cycles,802318220,100.00,,
15.245235232,441,,rD044,802304290,100.00,,
15.245235232,76661844,,rFF44,802303660,100.00,,
15.245235232,11814475629,,instructions,802307310,100.00,3.93,insn per cycle
15.245235232,3008667658,,cycles,802314833,100.00,,
15.345529687,623,,rD044,802353000,100.00,,
15.345529687,73004991,,rFF44,802353941,100.00,,
15.345529687,11369557883,,instructions,802354408,100.00,3.78,insn per cycle
15.345529687,3008817675,,cycles,802355265,100.00,,
15.445878193,490,,rD044,802699908,100.00,,
15.445878193,76684812,,rFF44,802703797,100.00,,
15.445878193,11825879217,,instructions,802701980,100.00,3.93,insn per cycle
15.445878193,3009954098,,cycles,802693120,100.00,,
15.546167559,555,,rD044,802314570,100.00,,
15.546167559,73204923,,rFF44,802312860,100.00,,
15.546167559,11393845208,,instructions,802307030,100.00,3.79,insn per cycle
15.546167559,3008654889,,cycles,802311890,100.00,,
15.646461574,447,,rD044,802351250,100.00,,
15.646461574,74260034,,rFF44,802344930,100.00,,
15.646461574,11525806483,,instructions,802351690,100.00,3.83,insn per cycle
15.646461574,3008838061,,cycles,802360927,100.00,,
15.746754999,531,,rD044,802338620,100.00,,
15.746754999,74941907,,rFF44,802342864,100.00,,
15.746754999,11607670962,,instructions,802356078,100.00,3.86,insn per cycle
15.746754999,3008797362,,cycles,802349491,100.00,,
15.847052415,612,,rD044,802313088,100.00,,
15.847052415,73088447,,rFF44,802313494,100.00,,
15.847052415,11380709415,,instructions,802297630,100.00,3.78,insn per cycle
15.847052415,3008506788,,cycles,802295220,100.00,,
15.947338660,465,,rD044,802282340,100.00,,
15.947338660,76363963,,rFF44,802283740,100.00,,
15.947338660,11771934509,,instructions,802287070,100.00,3.91,insn per cycle
15.947338660,3008575213,,cycles,802290300,100.00,,
16.047630755,593,,rD044,802341949,100.00,,
16.047630755,72669191,,rFF44,802383469,100.00,,
16.047630755,11325389873,,instructions,802380029,100.00,3.76,insn per cycle
16.047630755,3008845002,,cycles,802374449,100.00,,
16.147932971,475,,rD044,802374180,100.00,,
16.147932971,76614836,,rFF44,802326910,100.00,,
16.147932971,11802258784,,instructions,802324200,100.00,3.92,insn per cycle
16.147932971,3008704826,,cycles,802325287,100.00,,
16.248224156,583,,rD044,802324810,100.00,,
16.248224156,73016989,,rFF44,802334025,100.00,,
16.248224156,11367554906,,instructions,802346718,100.00,3.78,insn per cycle
16.248224156,3008779462,,cycles,802344871,100.00,,
16.348515531,548,,rD044,802322278,100.00,,
16.348515531,76727480,,rFF44,802322623,100.00,,
16.348515531,11812408479,,instructions,802332630,100.00,3.93,insn per cycle
16.348515531,3008741281,,cycles,802334990,100.00,,
16.448825697,717,,rD044,802424540,100.00,,
16.448825697,73314699,,rFF44,802419320,100.00,,
16.448825697,11399044867,,instructions,802403890,100.00,3.79,insn per cycle
16.448825697,3008913711,,cycles,802401630,100.00,,
16.549116512,458,,rD044,802312690,100.00,,
16.549116512,76619315,,rFF44,802326410,100.00,,
16.549116512,11799826718,,instructions,802334030,100.00,3.92,insn per cycle
16.549116512,3008716971,,cycles,802334100,100.00,,
16.649412668,557,,rD044,802363370,100.00,,
16.649412668,72652558,,rFF44,802348410,100.00,,
16.649412668,11318676659,,instructions,802326193,100.00,3.76,insn per cycle
16.649412668,3008691562,,cycles,802321518,100.00,,
16.749705903,448,,rD044,802337111,100.00,,
16.749705903,76654592,,rFF44,802338678,100.00,,
16.749705903,11813711388,,instructions,802350475,100.00,3.93,insn per cycle
16.749705903,3008785558,,cycles,802346810,100.00,,
16.849997778,600,,rD044,802321897,100.00,,
16.849997778,72985575,,rFF44,802310030,100.00,,
16.849997778,11365728122,,instructions,802305690,100.00,3.78,insn per cycle
16.849997778,3008672926,,cycles,802317310,100.00,,
16.950287814,434,,rD044,802326350,100.00,,
16.950287814,76606762,,rFF44,802340770,100.00,,
16.950287814,11814648250,,instructions,802358540,100.00,3.93,insn per cycle
16.950287814,3008846626,,cycles,802362840,100.00,,
17.050583149,626,,rD044,802339410,100.00,,
17.050583149,73146371,,rFF44,802339190,100.00,,
17.050583149,11381680573,,instructions,802413230,100.00,3.78,insn per cycle
17.050583149,3009735808,,cycles,802607988,100.00,,
17.150910295,542,,rD044,802607820,100.00,,
17.150910295,73271092,,rFF44,802603705,100.00,,
17.150910295,11401944525,,instructions,802515448,100.00,3.79,insn per cycle
17.150910295,3008651609,,cycles,802310810,100.00,,
17.251229680,460,,rD044,802558618,100.00,,
17.251229680,76414581,,rFF44,802560643,100.00,,
17.251229680,11790100759,,instructions,802556480,100.00,3.92,insn per cycle
17.251229680,3009571210,,cycles,802556670,100.00,,
17.351521046,596,,rD044,802325360,100.00,,
17.351521046,72894609,,rFF44,802323900,100.00,,
17.351521046,11353305522,,instructions,802321270,100.00,3.77,insn per cycle
17.351521046,3008695221,,cycles,802322010,100.00,,
17.451823951,450,,rD044,802339580,100.00,,
17.451823951,76503719,,rFF44,802333960,100.00,,
17.451823951,11793354098,,instructions,802344250,100.00,3.92,insn per cycle
17.451823951,3008662969,,cycles,802348224,100.00,,
17.552116367,584,,rD044,802333070,100.00,,
17.552116367,73266678,,rFF44,802339592,100.00,,
17.552116367,11400898221,,instructions,802337648,100.00,3.79,insn per cycle
17.552116367,3008717413,,cycles,802328224,100.00,,
17.652406062,477,,rD044,802317886,100.00,,
17.652406062,76729416,,rFF44,802318256,100.00,,
17.652406062,11816705342,,instructions,802323140,100.00,3.93,insn per cycle
17.652406062,3008698518,,cycles,802323660,100.00,,
17.752706487,491,,rD044,802391012,100.00,,
17.752706487,73052763,,rFF44,802381920,100.00,,
17.752706487,11370916981,,instructions,802389960,100.00,3.78,insn per cycle
17.752706487,3009003247,,cycles,802404440,100.00,,
17.852998213,462,,rD044,802330040,100.00,,
17.852998213,76800964,,rFF44,802338340,100.00,,
17.852998213,11822638427,,instructions,802329400,100.00,3.93,insn per cycle
17.852998213,3008683253,,cycles,802319810,100.00,,
17.953289968,537,,rD044,802338220,100.00,,
17.953289968,73054710,,rFF44,802341140,100.00,,
17.953289968,11369602991,,instructions,802344960,100.00,3.78,insn per cycle
17.953289968,3008815739,,cycles,802354474,100.00,,
18.053585773,461,,rD044,802347150,100.00,,
18.053585773,76703670,,rFF44,802342522,100.00,,
18.053585773,11813314769,,instructions,802400378,100.00,3.93,insn per cycle
18.053585773,3009031330,,cycles,802418044,100.00,,
18.153889949,571,,rD044,802424848,100.00,,
18.153889949,72592677,,rFF44,802430886,100.00,,
18.153889949,11314436476,,instructions,802371750,100.00,3.76,insn per cycle
18.153889949,3008779614,,cycles,802345480,100.00,,
18.254184524,446,,rD044,802342280,100.00,,
18.254184524,76683582,,rFF44,802341570,100.00,,
18.254184524,11820245774,,instructions,802341060,100.00,3.93,insn per cycle
18.254184524,3008776255,,cycles,802343840,100.00,,
18.354476610,597,,rD044,802339760,100.00,,
18.354476610,73244754,,rFF44,802333380,100.00,,
18.354476610,11397025248,,instructions,802331870,100.00,3.79,insn per cycle
18.354476610,3008735482,,cycles,802333750,100.00,,
18.454783155,458,,rD044,802377900,100.00,,
18.454783155,76703595,,rFF44,802382770,100.00,,
18.454783155,11831101854,,instructions,802373134,100.00,3.93,insn per cycle
18.454783155,3008742040,,cycles,802360738,100.00,,
18.555077591,487,,rD044,802346322,100.00,,
18.555077591,72673399,,rFF44,802339398,100.00,,
18.555077591,11321708868,,instructions,802352894,100.00,3.76,insn per cycle
18.555077591,3008864595,,cycles,802367490,100.00,,
18.655372796,571,,rD044,802357626,100.00,,
18.655372796,72284752,,rFF44,802362630,100.00,,
18.655372796,11283780499,,instructions,802342230,100.00,3.75,insn per cycle
18.655372796,3008747787,,cycles,802336560,100.00,,
18.755678081,470,,rD044,802431810,100.00,,
18.755678081,76508930,,rFF44,802436960,100.00,,
18.755678081,11800741197,,instructions,802451260,100.00,3.92,insn per cycle
18.755678081,3009193602,,cycles,802455550,100.00,,
18.855972277,587,,rD044,802352940,100.00,,
18.855972277,72878960,,rFF44,802343490,100.00,,
18.855972277,11354392747,,instructions,802338140,100.00,3.77,insn per cycle
18.855972277,3008708528,,cycles,802326432,100.00,,
18.956263862,473,,rD044,802323520,100.00,,
18.956263862,76492058,,rFF44,802322750,100.00,,
18.956263862,11790107165,,instructions,802322118,100.00,3.92,insn per cycle
18.956263862,3008725739,,cycles,802330576,100.00,,
19.056556687,563,,rD044,802328765,100.00,,
19.056556687,73153101,,rFF44,802339848,100.00,,
19.056556687,11386773844,,instructions,802353940,100.00,3.78,insn per cycle
19.056556687,3009175151,,cycles,802456610,100.00,,
19.156909013,455,,rD044,802813483,100.00,,
19.156909013,76836848,,rFF44,802813890,100.00,,
19.156909013,11833345310,,instructions,802817380,100.00,3.93,insn per cycle
19.156909013,3010134554,,cycles,802709650,100.00,,
19.257204459,563,,rD044,802356700,100.00,,
19.257204459,72583830,,rFF44,802351980,100.00,,
19.257204459,11314845264,,instructions,802332640,100.00,3.76,insn per cycle
19.257204459,3008709180,,cycles,802326198,100.00,,
19.357496754,474,,rD044,802330800,100.00,,
19.357496754,76658695,,rFF44,802332756,100.00,,
19.357496754,11800914106,,instructions,802348438,100.00,3.92,insn per cycle
19.357496754,3008816706,,cycles,802355460,100.00,,
19.457799440,610,,rD044,802330198,100.00,,
19.457799440,72991245,,rFF44,802328502,100.00,,
19.457799440,11361623569,,instructions,802317760,100.00,3.78,insn per cycle
19.457799440,3008594100,,cycles,802319730,100.00,,
19.558091875,458,,rD044,802336560,100.00,,
19.558091875,76673574,,rFF44,802336170,100.00,,
19.558091875,11809136429,,instructions,802339640,100.00,3.92,insn per cycle
19.558091875,3008755403,,cycles,802338280,100.00,,
19.658387320,594,,rD044,802350350,100.00,,
19.658387320,73222118,,rFF44,802341620,100.00,,
19.658387320,11390347589,,instructions,802333180,100.00,3.79,insn per cycle
19.658387320,3008698983,,cycles,802326190,100.00,,
19.758677446,444,,rD044,802321910,100.00,,
19.758677446,76604279,,rFF44,802332530,100.00,,
19.758677446,11809583523,,instructions,802353023,100.00,3.92,insn per cycle
19.758677446,3008848017,,cycles,802363808,100.00,,
19.858970811,640,,rD044,802275670,100.00,,
19.858970811,73077181,,rFF44,802268508,100.00,,
19.858970811,11370263377,,instructions,802254965,100.00,3.78,insn per cycle
19.858970811,3008352419,,cycles,802253140,100.00,,
19.959262806,554,,rD044,802336678,100.00,,
19.959262806,76587462,,rFF44,802335620,100.00,,
19.959262806,11812178131,,instructions,802331640,100.00,3.93,insn per cycle
19.959262806,3008723467,,cycles,802330250,100.00,,
20.059548852,722,,rD044,802239860,100.00,,
20.059548852,72782161,,rFF44,802250400,100.00,,
20.059548852,11332438369,,instructions,802249950,100.00,3.77,insn per cycle
20.059548852,3008337667,,cycles,802241900,100.00,,
20.159853267,618,,rD044,802424150,100.00,,
20.159853267,73364818,,rFF44,802417120,100.00,,
20.159853267,11413937509,,instructions,802424580,100.00,3.79,insn per cycle
20.159853267,3009117950,,cycles,802438940,100.00,,
20.260146552,530,,rD044,802346420,100.00,,
20.260146552,76422166,,rFF44,802362440,100.00,,
20.260146552,11784459487,,instructions,802367233,100.00,3.92,insn per cycle
20.260146552,3008833278,,cycles,802359248,100.00,,
20.360442898,658,,rD044,802367031,100.00,,
20.360442898,73001679,,rFF44,802352448,100.00,,
20.360442898,11367933018,,instructions,802346145,100.00,3.78,insn per cycle
20.360442898,3008790127,,cycles,802347710,100.00,,
20.460735303,561,,rD044,802208177,100.00,,
20.460735303,76412633,,rFF44,802204940,100.00,,
20.460735303,11773554937,,instructions,802195680,100.00,3.91,insn per cycle
20.460735303,3008129157,,cycles,802197120,100.00,,
20.561026219,692,,rD044,802327560,100.00,,
20.561026219,73062286,,rFF44,802329920,100.00,,
20.561026219,11371503086,,instructions,802338570,100.00,3.78,insn per cycle
20.561026219,3008748519,,cycles,802336500,100.00,,
20.661318684,509,,rD044,802323370,100.00,,
20.661318684,76697145,,rFF44,802312970,100.00,,
20.661318684,11808731852,,instructions,802308120,100.00,3.92,insn per cycle
20.661318684,3008670752,,cycles,802316280,100.00,,
20.761609679,691,,rD044,802327900,100.00,,
20.761609679,72449160,,rFF44,802426170,100.00,,
20.761609679,11291820552,,instructions,802471716,100.00,3.75,insn per cycle
20.761609679,3009251961,,cycles,802471568,100.00,,
20.861918095,460,,rD044,802470423,100.00,,
20.861918095,76756338,,rFF44,802383808,100.00,,
20.861918095,11813475838,,instructions,802339712,100.00,3.93,insn per cycle
20.861918095,3008690483,,cycles,802320560,100.00,,
20.962205780,769,,rD044,802295015,100.00,,
20.962205780,72478224,,rFF44,802298550,100.00,,
20.962205780,11294893490,,instructions,802304980,100.00,3.75,insn per cycle
20.962205780,3008712684,,cycles,802327540,100.00,,
21.062526736,555,,rD044,802541860,100.00,,
21.062526736,76699589,,rFF44,802538930,100.00,,
21.062526736,11814452919,,instructions,802540930,100.00,3.93,insn per cycle
21.062526736,3009501543,,cycles,802544300,100.00,,
21.162850351,644,,rD044,802578300,100.00,,
21.162850351,72792370,,rFF44,802572350,100.00,,
21.162850351,11339728517,,instructions,802561868,100.00,3.77,insn per cycle
21.162850351,3009503462,,cycles,802540608,100.00,,
21.263137577,543,,rD044,802302674,100.00,,
21.263137577,76679736,,rFF44,802309558,100.00,,
21.263137577,11820330158,,instructions,802316790,100.00,3.93,insn per cycle
21.263137577,3008723604,,cycles,802330220,100.00,,
21.363430612,532,,rD044,802340384,100.00,,
21.363430612,73217533,,rFF44,802345060,100.00,,
21.363430612,11393102893,,instructions,802342480,100.00,3.79,insn per cycle
21.363430612,3008723946,,cycles,802330110,100.00,,
21.463721037,583,,rD044,802214730,100.00,,
21.463721037,76605047,,rFF44,802211400,100.00,,
21.463721037,11814112212,,instructions,802209890,100.00,3.93,insn per cycle
21.463721037,3008186800,,cycles,802211500,100.00,,
21.564011613,652,,rD044,802316530,100.00,,
21.564011613,73271917,,rFF44,802310500,100.00,,
21.564011613,11396944400,,instructions,802312500,100.00,3.79,insn per cycle
21.564011613,3008690424,,cycles,802321310,100.00,,
21.664304658,822,,rD044,802332280,100.00,,
21.664304658,72955275,,rFF44,802337030,100.00,,
21.664304658,11363151190,,instructions,802325154,100.00,3.78,insn per cycle
21.664304658,3008682635,,cycles,802326508,100.00,,
21.764598233,697,,rD044,802341112,100.00,,
21.764598233,76273405,,rFF44,802364618,100.00,,
21.764598233,11760690341,,instructions,802450304,100.00,3.91,insn per cycle
21.764598233,3009195299,,cycles,802459120,100.00,,
21.864903019,636,,rD044,802434246,100.00,,
21.864903019,73437354,,rFF44,802407240,100.00,,
21.864903019,11422326366,,instructions,802332210,100.00,3.80,insn per cycle
21.864903019,3008671425,,cycles,802316200,100.00,,
21.965193624,821,,rD044,802322750,100.00,,
21.965193624,76618114,,rFF44,802323620,100.00,,
21.965193624,11805084063,,instructions,802320330,100.00,3.92,insn per cycle
21.965193624,3008680123,,cycles,802318770,100.00,,
22.065486250,836,,rD044,802288509,100.00,,
22.065486250,72592552,,rFF44,802288419,100.00,,
22.065486250,11315236485,,instructions,802279189,100.00,3.76,insn per cycle
22.065486250,3008480811,,cycles,802274229,100.00,,
22.165786425,647,,rD044,802403830,100.00,,
22.165786425,76581356,,rFF44,802408521,100.00,,
22.165786425,11790448284,,instructions,802431008,100.00,3.92,insn per cycle
22.165786425,3009154734,,cycles,802445428,100.00,,
22.266082080,702,,rD044,802349236,100.00,,
22.266082080,72622310,,rFF44,802351677,100.00,,
22.266082080,11319009052,,instructions,802350010,100.00,3.76,insn per cycle
22.266082080,3008829246,,cycles,802358010,100.00,,
22.366378676,555,,rD044,802354662,100.00,,
22.366378676,76737271,,rFF44,802343800,100.00,,
22.366378676,11812161044,,instructions,802331500,100.00,3.93,insn per cycle
22.366378676,3008635805,,cycles,802318320,100.00,,
22.466673581,720,,rD044,802296940,100.00,,
22.466673581,72469986,,rFF44,802295780,100.00,,
22.466673581,11296235245,,instructions,802304290,100.00,3.75,insn per cycle
22.466673581,3008576214,,cycles,802311490,100.00,,
22.566967396,570,,rD044,802346710,100.00,,
22.566967396,76673903,,rFF44,802350340,100.00,,
22.566967396,11811729967,,instructions,802336430,100.00,3.93,insn per cycle
22.566967396,3008702218,,cycles,802324744,100.00,,
22.667260632,654,,rD044,802347970,100.00,,
22.667260632,72709872,,rFF44,802349203,100.00,,
22.667260632,11332383845,,instructions,802351588,100.00,3.77,insn per cycle
22.667260632,3008815018,,cycles,802354444,100.00,,
22.767554587,553,,rD044,802345007,100.00,,
22.767554587,76754237,,rFF44,802353685,100.00,,
22.767554587,11832498338,,instructions,802376770,100.00,3.93,insn per cycle
22.767554587,3009209049,,cycles,802459570,100.00,,
22.867878523,633,,rD044,802583691,100.00,,
22.867878523,72949474,,rFF44,802579740,100.00,,
22.867878523,11354749448,,instructions,802567880,100.00,3.77,insn per cycle
22.867878523,3009347868,,cycles,802496950,100.00,,
22.968201259,482,,rD044,802572480,100.00,,
22.968201259,76590147,,rFF44,802570800,100.00,,
22.968201259,11814161513,,instructions,802567183,100.00,3.93,insn per cycle
22.968201259,3009554542,,cycles,802554498,100.00,,
23.068490594,605,,rD044,802279630,100.00,,
23.068490594,73108165,,rFF44,802272578,100.00,,
23.068490594,11376007049,,instructions,802259695,100.00,3.78,insn per cycle
23.068490594,3008416739,,cycles,802261150,100.00,,
23.168798629,562,,rD044,802449438,100.00,,
23.168798629,73127713,,rFF44,802453810,100.00,,
23.168798629,11385629895,,instructions,802463360,100.00,3.78,insn per cycle
23.168798629,3009232406,,cycles,802465440,100.00,,
23.269094085,490,,rD044,802362030,100.00,,
23.269094085,76519173,,rFF44,802365560,100.00,,
23.269094085,11799417802,,instructions,802361620,100.00,3.92,insn per cycle
23.269094085,3008824068,,cycles,802357440,100.00,,
23.369387180,571,,rD044,802343580,100.00,,
23.369387180,73050908,,rFF44,802342660,100.00,,
23.369387180,11376609468,,instructions,802352690,100.00,3.78,insn per cycle
23.369387180,3008819802,,cycles,802355831,100.00,,
23.469685526,499,,rD044,802350710,100.00,,
23.469685526,76676537,,rFF44,802350500,100.00,,
23.469685526,11812971836,,instructions,802350658,100.00,3.93,insn per cycle
23.469685526,3008780229,,cycles,802356257,100.00,,
23.569971681,607,,rD044,802285213,100.00,,
23.569971681,72739442,,rFF44,802282508,100.00,,
23.569971681,11332320559,,instructions,802273180,100.00,3.77,insn per cycle
23.569971681,3008506891,,cycles,802272560,100.00,,
23.670266786,429,,rD044,802365595,100.00,,
23.670266786,76672585,,rFF44,802369450,100.00,,
23.670266786,11804777612,,instructions,802367360,100.00,3.92,insn per cycle
23.670266786,3008812958,,cycles,802354410,100.00,,
23.770560912,582,,rD044,802348040,100.00,,
23.770560912,73174863,,rFF44,802350650,100.00,,
23.770560912,11384191354,,instructions,802363690,100.00,3.78,insn per cycle
23.770560912,3009118982,,cycles,802435240,100.00,,
23.870865207,468,,rD044,802362730,100.00,,
23.870865207,76791468,,rFF44,802356480,100.00,,
23.870865207,11822773566,,instructions,802352040,100.00,3.93,insn per cycle
23.870865207,3008502240,,cycles,802293185,100.00,,
23.971159433,620,,rD044,802353330,100.00,,
23.971159433,72631835,,rFF44,802359393,100.00,,
23.971159433,11315876003,,instructions,802358848,100.00,3.76,insn per cycle
23.971159433,3008812630,,cycles,802354113,100.00,,
24.071456178,527,,rD044,802324348,100.00,,
24.071456178,76727654,,rFF44,802313215,100.00,,
24.071456178,11820584453,,instructions,802300280,100.00,3.93,insn per cycle
24.071456178,3008554125,,cycles,802299370,100.00,,
24.171730103,449,,rD044,802174900,100.00,,
24.171730103,73340552,,rFF44,802171750,100.00,,
24.171730103,11407466224,,instructions,802181450,100.00,3.79,insn per cycle
24.171730103,3008191388,,cycles,802188570,100.00,,
24.272020368,461,,rD044,802326580,100.00,,
24.272020368,76634439,,rFF44,802336140,100.00,,
24.272020368,11818406232,,instructions,802348540,100.00,3.93,insn per cycle
24.272020368,3008798879,,cycles,802350070,100.00,,
24.372312364,573,,rD044,802326520,100.00,,
24.372312364,72844406,,rFF44,802325490,100.00,,
24.372312364,11343970268,,instructions,802321970,100.00,3.77,insn per cycle
24.372312364,3008678890,,cycles,802318300,100.00,,
24.472603759,580,,rD044,802320420,100.00,,
24.472603759,75778121,,rFF44,802359760,100.00,,
24.472603759,11716604539,,instructions,802397176,100.00,3.89,insn per cycle
24.472603759,3008995591,,cycles,802402858,100.00,,
24.572908074,544,,rD044,802439703,100.00,,
24.572908074,74180399,,rFF44,802396558,100.00,,
24.572908074,11511594138,,instructions,802345552,100.00,3.83,insn per cycle
24.572908074,3008772073,,cycles,802342780,100.00,,
24.673202370,590,,rD044,802348505,100.00,,
24.673202370,73045795,,rFF44,802348970,100.00,,
24.673202370,11370105578,,instructions,802351760,100.00,3.78,insn per cycle
24.673202370,3008762027,,cycles,802340500,100.00,,
24.773493065,457,,rD044,802320940,100.00,,
24.773493065,76500319,,rFF44,802324110,100.00,,
24.773493065,11794536513,,instructions,802323800,100.00,3.92,insn per cycle
24.773493065,3008705494,,cycles,802325270,100.00,,
24.873825131,579,,rD044,802649960,100.00,,
24.873825131,73616904,,rFF44,802651270,100.00,,
24.873825131,11445007339,,instructions,802652504,100.00,3.80,insn per cycle
24.873825131,3009936779,,cycles,802653268,100.00,,
24.974116696,483,,rD044,802328641,100.00,,
24.974116696,76595309,,rFF44,802331228,100.00,,
24.974116696,11799424208,,instructions,802346314,100.00,3.92,insn per cycle
24.974116696,3008819937,,cycles,802356320,100.00,,
25.074410562,588,,rD044,802346397,100.00,,
25.074410562,72783134,,rFF44,802349590,100.00,,
25.074410562,11339466917,,instructions,802341590,100.00,3.77,insn per cycle
25.074410562,3008754068,,cycles,802338480,100.00,,
25.174704677,464,,rD044,802344410,100.00,,
25.174704677,76649685,,rFF44,802333730,100.00,,
25.174704677,11800223375,,instructions,802320660,100.00,3.92,insn per cycle
25.174704677,3008612188,,cycles,802300490,100.00,,
25.274994292,577,,rD044,802315750,100.00,,
25.274994292,72920213,,rFF44,802316040,100.00,,
25.274994292,11351529434,,instructions,802316220,100.00,3.77,insn per cycle
25.274994292,3008718932,,cycles,802331400,100.00,,
25.375285928,441,,rD044,802329680,100.00,,
25.375285928,76732569,,rFF44,802338970,100.00,,
25.375285928,11817329172,,instructions,802354042,100.00,3.93,insn per cycle
25.375285928,3008799898,,cycles,802350838,100.00,,
25.475581693,582,,rD044,802355280,100.00,,
25.475581693,73328827,,rFF44,802347198,100.00,,
25.475581693,11405845263,,instructions,802402576,100.00,3.79,insn per cycle
25.475581693,3009615015,,cycles,802567200,100.00,,
25.575898169,477,,rD044,802532968,100.00,,
25.575898169,76732068,,rFF44,802542690,100.00,,
25.575898169,11824977667,,instructions,802486860,100.00,3.93,insn per cycle
25.575898169,3008701173,,cycles,802324830,100.00,,
25.676193284,597,,rD044,802357350,100.00,,
25.676193284,72874506,,rFF44,802347630,100.00,,
25.676193284,11351412202,,instructions,802339360,100.00,3.77,insn per cycle
25.676193284,3008719765,,cycles,802329270,100.00,,
25.776486700,439,,rD044,802330370,100.00,,
25.776486700,76666453,,rFF44,802336320,100.00,,
25.776486700,11823573419,,instructions,802340410,100.00,3.93,insn per cycle
25.776486700,3008794254,,cycles,802348804,100.00,,
25.876794045,577,,rD044,802456110,100.00,,
25.876794045,73091294,,rFF44,802460588,100.00,,
25.876794045,11378640450,,instructions,802460318,100.00,3.78,insn per cycle
25.876794045,3009209103,,cycles,802459554,100.00,,
25.977084440,574,,rD044,802318098,100.00,,
25.977084440,73023684,,rFF44,802311580,100.00,,
25.977084440,11371291117,,instructions,802312420,100.00,3.78,insn per cycle
25.977084440,3008700425,,cycles,802323500,100.00,,
26.077378086,534,,rD044,802346480,100.00,,
26.077378086,76235099,,rFF44,802339540,100.00,,
26.077378086,11760382415,,instructions,802332760,100.00,3.91,insn per cycle
26.077378086,3008683188,,cycles,802319860,100.00,,
26.177667581,558,,rD044,802314620,100.00,,
26.177667581,73256251,,rFF44,802313730,100.00,,
26.177667581,11400731463,,instructions,802315060,100.00,3.79,insn per cycle
26.177667581,3008649882,,cycles,802310540,100.00,,
26.277955316,449,,rD044,802294650,100.00,,
26.277955316,76420926,,rFF44,802303440,100.00,,
26.277955316,11780069548,,instructions,802312130,100.00,3.92,insn per cycle
26.277955316,3008671286,,cycles,802316105,100.00,,
26.378247992,629,,rD044,802335970,100.00,,
26.378247992,73016224,,rFF44,802334722,100.00,,
26.378247992,11368699572,,instructions,802331618,100.00,3.78,insn per cycle
26.378247992,3008723457,,cycles,802330043,100.00,,
26.478537147,537,,rD044,802307066,100.00,,
26.478537147,76583398,,rFF44,802302536,100.00,,
26.478537147,11793299060,,instructions,802298140,100.00,3.92,insn per cycle
26.478537147,3008604956,,cycles,802298550,100.00,,
26.578839592,707,,rD044,802412102,100.00,,
26.578839592,72650643,,rFF44,802417130,100.00,,
26.578839592,11323050539,,instructions,802419370,100.00,3.76,insn per cycle
26.578839592,3009071221,,cycles,802423210,100.00,,
26.679157498,616,,rD044,802541300,100.00,,
26.679157498,76801106,,rFF44,802540980,100.00,,
26.679157498,11823285481,,instructions,802540580,100.00,3.93,insn per cycle
26.679157498,3009461402,,cycles,802527630,100.00,,
26.779447973,523,,rD044,802304950,100.00,,
26.779447973,72952133,,rFF44,802311950,100.00,,
26.779447973,11358126805,,instructions,802317806,100.00,3.78,insn per cycle
26.779447973,3008655194,,cycles,802318478,100.00,,
26.879738399,494,,rD044,802307941,100.00,,
26.879738399,76702539,,rFF44,802288918,100.00,,
26.879738399,11812763480,,instructions,802287422,100.00,3.93,insn per cycle
26.879738399,3008573962,,cycles,802290410,100.00,,
26.980028124,473,,rD044,802322157,100.00,,
26.980028124,72920058,,rFF44,802335270,100.00,,
26.980028124,11353285465,,instructions,802337710,100.00,3.77,insn per cycle
26.980028124,3008822122,,cycles,802356140,100.00,,
27.080319879,461,,rD044,802326580,100.00,,
27.080319879,76611217,,rFF44,802321040,100.00,,
27.080319879,11807299595,,instructions,802309120,100.00,3.92,insn per cycle
27.080319879,3008616332,,cycles,802301840,100.00,,
27.180611835,606,,rD044,802332740,100.00,,
27.180611835,73050749,,rFF44,802438230,100.00,,
27.180611835,11371603404,,instructions,802459100,100.00,3.78,insn per cycle
27.180611835,3009218514,,cycles,802462080,100.00,,
27.280916530,423,,rD044,802425740,100.00,,
27.280916530,76594133,,rFF44,802321460,100.00,,
27.280916530,11813795891,,instructions,802311345,100.00,3.93,insn per cycle
27.280916530,3008656938,,cycles,802312438,100.00,,
27.381208736,619,,rD044,802338592,100.00,,
27.381208736,72693746,,rFF44,802340568,100.00,,
27.381208736,11326256510,,instructions,802340973,100.00,3.76,insn per cycle
27.381208736,3008796599,,cycles,802353040,100.00,,
27.481504761,581,,rD044,802362256,100.00,,
27.481504761,73233453,,rFF44,802361670,100.00,,
27.481504761,11400505407,,instructions,802353020,100.00,3.79,insn per cycle
27.481504761,3008734727,,cycles,802333100,100.00,,
27.581809836,466,,rD044,802436600,100.00,,
27.581809836,76471558,,rFF44,802440330,100.00,,
27.581809836,11794691368,,instructions,802442100,100.00,3.92,insn per cycle
27.581809836,3009151804,,cycles,802444270,100.00,,
27.682100722,636,,rD044,802323210,100.00,,
27.682100722,72602918,,rFF44,802319250,100.00,,
27.682100722,11319515067,,instructions,802316910,100.00,3.76,insn per cycle
27.682100722,3008691547,,cycles,802325052,100.00,,
27.782394097,434,,rD044,802342310,100.00,,
27.782394097,76536330,,rFF44,802347010,100.00,,
27.782394097,11796841195,,instructions,802354348,100.00,3.92,insn per cycle
27.782394097,3008808486,,cycles,802352656,100.00,,
27.882690252,636,,rD044,802298716,100.00,,
27.882690252,73009448,,rFF44,802289318,100.00,,
27.882690252,11359300693,,instructions,802273390,100.00,3.78,insn per cycle
27.882690252,3008387806,,cycles,802263430,100.00,,
27.982978588,465,,rD044,802307022,100.00,,
27.982978588,76481368,,rFF44,802312950,100.00,,
27.982978588,11778516197,,instructions,802340020,100.00,3.91,insn per cycle
27.982978588,3008835260,,cycles,802362360,100.00,,
28.083275953,607,,rD044,802344090,100.00,,
28.083275953,72735432,,rFF44,802347550,100.00,,
28.083275953,11329764621,,instructions,802336070,100.00,3.77,insn per cycle
28.083275953,3008641497,,cycles,802319120,100.00,,
28.183566749,541,,rD044,802316490,100.00,,
28.183566749,76663377,,rFF44,802310640,100.00,,
28.183566749,11801453222,,instructions,802305210,100.00,3.92,insn per cycle
28.183566749,3008821897,,cycles,802356334,100.00,,
28.283864364,567,,rD044,802374460,100.00,,
28.283864364,73085593,,rFF44,802381751,100.00,,
28.283864364,11375326740,,instructions,802381278,100.00,3.78,insn per cycle
28.283864364,3008697186,,cycles,802323184,100.00,,
28.384155479,500,,rD044,802334045,100.00,,
28.384155479,76629573,,rFF44,802324047,100.00,,
28.384155479,11802697745,,instructions,802325820,100.00,3.92,insn per cycle
28.384155479,3008723050,,cycles,802332780,100.00,,
28.484445425,576,,rD044,802304433,100.00,,
28.484445425,72910179,,rFF44,802305960,100.00,,
28.484445425,11350169894,,instructions,802293390,100.00,3.77,insn per cycle
28.484445425,3008581487,,cycles,802292690,100.00,,
28.584764170,463,,rD044,802539920,100.00,,
28.584764170,76702098,,rFF44,802551550,100.00,,
28.584764170,11823492188,,instructions,802574330,100.00,3.93,insn per cycle
28.584764170,3009635979,,cycles,802573380,100.00,,
28.685057106,626,,rD044,802346150,100.00,,
28.685057106,72703515,,rFF44,802339360,100.00,,
28.685057106,11324772362,,instructions,802335871,100.00,3.76,insn per cycle
28.685057106,3008728602,,cycles,802331078,100.00,,
28.785345696,553,,rD044,802301760,100.00,,
28.785345696,76674663,,rFF44,802308346,100.00,,
28.785345696,11826328327,,instructions,802316957,100.00,3.93,insn per cycle
28.785345696,3008668125,,cycles,802316310,100.00,,
28.812990271,11188,,rD044,187924444,100.00,,
28.812990271,5668089,,rFF44,187703128,100.00,,
28.812990271,1097989382,,instructions,187501516,100.00,1.56,insn per cycle
28.812990271,702365363,,cycles,187325786,100.00,,
