0.100137985,74205,,rD044,5107385810,100.00,,
0.100137985,156067595,,rFF44,5131589867,100.00,,
0.100137985,4348526505,,instructions,5151637655,100.00,0.22,insn per cycle
0.100137985,19388070166,,cycles,5172346576,100.00,,
0.201838207,12478,,rD044,6504494580,100.00,,
0.201838207,364411518,,rFF44,6502122899,100.00,,
0.201838207,56948079327,,instructions,6500844620,100.00,2.34,insn per cycle
0.201838207,24366309343,,cycles,6497999240,100.00,,
0.303293537,15436,,rD044,6496327788,100.00,,
0.303293537,359716630,,rFF44,6494991082,100.00,,
0.303293537,56531354555,,instructions,6495169723,100.00,2.32,insn per cycle
0.303293537,24362922263,,cycles,6496822419,100.00,,
0.404812657,10442,,rD044,6492701868,100.00,,
0.404812657,366586405,,rFF44,6493597169,100.00,,
0.404812657,57232690179,,instructions,6492568487,100.00,2.35,insn per cycle
0.404812657,24340343478,,cycles,6490792522,100.00,,
0.506222706,13993,,rD044,6491170149,100.00,,
0.506222706,360661033,,rFF44,6489812080,100.00,,
0.506222706,56634906842,,instructions,6489644373,100.00,2.33,insn per cycle
0.506222706,24333260343,,cycles,6488936598,100.00,,
0.607600435,14749,,rD044,6487515412,100.00,,
0.607600435,361222376,,rFF44,6488415914,100.00,,
0.607600435,56826784669,,instructions,6489072767,100.00,2.34,insn per cycle
0.607600435,24334552927,,cycles,6489330712,100.00,,
0.709019764,12030,,rD044,6490104921,100.00,,
0.709019764,369429643,,rFF44,6489313981,100.00,,
0.709019764,57675194404,,instructions,6488352057,100.00,2.37,insn per cycle
0.709019764,24334697460,,cycles,6489308887,100.00,,
0.810409543,15032,,rD044,6488570247,100.00,,
0.810409543,372396404,,rFF44,6488000372,100.00,,
0.810409543,58018871199,,instructions,6487708270,100.00,2.38,insn per cycle
0.810409543,24331540801,,cycles,6488444537,100.00,,
0.911782912,13530,,rD044,6488516926,100.00,,
0.911782912,375477354,,rFF44,6489149198,100.00,,
0.911782912,58368141458,,instructions,6489344461,100.00,2.40,insn per cycle
0.911782912,24328363109,,cycles,6487604131,100.00,,
1.013153590,11585,,rD044,6488227652,100.00,,
1.013153590,377248195,,rFF44,6487293561,100.00,,
1.013153590,58531247738,,instructions,6487901641,100.00,2.41,insn per cycle
1.013153590,24333508178,,cycles,6488981246,100.00,,
1.114561059,22693,,rD044,6487745773,100.00,,
1.114561059,374014425,,rFF44,6489828936,100.00,,
1.114561059,58212609886,,instructions,6489825273,100.00,2.39,insn per cycle
1.114561059,24335939737,,cycles,6489914361,100.00,,
1.216020439,13674,,rD044,6493719864,100.00,,
1.216020439,375285103,,rFF44,6494020543,100.00,,
1.216020439,58412329012,,instructions,6494970031,100.00,2.40,insn per cycle
1.216020439,24355215244,,cycles,6494764832,100.00,,
1.317481059,8922,,rD044,6492164538,100.00,,
1.317481059,380327936,,rFF44,6490819382,100.00,,
1.317481059,58934705425,,instructions,6491189653,100.00,2.42,insn per cycle
1.317481059,24351017061,,cycles,6493646597,100.00,,
1.418948418,8993,,rD044,6494923621,100.00,,
1.418948418,379058405,,rFF44,6495709905,100.00,,
1.418948418,58832267912,,instructions,6493178897,100.00,2.42,insn per cycle
1.418948418,24337809589,,cycles,6490141385,100.00,,
1.520356727,9815,,rD044,6489868794,100.00,,
1.520356727,378687577,,rFF44,6489372231,100.00,,
1.520356727,58801076105,,instructions,6490208523,100.00,2.42,insn per cycle
1.520356727,24342361517,,cycles,6491344394,100.00,,
1.621781287,10638,,rD044,6489231189,100.00,,
1.621781287,380904991,,rFF44,6487112387,100.00,,
1.621781287,58970294286,,instructions,6482788942,100.00,2.43,insn per cycle
1.621781287,24284776604,,cycles,6476413995,100.00,,
1.722958413,9708,,rD044,6474995529,100.00,,
1.722958413,377814767,,rFF44,6477099989,100.00,,
1.722958413,58708173223,,instructions,6481214993,100.00,2.41,insn per cycle
1.722958413,24324116891,,cycles,6486453016,100.00,,
1.824348662,9563,,rD044,6488204403,100.00,,
1.824348662,378660266,,rFF44,6487141209,100.00,,
1.824348662,58800232934,,instructions,6487898787,100.00,2.42,insn per cycle
1.824348662,24333929318,,cycles,6489097780,100.00,,
1.925741091,9285,,rD044,6490117373,100.00,,
1.925741091,379314016,,rFF44,6490588235,100.00,,
1.925741091,58873902741,,instructions,6490371850,100.00,2.42,insn per cycle
1.925741091,24334888167,,cycles,6489332090,100.00,,
2.027215201,9198,,rD044,6494077139,100.00,,
2.027215201,380657226,,rFF44,6494025198,100.00,,
2.027215201,59010126063,,instructions,6494281760,100.00,2.42,insn per cycle
2.027215201,24350896694,,cycles,6493659262,100.00,,
2.128606060,11362,,rD044,6488814715,100.00,,
2.128606060,379033515,,rFF44,6488874247,100.00,,
2.128606060,58852453012,,instructions,6489610264,100.00,2.42,insn per cycle
2.128606060,24341080848,,cycles,6490997578,100.00,,
2.230033739,9649,,rD044,6491108829,100.00,,
2.230033739,376811705,,rFF44,6490955836,100.00,,
2.230033739,58612698496,,instructions,6489359094,100.00,2.41,insn per cycle
2.230033739,24330977701,,cycles,6488309256,100.00,,
2.331419048,8713,,rD044,6487665184,100.00,,
2.331419048,380347611,,rFF44,6486728429,100.00,,
2.331419048,58924254877,,instructions,6483276207,100.00,2.43,insn per cycle
2.331419048,24296400688,,cycles,6479155957,100.00,,
2.432610774,9079,,rD044,6476424163,100.00,,
2.432610774,378534476,,rFF44,6477884602,100.00,,
2.432610774,58783996162,,instructions,6482420467,100.00,2.42,insn per cycle
2.432610774,24322855073,,cycles,6486208681,100.00,,
2.534001873,10019,,rD044,6489503483,100.00,,
2.534001873,378763198,,rFF44,6489322029,100.00,,
2.534001873,58804383116,,instructions,6488015127,100.00,2.42,insn per cycle
2.534001873,24333432082,,cycles,6489086342,100.00,,
2.635409792,10965,,rD044,6488670255,100.00,,
2.635409792,378676954,,rFF44,6487614401,100.00,,
2.635409792,58814529154,,instructions,6488235242,100.00,2.42,insn per cycle
2.635409792,24329448897,,cycles,6487903558,100.00,,
2.736774831,8419,,rD044,6489259108,100.00,,
2.736774831,380440370,,rFF44,6492966352,100.00,,
2.736774831,58992439601,,instructions,6493918658,100.00,2.42,insn per cycle
2.736774831,24352723031,,cycles,6494096604,100.00,,
2.838249341,9734,,rD044,6493097142,100.00,,
2.838249341,379117839,,rFF44,6489868671,100.00,,
2.838249341,58856998173,,instructions,6489725888,100.00,2.42,insn per cycle
2.838249341,24334440858,,cycles,6489219940,100.00,,
2.939642620,13712,,rD044,6485798627,100.00,,
2.939642620,378584002,,rFF44,6485348019,100.00,,
2.939642620,58756967284,,instructions,6484029894,100.00,2.42,insn per cycle
2.939642620,24309959985,,cycles,6483079164,100.00,,
3.040978918,9164,,rD044,6485570380,100.00,,
3.040978918,379944280,,rFF44,6484023987,100.00,,
3.040978918,58855908173,,instructions,6480000719,100.00,2.42,insn per cycle
3.040978918,24282437285,,cycles,6475544060,100.00,,
3.142119834,9010,,rD044,6473812621,100.00,,
3.142119834,378647122,,rFF44,6476576666,100.00,,
3.142119834,58822178059,,instructions,6481454777,100.00,2.42,insn per cycle
3.142119834,24325174926,,cycles,6486806259,100.00,,
3.243529303,8293,,rD044,6489176589,100.00,,
3.243529303,379348753,,rFF44,6488321843,100.00,,
3.243529303,58869308527,,instructions,6487839778,100.00,2.42,insn per cycle
3.243529303,24330868494,,cycles,6488272352,100.00,,
3.344903252,7444,,rD044,6488618516,100.00,,
3.344903252,379909873,,rFF44,6490578258,100.00,,
3.344903252,58954928609,,instructions,6491852224,100.00,2.42,insn per cycle
3.344903252,24342033649,,cycles,6491262350,100.00,,
3.446338381,7861,,rD044,6489879281,100.00,,
3.446338381,380576869,,rFF44,6488182737,100.00,,
3.446338381,58983991334,,instructions,6487548198,100.00,2.42,insn per cycle
3.446338381,24332112485,,cycles,6488773406,100.00,,
3.547738130,8880,,rD044,6490177626,100.00,,
3.547738130,379209388,,rFF44,6490797009,100.00,,
3.547738130,58862759634,,instructions,6491594266,100.00,2.42,insn per cycle
3.547738130,24340269088,,cycles,6490851196,100.00,,
3.649176169,8827,,rD044,6492385166,100.00,,
3.649176169,379032835,,rFF44,6491988276,100.00,,
3.649176169,58835941995,,instructions,6490245705,100.00,2.42,insn per cycle
3.649176169,24336146802,,cycles,6489693437,100.00,,
3.750564418,7884,,rD044,6500679507,100.00,,
3.750564418,380815556,,rFF44,6516368790,100.00,,
3.750564418,59127003811,,instructions,6517743134,100.00,2.42,insn per cycle
3.750564418,24440005858,,cycles,6517393675,100.00,,
3.852481503,7267,,rD044,6509214506,100.00,,
3.852481503,380978407,,rFF44,6492637662,100.00,,
3.852481503,59020493802,,instructions,6491422816,100.00,2.42,insn per cycle
3.852481503,24344290122,,cycles,6491866319,100.00,,
3.953829571,8666,,rD044,6486441735,100.00,,
3.953829571,379073205,,rFF44,6487256039,100.00,,
3.953829571,58843364702,,instructions,6486804674,100.00,2.42,insn per cycle
3.953829571,24325075828,,cycles,6486808050,100.00,,
4.055196550,10125,,rD044,6486866301,100.00,,
4.055196550,379154127,,rFF44,6485602189,100.00,,
4.055196550,58860783658,,instructions,6485923852,100.00,2.42,insn per cycle
4.055196550,24320948694,,cycles,6485867372,100.00,,
4.156545828,8268,,rD044,6485487798,100.00,,
4.156545828,380761786,,rFF44,6487996982,100.00,,
4.156545828,59009664575,,instructions,6488925127,100.00,2.42,insn per cycle
4.156545828,24336660712,,cycles,6490051457,100.00,,
4.257969688,8949,,rD044,6491505963,100.00,,
4.257969688,378556463,,rFF44,6491852348,100.00,,
4.257969688,58795143121,,instructions,6490907696,100.00,2.42,insn per cycle
4.257969688,24336665768,,cycles,6489934658,100.00,,
4.359381807,8168,,rD044,6488712175,100.00,,
4.359381807,379533120,,rFF44,6487774242,100.00,,
4.359381807,58905313088,,instructions,6489314778,100.00,2.42,insn per cycle
4.359381807,24338050316,,cycles,6490251704,100.00,,
4.460796566,8760,,rD044,6490956719,100.00,,
4.460796566,380247741,,rFF44,6491041129,100.00,,
4.460796566,58978693018,,instructions,6489304049,100.00,2.42,insn per cycle
4.460796566,24328778861,,cycles,6487899865,100.00,,
4.562182125,8220,,rD044,6488261204,100.00,,
4.562182125,380305930,,rFF44,6486240363,100.00,,
4.562182125,58938137840,,instructions,6485935239,100.00,2.42,insn per cycle
4.562182125,24321027349,,cycles,6485715893,100.00,,
4.663525913,8396,,rD044,6485100140,100.00,,
4.663525913,379682781,,rFF44,6487035506,100.00,,
4.663525913,58926547008,,instructions,6488872456,100.00,2.42,insn per cycle
4.663525913,24335323006,,cycles,6489471077,100.00,,
4.764921782,7837,,rD044,6490027359,100.00,,
4.764921782,379608159,,rFF44,6490830968,100.00,,
4.764921782,58911275170,,instructions,6489205311,100.00,2.42,insn per cycle
4.764921782,24331888252,,cycles,6488546247,100.00,,
4.866325181,7123,,rD044,6489166070,100.00,,
4.866325181,380880888,,rFF44,6487149889,100.00,,
4.866325181,59019345968,,instructions,6487573657,100.00,2.43,insn per cycle
4.866325181,24331083502,,cycles,6488343984,100.00,,
4.967685029,8801,,rD044,6487179685,100.00,,
4.967685029,379550148,,rFF44,6487592172,100.00,,
4.967685029,58905665867,,instructions,6488239212,100.00,2.42,insn per cycle
4.967685029,24327008977,,cycles,6487292169,100.00,,
5.069051518,11208,,rD044,6488166340,100.00,,
5.069051518,376307352,,rFF44,6488964405,100.00,,
5.069051518,58544836417,,instructions,6488982089,100.00,2.41,insn per cycle
5.069051518,24338817258,,cycles,6490536303,100.00,,
5.170485947,9211,,rD044,6489432313,100.00,,
5.170485947,378685327,,rFF44,6487835745,100.00,,
5.170485947,58782074452,,instructions,6488171573,100.00,2.42,insn per cycle
5.170485947,24331860655,,cycles,6488642137,100.00,,
5.271872856,8109,,rD044,6490386967,100.00,,
5.271872856,377376996,,rFF44,6492544614,100.00,,
5.271872856,58650452513,,instructions,6491989738,100.00,2.41,insn per cycle
5.271872856,24344936479,,cycles,6492011224,100.00,,
5.373354926,8868,,rD044,6493005417,100.00,,
5.373354926,379023882,,rFF44,6490663633,100.00,,
5.373354926,58848598862,,instructions,6490095227,100.00,2.42,insn per cycle
5.373354926,24337343863,,cycles,6490102828,100.00,,
5.474720615,9852,,rD044,6487265333,100.00,,
5.474720615,379527632,,rFF44,6489019065,100.00,,
5.474720615,58911231749,,instructions,6489769435,100.00,2.42,insn per cycle
5.474720615,24330738207,,cycles,6488444876,100.00,,
5.576125314,8271,,rD044,6489729137,100.00,,
5.576125314,380714945,,rFF44,6488411052,100.00,,
5.576125314,59000004732,,instructions,6488280918,100.00,2.42,insn per cycle
5.576125314,24334528419,,cycles,6489277796,100.00,,
5.677535453,8926,,rD044,6489711558,100.00,,
5.677535453,378700278,,rFF44,6489848596,100.00,,
5.677535453,58805499077,,instructions,6489452998,100.00,2.42,insn per cycle
5.677535453,24334983650,,cycles,6489379033,100.00,,
5.778962602,8201,,rD044,6491871862,100.00,,
5.778962602,378500768,,rFF44,6493088335,100.00,,
5.778962602,58798113374,,instructions,6492243260,100.00,2.42,insn per cycle
5.778962602,24345880672,,cycles,6492262734,100.00,,
5.822819045,22214,,rD044,2501379174,100.00,,
5.822819045,90511517,,rFF44,2480783300,100.00,,
5.822819045,16519285809,,instructions,2464116014,100.00,1.80,insn per cycle
5.822819045,9171546492,,cycles,2445878403,100.00,,
