0.100115635,60573,,rD044,1361236723,100.00,,
0.100115635,218028750,,rFF44,1362327423,100.00,,
0.100115635,13119307955,,instructions,1363061603,100.00,2.57,insn per cycle
0.100115635,5109161581,,cycles,1363736093,100.00,,
0.200554834,7319,,rD044,1606917366,100.00,,
0.200554834,150497023,,rFF44,1606754016,100.00,,
0.200554834,23250573025,,instructions,1606673930,100.00,3.86,insn per cycle
0.200554834,6024966358,,cycles,1606664432,100.00,,
0.300922062,8356,,rD044,1605725485,100.00,,
0.300922062,149910725,,rFF44,1605666150,100.00,,
0.300922062,23175805374,,instructions,1605665887,100.00,3.85,insn per cycle
0.300922062,6021182246,,cycles,1605661425,100.00,,
0.401271600,7561,,rD044,1605543186,100.00,,
0.401271600,149662087,,rFF44,1605498516,100.00,,
0.401271600,23150911939,,instructions,1605471856,100.00,3.85,insn per cycle
0.401271600,6020397697,,cycles,1605444676,100.00,,
0.501623128,7755,,rD044,1605132092,100.00,,
0.501623128,151437623,,rFF44,1605049757,100.00,,
0.501623128,23386972953,,instructions,1605044506,100.00,3.89,insn per cycle
0.501623128,6018425339,,cycles,1605041136,100.00,,
0.601947046,7573,,rD044,1605314040,100.00,,
0.601947046,149690210,,rFF44,1605383316,100.00,,
0.601947046,23162166114,,instructions,1605384116,100.00,3.85,insn per cycle
0.601947046,6020159270,,cycles,1605381856,100.00,,
0.702285923,7063,,rD044,1605318930,100.00,,
0.702285923,151226936,,rFF44,1605326726,100.00,,
0.702285923,23354968855,,instructions,1605332116,100.00,3.88,insn per cycle
0.702285923,6019903527,,cycles,1605318226,100.00,,
0.802620811,8424,,rD044,1605330568,100.00,,
0.802620811,149781866,,rFF44,1605322606,100.00,,
0.802620811,23171061541,,instructions,1605346416,100.00,3.85,insn per cycle
0.802620811,6020201207,,cycles,1605392626,100.00,,
0.902959709,7745,,rD044,1605339166,100.00,,
0.902959709,151051637,,rFF44,1605323656,100.00,,
0.902959709,23319135377,,instructions,1605277776,100.00,3.87,insn per cycle
0.902959709,6019567245,,cycles,1605229756,100.00,,
1.003290107,6832,,rD044,1605330576,100.00,,
1.003290107,151065582,,rFF44,1605377796,100.00,,
1.003290107,23328580986,,instructions,1605390686,100.00,3.88,insn per cycle
1.003290107,6020238222,,cycles,1605402336,100.00,,
1.103626834,16318,,rD044,1604849585,100.00,,
1.103626834,150525579,,rFF44,1604780455,100.00,,
1.103626834,23231176646,,instructions,1604804705,100.00,3.86,insn per cycle
1.103626834,6017746334,,cycles,1604805455,100.00,,
1.203953412,7282,,rD044,1605333726,100.00,,
1.203953412,150840577,,rFF44,1605363316,100.00,,
1.203953412,23289364912,,instructions,1605331536,100.00,3.87,insn per cycle
1.203953412,6019859689,,cycles,1605301746,100.00,,
1.304285490,6936,,rD044,1605190155,100.00,,
1.304285490,149970875,,rFF44,1605170365,100.00,,
1.304285490,23173529297,,instructions,1605169785,100.00,3.85,insn per cycle
1.304285490,6019442209,,cycles,1605195715,100.00,,
1.404615278,7073,,rD044,1605267176,100.00,,
1.404615278,149961577,,rFF44,1605266316,100.00,,
1.404615278,23164417703,,instructions,1605253486,100.00,3.85,insn per cycle
1.404615278,6019612141,,cycles,1605235386,100.00,,
1.504947875,8194,,rD044,1605102956,100.00,,
1.504947875,149458925,,rFF44,1605113106,100.00,,
1.504947875,23126501845,,instructions,1605155726,100.00,3.84,insn per cycle
1.504947875,6019082769,,cycles,1605209111,100.00,,
1.605280093,7237,,rD044,1605243286,100.00,,
1.605280093,150869407,,rFF44,1605198656,100.00,,
1.605280093,23304705464,,instructions,1605171676,100.00,3.87,insn per cycle
1.605280093,6019159111,,cycles,1605129388,100.00,,
1.705610221,6720,,rD044,1605251056,100.00,,
1.705610221,150090275,,rFF44,1605336726,100.00,,
1.705610221,23210214877,,instructions,1605343626,100.00,3.86,insn per cycle
1.705610221,6020024822,,cycles,1605362155,100.00,,
1.805950649,6849,,rD044,1605318345,100.00,,
1.805950649,151199119,,rFF44,1605321635,100.00,,
1.805950649,23354198574,,instructions,1605332705,100.00,3.88,insn per cycle
1.805950649,6019845051,,cycles,1605329425,100.00,,
1.906291767,7690,,rD044,1605330726,100.00,,
1.906291767,149865361,,rFF44,1605313637,100.00,,
1.906291767,23186024630,,instructions,1605309622,100.00,3.85,insn per cycle
1.906291767,6019904965,,cycles,1605338616,100.00,,
2.006633244,7352,,rD044,1605440766,100.00,,
2.006633244,151221297,,rFF44,1605414796,100.00,,
2.006633244,23353183773,,instructions,1605430176,100.00,3.88,insn per cycle
2.006633244,6020235178,,cycles,1605402546,100.00,,
2.106969602,10216,,rD044,1605280217,100.00,,
2.106969602,150185794,,rFF44,1605292951,100.00,,
2.106969602,23224417004,,instructions,1605253086,100.00,3.86,insn per cycle
2.106969602,6019525120,,cycles,1605231636,100.00,,
2.207300420,6929,,rD044,1605200448,100.00,,
2.207300420,150123633,,rFF44,1605169986,100.00,,
2.207300420,23206890081,,instructions,1605214586,100.00,3.86,insn per cycle
2.207300420,6019661091,,cycles,1605248806,100.00,,
2.307632498,7175,,rD044,1605319283,100.00,,
2.307632498,149489047,,rFF44,1605369596,100.00,,
2.307632498,23114672393,,instructions,1605344786,100.00,3.84,insn per cycle
2.307632498,6019860063,,cycles,1605323816,100.00,,
2.407970576,7269,,rD044,1605317729,100.00,,
2.407970576,149855048,,rFF44,1605285476,100.00,,
2.407970576,23157009513,,instructions,1605282676,100.00,3.85,insn per cycle
2.407970576,6019778596,,cycles,1605280136,100.00,,
2.508304813,8096,,rD044,1605312439,100.00,,
2.508304813,150544567,,rFF44,1605283766,100.00,,
2.508304813,23241201230,,instructions,1605293056,100.00,3.86,insn per cycle
2.508304813,6019838072,,cycles,1605301186,100.00,,
2.608636381,7146,,rD044,1605233006,100.00,,
2.608636381,151303482,,rFF44,1605271016,100.00,,
2.608636381,23341215093,,instructions,1605274136,100.00,3.88,insn per cycle
2.608636381,6019652460,,cycles,1605263986,100.00,,
2.708973029,6676,,rD044,1605342196,100.00,,
2.708973029,149334152,,rFF44,1605315196,100.00,,
2.708973029,23097572198,,instructions,1605310336,100.00,3.84,insn per cycle
2.708973029,6019869406,,cycles,1605315226,100.00,,
2.809305117,7260,,rD044,1605092345,100.00,,
2.809305117,149566479,,rFF44,1605046015,100.00,,
2.809305117,23139080866,,instructions,1605049305,100.00,3.84,insn per cycle
2.809305117,6018909667,,cycles,1605085155,100.00,,
2.909631094,7230,,rD044,1605231136,100.00,,
2.909631094,150463592,,rFF44,1605278236,100.00,,
2.909631094,23243398238,,instructions,1605262356,100.00,3.86,insn per cycle
2.909631094,6020101555,,cycles,1605379226,100.00,,
3.009971662,7031,,rD044,1605385626,100.00,,
3.009971662,151124716,,rFF44,1605399566,100.00,,
3.009971662,23331773764,,instructions,1605427186,100.00,3.88,insn per cycle
3.009971662,6019858126,,cycles,1605318556,100.00,,
3.110307830,9341,,rD044,1605348546,100.00,,
3.110307830,149977677,,rFF44,1605355456,100.00,,
3.110307830,23194874974,,instructions,1605335546,100.00,3.85,insn per cycle
3.110307830,6019784216,,cycles,1605291066,100.00,,
3.210643018,6871,,rD044,1605239665,100.00,,
3.210643018,150538989,,rFF44,1605221445,100.00,,
3.210643018,23282454959,,instructions,1605235005,100.00,3.87,insn per cycle
3.210643018,6019562150,,cycles,1605235481,100.00,,
3.310974976,7576,,rD044,1605321526,100.00,,
3.310974976,151131528,,rFF44,1605345746,100.00,,
3.310974976,23330292366,,instructions,1605339806,100.00,3.88,insn per cycle
3.310974976,6019971117,,cycles,1605339973,100.00,,
3.411310233,7982,,rD044,1605258516,100.00,,
3.411310233,146994446,,rFF44,1605265886,100.00,,
3.411310233,22817912197,,instructions,1605295051,100.00,3.79,insn per cycle
3.411310233,6019932771,,cycles,1605325839,100.00,,
3.511643701,7004,,rD044,1605389936,100.00,,
3.511643701,150929532,,rFF44,1605417396,100.00,,
3.511643701,23312158340,,instructions,1605401504,100.00,3.87,insn per cycle
3.511643701,6020126946,,cycles,1605373546,100.00,,
3.611979819,7444,,rD044,1605195756,100.00,,
3.611979819,150007956,,rFF44,1605139816,100.00,,
3.611979819,23181321457,,instructions,1605122439,100.00,3.85,insn per cycle
3.611979819,6019052831,,cycles,1605110316,100.00,,
3.712308006,6781,,rD044,1605211016,100.00,,
3.712308006,148736827,,rFF44,1605264234,100.00,,
3.712308006,23020709097,,instructions,1605313556,100.00,3.82,insn per cycle
3.712308006,6019957219,,cycles,1605346696,100.00,,
3.812649424,7244,,rD044,1605319166,100.00,,
3.812649424,149952592,,rFF44,1605283004,100.00,,
3.812649424,23171555117,,instructions,1605228916,100.00,3.85,insn per cycle
3.812649424,6019456595,,cycles,1605222976,100.00,,
3.912982752,6973,,rD044,1605246170,100.00,,
3.912982752,150253305,,rFF44,1605241826,100.00,,
3.912982752,23200451158,,instructions,1605245056,100.00,3.85,insn per cycle
3.912982752,6019473377,,cycles,1605218036,100.00,,
4.013315280,6791,,rD044,1605231810,100.00,,
4.013315280,151727619,,rFF44,1605264246,100.00,,
4.013315280,23396870329,,instructions,1605265026,100.00,3.89,insn per cycle
4.013315280,6019686737,,cycles,1605265986,100.00,,
4.113648578,9980,,rD044,1605283689,100.00,,
4.113648578,149854929,,rFF44,1605259606,100.00,,
4.113648578,23160796316,,instructions,1605276316,100.00,3.85,insn per cycle
4.113648578,6019772661,,cycles,1605286576,100.00,,
4.213981885,7257,,rD044,1605248480,100.00,,
4.213981885,150032048,,rFF44,1605229106,100.00,,
4.213981885,23199679425,,instructions,1605208656,100.00,3.85,insn per cycle
4.213981885,6019479450,,cycles,1605222826,100.00,,
4.314317593,7048,,rD044,1605362557,100.00,,
4.314317593,151614437,,rFF44,1605414786,100.00,,
4.314317593,23400744953,,instructions,1605414416,100.00,3.89,insn per cycle
4.314317593,6020244382,,cycles,1605404316,100.00,,
4.414656821,7390,,rD044,1605341415,100.00,,
4.414656821,151376082,,rFF44,1605277995,100.00,,
4.414656821,23374318769,,instructions,1605252045,100.00,3.88,insn per cycle
4.414656821,6019547926,,cycles,1605224335,100.00,,
4.514986519,6847,,rD044,1605325446,100.00,,
4.514986519,149907970,,rFF44,1605384626,100.00,,
4.514986519,23198917197,,instructions,1605408716,100.00,3.85,insn per cycle
4.514986519,6020266049,,cycles,1605410136,100.00,,
4.615319667,7960,,rD044,1605206525,100.00,,
4.615319667,150179541,,rFF44,1605187305,100.00,,
4.615319667,23226480418,,instructions,1605184975,100.00,3.86,insn per cycle
4.615319667,6019440428,,cycles,1605212545,100.00,,
4.715655744,6878,,rD044,1605352626,100.00,,
4.715655744,150454197,,rFF44,1605392646,100.00,,
4.715655744,23256242632,,instructions,1605403946,100.00,3.86,insn per cycle
4.715655744,6020117767,,cycles,1605380306,100.00,,
4.815994952,8176,,rD044,1605211406,100.00,,
4.815994952,149625889,,rFF44,1605124546,100.00,,
4.815994952,23160586338,,instructions,1605115876,100.00,3.85,insn per cycle
4.815994952,6019046528,,cycles,1605121756,100.00,,
4.916319890,7212,,rD044,1605139156,100.00,,
4.916319890,150894690,,rFF44,1605134506,100.00,,
4.916319890,23312404833,,instructions,1605161656,100.00,3.87,insn per cycle
4.916319890,6019358494,,cycles,1605187628,100.00,,
5.016653388,7908,,rD044,1605329796,100.00,,
5.016653388,150650733,,rFF44,1605401566,100.00,,
5.016653388,23268373882,,instructions,1605374136,100.00,3.87,insn per cycle
5.016653388,6019935925,,cycles,1605334685,100.00,,
5.116988325,9582,,rD044,1605266856,100.00,,
5.116988325,150434563,,rFF44,1605237786,100.00,,
5.116988325,23231115469,,instructions,1605236266,100.00,3.86,insn per cycle
5.116988325,6019632026,,cycles,1605250530,100.00,,
5.217318923,6989,,rD044,1605168695,100.00,,
5.217318923,150913184,,rFF44,1605142605,100.00,,
5.217318923,23297837687,,instructions,1605156429,100.00,3.87,insn per cycle
5.217318923,6019407459,,cycles,1605194706,100.00,,
5.317648821,6716,,rD044,1605321786,100.00,,
5.317648821,150810987,,rFF44,1605368876,100.00,,
5.317648821,23280055073,,instructions,1605377264,100.00,3.87,insn per cycle
5.317648821,6019922899,,cycles,1605326796,100.00,,
5.417985579,7040,,rD044,1605303426,100.00,,
5.417985579,150848489,,rFF44,1605250206,100.00,,
5.417985579,23293021997,,instructions,1605250380,100.00,3.87,insn per cycle
5.417985579,6019721295,,cycles,1605265426,100.00,,
5.518321166,8055,,rD044,1605120056,100.00,,
5.518321166,151403817,,rFF44,1605124134,100.00,,
5.518321166,23374750887,,instructions,1605155686,100.00,3.88,insn per cycle
5.518321166,6019121924,,cycles,1605214496,100.00,,
5.618657854,7499,,rD044,1605415535,100.00,,
5.618657854,150906200,,rFF44,1605467612,100.00,,
5.618657854,23312048734,,instructions,1605432394,100.00,3.87,insn per cycle
5.618657854,6020095105,,cycles,1605382104,100.00,,
5.718995082,7101,,rD044,1605250781,100.00,,
5.718995082,151205156,,rFF44,1605205516,100.00,,
5.718995082,23351153275,,instructions,1605191746,100.00,3.88,insn per cycle
5.718995082,6019453071,,cycles,1605202596,100.00,,
5.819337950,7447,,rD044,1605413082,100.00,,
5.819337950,150730951,,rFF44,1605425406,100.00,,
5.819337950,23298858391,,instructions,1605447976,100.00,3.87,insn per cycle
5.819337950,6020327525,,cycles,1605457206,100.00,,
5.919674608,7418,,rD044,1605297699,100.00,,
5.919674608,151151660,,rFF44,1605326975,100.00,,
5.919674608,23345669232,,instructions,1605303995,100.00,3.88,insn per cycle
5.919674608,6019682491,,cycles,1605272795,100.00,,
6.020010656,8581,,rD044,1605341636,100.00,,
6.020010656,148941342,,rFF44,1605318666,100.00,,
6.020010656,23069402199,,instructions,1605301486,100.00,3.83,insn per cycle
6.020010656,6019909499,,cycles,1605326196,100.00,,
6.120356373,8563,,rD044,1605405846,100.00,,
6.120356373,150848013,,rFF44,1605415856,100.00,,
6.120356373,23297721241,,instructions,1605454826,100.00,3.87,insn per cycle
6.120356373,6020418300,,cycles,1605465266,100.00,,
6.220693621,7214,,rD044,1605369546,100.00,,
6.220693621,148972178,,rFF44,1605350906,100.00,,
6.220693621,23058065918,,instructions,1605309146,100.00,3.83,insn per cycle
6.220693621,6019851489,,cycles,1605316156,100.00,,
6.321029229,6682,,rD044,1605312726,100.00,,
6.321029229,150125991,,rFF44,1605353926,100.00,,
6.321029229,23203761996,,instructions,1605373716,100.00,3.85,insn per cycle
6.321029229,6019939951,,cycles,1605328526,100.00,,
6.421371737,6747,,rD044,1605426576,100.00,,
6.421371737,150542565,,rFF44,1605392916,100.00,,
6.421371737,23245477276,,instructions,1605383766,100.00,3.86,insn per cycle
6.421371737,6020196028,,cycles,1605391218,100.00,,
6.521701695,7105,,rD044,1605208116,100.00,,
6.521701695,149913334,,rFF44,1605177826,100.00,,
6.521701695,23158486752,,instructions,1605182376,100.00,3.85,insn per cycle
6.521701695,6019411294,,cycles,1605187492,100.00,,
6.622030322,6558,,rD044,1605259436,100.00,,
6.622030322,150786925,,rFF44,1605327726,100.00,,
6.622030322,23282686880,,instructions,1605332366,100.00,3.87,insn per cycle
6.622030322,6019891233,,cycles,1605326913,100.00,,
6.722387900,7340,,rD044,1605518556,100.00,,
6.722387900,151281997,,rFF44,1605469356,100.00,,
6.722387900,23333695532,,instructions,1605507119,100.00,3.88,insn per cycle
6.722387900,6020666162,,cycles,1605539357,100.00,,
6.822725908,7017,,rD044,1605352456,100.00,,
6.822725908,151030866,,rFF44,1605364281,100.00,,
6.822725908,23319195173,,instructions,1605353269,100.00,3.87,insn per cycle
6.822725908,6019878775,,cycles,1605331766,100.00,,
6.923059986,7715,,rD044,1605247726,100.00,,
6.923059986,149586385,,rFF44,1605225603,100.00,,
6.923059986,23141385707,,instructions,1605211476,100.00,3.84,insn per cycle
6.923059986,6019738121,,cycles,1605294326,100.00,,
7.023401284,7270,,rD044,1605408489,100.00,,
7.023401284,151194478,,rFF44,1605420320,100.00,,
7.023401284,23340232669,,instructions,1605419596,100.00,3.88,insn per cycle
7.023401284,6019975859,,cycles,1605338536,100.00,,
7.123736902,8627,,rD044,1605289531,100.00,,
7.123736902,149873572,,rFF44,1605302776,100.00,,
7.123736902,23173528268,,instructions,1605294936,100.00,3.85,insn per cycle
7.123736902,6019720408,,cycles,1605278946,100.00,,
7.224069229,7605,,rD044,1605306389,100.00,,
7.224069229,150076789,,rFF44,1605345755,100.00,,
7.224069229,23215823937,,instructions,1605326445,100.00,3.86,insn per cycle
7.224069229,6020234758,,cycles,1605417845,100.00,,
7.324410957,7193,,rD044,1605354459,100.00,,
7.324410957,150695338,,rFF44,1605305295,100.00,,
7.324410957,23291693269,,instructions,1605319085,100.00,3.87,insn per cycle
7.324410957,6019580705,,cycles,1605232365,100.00,,
7.424743755,7681,,rD044,1605317336,100.00,,
7.424743755,150116950,,rFF44,1605307246,100.00,,
7.424743755,23224244093,,instructions,1605317846,100.00,3.86,insn per cycle
7.424743755,6020023022,,cycles,1605345016,100.00,,
7.525077013,6771,,rD044,1605272335,100.00,,
7.525077013,151091550,,rFF44,1605322115,100.00,,
7.525077013,23328152222,,instructions,1605337275,100.00,3.87,insn per cycle
7.525077013,6020398221,,cycles,1605449645,100.00,,
7.625419621,6946,,rD044,1605405045,100.00,,
7.625419621,149655680,,rFF44,1605363725,100.00,,
7.625419621,23145885880,,instructions,1605332515,100.00,3.85,insn per cycle
7.625419621,6019384735,,cycles,1605193015,100.00,,
7.725752168,7387,,rD044,1605116256,100.00,,
7.725752168,150208190,,rFF44,1605098566,100.00,,
7.725752168,23202424777,,instructions,1605121886,100.00,3.85,insn per cycle
7.725752168,6019036266,,cycles,1605114316,100.00,,
7.826079816,6743,,rD044,1605280826,100.00,,
7.826079816,150038560,,rFF44,1605315856,100.00,,
7.826079816,23168188609,,instructions,1605342686,100.00,3.85,insn per cycle
7.826079816,6021161884,,cycles,1605665358,100.00,,
7.926436024,7753,,rD044,1605592616,100.00,,
7.926436024,149969649,,rFF44,1605599186,100.00,,
7.926436024,23172128263,,instructions,1605586606,100.00,3.85,insn per cycle
7.926436024,6019782007,,cycles,1605308665,100.00,,
8.026776242,7465,,rD044,1605408706,100.00,,
8.026776242,150133079,,rFF44,1605396866,100.00,,
8.026776242,23199158260,,instructions,1605362277,100.00,3.85,insn per cycle
8.026776242,6020071987,,cycles,1605363631,100.00,,
8.127111760,8726,,rD044,1605318916,100.00,,
8.127111760,150504414,,rFF44,1605384166,100.00,,
8.127111760,23248531619,,instructions,1605527900,100.00,3.86,insn per cycle
8.127111760,6020647960,,cycles,1605524506,100.00,,
8.227464108,7324,,rD044,1605574336,100.00,,
8.227464108,151206780,,rFF44,1605525095,100.00,,
8.227464108,23348067861,,instructions,1605398327,100.00,3.88,insn per cycle
8.227464108,6020095886,,cycles,1605373056,100.00,,
8.327804535,6702,,rD044,1605344776,100.00,,
8.327804535,151494897,,rFF44,1605260831,100.00,,
8.327804535,23387282013,,instructions,1605218396,100.00,3.89,insn per cycle
8.327804535,6019473001,,cycles,1605207056,100.00,,
8.428129583,7287,,rD044,1605208699,100.00,,
8.428129583,150750526,,rFF44,1605359498,100.00,,
8.428129583,23302829114,,instructions,1605444066,100.00,3.87,insn per cycle
8.428129583,6020348646,,cycles,1605437106,100.00,,
8.528471601,7016,,rD044,1605398302,100.00,,
8.528471601,150862266,,rFF44,1605341776,100.00,,
8.528471601,23310056688,,instructions,1605319216,100.00,3.87,insn per cycle
8.528471601,6019917555,,cycles,1605316826,100.00,,
8.628807369,6790,,rD044,1605339260,100.00,,
8.628807369,150804258,,rFF44,1605382426,100.00,,
8.628807369,23288849371,,instructions,1605342246,100.00,3.87,insn per cycle
8.628807369,6019996790,,cycles,1605367156,100.00,,
8.729152037,8117,,rD044,1605348219,100.00,,
8.729152037,147370362,,rFF44,1605313696,100.00,,
8.729152037,22869978661,,instructions,1605345126,100.00,3.80,insn per cycle
8.729152037,6019988338,,cycles,1605349206,100.00,,
8.829488334,6986,,rD044,1605331816,100.00,,
8.829488334,149302413,,rFF44,1605321906,100.00,,
8.829488334,23092767549,,instructions,1605294966,100.00,3.84,insn per cycle
8.829488334,6019634838,,cycles,1605270576,100.00,,
8.929827222,7390,,rD044,1605317373,100.00,,
8.929827222,151876952,,rFF44,1605305923,100.00,,
8.929827222,23428314058,,instructions,1605329383,100.00,3.89,insn per cycle
8.929827222,6019988392,,cycles,1605356383,100.00,,
9.030162960,7086,,rD044,1605288905,100.00,,
9.030162960,151089286,,rFF44,1605346135,100.00,,
9.030162960,23325361528,,instructions,1605342575,100.00,3.87,insn per cycle
9.030162960,6019956031,,cycles,1605337815,100.00,,
9.130507328,9722,,rD044,1605291435,100.00,,
9.130507328,151201125,,rFF44,1605209335,100.00,,
9.130507328,23325414608,,instructions,1605218625,100.00,3.88,insn per cycle
9.130507328,6019282046,,cycles,1605215265,100.00,,
9.230842206,7179,,rD044,1605296436,100.00,,
9.230842206,150601810,,rFF44,1605317766,100.00,,
9.230842206,23252015934,,instructions,1605302276,100.00,3.86,insn per cycle
9.230842206,6019795488,,cycles,1605304832,100.00,,
9.331177034,6645,,rD044,1605337866,100.00,,
9.331177034,150829891,,rFF44,1605383696,100.00,,
9.331177034,23287558125,,instructions,1605427236,100.00,3.87,insn per cycle
9.331177034,6020399680,,cycles,1605445605,100.00,,
9.431520581,7063,,rD044,1605441406,100.00,,
9.431520581,150145814,,rFF44,1605391496,100.00,,
9.431520581,23201089168,,instructions,1605327763,100.00,3.85,insn per cycle
9.431520581,6019784881,,cycles,1605288187,100.00,,
9.531855709,7119,,rD044,1605151264,100.00,,
9.531855709,150193867,,rFF44,1605158234,100.00,,
9.531855709,23215770778,,instructions,1605186771,100.00,3.86,insn per cycle
9.531855709,6019152135,,cycles,1605222754,100.00,,
9.632195697,6880,,rD044,1605466236,100.00,,
9.632195697,151008539,,rFF44,1605614550,100.00,,
9.632195697,23334976611,,instructions,1605638708,100.00,3.88,insn per cycle
9.632195697,6021115833,,cycles,1605650896,100.00,,
9.732552145,7211,,rD044,1605449596,100.00,,
9.732552145,149983783,,rFF44,1605231716,100.00,,
9.732552145,23193106967,,instructions,1605178944,100.00,3.85,insn per cycle
9.732552145,6019049075,,cycles,1605113484,100.00,,
9.832877033,6937,,rD044,1605134250,100.00,,
9.832877033,149417884,,rFF44,1605162826,100.00,,
9.832877033,23127680213,,instructions,1605185136,100.00,3.84,insn per cycle
9.832877033,6019489531,,cycles,1605223916,100.00,,
9.933211250,7397,,rD044,1605397502,100.00,,
9.933211250,149245021,,rFF44,1605476686,100.00,,
9.933211250,23092297686,,instructions,1605486526,100.00,3.84,insn per cycle
9.933211250,6020540060,,cycles,1605501656,100.00,,
10.033557748,8121,,rD044,1605346580,100.00,,
10.033557748,149679414,,rFF44,1605301866,100.00,,
10.033557748,23170145317,,instructions,1605279826,100.00,3.85,insn per cycle
10.033557748,6019661845,,cycles,1605259996,100.00,,
10.133891516,8598,,rD044,1605311236,100.00,,
10.133891516,149938086,,rFF44,1605321616,100.00,,
10.133891516,23184357390,,instructions,1605314106,100.00,3.85,insn per cycle
10.133891516,6019828181,,cycles,1605301156,100.00,,
10.234232244,7400,,rD044,1605317254,100.00,,
10.234232244,151212998,,rFF44,1605290704,100.00,,
10.234232244,23342999367,,instructions,1605285584,100.00,3.88,insn per cycle
10.234232244,6019731678,,cycles,1605289064,100.00,,
10.334564022,6608,,rD044,1605294626,100.00,,
10.334564022,151005266,,rFF44,1605295786,100.00,,
10.334564022,23311083524,,instructions,1605307246,100.00,3.87,insn per cycle
10.334564022,6019825079,,cycles,1605292146,100.00,,
10.434893969,6787,,rD044,1605193555,100.00,,
10.434893969,150538997,,rFF44,1605192145,100.00,,
10.434893969,23248206431,,instructions,1605202605,100.00,3.86,insn per cycle
10.434893969,6019528938,,cycles,1605219315,100.00,,
10.535234447,7373,,rD044,1605437676,100.00,,
10.535234447,150858680,,rFF44,1605445686,100.00,,
10.535234447,23295030412,,instructions,1605448686,100.00,3.87,insn per cycle
10.535234447,6020461349,,cycles,1605461746,100.00,,
10.635569095,6785,,rD044,1605244645,100.00,,
10.635569095,151415381,,rFF44,1605263465,100.00,,
10.635569095,23355860322,,instructions,1605230735,100.00,3.88,insn per cycle
10.635569095,6019510381,,cycles,1605230757,100.00,,
10.735903943,7166,,rD044,1605279786,100.00,,
10.735903943,150382960,,rFF44,1605308346,100.00,,
10.735903943,23226048916,,instructions,1605335416,100.00,3.86,insn per cycle
10.735903943,6019853957,,cycles,1605334386,100.00,,
10.836246031,7298,,rD044,1605338365,100.00,,
10.836246031,150340427,,rFF44,1605264105,100.00,,
10.836246031,23230034996,,instructions,1605265366,100.00,3.86,insn per cycle
10.836246031,6019599104,,cycles,1605246159,100.00,,
10.936577139,8013,,rD044,1605261136,100.00,,
10.936577139,151083908,,rFF44,1605311986,100.00,,
10.936577139,23340072516,,instructions,1605310735,100.00,3.88,insn per cycle
10.936577139,6019900523,,cycles,1605335396,100.00,,
11.036912506,7957,,rD044,1605211456,100.00,,
11.036912506,151198326,,rFF44,1605143406,100.00,,
11.036912506,23350284260,,instructions,1605149559,100.00,3.88,insn per cycle
11.036912506,6019123846,,cycles,1605117916,100.00,,
11.137238784,8446,,rD044,1605256016,100.00,,
11.137238784,149946926,,rFF44,1605306519,100.00,,
11.137238784,23195420572,,instructions,1605308069,100.00,3.85,insn per cycle
11.137238784,6019897542,,cycles,1605319936,100.00,,
11.237574382,7550,,rD044,1605329536,100.00,,
11.237574382,150096483,,rFF44,1605318573,100.00,,
11.237574382,23201018839,,instructions,1605310846,100.00,3.85,insn per cycle
11.237574382,6019849369,,cycles,1605306996,100.00,,
11.337904560,8355,,rD044,1605212356,100.00,,
11.337904560,149215505,,rFF44,1605207341,100.00,,
11.337904560,23101927968,,instructions,1605216646,100.00,3.84,insn per cycle
11.337904560,6019585434,,cycles,1605243576,100.00,,
11.438240827,7187,,rD044,1605349100,100.00,,
11.438240827,150844278,,rFF44,1605349127,100.00,,
11.438240827,23297080700,,instructions,1605348726,100.00,3.87,insn per cycle
11.438240827,6019900698,,cycles,1605312506,100.00,,
11.538568415,7001,,rD044,1605231060,100.00,,
11.538568415,151194610,,rFF44,1605264266,100.00,,
11.538568415,23345395374,,instructions,1605240896,100.00,3.88,insn per cycle
11.538568415,6019637217,,cycles,1605247996,100.00,,
11.638904863,7072,,rD044,1605258360,100.00,,
11.638904863,149934428,,rFF44,1605207846,100.00,,
11.638904863,23179687089,,instructions,1605237986,100.00,3.85,insn per cycle
11.638904863,6019607644,,cycles,1605257236,100.00,,
11.739239481,7190,,rD044,1605300529,100.00,,
11.739239481,150279997,,rFF44,1605370666,100.00,,
11.739239481,23220124511,,instructions,1605357576,100.00,3.86,insn per cycle
11.739239481,6019877117,,cycles,1605324096,100.00,,
11.839577948,6935,,rD044,1605299407,100.00,,
11.839577948,150381541,,rFF44,1605241216,100.00,,
11.839577948,23228560037,,instructions,1605226766,100.00,3.86,insn per cycle
11.839577948,6019610265,,cycles,1605259096,100.00,,
11.939912706,7232,,rD044,1605246424,100.00,,
11.939912706,151318718,,rFF44,1605264414,100.00,,
11.939912706,23344477652,,instructions,1605293624,100.00,3.88,insn per cycle
11.939912706,6019705870,,cycles,1605286964,100.00,,
12.040249924,6738,,rD044,1605355486,100.00,,
12.040249924,150832621,,rFF44,1605325286,100.00,,
12.040249924,23296764895,,instructions,1605279376,100.00,3.87,insn per cycle
12.040249924,6019720694,,cycles,1605270896,100.00,,
12.140580772,9134,,rD044,1605238936,100.00,,
12.140580772,150872626,,rFF44,1605230526,100.00,,
12.140580772,23290374197,,instructions,1605222946,100.00,3.87,insn per cycle
12.140580772,6019504518,,cycles,1605220596,100.00,,
12.240914879,7570,,rD044,1605298746,100.00,,
12.240914879,151471148,,rFF44,1605366176,100.00,,
12.240914879,23383171808,,instructions,1605400286,100.00,3.88,insn per cycle
12.240914879,6020259079,,cycles,1605425316,100.00,,
12.341255067,7418,,rD044,1605404106,100.00,,
12.341255067,151354779,,rFF44,1605441176,100.00,,
12.341255067,23380013497,,instructions,1605473416,100.00,3.88,insn per cycle
12.341255067,6020408862,,cycles,1605453763,100.00,,
12.441602185,7031,,rD044,1605510386,100.00,,
12.441602185,150931309,,rFF44,1605470376,100.00,,
12.441602185,23310206512,,instructions,1605450226,100.00,3.87,insn per cycle
12.441602185,6020464704,,cycles,1605462865,100.00,,
12.541943643,7229,,rD044,1605309386,100.00,,
12.541943643,149693772,,rFF44,1605282046,100.00,,
12.541943643,23157510612,,instructions,1605290984,100.00,3.85,insn per cycle
12.541943643,6019826491,,cycles,1605304006,100.00,,
12.642278071,7801,,rD044,1605321356,100.00,,
12.642278071,149360083,,rFF44,1605292666,100.00,,
12.642278071,23118754210,,instructions,1605271681,100.00,3.84,insn per cycle
12.642278071,6019654286,,cycles,1605258446,100.00,,
12.742612919,7067,,rD044,1605215655,100.00,,
12.742612919,150863398,,rFF44,1605222509,100.00,,
12.742612919,23302177375,,instructions,1605232068,100.00,3.87,insn per cycle
12.742612919,6019391862,,cycles,1605208745,100.00,,
12.842940546,7388,,rD044,1605220696,100.00,,
12.842940546,149907457,,rFF44,1605231091,100.00,,
12.842940546,23175305940,,instructions,1605227256,100.00,3.85,insn per cycle
12.842940546,6019573013,,cycles,1605240626,100.00,,
12.943274384,7611,,rD044,1605204686,100.00,,
12.943274384,151821214,,rFF44,1605206932,100.00,,
12.943274384,23414294934,,instructions,1605191906,100.00,3.89,insn per cycle
12.943274384,6019411386,,cycles,1605207496,100.00,,
13.043605712,6732,,rD044,1605295349,100.00,,
13.043605712,150209497,,rFF44,1605305397,100.00,,
13.043605712,23196724837,,instructions,1605297646,100.00,3.85,insn per cycle
13.043605712,6019728818,,cycles,1605272246,100.00,,
13.143940770,24235,,rD044,1605290872,100.00,,
13.143940770,151241474,,rFF44,1605325946,100.00,,
13.143940770,23312485524,,instructions,1605318486,100.00,3.87,insn per cycle
13.143940770,6019792228,,cycles,1605297016,100.00,,
13.244275087,7482,,rD044,1605219668,100.00,,
13.244275087,150670518,,rFF44,1605140006,100.00,,
13.244275087,23268075455,,instructions,1605181216,100.00,3.87,insn per cycle
13.244275087,6019536788,,cycles,1605232346,100.00,,
13.344603225,7126,,rD044,1605234969,100.00,,
13.344603225,151424438,,rFF44,1605261806,100.00,,
13.344603225,23359940543,,instructions,1605245366,100.00,3.88,insn per cycle
13.344603225,6019654735,,cycles,1605252566,100.00,,
13.444948503,7185,,rD044,1605343327,100.00,,
13.444948503,150401619,,rFF44,1605332575,100.00,,
13.444948503,23243339688,,instructions,1605325805,100.00,3.86,insn per cycle
13.444948503,6019409723,,cycles,1605288655,100.00,,
13.545278021,6933,,rD044,1605145386,100.00,,
13.545278021,150843976,,rFF44,1605106046,100.00,,
13.545278021,23301251147,,instructions,1605132326,100.00,3.87,insn per cycle
13.545278021,6019309292,,cycles,1605159126,100.00,,
13.645609988,7003,,rD044,1605302176,100.00,,
13.645609988,150582209,,rFF44,1605390116,100.00,,
13.645609988,23281841237,,instructions,1605377646,100.00,3.87,insn per cycle
13.645609988,6020045025,,cycles,1605370176,100.00,,
13.745947026,6863,,rD044,1605236303,100.00,,
13.745947026,150730602,,rFF44,1605216583,100.00,,
13.745947026,23296643935,,instructions,1605221563,100.00,3.87,insn per cycle
13.745947026,6019515236,,cycles,1605243723,100.00,,
13.846283954,7048,,rD044,1605322126,100.00,,
13.846283954,149623641,,rFF44,1605295496,100.00,,
13.846283954,23156921832,,instructions,1605286796,100.00,3.85,insn per cycle
13.846283954,6019730064,,cycles,1605273926,100.00,,
13.946613972,9202,,rD044,1605234356,100.00,,
13.946613972,149073287,,rFF44,1605227086,100.00,,
13.946613972,23081206497,,instructions,1605226006,100.00,3.83,insn per cycle
13.946613972,6019337884,,cycles,1605184646,100.00,,
14.046940919,7396,,rD044,1605187886,100.00,,
14.046940919,148855434,,rFF44,1605229146,100.00,,
14.046940919,23052839524,,instructions,1605231566,100.00,3.83,insn per cycle
14.046940919,6019675198,,cycles,1605265648,100.00,,
14.147274957,8672,,rD044,1605269706,100.00,,
14.147274957,149784924,,rFF44,1605251506,100.00,,
14.147274957,23154436512,,instructions,1605260356,100.00,3.85,insn per cycle
14.147274957,6019661410,,cycles,1605256552,100.00,,
14.244967034,203034,,rD044,1510210483,100.00,,
14.244967034,116781244,,rFF44,1509416073,100.00,,
14.244967034,18635945802,,instructions,1508774773,100.00,3.30,insn per cycle
14.244967034,5655171768,,cycles,1508145635,100.00,,
