0.100116748,3573107,,rD044,89404288,100.00,,
0.100116748,16948426,,rFF44,89410718,100.00,,
0.100116748,369458841,,instructions,89415258,100.00,1.11,insn per cycle
0.100116748,331367547,,cycles,89419838,100.00,,
0.200359517,5393047,,rD044,100238615,100.00,,
0.200359517,23751903,,rFF44,100238395,100.00,,
0.200359517,500945377,,instructions,100238615,100.00,1.33,insn per cycle
0.200359517,375893797,,cycles,100238745,100.00,,
0.300546995,5480625,,rD044,100187866,100.00,,
0.300546995,23975576,,rFF44,100187606,100.00,,
0.300546995,505155532,,instructions,100188056,100.00,1.34,insn per cycle
0.300546995,375700975,,cycles,100187286,100.00,,
0.400735224,6587890,,rD044,100185365,100.00,,
0.400735224,27954414,,rFF44,100184916,100.00,,
0.400735224,150984651,,instructions,100184596,100.00,0.40,insn per cycle
0.400735224,375692871,,cycles,100185126,100.00,,
0.500922972,6934665,,rD044,100188146,100.00,,
0.500922972,30168816,,rFF44,100188715,100.00,,
0.500922972,37578266,,instructions,100188655,100.00,0.10,insn per cycle
0.500922972,375708054,,cycles,100189195,100.00,,
0.601120860,6144246,,rD044,1302073163,100.00,,
0.601120860,125417173,,rFF44,1307015618,100.00,,
0.601120860,16641258668,,instructions,1311235235,100.00,3.37,insn per cycle
0.601120860,4934598834,,cycles,1316469302,100.00,,
0.701956606,4922960,,rD044,3225967184,100.00,,
0.701956606,270240611,,rFF44,3226691555,100.00,,
0.701956606,42006590548,,instructions,3226876666,100.00,3.47,insn per cycle
0.701956606,12101321529,,cycles,3227032209,100.00,,
0.802799872,5209756,,rD044,3226016006,100.00,,
0.802799872,275033235,,rFF44,3225658252,100.00,,
0.802799872,42595450200,,instructions,3226465854,100.00,3.52,insn per cycle
0.802799872,12097327144,,cycles,3225971619,100.00,,
0.903608338,5257751,,rD044,3226037104,100.00,,
0.903608338,274402349,,rFF44,3225565526,100.00,,
0.903608338,42492096957,,instructions,3224456272,100.00,3.51,insn per cycle
0.903608338,12091289097,,cycles,3224352753,100.00,,
1.004378413,5161900,,rD044,3224889208,100.00,,
1.004378413,274409173,,rFF44,3225299595,100.00,,
1.004378413,42524846974,,instructions,3225977140,100.00,3.52,insn per cycle
1.004378413,12097649225,,cycles,3226050518,100.00,,
1.105191719,5360833,,rD044,3225544231,100.00,,
1.105191719,275050812,,rFF44,3225012665,100.00,,
1.105191719,42583966550,,instructions,3224351773,100.00,3.52,insn per cycle
1.105191719,12090073183,,cycles,3224032712,100.00,,
1.205934733,5137525,,rD044,3224334245,100.00,,
1.205934733,275326615,,rFF44,3225334706,100.00,,
1.205934733,42647953914,,instructions,3226287331,100.00,3.52,insn per cycle
1.205934733,12099953223,,cycles,3226663366,100.00,,
1.306785000,4965855,,rD044,3226964230,100.00,,
1.306785000,274439551,,rFF44,3226178682,100.00,,
1.306785000,42511554839,,instructions,3225421432,100.00,3.52,insn per cycle
1.306785000,12092426873,,cycles,3224665370,100.00,,
1.407525274,4895190,,rD044,3224040468,100.00,,
1.407525274,274705766,,rFF44,3224404048,100.00,,
1.407525274,42552098940,,instructions,3224818766,100.00,3.52,insn per cycle
1.407525274,12097578406,,cycles,3226041038,100.00,,
1.508375630,4735655,,rD044,3226625898,100.00,,
1.508375630,274069089,,rFF44,3226170456,100.00,,
1.508375630,42463612065,,instructions,3225690581,100.00,3.51,insn per cycle
1.508375630,12094327197,,cycles,3225176438,100.00,,
1.609146146,5257603,,rD044,3224624320,100.00,,
1.609146146,275507703,,rFF44,3225143385,100.00,,
1.609146146,42655688438,,instructions,3225632399,100.00,3.53,insn per cycle
1.609146146,12094224402,,cycles,3225178496,100.00,,
1.709944741,4929037,,rD044,3225487216,100.00,,
1.709944741,274316275,,rFF44,3225290504,100.00,,
1.709944741,42503237845,,instructions,3225383456,100.00,3.51,insn per cycle
1.709944741,12095144558,,cycles,3225383616,100.00,,
1.810729206,4738913,,rD044,3224906959,100.00,,
1.810729206,274872066,,rFF44,3224892817,100.00,,
1.810729206,42570915408,,instructions,3224800875,100.00,3.52,insn per cycle
1.810729206,12094029115,,cycles,3225104114,100.00,,
1.911507561,4595378,,rD044,3224978901,100.00,,
1.911507561,274500015,,rFF44,3224935914,100.00,,
1.911507561,42515959785,,instructions,3224438455,100.00,3.52,insn per cycle
1.911507561,12092525024,,cycles,3224677011,100.00,,
2.012306067,4870302,,rD044,3225318306,100.00,,
2.012306067,274413632,,rFF44,3225707668,100.00,,
2.012306067,42530127928,,instructions,3226980336,100.00,3.51,insn per cycle
2.012306067,12103919918,,cycles,3227724585,100.00,,
2.113168323,4772893,,rD044,3227979343,100.00,,
2.113168323,274589459,,rFF44,3227750280,100.00,,
2.113168323,42525052707,,instructions,3226355226,100.00,3.52,insn per cycle
2.113168323,12093907666,,cycles,3225056783,100.00,,
2.213935608,4744181,,rD044,3224505418,100.00,,
2.213935608,275412314,,rFF44,3224781580,100.00,,
2.213935608,42642555011,,instructions,3226049036,100.00,3.52,insn per cycle
2.213935608,12098485207,,cycles,3226274723,100.00,,
2.314763934,4916511,,rD044,3226227896,100.00,,
2.314763934,275326720,,rFF44,3226432046,100.00,,
2.314763934,42621545919,,instructions,3225970923,100.00,3.52,insn per cycle
2.314763934,12097155956,,cycles,3225921186,100.00,,
2.415571750,4559377,,rD044,3225763475,100.00,,
2.415571750,274790152,,rFF44,3224671734,100.00,,
2.415571750,42554145612,,instructions,3224035147,100.00,3.52,insn per cycle
2.415571750,12092033563,,cycles,3224562837,100.00,,
2.516376105,4917608,,rD044,3225197223,100.00,,
2.516376105,275493744,,rFF44,3225367915,100.00,,
2.516376105,42644092168,,instructions,3225368264,100.00,3.53,insn per cycle
2.516376105,12092279048,,cycles,3224649262,100.00,,
2.617114410,4822510,,rD044,3223845275,100.00,,
2.617114410,274607524,,rFF44,3223607406,100.00,,
2.617114410,42527317783,,instructions,3223393974,100.00,3.52,insn per cycle
2.617114410,12087483497,,cycles,3223344722,100.00,,
2.717843175,4709481,,rD044,3223654475,100.00,,
2.717843175,274155320,,rFF44,3224162663,100.00,,
2.717843175,42487641578,,instructions,3224367509,100.00,3.51,insn per cycle
2.717843175,12090498901,,cycles,3224146117,100.00,,
2.818603040,4814240,,rD044,3223875025,100.00,,
2.818603040,274548559,,rFF44,3223805011,100.00,,
2.818603040,42534325678,,instructions,3224231091,100.00,3.52,insn per cycle
2.818603040,12092373309,,cycles,3224657214,100.00,,
2.919390795,4657130,,rD044,3225743385,100.00,,
2.919390795,275534826,,rFF44,3227750921,100.00,,
2.919390795,42657982266,,instructions,3228187296,100.00,3.52,insn per cycle
2.919390795,12106771836,,cycles,3228496037,100.00,,
3.020275782,4519111,,rD044,3227945767,100.00,,
3.020275782,276453508,,rFF44,3225279274,100.00,,
3.020275782,42734571649,,instructions,3223638365,100.00,3.54,insn per cycle
3.020275782,12083610941,,cycles,3222312725,100.00,,
3.120959516,5104554,,rD044,3221071320,100.00,,
3.120959516,274821883,,rFF44,3221451524,100.00,,
3.120959516,42560222175,,instructions,3222205531,100.00,3.52,insn per cycle
3.120959516,12084710687,,cycles,3222788459,100.00,,
3.221694700,4953227,,rD044,3223665684,100.00,,
3.221694700,274963998,,rFF44,3223933122,100.00,,
3.221694700,42574980654,,instructions,3223969307,100.00,3.52,insn per cycle
3.221694700,12095593677,,cycles,3225501618,100.00,,
3.322551177,4860359,,rD044,3227737454,100.00,,
3.322551177,275967579,,rFF44,3227899036,100.00,,
3.322551177,42707604921,,instructions,3227944176,100.00,3.53,insn per cycle
3.322551177,12099424732,,cycles,3226528055,100.00,,
3.423315482,4895698,,rD044,3224139978,100.00,,
3.423315482,274566193,,rFF44,3224511114,100.00,,
3.423315482,42527961398,,instructions,3224350963,100.00,3.52,insn per cycle
3.423315482,12091354615,,cycles,3224384279,100.00,,
3.524102297,4639285,,rD044,3225122652,100.00,,
3.524102297,274344596,,rFF44,3225311177,100.00,,
3.524102297,42505858545,,instructions,3225614186,100.00,3.51,insn per cycle
3.524102297,12095887796,,cycles,3225612389,100.00,,
3.624920983,4869149,,rD044,3225987284,100.00,,
3.624920983,275541968,,rFF44,3225200045,100.00,,
3.624920983,42643887302,,instructions,3225270284,100.00,3.53,insn per cycle
3.624920983,12096123006,,cycles,3225646688,100.00,,
3.725700388,4616349,,rD044,3224752260,100.00,,
3.725700388,275190238,,rFF44,3224419821,100.00,,
3.725700388,42602815086,,instructions,3224199156,100.00,3.52,insn per cycle
3.725700388,12091993777,,cycles,3224542882,100.00,,
3.826460183,4932127,,rD044,3225221952,100.00,,
3.826460183,274982663,,rFF44,3226016090,100.00,,
3.826460183,42585339419,,instructions,3226182036,100.00,3.52,insn per cycle
3.826460183,12097778925,,cycles,3226085403,100.00,,
3.927284049,4894215,,rD044,3225582474,100.00,,
3.927284049,275520750,,rFF44,3225613465,100.00,,
3.927284049,42648065362,,instructions,3225733728,100.00,3.53,insn per cycle
3.927284049,12097057569,,cycles,3225904631,100.00,,
4.028077644,4659674,,rD044,3225170300,100.00,,
4.028077644,275221891,,rFF44,3224477406,100.00,,
4.028077644,42604181726,,instructions,3224314952,100.00,3.52,insn per cycle
4.028077644,12091071675,,cycles,3224294466,100.00,,
4.128851639,4863241,,rD044,3224700466,100.00,,
4.128851639,275802926,,rFF44,3225113374,100.00,,
4.128851639,42688150483,,instructions,3225578926,100.00,3.53,insn per cycle
4.128851639,12092315159,,cycles,3224632141,100.00,,
4.229615944,4709877,,rD044,3224901987,100.00,,
4.229615944,275306649,,rFF44,3224814836,100.00,,
4.229615944,42616371608,,instructions,3224523611,100.00,3.52,insn per cycle
4.229615944,12093998221,,cycles,3225073019,100.00,,
4.330428400,4731200,,rD044,3225832513,100.00,,
4.330428400,275165558,,rFF44,3226044696,100.00,,
4.330428400,42598077440,,instructions,3225660539,100.00,3.52,insn per cycle
4.330428400,12097271496,,cycles,3225950485,100.00,,
4.431244706,4805376,,rD044,3226298126,100.00,,
4.431244706,274794771,,rFF44,3226524587,100.00,,
4.431244706,42578652219,,instructions,3227540206,100.00,3.52,insn per cycle
4.431244706,12103085536,,cycles,3227517356,100.00,,
4.532064081,5067281,,rD044,3226160222,100.00,,
4.532064081,275350378,,rFF44,3225505663,100.00,,
4.532064081,42600780740,,instructions,3224291456,100.00,3.52,insn per cycle
4.532064081,12087756417,,cycles,3223429235,100.00,,
4.632808346,4709295,,rD044,3223955615,100.00,,
4.632808346,274885221,,rFF44,3223905706,100.00,,
4.632808346,42569158508,,instructions,3224389031,100.00,3.52,insn per cycle
4.632808346,12093308503,,cycles,3224926926,100.00,,
4.733597691,4693283,,rD044,3225020509,100.00,,
4.733597691,275297377,,rFF44,3225352720,100.00,,
4.733597691,42617967305,,instructions,3225221199,100.00,3.52,insn per cycle
4.733597691,12095225689,,cycles,3225399061,100.00,,
4.834401657,5001960,,rD044,3225195476,100.00,,
4.834401657,274936494,,rFF44,3225648700,100.00,,
4.834401657,42574530547,,instructions,3225809306,100.00,3.52,insn per cycle
4.834401657,12094945047,,cycles,3225331769,100.00,,
4.935182242,4709937,,rD044,3225033016,100.00,,
4.935182242,275437912,,rFF44,3224154776,100.00,,
4.935182242,42630897412,,instructions,3223744514,100.00,3.53,insn per cycle
4.935182242,12090980836,,cycles,3224271866,100.00,,
5.035943357,5393596,,rD044,3224487894,100.00,,
5.035943357,275095481,,rFF44,3224897614,100.00,,
5.035943357,42589876724,,instructions,3225071186,100.00,3.52,insn per cycle
5.035943357,12092401325,,cycles,3224654983,100.00,,
5.136713383,4748820,,rD044,3224713099,100.00,,
5.136713383,275176283,,rFF44,3224689626,100.00,,
5.136713383,42603324672,,instructions,3224737272,100.00,3.52,insn per cycle
5.136713383,12092664759,,cycles,3224721287,100.00,,
5.237479968,4860824,,rD044,3224466771,100.00,,
5.237479968,275124520,,rFF44,3224666589,100.00,,
5.237479968,42597353059,,instructions,3224947278,100.00,3.52,insn per cycle
5.237479968,12093751393,,cycles,3225014480,100.00,,
5.338278333,4758107,,rD044,3225212461,100.00,,
5.338278333,275612688,,rFF44,3225088811,100.00,,
5.338278333,42647515893,,instructions,3224449086,100.00,3.53,insn per cycle
5.338278333,12091268022,,cycles,3224350670,100.00,,
5.439027078,4867284,,rD044,3224452446,100.00,,
5.439027078,275247283,,rFF44,3225043276,100.00,,
5.439027078,42610479501,,instructions,3225305205,100.00,3.52,insn per cycle
5.439027078,12095364095,,cycles,3225441816,100.00,,
5.539817053,4884057,,rD044,3224870209,100.00,,
5.539817053,275472652,,rFF44,3224082410,100.00,,
5.539817053,42626768262,,instructions,3223518805,100.00,3.53,insn per cycle
5.539817053,12088902573,,cycles,3223730557,100.00,,
5.640567038,4882649,,rD044,3223649118,100.00,,
5.640567038,273788477,,rFF44,3223811030,100.00,,
5.640567038,42434552994,,instructions,3224842354,100.00,3.51,insn per cycle
5.640567038,12095705736,,cycles,3225551333,100.00,,
5.741397534,4982005,,rD044,3226716437,100.00,,
5.741397534,274784985,,rFF44,3226499676,100.00,,
5.741397534,42548959429,,instructions,3226052221,100.00,3.52,insn per cycle
5.741397534,12094161959,,cycles,3225119966,100.00,,
5.842165239,4754760,,rD044,3224731341,100.00,,
5.842165239,275561121,,rFF44,3224512885,100.00,,
5.842165239,42652084803,,instructions,3224846711,100.00,3.53,insn per cycle
5.842165239,12094515394,,cycles,3225219719,100.00,,
5.942945174,4907418,,rD044,3224400799,100.00,,
5.942945174,275260354,,rFF44,3224135855,100.00,,
5.942945174,42594780476,,instructions,3223256342,100.00,3.52,insn per cycle
5.942945174,12085504045,,cycles,3222812861,100.00,,
6.043646939,4926328,,rD044,3222903621,100.00,,
6.043646939,274027271,,rFF44,3223179484,100.00,,
6.043646939,42455668459,,instructions,3223684588,100.00,3.51,insn per cycle
6.043646939,12088774596,,cycles,3223682332,100.00,,
6.144415734,5098804,,rD044,3224879851,100.00,,
6.144415734,275539801,,rFF44,3225358306,100.00,,
6.144415734,42631278827,,instructions,3225058503,100.00,3.53,insn per cycle
6.144415734,12093865694,,cycles,3225043018,100.00,,
6.245182629,5231999,,rD044,3224389129,100.00,,
6.245182629,275455834,,rFF44,3224873332,100.00,,
6.245182629,42646129696,,instructions,3226411345,100.00,3.52,insn per cycle
6.245182629,12100190790,,cycles,3226731416,100.00,,
6.346017195,4794094,,rD044,3226585576,100.00,,
6.346017195,274914535,,rFF44,3225846213,100.00,,
6.346017195,42547531743,,instructions,3224176638,100.00,3.52,insn per cycle
6.346017195,12089382455,,cycles,3223848453,100.00,,
6.446755470,4667247,,rD044,3222540856,100.00,,
6.446755470,274723196,,rFF44,3221624161,100.00,,
6.446755470,42554803149,,instructions,3223859227,100.00,3.52,insn per cycle
6.446755470,12089067402,,cycles,3223761967,100.00,,
6.547511345,4936285,,rD044,3225118353,100.00,,
6.547511345,276761151,,rFF44,3226164682,100.00,,
6.547511345,42770251195,,instructions,3223998662,100.00,3.54,insn per cycle
6.547511345,12090095363,,cycles,3224064277,100.00,,
6.648260679,5315872,,rD044,3223808259,100.00,,
6.648260679,275141902,,rFF44,3223519447,100.00,,
6.648260679,42589480638,,instructions,3224187392,100.00,3.52,insn per cycle
6.648260679,12090476000,,cycles,3224138102,100.00,,
6.749010944,5024879,,rD044,3224183711,100.00,,
6.749010944,275550285,,rFF44,3224548089,100.00,,
6.749010944,42641230724,,instructions,3224113738,100.00,3.53,insn per cycle
6.749010944,12094081469,,cycles,3225096598,100.00,,
6.849814250,5313966,,rD044,3225994133,100.00,,
6.849814250,274359314,,rFF44,3226425032,100.00,,
6.849814250,42508470082,,instructions,3227690236,100.00,3.51,insn per cycle
6.849814250,12103126274,,cycles,3227512485,100.00,,
6.950678276,5293559,,rD044,3227208933,100.00,,
6.950678276,275134231,,rFF44,3226629895,100.00,,
6.950678276,42574391173,,instructions,3225344235,100.00,3.52,insn per cycle
6.950678276,12095402548,,cycles,3225453517,100.00,,
7.051457781,5030664,,rD044,3225059859,100.00,,
7.051457781,275869117,,rFF44,3224692296,100.00,,
7.051457781,42688124495,,instructions,3225278636,100.00,3.53,insn per cycle
7.051457781,12094424817,,cycles,3225191522,100.00,,
7.152241707,5634906,,rD044,3224318304,100.00,,
7.152241707,275100485,,rFF44,3225738334,100.00,,
7.152241707,42595464197,,instructions,3226775317,100.00,3.52,insn per cycle
7.152241707,12098152463,,cycles,3226373993,100.00,,
7.253082223,5711954,,rD044,3227336566,100.00,,
7.253082223,274822521,,rFF44,3226729829,100.00,,
7.253082223,42532029688,,instructions,3225243531,100.00,3.52,insn per cycle
7.253082223,12092771671,,cycles,3224808887,100.00,,
7.353860128,5692086,,rD044,3224656270,100.00,,
7.353860128,274246279,,rFF44,3225387130,100.00,,
7.353860128,42474781630,,instructions,3225861144,100.00,3.51,insn per cycle
7.353860128,12102812430,,cycles,3227426263,100.00,,
7.454734524,5661041,,rD044,3227676824,100.00,,
7.454734524,274700328,,rFF44,3226359456,100.00,,
7.454734524,42514601199,,instructions,3225534206,100.00,3.52,insn per cycle
7.454734524,12087914860,,cycles,3223461066,100.00,,
7.555453879,5642933,,rD044,3222684852,100.00,,
7.555453879,274890729,,rFF44,3222437451,100.00,,
7.555453879,42559436801,,instructions,3223793186,100.00,3.52,insn per cycle
7.555453879,12094779913,,cycles,3225311343,100.00,,
7.656262894,5489903,,rD044,3225952387,100.00,,
7.656262894,274871262,,rFF44,3225861259,100.00,,
7.656262894,42535443914,,instructions,3225149407,100.00,3.52,insn per cycle
7.656262894,12091112627,,cycles,3224311447,100.00,,
7.757009269,5662406,,rD044,3224068713,100.00,,
7.757009269,274292459,,rFF44,3224963865,100.00,,
7.757009269,42476086755,,instructions,3225132977,100.00,3.51,insn per cycle
7.757009269,12095890584,,cycles,3225578926,100.00,,
7.857816815,5521539,,rD044,3226077106,100.00,,
7.857816815,274227281,,rFF44,3225683410,100.00,,
7.857816815,42458412788,,instructions,3224993142,100.00,3.51,insn per cycle
7.857816815,12091300242,,cycles,3224362494,100.00,,
7.958571660,5549884,,rD044,3223488055,100.00,,
7.958571660,274282812,,rFF44,3222915880,100.00,,
7.958571660,42472874402,,instructions,3222558574,100.00,3.51,insn per cycle
7.958571660,12084836898,,cycles,3222656375,100.00,,
8.059292084,5311456,,rD044,3222868544,100.00,,
8.059292084,273833619,,rFF44,3223554484,100.00,,
8.059292084,42433132291,,instructions,3224494555,100.00,3.51,insn per cycle
8.059292084,12091178510,,cycles,3224326650,100.00,,
8.160048169,5528222,,rD044,3225566132,100.00,,
8.160048169,274315443,,rFF44,3225064686,100.00,,
8.160048169,42475966841,,instructions,3224407328,100.00,3.51,insn per cycle
8.160048169,12090536306,,cycles,3224156340,100.00,,
8.260800154,6091184,,rD044,3223170158,100.00,,
8.260800154,273667711,,rFF44,3224151787,100.00,,
8.260800154,42398520562,,instructions,3224851452,100.00,3.50,insn per cycle
8.260800154,12098112201,,cycles,3226171650,100.00,,
8.360952342,4556626,,rD044,3113347917,100.00,,
8.360952342,221469572,,rFF44,3107728264,100.00,,
8.360952342,35560261105,,instructions,3103086805,100.00,3.06,insn per cycle
8.360952342,11616560696,,cycles,3097810509,100.00,,
