0.100126697,4417691,,rD044,89632535,100.00,,
0.100126697,19533652,,rFF44,89637996,100.00,,
0.100126697,424268044,,instructions,89642656,100.00,1.28,insn per cycle
0.100126697,332149018,,cycles,89647366,100.00,,
0.200357286,5495037,,rD044,100225776,100.00,,
0.200357286,24039775,,rFF44,100225545,100.00,,
0.200357286,506576935,,instructions,100225705,100.00,1.35,insn per cycle
0.200357286,375844851,,cycles,100225655,100.00,,
0.300545685,5495091,,rD044,100188166,100.00,,
0.300545685,24029494,,rFF44,100188666,100.00,,
0.300545685,506583845,,instructions,100188426,100.00,1.35,insn per cycle
0.300545685,375704328,,cycles,100188176,100.00,,
0.400734844,6737424,,rD044,100189885,100.00,,
0.400734844,29034644,,rFF44,100189565,100.00,,
0.400734844,94273702,,instructions,100189115,100.00,0.25,insn per cycle
0.400734844,375706938,,cycles,100188875,100.00,,
0.500941182,6955806,,rD044,100203366,100.00,,
0.500941182,29955622,,rFF44,100204076,100.00,,
0.500941182,37387015,,instructions,100204296,100.00,0.10,insn per cycle
0.500941182,375765874,,cycles,100204596,100.00,,
0.601122401,3618620,,rD044,3179412394,100.00,,
0.601122401,294215373,,rFF44,3192345146,100.00,,
0.601122401,43547368828,,instructions,3202986199,100.00,3.61,insn per cycle
0.601122401,12046975128,,cycles,3213661098,100.00,,
0.702020318,436120,,rD044,6456972476,100.00,,
0.702020318,559767458,,rFF44,6456313532,100.00,,
0.702020318,87607344627,,instructions,6456319412,100.00,3.62,insn per cycle
0.702020318,24211132936,,cycles,6456326113,100.00,,
0.802898714,364213,,rD044,6455991371,100.00,,
0.802898714,559779385,,rFF44,6455475026,100.00,,
0.802898714,87531422732,,instructions,6454756202,100.00,3.62,insn per cycle
0.802898714,24202624129,,cycles,6454059050,100.00,,
0.903733080,378355,,rD044,6453292369,100.00,,
0.903733080,559564140,,rFF44,6452790677,100.00,,
0.903733080,87530732622,,instructions,6452729762,100.00,3.62,insn per cycle
0.903733080,24198722772,,cycles,6453015520,100.00,,
1.004572286,389736,,rD044,6456661473,100.00,,
1.004572286,561744310,,rFF44,6459548666,100.00,,
1.004572286,88013429799,,instructions,6461543682,100.00,3.63,insn per cycle
1.004572286,24238000846,,cycles,6463486231,100.00,,
1.105584625,378754,,rD044,6463406402,100.00,,
1.105584625,570206238,,rFF44,6463123848,100.00,,
1.105584625,88930339918,,instructions,6463291490,100.00,3.67,insn per cycle
1.105584625,24238004171,,cycles,6463489961,100.00,,
1.206574993,369468,,rD044,6462645685,100.00,,
1.206574993,561388864,,rFF44,6463079616,100.00,,
1.206574993,87808039698,,instructions,6463348688,100.00,3.62,insn per cycle
1.206574993,24235839588,,cycles,6462913285,100.00,,
1.307557771,377963,,rD044,6463359939,100.00,,
1.307557771,559731247,,rFF44,6463020017,100.00,,
1.307557771,87563423826,,instructions,6462835055,100.00,3.61,insn per cycle
1.307557771,24236130502,,cycles,6462991563,100.00,,
1.408538518,376273,,rD044,6462526040,100.00,,
1.408538518,565808057,,rFF44,6466662071,100.00,,
1.408538518,88357081299,,instructions,6466471319,100.00,3.64,insn per cycle
1.408538518,24246996188,,cycles,6465906385,100.00,,
1.509583307,368710,,rD044,6467082473,100.00,,
1.509583307,566562694,,rFF44,6463530945,100.00,,
1.509583307,88451015340,,instructions,6463659386,100.00,3.65,insn per cycle
1.509583307,24240704094,,cycles,6464228773,100.00,,
1.610576925,367442,,rD044,6463673633,100.00,,
1.610576925,565832408,,rFF44,6463177781,100.00,,
1.610576925,88334020741,,instructions,6462840455,100.00,3.64,insn per cycle
1.610576925,24235974136,,cycles,6462968964,100.00,,
1.711569653,371873,,rD044,6463402640,100.00,,
1.711569653,562322576,,rFF44,6463863654,100.00,,
1.711569653,87919264262,,instructions,6464424011,100.00,3.63,insn per cycle
1.711569653,24241173274,,cycles,6464343845,100.00,,
1.812574171,368503,,rD044,6463909980,100.00,,
1.812574171,562673741,,rFF44,6463878972,100.00,,
1.812574171,87983237299,,instructions,6463956336,100.00,3.63,insn per cycle
1.812574171,24241268979,,cycles,6464388589,100.00,,
1.913612910,366163,,rD044,6465945225,100.00,,
1.913612910,564992222,,rFF44,6465165358,100.00,,
1.913612910,88292249065,,instructions,6465097812,100.00,3.64,insn per cycle
1.913612910,24244079272,,cycles,6465135793,100.00,,
2.014596457,371530,,rD044,6461662996,100.00,,
2.014596457,561090008,,rFF44,6461036130,100.00,,
2.014596457,87804677423,,instructions,6461102514,100.00,3.62,insn per cycle
2.014596457,24227699370,,cycles,6460880404,100.00,,
2.115559685,372051,,rD044,6462679568,100.00,,
2.115559685,564052584,,rFF44,6464143923,100.00,,
2.115559685,88176207570,,instructions,6464121052,100.00,3.64,insn per cycle
2.115559685,24239173240,,cycles,6463799872,100.00,,
2.216550603,362762,,rD044,6463349491,100.00,,
2.216550603,563315115,,rFF44,6463125897,100.00,,
2.216550603,88054602925,,instructions,6463231843,100.00,3.63,insn per cycle
2.216550603,24238679356,,cycles,6463672432,100.00,,
2.317558191,379134,,rD044,6464080621,100.00,,
2.317558191,561135418,,rFF44,6463815290,100.00,,
2.317558191,87744057559,,instructions,6463605055,100.00,3.62,insn per cycle
2.317558191,24236134669,,cycles,6463001846,100.00,,
2.418534459,372609,,rD044,6462737601,100.00,,
2.418534459,565447312,,rFF44,6462959993,100.00,,
2.418534459,88278770406,,instructions,6463058506,100.00,3.64,insn per cycle
2.418534459,24238788999,,cycles,6463707412,100.00,,
2.519536707,373325,,rD044,6463927211,100.00,,
2.519536707,557634117,,rFF44,6464509219,100.00,,
2.519536707,87325822629,,instructions,6464598105,100.00,3.60,insn per cycle
2.519536707,24241080826,,cycles,6464322556,100.00,,
2.620540455,372848,,rD044,6464260436,100.00,,
2.620540455,568748164,,rFF44,6463855849,100.00,,
2.620540455,88742096472,,instructions,6463377610,100.00,3.66,insn per cycle
2.620540455,24237559965,,cycles,6463374127,100.00,,
2.721536523,371588,,rD044,6463257290,100.00,,
2.721536523,567988519,,rFF44,6462420533,100.00,,
2.721536523,88661856235,,instructions,6462070312,100.00,3.66,insn per cycle
2.721536523,24233245085,,cycles,6462226842,100.00,,
2.822507281,373455,,rD044,6462536245,100.00,,
2.822507281,562355029,,rFF44,6463238361,100.00,,
2.822507281,87881945285,,instructions,6463724031,100.00,3.63,insn per cycle
2.822507281,24237191665,,cycles,6463298041,100.00,,
2.923495779,373294,,rD044,6463323414,100.00,,
2.923495779,560036076,,rFF44,6463423266,100.00,,
2.923495779,87622739681,,instructions,6463419117,100.00,3.61,insn per cycle
2.923495779,24240136642,,cycles,6464067080,100.00,,
3.024501387,372190,,rD044,6463250109,100.00,,
3.024501387,561951136,,rFF44,6463434682,100.00,,
3.024501387,87852519964,,instructions,6463592161,100.00,3.62,insn per cycle
3.024501387,24235698008,,cycles,6462885136,100.00,,
3.125487935,373524,,rD044,6463930154,100.00,,
3.125487935,566970937,,rFF44,6464533515,100.00,,
3.125487935,88566536294,,instructions,6464674775,100.00,3.65,insn per cycle
3.125487935,24243497399,,cycles,6464956716,100.00,,
3.226503743,369941,,rD044,6463753531,100.00,,
3.226503743,577866849,,rFF44,6462680033,100.00,,
3.226503743,89883931742,,instructions,6462117420,100.00,3.71,insn per cycle
3.226503743,24230809839,,cycles,6461884202,100.00,,
3.327477541,385506,,rD044,6462550375,100.00,,
3.327477541,561378323,,rFF44,6463406690,100.00,,
3.327477541,87792592477,,instructions,6464275467,100.00,3.62,insn per cycle
3.327477541,24241481068,,cycles,6464475730,100.00,,
3.428486139,372145,,rD044,6463786713,100.00,,
3.428486139,562995649,,rFF44,6462870292,100.00,,
3.428486139,88031171642,,instructions,6462692752,100.00,3.63,insn per cycle
3.428486139,24235009914,,cycles,6462711908,100.00,,
3.529469057,371037,,rD044,6463541781,100.00,,
3.529469057,568745685,,rFF44,6463940555,100.00,,
3.529469057,88743870654,,instructions,6463391259,100.00,3.66,insn per cycle
3.529469057,24237100807,,cycles,6463249298,100.00,,
3.630461305,385068,,rD044,6463468073,100.00,,
3.630461305,573325147,,rFF44,6463627613,100.00,,
3.630461305,89296192884,,instructions,6463571321,100.00,3.68,insn per cycle
3.630461305,24235599595,,cycles,6462873502,100.00,,
3.731425753,376423,,rD044,6459848203,100.00,,
3.731425753,562936888,,rFF44,6457370631,100.00,,
3.731425753,87876145425,,instructions,6456064691,100.00,3.63,insn per cycle
3.731425753,24205506932,,cycles,6454882131,100.00,,
3.832281459,370768,,rD044,6454602192,100.00,,
3.832281459,559994818,,rFF44,6455791302,100.00,,
3.832281459,87739105971,,instructions,6458611983,100.00,3.62,insn per cycle
3.832281459,24224931928,,cycles,6460001218,100.00,,
3.933232146,372061,,rD044,6460766265,100.00,,
3.933232146,559871976,,rFF44,6462288000,100.00,,
3.933232146,87647018124,,instructions,6462330276,100.00,3.62,insn per cycle
3.933232146,24234239224,,cycles,6462502905,100.00,,
4.034215094,380454,,rD044,6465700180,100.00,,
4.034215094,561118551,,rFF44,6465113731,100.00,,
4.034215094,87789785542,,instructions,6464073410,100.00,3.62,insn per cycle
4.034215094,24242791011,,cycles,6464774046,100.00,,
4.135231583,380712,,rD044,6462905599,100.00,,
4.135231583,564411568,,rFF44,6462479618,100.00,,
4.135231583,88196913530,,instructions,6462602221,100.00,3.64,insn per cycle
4.135231583,24233663679,,cycles,6462332852,100.00,,
4.236206190,363691,,rD044,6462419397,100.00,,
4.236206190,560111591,,rFF44,6462536299,100.00,,
4.236206190,87658282162,,instructions,6462530328,100.00,3.62,insn per cycle
4.236206190,24235576459,,cycles,6462850876,100.00,,
4.337195168,374439,,rD044,6463253221,100.00,,
4.337195168,563077293,,rFF44,6463641157,100.00,,
4.337195168,88003226063,,instructions,6463764079,100.00,3.63,insn per cycle
4.337195168,24239059873,,cycles,6463779889,100.00,,
4.381307377,281535,,rD044,2564512847,100.00,,
4.381307377,132067606,,rFF44,2550161605,100.00,,
4.381307377,23277353679,,instructions,2537515046,100.00,2.46,insn per cycle
4.381307377,9467668662,,cycles,2524944482,100.00,,
