0.100116505,3757684,,rD044,111270209,100.00,,
0.100116505,25695001,,rFF44,239316195,100.00,,
0.100116505,2787049469,,instructions,367151692,100.00,1.82,insn per cycle
0.100116505,1535330234,,cycles,412611167,100.00,,
0.203066129,687445,,rD044,13180026629,100.00,,
0.203066129,1135185101,,rFF44,13103702039,100.00,,
0.203066129,178485234841,,instructions,13024357636,100.00,3.65,insn per cycle
0.203066129,48848642240,,cycles,13026382461,100.00,,
0.304806641,143560,,rD044,13022538871,100.00,,
0.304806641,1132054636,,rFF44,13023727311,100.00,,
0.304806641,178881765083,,instructions,13024142347,100.00,3.66,insn per cycle
0.304806641,48838281590,,cycles,13023605715,100.00,,
0.333133647,107299,,rD044,2877477740,100.00,,
0.333133647,176651092,,rFF44,2824567904,100.00,,
0.333133647,29320565080,,instructions,2775661774,100.00,2.87,insn per cycle
0.333133647,10230932809,,cycles,2728714106,100.00,,
