0.100120519,4103519,,rD044,199399066,100.00,,
0.100120519,27663911,,rFF44,199722026,100.00,,
0.100120519,1922246906,,instructions,199929866,100.00,2.58,insn per cycle
0.100120519,745830721,,cycles,200121946,100.00,,
0.200477700,2351582,,rD044,803127588,100.00,,
0.200477700,68784421,,rFF44,803427408,100.00,,
0.200477700,10789941093,,instructions,803478038,100.00,3.58,insn per cycle
0.200477700,3013271191,,cycles,803548425,100.00,,
0.300883382,2044952,,rD044,802792858,100.00,,
0.300883382,68860871,,rFF44,802427968,100.00,,
0.300883382,10799139495,,instructions,802367408,100.00,3.59,insn per cycle
0.300883382,3008585007,,cycles,802307041,100.00,,
0.401175002,2158300,,rD044,802452238,100.00,,
0.401175002,69053242,,rFF44,802645568,100.00,,
0.401175002,10820910813,,instructions,802675378,100.00,3.60,insn per cycle
0.401175002,3009982789,,cycles,802679983,100.00,,
0.501510443,2123205,,rD044,802514508,100.00,,
0.501510443,68910030,,rFF44,802309878,100.00,,
0.501510443,10805039580,,instructions,802278158,100.00,3.59,insn per cycle
0.501510443,3008483859,,cycles,802274453,100.00,,
0.601794283,2075373,,rD044,802302558,100.00,,
0.601794283,68450296,,rFF44,802319208,100.00,,
0.601794283,10743167291,,instructions,802333908,100.00,3.57,insn per cycle
0.601794283,3008642922,,cycles,802332348,100.00,,
0.702096294,2238836,,rD044,802380218,100.00,,
0.702096294,69179850,,rFF44,802414098,100.00,,
0.702096294,10835948319,,instructions,802419558,100.00,3.60,insn per cycle
0.702096294,3009183347,,cycles,802475558,100.00,,
0.802415895,2110987,,rD044,802646358,100.00,,
0.802415895,68975964,,rFF44,802708678,100.00,,
0.802415895,10807897534,,instructions,802713978,100.00,3.59,insn per cycle
0.802415895,3010008973,,cycles,802689898,100.00,,
0.902750846,2223610,,rD044,802489748,100.00,,
0.902750846,68746086,,rFF44,802469778,100.00,,
0.902750846,10778181259,,instructions,802506638,100.00,3.58,insn per cycle
0.902750846,3009281574,,cycles,802489938,100.00,,
1.003059886,1937140,,rD044,802388598,100.00,,
1.003059886,68135956,,rFF44,802284168,100.00,,
1.003059886,10703070105,,instructions,802225228,100.00,3.56,insn per cycle
1.003059886,3008197456,,cycles,802203048,100.00,,
1.103336597,1982484,,rD044,802024398,100.00,,
1.103336597,68501798,,rFF44,802027218,100.00,,
1.103336597,10742343733,,instructions,802025048,100.00,3.57,insn per cycle
1.103336597,3007455229,,cycles,802025028,100.00,,
1.203621207,2030673,,rD044,802121507,100.00,,
1.203621207,68681376,,rFF44,802124477,100.00,,
1.203621207,10774204917,,instructions,802123427,100.00,3.58,insn per cycle
1.203621207,3007744738,,cycles,802132607,100.00,,
1.303903437,1985391,,rD044,802208988,100.00,,
1.303903437,68575590,,rFF44,802187568,100.00,,
1.303903437,10754394610,,instructions,802192788,100.00,3.58,insn per cycle
1.303903437,3008159639,,cycles,802189898,100.00,,
1.404178538,1960465,,rD044,802233770,100.00,,
1.404178538,67983920,,rFF44,802293347,100.00,,
1.404178538,10689091525,,instructions,802305297,100.00,3.55,insn per cycle
1.404178538,3008606834,,cycles,802309537,100.00,,
1.504472138,2352164,,rD044,802379897,100.00,,
1.504472138,70064541,,rFF44,802494357,100.00,,
1.504472138,10958921602,,instructions,802487658,100.00,3.64,insn per cycle
1.504472138,3009265524,,cycles,802488378,100.00,,
1.604787669,2004991,,rD044,802527188,100.00,,
1.604787669,69450231,,rFF44,802387086,100.00,,
1.604787669,10872402594,,instructions,802393808,100.00,3.61,insn per cycle
1.604787669,3008864338,,cycles,802390778,100.00,,
1.705095610,1879581,,rD044,802280648,100.00,,
1.705095610,68737123,,rFF44,802255393,100.00,,
1.705095610,10784064235,,instructions,802251803,100.00,3.58,insn per cycle
1.705095610,3008396459,,cycles,802258188,100.00,,
1.805377440,1929999,,rD044,802240218,100.00,,
1.805377440,69316265,,rFF44,802270908,100.00,,
1.805377440,10858306339,,instructions,802256355,100.00,3.61,insn per cycle
1.805377440,3008348401,,cycles,802244240,100.00,,
1.905660810,2079279,,rD044,802333678,100.00,,
1.905660810,69032401,,rFF44,802460668,100.00,,
1.905660810,10821943784,,instructions,802495038,100.00,3.60,insn per cycle
1.905660810,3009323420,,cycles,802504138,100.00,,
2.005999791,2013265,,rD044,802501888,100.00,,
2.005999791,68953457,,rFF44,802348528,100.00,,
2.005999791,10813334726,,instructions,802331038,100.00,3.59,insn per cycle
2.005999791,3008542504,,cycles,802327668,100.00,,
2.106282522,2111998,,rD044,802354088,100.00,,
2.106282522,68744672,,rFF44,802390138,100.00,,
2.106282522,10784014317,,instructions,802368398,100.00,3.58,insn per cycle
2.106282522,3008831635,,cycles,802365298,100.00,,
2.206577772,1979872,,rD044,802335148,100.00,,
2.206577772,68808767,,rFF44,802493988,100.00,,
2.206577772,10789684465,,instructions,802527988,100.00,3.59,insn per cycle
2.206577772,3009494115,,cycles,802543648,100.00,,
2.306899893,1941039,,rD044,802584558,100.00,,
2.306899893,69037674,,rFF44,802495598,100.00,,
2.306899893,10817716820,,instructions,802496438,100.00,3.59,insn per cycle
2.306899893,3009301156,,cycles,802495378,100.00,,
2.407213084,1822013,,rD044,802466758,100.00,,
2.407213084,68406826,,rFF44,802408978,100.00,,
2.407213084,10735602977,,instructions,802389148,100.00,3.57,insn per cycle
2.407213084,3008834747,,cycles,802374838,100.00,,
2.507512904,2017079,,rD044,802280718,100.00,,
2.507512904,68759221,,rFF44,802243078,100.00,,
2.507512904,10779374752,,instructions,802237528,100.00,3.58,insn per cycle
2.507512904,3008320098,,cycles,802233598,100.00,,
2.607794085,2170051,,rD044,802366538,100.00,,
2.607794085,69462431,,rFF44,802410048,100.00,,
2.607794085,10875782818,,instructions,802420978,100.00,3.61,insn per cycle
2.607794085,3009047777,,cycles,802441868,100.00,,
2.708112005,2051339,,rD044,802481808,100.00,,
2.708112005,68573804,,rFF44,802464878,100.00,,
2.708112005,10761074932,,instructions,802466438,100.00,3.58,insn per cycle
2.708112005,3009077682,,cycles,802439658,100.00,,
2.808419366,2019220,,rD044,802380337,100.00,,
2.808419366,69322362,,rFF44,802392647,100.00,,
2.808419366,10852432687,,instructions,802384707,100.00,3.61,insn per cycle
2.808419366,3008907397,,cycles,802392707,100.00,,
2.908721227,2030282,,rD044,802580868,100.00,,
2.908721227,68838684,,rFF44,802782638,100.00,,
2.908721227,10792667422,,instructions,802806788,100.00,3.59,insn per cycle
2.908721227,3010472385,,cycles,802810618,100.00,,
3.009073338,2074526,,rD044,802770618,100.00,,
3.009073338,69069890,,rFF44,802743118,100.00,,
3.009073338,10826471348,,instructions,802725638,100.00,3.60,insn per cycle
3.009073338,3010109236,,cycles,802737018,100.00,,
3.109428939,1918070,,rD044,802610818,100.00,,
3.109428939,67999042,,rFF44,802456068,100.00,,
3.109428939,10688009286,,instructions,802438288,100.00,3.55,insn per cycle
3.109428939,3008993996,,cycles,802415438,100.00,,
3.209726170,2095678,,rD044,802368818,100.00,,
3.209726170,68489221,,rFF44,802329578,100.00,,
3.209726170,10747723774,,instructions,802437538,100.00,3.57,insn per cycle
3.209726170,3009123322,,cycles,802449808,100.00,,
3.310037980,1897531,,rD044,802516697,100.00,,
3.310037980,68527581,,rFF44,802631247,100.00,,
3.310037980,10751822396,,instructions,802583187,100.00,3.57,insn per cycle
3.310037980,3009669033,,cycles,802596117,100.00,,
3.410365451,2063069,,rD044,802517088,100.00,,
3.410365451,68558290,,rFF44,802416508,100.00,,
3.410365451,10757593885,,instructions,802369578,100.00,3.58,insn per cycle
3.410365451,3008751455,,cycles,802349968,100.00,,
3.510660032,1898672,,rD044,802337258,100.00,,
3.510660032,67977732,,rFF44,802309588,100.00,,
3.510660032,10685333295,,instructions,802311788,100.00,3.55,insn per cycle
3.510660032,3008614516,,cycles,802312418,100.00,,
3.610960242,2115704,,rD044,802231928,100.00,,
3.610960242,68731388,,rFF44,802216228,100.00,,
3.610960242,10778685911,,instructions,802203728,100.00,3.58,insn per cycle
3.610960242,3008101901,,cycles,802199308,100.00,,
3.656281184,703417,,rD044,342080381,100.00,,
3.656281184,25124662,,rFF44,341847691,100.00,,
3.656281184,4056831165,,instructions,341651771,100.00,3.17,insn per cycle
3.656281184,1280376010,,cycles,341459561,100.00,,
