0.100127835,4660824,,rD044,999455245,100.00,,
0.100127835,97692498,,rFF44,1015307126,100.00,,
0.100127835,12936111350,,instructions,1027793302,100.00,3.32,insn per cycle
0.100127835,3895224580,,cycles,1040978335,100.00,,
0.201248480,306979,,rD044,6470067943,100.00,,
0.201248480,573820202,,rFF44,6468038932,100.00,,
0.201248480,90328596157,,instructions,6467704465,100.00,3.72,insn per cycle
0.201248480,24251060166,,cycles,6466976613,100.00,,
0.302243873,271684,,rD044,6463716860,100.00,,
0.302243873,570807647,,rFF44,6463922592,100.00,,
0.302243873,89837681984,,instructions,6463484963,100.00,3.71,insn per cycle
0.302243873,24238520043,,cycles,6463627795,100.00,,
0.403245077,269573,,rD044,6463590752,100.00,,
0.403245077,574986426,,rFF44,6463122401,100.00,,
0.403245077,90364597005,,instructions,6463426770,100.00,3.73,insn per cycle
0.403245077,24237115918,,cycles,6463256322,100.00,,
0.504230070,242512,,rD044,6462762969,100.00,,
0.504230070,573735090,,rFF44,6463011972,100.00,,
0.504230070,90178082806,,instructions,6462812084,100.00,3.72,insn per cycle
0.504230070,24234118501,,cycles,6462620653,100.00,,
0.527403362,79572,,rD044,1247422587,100.00,,
0.527403362,73264927,,rFF44,1233613333,100.00,,
0.527403362,12459301022,,instructions,1221794772,100.00,2.75,insn per cycle
0.527403362,4535637609,,cycles,1209556638,100.00,,
