0.100108573,5141,,rD044,96005602,100.00,,
0.100108573,50182975,,rFF44,96009012,100.00,,
0.100108573,766912299,,instructions,96011192,100.00,2.13,insn per cycle
0.100108573,359908095,,cycles,96013532,100.00,,
0.200329637,5271,,rD044,100203995,100.00,,
0.200329637,80891403,,rFF44,100205405,100.00,,
0.200329637,1374588311,,instructions,100205645,100.00,3.66,insn per cycle
0.200329637,375708781,,cycles,100205605,100.00,,
0.300517591,4992,,rD044,100172706,100.00,,
0.300517591,80871913,,rFF44,100173326,100.00,,
0.300517591,1374198882,,instructions,100173166,100.00,3.66,insn per cycle
0.300517591,375593963,,cycles,100173366,100.00,,
0.400694465,4729,,rD044,100160155,100.00,,
0.400694465,80911058,,rFF44,100159115,100.00,,
0.400694465,1374887103,,instructions,100159005,100.00,3.66,insn per cycle
0.400694465,375540725,,cycles,100158775,100.00,,
0.500877618,4446,,rD044,100168076,100.00,,
0.500877618,80904031,,rFF44,100168726,100.00,,
0.500877618,1374735771,,instructions,100168926,100.00,3.66,insn per cycle
0.500877618,375552322,,cycles,100169106,100.00,,
0.601075522,4789,,rD044,100186505,100.00,,
0.601075522,80930983,,rFF44,100186455,100.00,,
0.601075522,1375219041,,instructions,100186515,100.00,3.66,insn per cycle
0.601075522,375669168,,cycles,100186185,100.00,,
0.701264956,4827,,rD044,100176276,100.00,,
0.701264956,80972621,,rFF44,100176426,100.00,,
0.701264956,1375898903,,instructions,100176096,100.00,3.66,insn per cycle
0.701264956,375604112,,cycles,100176476,100.00,,
0.801453930,4872,,rD044,100177015,100.00,,
0.801453930,80940662,,rFF44,100176865,100.00,,
0.801453930,1375376208,,instructions,100177375,100.00,3.66,insn per cycle
0.801453930,375608234,,cycles,100177295,100.00,,
0.901636974,5010,,rD044,100169326,100.00,,
0.901636974,80862970,,rFF44,100169476,100.00,,
0.901636974,1374044190,,instructions,100169086,100.00,3.66,insn per cycle
0.901636974,375578634,,cycles,100169186,100.00,,
1.001827588,4884,,rD044,100177516,100.00,,
1.001827588,80959125,,rFF44,100177516,100.00,,
1.001827588,1375672381,,instructions,100177666,100.00,3.66,insn per cycle
1.001827588,375607033,,cycles,100177156,100.00,,
1.102029462,5208,,rD044,100188325,100.00,,
1.102029462,80892286,,rFF44,100188195,100.00,,
1.102029462,1374524821,,instructions,100187835,100.00,3.66,insn per cycle
1.102029462,375644866,,cycles,100188055,100.00,,
1.202214375,4790,,rD044,100170796,100.00,,
1.202214375,80966078,,rFF44,100170926,100.00,,
1.202214375,1375784205,,instructions,100171156,100.00,3.66,insn per cycle
1.202214375,375583586,,cycles,100171396,100.00,,
1.302393259,4734,,rD044,100163355,100.00,,
1.302393259,80914854,,rFF44,100163105,100.00,,
1.302393259,1374942646,,instructions,100163115,100.00,3.66,insn per cycle
1.302393259,375553618,,cycles,100162905,100.00,,
1.402574263,4761,,rD044,100150276,100.00,,
1.402574263,80832182,,rFF44,100150236,100.00,,
1.402574263,1373499274,,instructions,100150106,100.00,3.66,insn per cycle
1.402574263,375475894,,cycles,100149946,100.00,,
1.502762357,4048,,rD044,100173215,100.00,,
1.502762357,81030984,,rFF44,100173395,100.00,,
1.502762357,1376862171,,instructions,100173375,100.00,3.67,insn per cycle
1.502762357,375599846,,cycles,100173545,100.00,,
1.602940911,4931,,rD044,100162886,100.00,,
1.602940911,80868904,,rFF44,100161806,100.00,,
1.602940911,1374164150,,instructions,100161906,100.00,3.66,insn per cycle
1.602940911,375547090,,cycles,100161466,100.00,,
1.703125344,4927,,rD044,100185125,100.00,,
1.703125344,80951169,,rFF44,100185905,100.00,,
1.703125344,1375543054,,instructions,100186155,100.00,3.66,insn per cycle
1.703125344,375670048,,cycles,100186485,100.00,,
1.803312418,4846,,rD044,100173626,100.00,,
1.803312418,80883715,,rFF44,100173886,100.00,,
1.803312418,1374404163,,instructions,100173636,100.00,3.66,insn per cycle
1.803312418,375592454,,cycles,100173746,100.00,,
1.903496212,4877,,rD044,100172065,100.00,,
1.903496212,80975453,,rFF44,100172095,100.00,,
1.903496212,1375970020,,instructions,100172265,100.00,3.66,insn per cycle
1.903496212,375588599,,cycles,100172535,100.00,,
2.003682376,4777,,rD044,100174245,100.00,,
2.003682376,80906475,,rFF44,100174285,100.00,,
2.003682376,1374797008,,instructions,100174275,100.00,3.66,insn per cycle
2.003682376,375594075,,cycles,100174285,100.00,,
2.103871260,5383,,rD044,100177025,100.00,,
2.103871260,80665307,,rFF44,100206925,100.00,,
2.103871260,1370846664,,instructions,100207005,100.00,3.65,insn per cycle
2.103871260,375715905,,cycles,100206795,100.00,,
2.204075744,4866,,rD044,100190786,100.00,,
2.204075744,80948880,,rFF44,100160436,100.00,,
2.204075744,1375502566,,instructions,100160116,100.00,3.66,insn per cycle
2.204075744,375541505,,cycles,100160276,100.00,,
2.304259467,4859,,rD044,100172354,100.00,,
2.304259467,80877729,,rFF44,100172684,100.00,,
2.304259467,1374320614,,instructions,100172604,100.00,3.66,insn per cycle
2.304259467,375588048,,cycles,100172565,100.00,,
2.404444951,4808,,rD044,100148866,100.00,,
2.404444951,80865452,,rFF44,100149136,100.00,,
2.404444951,1374109036,,instructions,100149546,100.00,3.66,insn per cycle
2.404444951,375469554,,cycles,100149405,100.00,,
2.504634985,4788,,rD044,100176356,100.00,,
2.504634985,80979534,,rFF44,100176066,100.00,,
2.504634985,1375990636,,instructions,100176156,100.00,3.66,insn per cycle
2.504634985,375603110,,cycles,100176326,100.00,,
2.604825139,5084,,rD044,100175415,100.00,,
2.604825139,80678805,,rFF44,100175645,100.00,,
2.604825139,1370971751,,instructions,100175235,100.00,3.65,insn per cycle
2.604825139,375596003,,cycles,100175165,100.00,,
2.705021473,4855,,rD044,100174496,100.00,,
2.705021473,80878376,,rFF44,100174356,100.00,,
2.705021473,1374292603,,instructions,100174366,100.00,3.66,insn per cycle
2.705021473,375570615,,cycles,100174126,100.00,,
2.805204377,4891,,rD044,100182435,100.00,,
2.805204377,80936025,,rFF44,100182395,100.00,,
2.805204377,1375281034,,instructions,100182605,100.00,3.66,insn per cycle
2.805204377,375656162,,cycles,100182725,100.00,,
2.905387061,4818,,rD044,100169376,100.00,,
2.905387061,80882179,,rFF44,100169096,100.00,,
2.905387061,1374393552,,instructions,100169266,100.00,3.66,insn per cycle
2.905387061,375576755,,cycles,100169106,100.00,,
3.005573924,5228,,rD044,100162945,100.00,,
3.005573924,80912680,,rFF44,100163085,100.00,,
3.005573924,1374903223,,instructions,100162815,100.00,3.66,insn per cycle
3.005573924,375522592,,cycles,100162965,100.00,,
3.087812551,4669,,rD044,76114470,100.00,,
3.087812551,59871745,,rFF44,76109630,100.00,,
3.087812551,1020668414,,instructions,76107400,100.00,3.58,insn per cycle
3.087812551,285244311,,cycles,76105110,100.00,,
