0.100121138,3937801,,rD044,198853855,100.00,,
0.100121138,27478288,,rFF44,199603799,100.00,,
0.100121138,1894868261,,instructions,200081439,100.00,2.54,insn per cycle
0.100121138,747067603,,cycles,200475229,100.00,,
0.200630830,1906495,,rD044,803634662,100.00,,
0.200630830,66785283,,rFF44,803129658,100.00,,
0.200630830,10521710549,,instructions,802849058,100.00,3.50,insn per cycle
0.200630830,3009830114,,cycles,802653338,100.00,,
0.300922159,1947490,,rD044,802403718,100.00,,
0.300922159,69345074,,rFF44,802496068,100.00,,
0.300922159,10864961182,,instructions,802511828,100.00,3.61,insn per cycle
0.300922159,3009346003,,cycles,802507108,100.00,,
0.401228019,1951004,,rD044,802402948,100.00,,
0.401228019,69792021,,rFF44,802375808,100.00,,
0.401228019,10923499511,,instructions,802452598,100.00,3.63,insn per cycle
0.401228019,3009167205,,cycles,802463118,100.00,,
0.501539649,1896460,,rD044,802373967,100.00,,
0.501539649,68940732,,rFF44,802295247,100.00,,
0.501539649,10805016782,,instructions,802199347,100.00,3.59,insn per cycle
0.501539649,3008137361,,cycles,802187207,100.00,,
0.601823188,1849019,,rD044,802325458,100.00,,
0.601823188,68313325,,rFF44,802362898,100.00,,
0.601823188,10725780150,,instructions,802362478,100.00,3.56,insn per cycle
0.601823188,3008790418,,cycles,802363908,100.00,,
0.702124148,2015092,,rD044,802379548,100.00,,
0.702124148,68388308,,rFF44,802371238,100.00,,
0.702124148,10728918266,,instructions,802377678,100.00,3.57,insn per cycle
0.702124148,3008878997,,cycles,802384548,100.00,,
0.802433208,2051803,,rD044,802511588,100.00,,
0.802433208,68858371,,rFF44,802656888,100.00,,
0.802433208,10792795488,,instructions,802735868,100.00,3.59,insn per cycle
0.802433208,3010296311,,cycles,802764758,100.00,,
0.902775268,1963912,,rD044,802869288,100.00,,
0.902775268,68408190,,rFF44,802950188,100.00,,
0.902775268,10732056826,,instructions,802942388,100.00,3.56,insn per cycle
0.902775268,3011014203,,cycles,802952388,100.00,,
1.003154358,1858732,,rD044,802727938,100.00,,
1.003154358,68327354,,rFF44,802495628,100.00,,
1.003154358,10729046022,,instructions,802418138,100.00,3.57,insn per cycle
1.003154358,3008822170,,cycles,802363548,100.00,,
1.103448438,1885272,,rD044,802407968,100.00,,
1.103448438,69456687,,rFF44,802461428,100.00,,
1.103448438,10873870601,,instructions,802498078,100.00,3.61,insn per cycle
1.103448438,3009324603,,cycles,802505348,100.00,,
1.203754578,1931536,,rD044,802363677,100.00,,
1.203754578,69570884,,rFF44,802295997,100.00,,
1.203754578,10884093659,,instructions,802259537,100.00,3.62,insn per cycle
1.203754578,3008399081,,cycles,802258277,100.00,,
1.304037777,1916412,,rD044,802201368,100.00,,
1.304037777,68950236,,rFF44,802185218,100.00,,
1.304037777,10806886008,,instructions,802193358,100.00,3.59,insn per cycle
1.304037777,3008143959,,cycles,802191308,100.00,,
1.404320196,2019837,,rD044,802232357,100.00,,
1.404320196,67938444,,rFF44,802224428,100.00,,
1.404320196,10675461143,,instructions,802210408,100.00,3.55,insn per cycle
1.404320196,3008198069,,cycles,802205228,100.00,,
1.504593456,1990887,,rD044,802210131,100.00,,
1.504593456,68980716,,rFF44,802304217,100.00,,
1.504593456,10809349403,,instructions,802349058,100.00,3.59,insn per cycle
1.504593456,3008805508,,cycles,802365808,100.00,,
1.604895555,1961409,,rD044,802367838,100.00,,
1.604895555,68452249,,rFF44,802292451,100.00,,
1.604895555,10738356856,,instructions,802254976,100.00,3.57,insn per cycle
1.604895555,3008400992,,cycles,802259058,100.00,,
1.705179005,2071281,,rD044,802238388,100.00,,
1.705179005,68199276,,rFF44,802228038,100.00,,
1.705179005,10706726504,,instructions,802225562,100.00,3.56,insn per cycle
1.705179005,3008255582,,cycles,802214861,100.00,,
1.805466694,1874430,,rD044,802303648,100.00,,
1.805466694,68503708,,rFF44,802342458,100.00,,
1.805466694,10745466858,,instructions,802338448,100.00,3.57,insn per cycle
1.805466694,3008661081,,cycles,802327497,100.00,,
1.905747884,1913528,,rD044,802211218,100.00,,
1.905747884,69714969,,rFF44,802175648,100.00,,
1.905747884,10913845465,,instructions,802182178,100.00,3.63,insn per cycle
1.905747884,3008167549,,cycles,802195338,100.00,,
2.006028213,2047134,,rD044,802247068,100.00,,
2.006028213,69270311,,rFF44,802265068,100.00,,
2.006028213,10849598539,,instructions,802253948,100.00,3.61,insn per cycle
2.006028213,3008345040,,cycles,802247398,100.00,,
2.106321253,1989632,,rD044,802329428,100.00,,
2.106321253,67641330,,rFF44,802327218,100.00,,
2.106321253,10641660768,,instructions,802334708,100.00,3.54,insn per cycle
2.106321253,3008785753,,cycles,802351458,100.00,,
2.206609132,1784727,,rD044,802316538,100.00,,
2.206609132,68698111,,rFF44,802333278,100.00,,
2.206609132,10773958969,,instructions,802336548,100.00,3.58,insn per cycle
2.206609132,3008646600,,cycles,802326538,100.00,,
2.306899952,1860363,,rD044,802243227,100.00,,
2.306899952,69591997,,rFF44,802226718,100.00,,
2.306899952,10890791439,,instructions,802234248,100.00,3.62,insn per cycle
2.306899952,3008289668,,cycles,802226528,100.00,,
2.407180701,1971550,,rD044,802226751,100.00,,
2.407180701,68737107,,rFF44,802215506,100.00,,
2.407180701,10774219616,,instructions,802196958,100.00,3.58,insn per cycle
2.407180701,3008153587,,cycles,802194788,100.00,,
2.507465601,2041868,,rD044,802253768,100.00,,
2.507465601,67594372,,rFF44,802265622,100.00,,
2.507465601,10635472540,,instructions,802286163,100.00,3.54,insn per cycle
2.507465601,3008526598,,cycles,802293798,100.00,,
2.607743110,2020391,,rD044,802337778,100.00,,
2.607743110,69412323,,rFF44,802379588,100.00,,
2.607743110,10865346976,,instructions,802407885,100.00,3.61,insn per cycle
2.607743110,3009089530,,cycles,802441117,100.00,,
2.708056980,2155317,,rD044,802609158,100.00,,
2.708056980,69246541,,rFF44,802680588,100.00,,
2.708056980,10839201042,,instructions,802646841,100.00,3.60,insn per cycle
2.708056980,3009772665,,cycles,802623669,100.00,,
2.808386700,1952881,,rD044,802330288,100.00,,
2.808386700,68548048,,rFF44,802196028,100.00,,
2.808386700,10758723117,,instructions,802189565,100.00,3.58,insn per cycle
2.808386700,3008078217,,cycles,802173390,100.00,,
2.908661749,1967922,,rD044,802400478,100.00,,
2.908661749,68840655,,rFF44,802521668,100.00,,
2.908661749,10785577823,,instructions,802534148,100.00,3.58,insn per cycle
2.908661749,3009591927,,cycles,802577999,100.00,,
3.008988589,2010767,,rD044,802384548,100.00,,
3.008988589,68813098,,rFF44,802289298,100.00,,
3.008988589,10787451972,,instructions,802283468,100.00,3.59,insn per cycle
3.008988589,3008344695,,cycles,802241667,100.00,,
3.109268789,1797878,,rD044,802401348,100.00,,
3.109268789,69336848,,rFF44,802626948,100.00,,
3.109268789,10855361874,,instructions,802656238,100.00,3.61,insn per cycle
3.109268789,3009974288,,cycles,802668758,100.00,,
3.209602019,1684588,,rD044,802468628,100.00,,
3.209602019,68041137,,rFF44,802218208,100.00,,
3.209602019,10691575483,,instructions,802174778,100.00,3.55,insn per cycle
3.209602019,3008023367,,cycles,802157358,100.00,,
3.309876898,1974615,,rD044,802184808,100.00,,
3.309876898,69257908,,rFF44,802179178,100.00,,
3.309876898,10846457420,,instructions,802186508,100.00,3.61,insn per cycle
3.309876898,3008198004,,cycles,802198148,100.00,,
3.410150167,1914361,,rD044,802199328,100.00,,
3.410150167,69010721,,rFF44,802229888,100.00,,
3.410150167,10814990340,,instructions,802223158,100.00,3.60,insn per cycle
3.410150167,3008270402,,cycles,802208448,100.00,,
3.510438137,1952205,,rD044,802281338,100.00,,
3.510438137,68700542,,rFF44,802262918,100.00,,
3.510438137,10771516781,,instructions,802274248,100.00,3.58,insn per cycle
3.510438137,3008519774,,cycles,802279668,100.00,,
3.610718556,1934011,,rD044,802299202,100.00,,
3.610718556,68516903,,rFF44,802316028,100.00,,
3.610718556,10749725459,,instructions,802318168,100.00,3.57,insn per cycle
3.610718556,3008634855,,cycles,802321998,100.00,,
3.660002237,784224,,rD044,372065331,100.00,,
3.660002237,27490447,,rFF44,371817525,100.00,,
3.660002237,4430062125,,instructions,371618575,100.00,3.18,insn per cycle
3.660002237,1392743179,,cycles,371427975,100.00,,
