0.100118487,5523,,rD044,96281741,100.00,,
0.100118487,50243454,,rFF44,96285591,100.00,,
0.100118487,767773723,,instructions,96288041,100.00,2.13,insn per cycle
0.100118487,360954232,,cycles,96290231,100.00,,
0.200333475,3787,,rD044,100201646,100.00,,
0.200333475,80488437,,rFF44,100202856,100.00,,
0.200333475,1367386985,,instructions,100202866,100.00,3.64,insn per cycle
0.200333475,375702449,,cycles,100203026,100.00,,
0.300525173,4182,,rD044,100162465,100.00,,
0.300525173,80409964,,rFF44,100162095,100.00,,
0.300525173,1366027134,,instructions,100161705,100.00,3.64,insn per cycle
0.300525173,375525942,,cycles,100161445,100.00,,
0.400710930,4121,,rD044,100171026,100.00,,
0.400710930,80471723,,rFF44,100171406,100.00,,
0.400710930,1367076632,,instructions,100171326,100.00,3.64,insn per cycle
0.400710930,375587445,,cycles,100171616,100.00,,
0.500896138,4135,,rD044,100171885,100.00,,
0.500896138,80472414,,rFF44,100171865,100.00,,
0.500896138,1367112876,,instructions,100172095,100.00,3.64,insn per cycle
0.500896138,375583255,,cycles,100172105,100.00,,
0.601079306,4044,,rD044,100170146,100.00,,
0.601079306,80533315,,rFF44,100170116,100.00,,
0.601079306,1368140263,,instructions,100170166,100.00,3.64,insn per cycle
0.601079306,375573600,,cycles,100170166,100.00,,
0.701260023,3753,,rD044,100166435,100.00,,
0.701260023,80577104,,rFF44,100165805,100.00,,
0.701260023,1368847451,,instructions,100165825,100.00,3.64,insn per cycle
0.701260023,375564881,,cycles,100165555,100.00,,
0.801440241,4156,,rD044,100166546,100.00,,
0.801440241,80497486,,rFF44,100166946,100.00,,
0.801440241,1367589893,,instructions,100175206,100.00,3.64,insn per cycle
0.801440241,375601007,,cycles,100175536,100.00,,
0.901628648,4075,,rD044,100173536,100.00,,
0.901628648,80517333,,rFF44,100173386,100.00,,
0.901628648,1367813160,,instructions,100164846,100.00,3.64,insn per cycle
0.901628648,375561384,,cycles,100164586,100.00,,
1.001814516,4236,,rD044,100185605,100.00,,
1.001814516,80467554,,rFF44,100185655,100.00,,
1.001814516,1367017902,,instructions,100185745,100.00,3.64,insn per cycle
1.001814516,375667193,,cycles,100185825,100.00,,
1.101989193,3842,,rD044,100146125,100.00,,
1.101989193,80476108,,rFF44,100145645,100.00,,
1.101989193,1367154566,,instructions,100145995,100.00,3.64,insn per cycle
1.101989193,375467804,,cycles,100146035,100.00,,
1.202172631,3960,,rD044,100173065,100.00,,
1.202172631,80432072,,rFF44,100173505,100.00,,
1.202172631,1366416930,,instructions,100173295,100.00,3.64,insn per cycle
1.202172631,375595860,,cycles,100173565,100.00,,
1.302358799,4095,,rD044,100170735,100.00,,
1.302358799,80429230,,rFF44,100171165,100.00,,
1.302358799,1366357156,,instructions,100171155,100.00,3.64,insn per cycle
1.302358799,375580060,,cycles,100170765,100.00,,
1.402547586,4110,,rD044,100176085,100.00,,
1.402547586,80513768,,rFF44,100175745,100.00,,
1.402547586,1367780990,,instructions,100175605,100.00,3.64,insn per cycle
1.402547586,375598865,,cycles,100175605,100.00,,
1.502729454,3820,,rD044,100169036,100.00,,
1.502729454,80483368,,rFF44,100169076,100.00,,
1.502729454,1367272951,,instructions,100169226,100.00,3.64,insn per cycle
1.502729454,375581540,,cycles,100169036,100.00,,
1.602910461,4141,,rD044,100164255,100.00,,
1.602910461,80454429,,rFF44,100164295,100.00,,
1.602910461,1366786810,,instructions,100164315,100.00,3.64,insn per cycle
1.602910461,375558732,,cycles,100164855,100.00,,
1.703083279,4123,,rD044,100159366,100.00,,
1.703083279,80405733,,rFF44,100158426,100.00,,
1.703083279,1365977253,,instructions,100158406,100.00,3.64,insn per cycle
1.703083279,375527338,,cycles,100158236,100.00,,
1.803255536,4134,,rD044,100160065,100.00,,
1.803255536,80410475,,rFF44,100160805,100.00,,
1.803255536,1366020247,,instructions,100160855,100.00,3.64,insn per cycle
1.803255536,375542904,,cycles,100160605,100.00,,
1.903440524,3695,,rD044,100185156,100.00,,
1.903440524,80523460,,rFF44,100185416,100.00,,
1.903440524,1367973558,,instructions,100213096,100.00,3.64,insn per cycle
1.903440524,375760672,,cycles,100213106,100.00,,
2.003655102,4016,,rD044,100203345,100.00,,
2.003655102,80501977,,rFF44,100203455,100.00,,
2.003655102,1367502504,,instructions,100175555,100.00,3.64,insn per cycle
2.003655102,375604189,,cycles,100175905,100.00,,
2.103840409,4435,,rD044,100158876,100.00,,
2.103840409,80148302,,rFF44,100158846,100.00,,
2.103840409,1361735315,,instructions,100159076,100.00,3.63,insn per cycle
2.103840409,375512614,,cycles,100158716,100.00,,
2.204024707,3970,,rD044,100171075,100.00,,
2.204024707,80509663,,rFF44,100170745,100.00,,
2.204024707,1367697006,,instructions,100170535,100.00,3.64,insn per cycle
2.204024707,375573474,,cycles,100170635,100.00,,
2.304210974,3988,,rD044,100160896,100.00,,
2.304210974,80285416,,rFF44,100160716,100.00,,
2.304210974,1363925231,,instructions,100160816,100.00,3.63,insn per cycle
2.304210974,375512361,,cycles,100160836,100.00,,
2.404390652,3604,,rD044,100165905,100.00,,
2.404390652,80402034,,rFF44,100165955,100.00,,
2.404390652,1365852938,,instructions,100166045,100.00,3.64,insn per cycle
2.404390652,375571463,,cycles,100165905,100.00,,
2.504578800,3752,,rD044,100175906,100.00,,
2.504578800,80432023,,rFF44,100175906,100.00,,
2.504578800,1366405635,,instructions,100175856,100.00,3.64,insn per cycle
2.504578800,375606475,,cycles,100175886,100.00,,
2.604753187,4303,,rD044,100159525,100.00,,
2.604753187,80074526,,rFF44,100158855,100.00,,
2.604753187,1360406980,,instructions,100158715,100.00,3.62,insn per cycle
2.604753187,375535658,,cycles,100158705,100.00,,
2.704935975,3794,,rD044,100182556,100.00,,
2.704935975,80460873,,rFF44,100183526,100.00,,
2.704935975,1366871263,,instructions,100183636,100.00,3.64,insn per cycle
2.704935975,375662498,,cycles,100183516,100.00,,
2.805122572,3775,,rD044,100174405,100.00,,
2.805122572,80389168,,rFF44,100174375,100.00,,
2.805122572,1365663535,,instructions,100174315,100.00,3.64,insn per cycle
2.805122572,375602657,,cycles,100174686,100.00,,
2.905308060,4218,,rD044,100173376,100.00,,
2.905308060,80426606,,rFF44,100173416,100.00,,
2.905308060,1366335897,,instructions,100173786,100.00,3.64,insn per cycle
2.905308060,375592953,,cycles,100173525,100.00,,
3.005492297,4304,,rD044,100171086,100.00,,
3.005492297,80393468,,rFF44,100171146,100.00,,
3.005492297,1365757555,,instructions,100170766,100.00,3.64,insn per cycle
3.005492297,375582586,,cycles,100170886,100.00,,
3.105660845,5070,,rD044,93937413,100.00,,
3.105660845,73787151,,rFF44,93932543,100.00,,
3.105660845,1256866836,,instructions,93930413,100.00,3.57,insn per cycle
3.105660845,352064766,,cycles,93928183,100.00,,
3.105890527,90,,rD044,16870,100.00,,
3.105890527,462,,rFF44,16870,100.00,,
3.105890527,12503,,instructions,16870,100.00,0.23,insn per cycle
3.105890527,55534,,cycles,16870,100.00,,
