0.100111840,6196,,rD044,95716381,100.00,,
0.100111840,49875111,,rFF44,95719751,100.00,,
0.100111840,761310383,,instructions,95722481,100.00,2.12,insn per cycle
0.100111840,358852933,,cycles,95725161,100.00,,
0.200331611,541,,rD044,100216045,100.00,,
0.200331611,80721432,,rFF44,100217035,100.00,,
0.200331611,1371132124,,instructions,100216585,100.00,3.65,insn per cycle
0.200331611,375808563,,cycles,100216035,100.00,,
0.300509892,471,,rD044,100177756,100.00,,
0.300509892,80767534,,rFF44,100177696,100.00,,
0.300509892,1371882892,,instructions,100177416,100.00,3.65,insn per cycle
0.300509892,375664382,,cycles,100177586,100.00,,
0.400684213,518,,rD044,100173345,100.00,,
0.400684213,80652139,,rFF44,100173545,100.00,,
0.400684213,1369927626,,instructions,100173535,100.00,3.65,insn per cycle
0.400684213,375648621,,cycles,100173325,100.00,,
0.500863563,414,,rD044,100163526,100.00,,
0.500863563,80706828,,rFF44,100163626,100.00,,
0.500863563,1370858649,,instructions,100164016,100.00,3.65,insn per cycle
0.500863563,375594080,,cycles,100164316,100.00,,
0.601038704,407,,rD044,100173625,100.00,,
0.601038704,80710604,,rFF44,100173035,100.00,,
0.601038704,1370924217,,instructions,100172855,100.00,3.65,insn per cycle
0.601038704,375647135,,cycles,100172885,100.00,,
0.701210865,582,,rD044,100171496,100.00,,
0.701210865,80664677,,rFF44,100171866,100.00,,
0.701210865,1370147355,,instructions,100171766,100.00,3.65,insn per cycle
0.701210865,375642075,,cycles,100171566,100.00,,
0.801396206,460,,rD044,100184725,100.00,,
0.801396206,80774518,,rFF44,100184585,100.00,,
0.801396206,1372002474,,instructions,100184315,100.00,3.65,insn per cycle
0.801396206,375689023,,cycles,100184135,100.00,,
0.901572087,547,,rD044,100175516,100.00,,
0.901572087,80748624,,rFF44,100175256,100.00,,
0.901572087,1371582206,,instructions,100175476,100.00,3.65,insn per cycle
0.901572087,375658702,,cycles,100175996,100.00,,
1.001754298,421,,rD044,100181175,100.00,,
1.001754298,80755353,,rFF44,100181515,100.00,,
1.001754298,1371628718,,instructions,100181415,100.00,3.65,insn per cycle
1.001754298,375677693,,cycles,100181085,100.00,,
1.101932779,413,,rD044,100177766,100.00,,
1.101932779,80763185,,rFF44,100177626,100.00,,
1.101932779,1371794985,,instructions,100177646,100.00,3.65,insn per cycle
1.101932779,375664314,,cycles,100177506,100.00,,
1.202111169,612,,rD044,100178535,100.00,,
1.202111169,80750799,,rFF44,100178645,100.00,,
1.202111169,1371599805,,instructions,100178825,100.00,3.65,insn per cycle
1.202111169,375670150,,cycles,100179095,100.00,,
1.302291130,516,,rD044,100178616,100.00,,
1.302291130,80809492,,rFF44,100178166,100.00,,
1.302291130,1372592383,,instructions,100177886,100.00,3.65,insn per cycle
1.302291130,375665762,,cycles,100177886,100.00,,
1.402468451,453,,rD044,100177095,100.00,,
1.402468451,80746893,,rFF44,100177285,100.00,,
1.402468451,1371547836,,instructions,100177435,100.00,3.65,insn per cycle
1.402468451,375664130,,cycles,100177325,100.00,,
1.502647382,433,,rD044,100178106,100.00,,
1.502647382,80704769,,rFF44,100178646,100.00,,
1.502647382,1370814693,,instructions,100178806,100.00,3.65,insn per cycle
1.502647382,375667737,,cycles,100178556,100.00,,
1.602835123,383,,rD044,100166975,100.00,,
1.602835123,80647846,,rFF44,100166695,100.00,,
1.602835123,1369851420,,instructions,100166595,100.00,3.65,insn per cycle
1.602835123,375591628,,cycles,100166555,100.00,,
1.703015794,507,,rD044,100181066,100.00,,
1.703015794,80727319,,rFF44,100181076,100.00,,
1.703015794,1371206851,,instructions,100181076,100.00,3.65,insn per cycle
1.703015794,375678078,,cycles,100181176,100.00,,
1.803194574,407,,rD044,100177805,100.00,,
1.803194574,80761851,,rFF44,100177685,100.00,,
1.803194574,1371791996,,instructions,100177996,100.00,3.65,insn per cycle
1.803194574,375666920,,cycles,100178186,100.00,,
1.903398776,512,,rD044,100203866,100.00,,
1.903398776,80699665,,rFF44,100204026,100.00,,
1.903398776,1370734554,,instructions,100204005,100.00,3.65,insn per cycle
1.903398776,375763696,,cycles,100204025,100.00,,
2.003579207,424,,rD044,100179226,100.00,,
2.003579207,80802197,,rFF44,100179466,100.00,,
2.003579207,1372473528,,instructions,100179296,100.00,3.65,insn per cycle
2.003579207,375671778,,cycles,100179476,100.00,,
2.103758767,462,,rD044,100179125,100.00,,
2.103758767,80475031,,rFF44,100178855,100.00,,
2.103758767,1367024341,,instructions,100178655,100.00,3.64,insn per cycle
2.103758767,375666672,,cycles,100178155,100.00,,
2.203937358,574,,rD044,100177686,100.00,,
2.203937358,80749646,,rFF44,100177816,100.00,,
2.203937358,1371588182,,instructions,100177856,100.00,3.65,insn per cycle
2.203937358,375665657,,cycles,100177866,100.00,,
2.304113279,466,,rD044,100175595,100.00,,
2.304113279,80775124,,rFF44,100175595,100.00,,
2.304113279,1372021563,,instructions,100175675,100.00,3.65,insn per cycle
2.304113279,375658786,,cycles,100176025,100.00,,
2.404291400,586,,rD044,100176946,100.00,,
2.404291400,80686632,,rFF44,100176436,100.00,,
2.404291400,1370512314,,instructions,100176486,100.00,3.65,insn per cycle
2.404291400,375661279,,cycles,100176576,100.00,,
2.504468951,355,,rD044,100176785,100.00,,
2.504468951,80735442,,rFF44,100176845,100.00,,
2.504468951,1371336948,,instructions,100176825,100.00,3.65,insn per cycle
2.504468951,375661907,,cycles,100176955,100.00,,
2.604648712,483,,rD044,100179856,100.00,,
2.604648712,80484197,,rFF44,100179786,100.00,,
2.604648712,1367151421,,instructions,100179596,100.00,3.64,insn per cycle
2.604648712,375670852,,cycles,100179146,100.00,,
2.704825312,519,,rD044,100165455,100.00,,
2.704825312,80707500,,rFF44,100165685,100.00,,
2.704825312,1370869319,,instructions,100165885,100.00,3.65,insn per cycle
2.704825312,375602411,,cycles,100166055,100.00,,
2.805001333,594,,rD044,100173686,100.00,,
2.805001333,80693613,,rFF44,100173786,100.00,,
2.805001333,1370630447,,instructions,100173596,100.00,3.65,insn per cycle
2.805001333,375648982,,cycles,100173716,100.00,,
2.905175714,707,,rD044,100173895,100.00,,
2.905175714,80745411,,rFF44,100173985,100.00,,
2.905175714,1371473488,,instructions,100174235,100.00,3.65,insn per cycle
2.905175714,375647954,,cycles,100173985,100.00,,
3.005397215,656,,rD044,100221256,100.00,,
3.005397215,80749159,,rFF44,100221516,100.00,,
3.005397215,1371594054,,instructions,100221656,100.00,3.65,insn per cycle
3.005397215,375827017,,cycles,100221546,100.00,,
3.095142748,2973,,rD044,83902779,100.00,,
3.095142748,65865768,,rFF44,83898179,100.00,,
3.095142748,1122156546,,instructions,83895819,100.00,3.57,insn per cycle
3.095142748,314507841,,cycles,83893809,100.00,,
