0.100123380,4846438,,rD044,561493448,100.00,,
0.100123380,57291816,,rFF44,566122754,100.00,,
0.100123380,6607545215,,instructions,569778900,100.00,3.08,insn per cycle
0.100123380,2143321879,,cycles,573173049,100.00,,
0.200869906,1035376,,rD044,3221326475,100.00,,
0.200869906,272236213,,rFF44,3220111415,100.00,,
0.200869906,43132356016,,instructions,3219319279,100.00,3.57,insn per cycle
0.200869906,12070067657,,cycles,3218817608,100.00,,
0.301445641,431895,,rD044,3218582080,100.00,,
0.301445641,278875894,,rFF44,3218663074,100.00,,
0.301445641,43998826627,,instructions,3218880594,100.00,3.64,insn per cycle
0.301445641,12072182720,,cycles,3219263935,100.00,,
0.402044226,427182,,rD044,3219061753,100.00,,
0.402044226,287040369,,rFF44,3219019274,100.00,,
0.402044226,45034963699,,instructions,3218895544,100.00,3.73,insn per cycle
0.402044226,12069184808,,cycles,3218476966,100.00,,
0.502620061,432316,,rD044,3218418308,100.00,,
0.502620061,287689295,,rFF44,3218785904,100.00,,
0.502620061,45123154193,,instructions,3218743914,100.00,3.74,insn per cycle
0.502620061,12070311440,,cycles,3218774000,100.00,,
0.603207745,388356,,rD044,3218719380,100.00,,
0.603207745,286899746,,rFF44,3218569454,100.00,,
0.603207745,45041333061,,instructions,3218706734,100.00,3.73,insn per cycle
0.603207745,12069806907,,cycles,3218642188,100.00,,
0.703792990,388364,,rD044,3218523983,100.00,,
0.703792990,286757832,,rFF44,3218299180,100.00,,
0.703792990,45004197316,,instructions,3218158754,100.00,3.73,insn per cycle
0.703792990,12068132900,,cycles,3218213853,100.00,,
0.804364165,402796,,rD044,3218305944,100.00,,
0.804364165,285117491,,rFF44,3218401406,100.00,,
0.804364165,44796833741,,instructions,3218459194,100.00,3.71,insn per cycle
0.804364165,12070176752,,cycles,3218741114,100.00,,
0.904957920,378834,,rD044,3218890004,100.00,,
0.904957920,285335115,,rFF44,3218740079,100.00,,
0.904957920,44822321297,,instructions,3218711164,100.00,3.71,insn per cycle
0.904957920,12069966216,,cycles,3218685084,100.00,,
0.962828119,229528,,rD044,1754899349,100.00,,
0.962828119,135986013,,rFF44,1751508184,100.00,,
0.962828119,21910635437,,instructions,1748566647,100.00,3.35,insn per cycle
0.962828119,6545155172,,cycles,1745432927,100.00,,
