0.100109649,3388,,rD044,96005780,100.00,,
0.100109649,49854359,,rFF44,96010060,100.00,,
0.100109649,761278254,,instructions,96012400,100.00,2.12,insn per cycle
0.100109649,359935401,,cycles,96014850,100.00,,
0.200323388,3849,,rD044,100210296,100.00,,
0.200323388,80162084,,rFF44,100210706,100.00,,
0.200323388,1362498737,,instructions,100210746,100.00,3.63,insn per cycle
0.200323388,375759619,,cycles,100210416,100.00,,
0.300490317,3830,,rD044,100153885,100.00,,
0.300490317,80155306,,rFF44,100153625,100.00,,
0.300490317,1362378503,,instructions,100153315,100.00,3.63,insn per cycle
0.300490317,375510662,,cycles,100153475,100.00,,
0.400657717,3489,,rD044,100166926,100.00,,
0.400657717,80179719,,rFF44,100166766,100.00,,
0.400657717,1362725887,,instructions,100166826,100.00,3.63,insn per cycle
0.400657717,375599756,,cycles,100166816,100.00,,
0.500826066,4308,,rD044,100157625,100.00,,
0.500826066,80042973,,rFF44,100157965,100.00,,
0.500826066,1360486922,,instructions,100157855,100.00,3.62,insn per cycle
0.500826066,375534899,,cycles,100157495,100.00,,
0.600998395,3751,,rD044,100159805,100.00,,
0.600998395,80174458,,rFF44,100159536,100.00,,
0.600998395,1362707908,,instructions,100159596,100.00,3.63,insn per cycle
0.600998395,375540908,,cycles,100159836,100.00,,
0.701166194,4012,,rD044,100156526,100.00,,
0.701166194,80055000,,rFF44,100156615,100.00,,
0.701166194,1360695302,,instructions,100156525,100.00,3.62,insn per cycle
0.701166194,375528397,,cycles,100156515,100.00,,
0.801329723,4128,,rD044,100151625,100.00,,
0.801329723,80045844,,rFF44,100151615,100.00,,
0.801329723,1360526755,,instructions,100151475,100.00,3.62,insn per cycle
0.801329723,375507118,,cycles,100151535,100.00,,
0.901495542,4093,,rD044,100140696,100.00,,
0.901495542,80070022,,rFF44,100140576,100.00,,
0.901495542,1360956754,,instructions,100140736,100.00,3.62,insn per cycle
0.901495542,375443346,,cycles,100140726,100.00,,
1.001662851,3771,,rD044,100157195,100.00,,
1.001662851,80108923,,rFF44,100157265,100.00,,
1.001662851,1361587519,,instructions,100157375,100.00,3.63,insn per cycle
1.001662851,375532836,,cycles,100157185,100.00,,
1.101830520,4196,,rD044,100155796,100.00,,
1.101830520,80096767,,rFF44,100155806,100.00,,
1.101830520,1361427128,,instructions,100155866,100.00,3.63,insn per cycle
1.101830520,375522470,,cycles,100156366,100.00,,
1.201997399,3939,,rD044,100154635,100.00,,
1.201997399,80117977,,rFF44,100154575,100.00,,
1.201997399,1361717626,,instructions,100154335,100.00,3.63,insn per cycle
1.201997399,375517590,,cycles,100154005,100.00,,
1.302163669,3941,,rD044,100152356,100.00,,
1.302163669,80078379,,rFF44,100151996,100.00,,
1.302163669,1361063375,,instructions,100152056,100.00,3.62,insn per cycle
1.302163669,375513683,,cycles,100151846,100.00,,
1.402328598,4051,,rD044,100154525,100.00,,
1.402328598,80076592,,rFF44,100154725,100.00,,
1.402328598,1361059687,,instructions,100154765,100.00,3.62,insn per cycle
1.402328598,375521781,,cycles,100154875,100.00,,
1.502494887,3787,,rD044,100165086,100.00,,
1.502494887,80137968,,rFF44,100165766,100.00,,
1.502494887,1362072211,,instructions,100165486,100.00,3.63,insn per cycle
1.502494887,375592631,,cycles,100165846,100.00,,
1.602662556,4190,,rD044,100156295,100.00,,
1.602662556,80113640,,rFF44,100155835,100.00,,
1.602662556,1361686962,,instructions,100156125,100.00,3.63,insn per cycle
1.602662556,375516917,,cycles,100155875,100.00,,
1.702828745,4225,,rD044,100155936,100.00,,
1.702828745,80065074,,rFF44,100156216,100.00,,
1.702828745,1360869054,,instructions,100156206,100.00,3.62,insn per cycle
1.702828745,375527898,,cycles,100156366,100.00,,
1.802994834,5119,,rD044,100153995,100.00,,
1.802994834,80033383,,rFF44,100153715,100.00,,
1.802994834,1360314898,,instructions,100153575,100.00,3.62,insn per cycle
1.802994834,375506584,,cycles,100153425,100.00,,
1.903161283,5190,,rD044,100154036,100.00,,
1.903161283,79964013,,rFF44,100153776,100.00,,
1.903161283,1359109690,,instructions,100153786,100.00,3.62,insn per cycle
1.903161283,375511102,,cycles,100153896,100.00,,
2.003328273,5165,,rD044,100155755,100.00,,
2.003328273,79975773,,rFF44,100156005,100.00,,
2.003328273,1359299326,,instructions,100156155,100.00,3.62,insn per cycle
2.003328273,375520158,,cycles,100156035,100.00,,
2.103497762,5772,,rD044,100151104,100.00,,
2.103497762,79609642,,rFF44,100150854,100.00,,
2.103497762,1353223209,,instructions,100150984,100.00,3.60,insn per cycle
2.103497762,375479739,,cycles,100151344,100.00,,
2.203664551,5259,,rD044,100154486,100.00,,
2.203664551,79942104,,rFF44,100154266,100.00,,
2.203664551,1358728136,,instructions,100153856,100.00,3.62,insn per cycle
2.203664551,375506707,,cycles,100153376,100.00,,
2.303831370,5323,,rD044,100142355,100.00,,
2.303831370,79957938,,rFF44,100142995,100.00,,
2.303831370,1359049783,,instructions,100143275,100.00,3.62,insn per cycle
2.303831370,375455334,,cycles,100143435,100.00,,
2.403998099,5365,,rD044,100166076,100.00,,
2.403998099,79978817,,rFF44,100166146,100.00,,
2.403998099,1359367963,,instructions,100166226,100.00,3.62,insn per cycle
2.403998099,375587453,,cycles,100166156,100.00,,
2.504165578,5516,,rD044,100156635,100.00,,
2.504165578,79995837,,rFF44,100156515,100.00,,
2.504165578,1359710634,,instructions,100156415,100.00,3.62,insn per cycle
2.504165578,375513913,,cycles,100156175,100.00,,
2.604331867,5763,,rD044,100154336,100.00,,
2.604331867,79649606,,rFF44,100154796,100.00,,
2.604331867,1353841937,,instructions,100154696,100.00,3.61,insn per cycle
2.604331867,375518009,,cycles,100154896,100.00,,
2.704499737,5579,,rD044,100156315,100.00,,
2.704499737,79943841,,rFF44,100155555,100.00,,
2.704499737,1358793724,,instructions,100155615,100.00,3.62,insn per cycle
2.704499737,375523126,,cycles,100155775,100.00,,
2.804666856,5305,,rD044,100155756,100.00,,
2.804666856,79961907,,rFF44,100156276,100.00,,
2.804666856,1359090264,,instructions,100156256,100.00,3.62,insn per cycle
2.804666856,375518901,,cycles,100155956,100.00,,
2.904834115,5403,,rD044,100153235,100.00,,
2.904834115,79934487,,rFF44,100153235,100.00,,
2.904834115,1358640454,,instructions,100153225,100.00,3.62,insn per cycle
2.904834115,375511081,,cycles,100153365,100.00,,
3.005002184,4171,,rD044,100155955,100.00,,
3.005002184,79937576,,rFF44,100155495,100.00,,
3.005002184,1358588899,,instructions,100155415,100.00,3.62,insn per cycle
3.005002184,375538122,,cycles,100155315,100.00,,
3.105167283,4117,,rD044,100164545,100.00,,
3.105167283,79905474,,rFF44,100165015,100.00,,
3.105167283,1358043426,,instructions,100165265,100.00,3.62,insn per cycle
3.105167283,375603242,,cycles,100165395,100.00,,
3.119909486,1983,,rD044,8490222,100.00,,
3.119909486,5098688,,rFF44,8485502,100.00,,
3.119909486,90112651,,instructions,8483362,100.00,2.84,insn per cycle
3.119909486,31709641,,cycles,8481222,100.00,,
