0.100110389,3872892,,rD044,594503158,100.00,,
0.100110389,63874341,,rFF44,597465302,100.00,,
0.100110389,7595590989,,instructions,599948560,100.00,3.37,insn per cycle
0.100110389,2252220611,,cycles,602343540,100.00,,
0.200643743,41741,,rD044,3217185364,100.00,,
0.200643743,283203528,,rFF44,3217216540,100.00,,
0.200643743,44561218008,,instructions,3217048162,100.00,3.69,insn per cycle
0.200643743,12063553181,,cycles,3216968094,100.00,,
0.301134676,41202,,rD044,3215624242,100.00,,
0.301134676,284647460,,rFF44,3215661374,100.00,,
0.301134676,44742862103,,instructions,3215735734,100.00,3.71,insn per cycle
0.301134676,12058953068,,cycles,3215753448,100.00,,
0.401624830,39287,,rD044,3215686934,100.00,,
0.401624830,281021767,,rFF44,3215677337,100.00,,
0.401624830,44264533768,,instructions,3215677594,100.00,3.67,insn per cycle
0.401624830,12058715703,,cycles,3215685398,100.00,,
0.502115053,40380,,rD044,3215616574,100.00,,
0.502115053,283184871,,rFF44,3215664059,100.00,,
0.502115053,44553532729,,instructions,3215732446,100.00,3.69,insn per cycle
0.502115053,12058884524,,cycles,3215739114,100.00,,
0.602612127,39871,,rD044,3215845241,100.00,,
0.602612127,284026170,,rFF44,3215771844,100.00,,
0.602612127,44664079374,,instructions,3215683460,100.00,3.70,insn per cycle
0.602612127,12059029751,,cycles,3215769132,100.00,,
0.703102840,39902,,rD044,3215645735,100.00,,
0.703102840,282685625,,rFF44,3215634462,100.00,,
0.703102840,44495409805,,instructions,3215631944,100.00,3.69,insn per cycle
0.703102840,12058086266,,cycles,3215515624,100.00,,
0.803590643,39795,,rD044,3215550389,100.00,,
0.803590643,281318899,,rFF44,3215564504,100.00,,
0.803590643,44289860869,,instructions,3215603512,100.00,3.67,insn per cycle
0.803590643,12058676885,,cycles,3215676775,100.00,,
0.904079517,39621,,rD044,3215685017,100.00,,
0.904079517,281541107,,rFF44,3215708738,100.00,,
0.904079517,44366362606,,instructions,3215699154,100.00,3.68,insn per cycle
0.904079517,12058743653,,cycles,3215694651,100.00,,
0.962086450,62389,,rD044,1760821360,100.00,,
0.962086450,137308259,,rFF44,1757799854,100.00,,
0.962086450,22111240666,,instructions,1755403448,100.00,3.36,insn per cycle
0.962086450,6573652712,,cycles,1753018238,100.00,,
