0.100111132,4509154,,rD044,351359150,100.00,,
0.100111132,39295103,,rFF44,353078350,100.00,,
0.100111132,3784508107,,instructions,353933386,100.00,2.86,insn per cycle
0.100111132,1325023988,,cycles,354732116,100.00,,
0.200604748,3267187,,rD044,1607470589,100.00,,
0.200604748,137652341,,rFF44,1606538962,100.00,,
0.200604748,21603763056,,instructions,1606254486,100.00,3.59,insn per cycle
0.200604748,6023098093,,cycles,1606173356,100.00,,
0.300940612,2263281,,rD044,1605262650,100.00,,
0.300940612,142365926,,rFF44,1605103386,100.00,,
0.300940612,22266046931,,instructions,1605083216,100.00,3.70,insn per cycle
0.300940612,6018192790,,cycles,1604872916,100.00,,
0.401239716,1955993,,rD044,1604749669,100.00,,
0.401239716,143611882,,rFF44,1604772016,100.00,,
0.401239716,22446988190,,instructions,1604770546,100.00,3.73,insn per cycle
0.401239716,6018023811,,cycles,1604825206,100.00,,
0.501541800,2074328,,rD044,1604809656,100.00,,
0.501541800,142335233,,rFF44,1604834789,100.00,,
0.501541800,22272978457,,instructions,1604806606,100.00,3.70,insn per cycle
0.501541800,6017710675,,cycles,1604745866,100.00,,
0.601837894,2122042,,rD044,1604672576,100.00,,
0.601837894,142125945,,rFF44,1604611017,100.00,,
0.601837894,22237748446,,instructions,1604627242,100.00,3.70,insn per cycle
0.601837894,6017322805,,cycles,1604638116,100.00,,
0.702134168,2267876,,rD044,1604332735,100.00,,
0.702134168,140634803,,rFF44,1604629166,100.00,,
0.702134168,22051346819,,instructions,1604642319,100.00,3.66,insn per cycle
0.702134168,6017174066,,cycles,1604661235,100.00,,
0.802473442,2397899,,rD044,1605255456,100.00,,
0.802473442,140445302,,rFF44,1605115998,100.00,,
0.802473442,22020726398,,instructions,1605121266,100.00,3.66,insn per cycle
0.802473442,6019123319,,cycles,1605112676,100.00,,
0.902792196,2225894,,rD044,1604798565,100.00,,
0.902792196,139900291,,rFF44,1604669192,100.00,,
0.902792196,21955631910,,instructions,1604717693,100.00,3.65,insn per cycle
0.902792196,6017663653,,cycles,1604811455,100.00,,
1.003098500,2158074,,rD044,1604947636,100.00,,
1.003098500,139550674,,rFF44,1605015066,100.00,,
1.003098500,21921551587,,instructions,1605026076,100.00,3.64,insn per cycle
1.003098500,6018361184,,cycles,1604919446,100.00,,
1.103408134,2193339,,rD044,1604944356,100.00,,
1.103408134,140043271,,rFF44,1604905856,100.00,,
1.103408134,21967776514,,instructions,1604802958,100.00,3.65,insn per cycle
1.103408134,6017845651,,cycles,1604779796,100.00,,
1.203706088,2425775,,rD044,1604880886,100.00,,
1.203706088,140438412,,rFF44,1605351036,100.00,,
1.203706088,22032107390,,instructions,1605390366,100.00,3.66,insn per cycle
1.203706088,6020242350,,cycles,1605417756,100.00,,
1.304043982,2266073,,rD044,1605212016,100.00,,
1.304043982,138548530,,rFF44,1604799856,100.00,,
1.304043982,21791563501,,instructions,1604802338,100.00,3.62,insn per cycle
1.304043982,6017937386,,cycles,1604795616,100.00,,
1.404344206,2075187,,rD044,1604737326,100.00,,
1.404344206,138910398,,rFF44,1604616736,100.00,,
1.404344206,21821931090,,instructions,1604572838,100.00,3.63,insn per cycle
1.404344206,6016993115,,cycles,1604551988,100.00,,
1.504633309,2186840,,rD044,1604646966,100.00,,
1.504633309,139814376,,rFF44,1604789636,100.00,,
1.504633309,21950017216,,instructions,1605037546,100.00,3.65,insn per cycle
1.504633309,6019228033,,cycles,1605172911,100.00,,
1.604967584,2075050,,rD044,1605303176,100.00,,
1.604967584,138915443,,rFF44,1605241146,100.00,,
1.604967584,21830611643,,instructions,1604996356,100.00,3.63,insn per cycle
1.604967584,6018282945,,cycles,1604895532,100.00,,
1.705275438,2186222,,rD044,1604778106,100.00,,
1.705275438,139227605,,rFF44,1604678236,100.00,,
1.705275438,21867551004,,instructions,1604669966,100.00,3.63,insn per cycle
1.705275438,6017319382,,cycles,1604638997,100.00,,
1.805570162,2227100,,rD044,1605000426,100.00,,
1.805570162,139148435,,rFF44,1605554456,100.00,,
1.805570162,21874503734,,instructions,1605707428,100.00,3.63,insn per cycle
1.805570162,6022635404,,cycles,1606057282,100.00,,
1.842082800,529417,,rD044,540371762,100.00,,
1.842082800,38194132,,rFF44,539228802,100.00,,
1.842082800,6258464703,,instructions,538571070,100.00,3.10,insn per cycle
1.842082800,2016333610,,cycles,537731436,100.00,,
