0.100118709,7886,,rD044,97283384,100.00,,
0.100118709,50998777,,rFF44,97286574,100.00,,
0.100118709,780763655,,instructions,97288874,100.00,2.14,insn per cycle
0.100118709,364725115,,cycles,97291194,100.00,,
0.200339340,210,,rD044,100217515,100.00,,
0.200339340,80713581,,rFF44,100218465,100.00,,
0.200339340,1371695923,,instructions,100218525,100.00,3.65,insn per cycle
0.200339340,375817781,,cycles,100218425,100.00,,
0.300521440,164,,rD044,100181616,100.00,,
0.300521440,80728425,,rFF44,100181566,100.00,,
0.300521440,1371917052,,instructions,100181416,100.00,3.65,insn per cycle
0.300521440,375678402,,cycles,100181256,100.00,,
0.400703240,111,,rD044,100180245,100.00,,
0.400703240,80706561,,rFF44,100180136,100.00,,
0.400703240,1371549286,,instructions,100179926,100.00,3.65,insn per cycle
0.400703240,375672808,,cycles,100179806,100.00,,
0.500882510,178,,rD044,100178396,100.00,,
0.500882510,80713938,,rFF44,100178815,100.00,,
0.500882510,1371664306,,instructions,100178825,100.00,3.65,insn per cycle
0.500882510,375670363,,cycles,100179125,100.00,,
0.601097030,243,,rD044,100213976,100.00,,
0.601097030,80720389,,rFF44,100213826,100.00,,
0.601097030,1371793803,,instructions,100214066,100.00,3.65,insn per cycle
0.601097030,375800951,,cycles,100213936,100.00,,
0.701277781,471,,rD044,100180015,100.00,,
0.701277781,80618818,,rFF44,100180215,100.00,,
0.701277781,1370064537,,instructions,100180055,100.00,3.65,insn per cycle
0.701277781,375671085,,cycles,100180125,100.00,,
0.801454811,239,,rD044,100158126,100.00,,
0.801454811,80657117,,rFF44,100158116,100.00,,
0.801454811,1370689781,,instructions,100157956,100.00,3.65,insn per cycle
0.801454811,375567979,,cycles,100157656,100.00,,
0.901637871,186,,rD044,100182365,100.00,,
0.901637871,80780194,,rFF44,100182605,100.00,,
0.901637871,1372793550,,instructions,100182695,100.00,3.65,insn per cycle
0.901637871,375684022,,cycles,100182765,100.00,,
1.001819491,219,,rD044,100181366,100.00,,
1.001819491,80690631,,rFF44,100181096,100.00,,
1.001819491,1371275366,,instructions,100181096,100.00,3.65,insn per cycle
1.001819491,375677737,,cycles,100181086,100.00,,
1.102001811,230,,rD044,100181015,100.00,,
1.102001811,80716400,,rFF44,100180735,100.00,,
1.102001811,1371729067,,instructions,100180945,100.00,3.65,insn per cycle
1.102001811,375677259,,cycles,100180955,100.00,,
1.202180751,165,,rD044,100178826,100.00,,
1.202180751,80707137,,rFF44,100179386,100.00,,
1.202180751,1371549049,,instructions,100179696,100.00,3.65,insn per cycle
1.202180751,375673008,,cycles,100179826,100.00,,
1.302365081,189,,rD044,100183035,100.00,,
1.302365081,80676837,,rFF44,100182745,100.00,,
1.302365081,1371045120,,instructions,100182505,100.00,3.65,insn per cycle
1.302365081,375682648,,cycles,100182395,100.00,,
1.402546871,142,,rD044,100180966,100.00,,
1.402546871,80715731,,rFF44,100180636,100.00,,
1.402546871,1371700559,,instructions,100180536,100.00,3.65,insn per cycle
1.402546871,375676163,,cycles,100180666,100.00,,
1.502726921,189,,rD044,100179145,100.00,,
1.502726921,80719134,,rFF44,100179515,100.00,,
1.502726921,1371748650,,instructions,100179405,100.00,3.65,insn per cycle
1.502726921,375671430,,cycles,100179405,100.00,,
1.602909141,170,,rD044,100181646,100.00,,
1.602909141,80725387,,rFF44,100181626,100.00,,
1.602909141,1371863026,,instructions,100181746,100.00,3.65,insn per cycle
1.602909141,375679759,,cycles,100181626,100.00,,
1.703137492,204,,rD044,100228505,100.00,,
1.703137492,80723142,,rFF44,100228895,100.00,,
1.703137492,1371773470,,instructions,100228805,100.00,3.65,insn per cycle
1.703137492,375857833,,cycles,100229105,100.00,,
1.803321542,142,,rD044,100183216,100.00,,
1.803321542,80731661,,rFF44,100182676,100.00,,
1.803321542,1371976493,,instructions,100182816,100.00,3.65,insn per cycle
1.803321542,375682431,,cycles,100182336,100.00,,
1.903504132,148,,rD044,100181876,100.00,,
1.903504132,80700847,,rFF44,100181636,100.00,,
1.903504132,1371444681,,instructions,100181476,100.00,3.65,insn per cycle
1.903504132,375678963,,cycles,100181416,100.00,,
2.003686493,183,,rD044,100180825,100.00,,
2.003686493,80711985,,rFF44,100181225,100.00,,
2.003686493,1371629560,,instructions,100181135,100.00,3.65,insn per cycle
2.003686493,375678755,,cycles,100181355,100.00,,
2.103867123,257,,rD044,100180216,100.00,,
2.103867123,80435150,,rFF44,100180306,100.00,,
2.103867123,1367043250,,instructions,100180416,100.00,3.64,insn per cycle
2.103867123,375675792,,cycles,100180566,100.00,,
2.204060103,166,,rD044,100191585,100.00,,
2.204060103,80743522,,rFF44,100191235,100.00,,
2.204060103,1372169804,,instructions,100191285,100.00,3.65,insn per cycle
2.204060103,375715202,,cycles,100191075,100.00,,
2.304241173,93,,rD044,100181126,100.00,,
2.304241173,80749384,,rFF44,100181176,100.00,,
2.304241173,1372275064,,instructions,100181076,100.00,3.65,insn per cycle
2.304241173,375678384,,cycles,100181266,100.00,,
2.404419483,94,,rD044,100170265,100.00,,
2.404419483,80675861,,rFF44,100170455,100.00,,
2.404419483,1371016772,,instructions,100170495,100.00,3.65,insn per cycle
2.404419483,375621007,,cycles,100170395,100.00,,
2.504599593,190,,rD044,100166106,100.00,,
2.504599593,80681487,,rFF44,100166186,100.00,,
2.504599593,1371127121,,instructions,100166186,100.00,3.65,insn per cycle
2.504599593,375602203,,cycles,100166196,100.00,,
2.604780423,329,,rD044,100179825,100.00,,
2.604780423,80398729,,rFF44,100179085,100.00,,
2.604780423,1366397929,,instructions,100179035,100.00,3.64,insn per cycle
2.604780423,375670730,,cycles,100179215,100.00,,
2.704960733,243,,rD044,100179286,100.00,,
2.704960733,80661669,,rFF44,100179866,100.00,,
2.704960733,1370783627,,instructions,100180186,100.00,3.65,insn per cycle
2.704960733,375674693,,cycles,100180276,100.00,,
2.805142603,108,,rD044,100182215,100.00,,
2.805142603,80673019,,rFF44,100182165,100.00,,
2.805142603,1370979013,,instructions,100182085,100.00,3.65,insn per cycle
2.805142603,375681142,,cycles,100181985,100.00,,
2.905324934,188,,rD044,100180366,100.00,,
2.905324934,80699107,,rFF44,100180436,100.00,,
2.905324934,1371415216,,instructions,100180036,100.00,3.65,insn per cycle
2.905324934,375673606,,cycles,100179986,100.00,,
3.005506284,177,,rD044,100181335,100.00,,
3.005506284,80730258,,rFF44,100181055,100.00,,
3.005506284,1371945784,,instructions,100181145,100.00,3.65,insn per cycle
3.005506284,375677141,,cycles,100180925,100.00,,
3.092006264,2518,,rD044,81890180,100.00,,
3.092006264,64311121,,rFF44,81886110,100.00,,
3.092006264,1096251360,,instructions,81884120,100.00,3.57,insn per cycle
3.092006264,306951359,,cycles,81882220,100.00,,
