0.100117683,4767052,,rD044,594009853,100.00,,
0.100117683,59485089,,rFF44,597969499,100.00,,
0.100117683,6967289951,,instructions,600416509,100.00,3.09,insn per cycle
0.100117683,2253604538,,cycles,602601199,100.00,,
0.200728232,692974,,rD044,3218851208,100.00,,
0.200728232,286024446,,rFF44,3217521445,100.00,,
0.200728232,44935243628,,instructions,3217189864,100.00,3.72,insn per cycle
0.200728232,12064565764,,cycles,3217250644,100.00,,
0.301212870,586592,,rD044,3215295134,100.00,,
0.301212870,286384354,,rFF44,3215189221,100.00,,
0.301212870,44989008297,,instructions,3215078122,100.00,3.73,insn per cycle
0.301212870,12055328468,,cycles,3214779085,100.00,,
0.401715378,541271,,rD044,3216164967,100.00,,
0.401715378,286333372,,rFF44,3216258943,100.00,,
0.401715378,44987878318,,instructions,3216284543,100.00,3.73,insn per cycle
0.401715378,12062053796,,cycles,3216574170,100.00,,
0.502247066,525727,,rD044,3217397628,100.00,,
0.502247066,287193361,,rFF44,3217416174,100.00,,
0.502247066,45106091451,,instructions,3217415384,100.00,3.74,insn per cycle
0.502247066,12064138089,,cycles,3217132454,100.00,,
0.602753194,471934,,rD044,3215635894,100.00,,
0.602753194,285724799,,rFF44,3215686722,100.00,,
0.602753194,44906741260,,instructions,3215878073,100.00,3.72,insn per cycle
0.602753194,12060106942,,cycles,3216045994,100.00,,
0.703230761,502601,,rD044,3215121925,100.00,,
0.703230761,287920981,,rFF44,3214961054,100.00,,
0.703230761,45178056189,,instructions,3214630323,100.00,3.75,insn per cycle
0.703230761,12053955272,,cycles,3214415752,100.00,,
0.803682579,450987,,rD044,3214362991,100.00,,
0.803682579,257684159,,rFF44,3214314922,100.00,,
0.803682579,41349307381,,instructions,3214363448,100.00,3.43,insn per cycle
0.803682579,12053920954,,cycles,3214413964,100.00,,
0.904147266,478588,,rD044,3214919406,100.00,,
0.904147266,285308489,,rFF44,3214909664,100.00,,
0.904147266,44852496815,,instructions,3214925398,100.00,3.72,insn per cycle
0.904147266,12055818981,,cycles,3214911422,100.00,,
0.962550034,261161,,rD044,1779208172,100.00,,
0.962550034,139814280,,rFF44,1776739534,100.00,,
0.962550034,22501585676,,instructions,1774785514,100.00,3.38,insn per cycle
0.962550034,6648015035,,cycles,1772842494,100.00,,
