0.100116035,4539901,,rD044,788792378,100.00,,
0.100116035,64162424,,rFF44,837698438,100.00,,
0.100116035,8285745750,,instructions,882958104,100.00,2.39,insn per cycle
0.100116035,3459965493,,cycles,926178042,100.00,,
0.201781276,141888,,rD044,13012249857,100.00,,
0.201781276,1108099131,,rFF44,13009277124,100.00,,
0.201781276,175746171869,,instructions,13005139758,100.00,3.60,insn per cycle
0.201781276,48763012093,,cycles,13003902503,100.00,,
0.303346236,134758,,rD044,12999694659,100.00,,
0.303346236,1111860067,,rFF44,13000041150,100.00,,
0.303346236,176094074446,,instructions,12999233718,100.00,3.61,insn per cycle
0.303346236,48742750319,,cycles,12998123112,100.00,,
0.332498770,106894,,rD044,3005548284,100.00,,
0.332498770,184249260,,rFF44,2959268466,100.00,,
0.332498770,30775618274,,instructions,2918953598,100.00,2.85,insn per cycle
0.332498770,10791315202,,cycles,2878081521,100.00,,
