0.100125593,3836568,,rD044,215423060,100.00,,
0.100125593,30073955,,rFF44,215662350,100.00,,
0.100125593,2286316102,,instructions,215834970,100.00,2.84,insn per cycle
0.100125593,805074173,,cycles,216007250,100.00,,
0.200449988,32786,,rD044,802506598,100.00,,
0.200449988,72928713,,rFF44,802483118,100.00,,
0.200449988,11412086255,,instructions,802474968,100.00,3.79,insn per cycle
0.200449988,3009111270,,cycles,802458128,100.00,,
0.300712942,30329,,rD044,802109320,100.00,,
0.300712942,74007507,,rFF44,802109968,100.00,,
0.300712942,11546911414,,instructions,802100288,100.00,3.84,insn per cycle
0.300712942,3007821573,,cycles,802096318,100.00,,
0.400972907,31875,,rD044,802119676,100.00,,
0.400972907,72268185,,rFF44,802122918,100.00,,
0.400972907,11321429866,,instructions,802130258,100.00,3.76,insn per cycle
0.400972907,3007886172,,cycles,802127532,100.00,,
0.501243081,32911,,rD044,802061138,100.00,,
0.501243081,74128348,,rFF44,802057798,100.00,,
0.501243081,11562694870,,instructions,802043228,100.00,3.84,insn per cycle
0.501243081,3007584932,,cycles,802043284,100.00,,
0.601500645,29788,,rD044,802051128,100.00,,
0.601500645,74641476,,rFF44,802062868,100.00,,
0.601500645,11630436485,,instructions,802075148,100.00,3.87,insn per cycle
0.601500645,3007722880,,cycles,802080038,100.00,,
0.701763739,33272,,rD044,802074508,100.00,,
0.701763739,74143964,,rFF44,802060998,100.00,,
0.701763739,11565355553,,instructions,802059468,100.00,3.85,insn per cycle
0.701763739,3007691301,,cycles,802069578,100.00,,
0.802025143,30335,,rD044,800941026,100.00,,
0.802025143,73211596,,rFF44,800943904,100.00,,
0.802025143,11440605001,,instructions,800944434,100.00,3.81,insn per cycle
0.802025143,3003454057,,cycles,800938514,100.00,,
0.902287428,32173,,rD044,802078118,100.00,,
0.902287428,73073525,,rFF44,802086740,100.00,,
0.902287428,11429207047,,instructions,802091340,100.00,3.80,insn per cycle
0.902287428,3007797740,,cycles,802096873,100.00,,
1.002550372,32125,,rD044,802080548,100.00,,
1.002550372,73377226,,rFF44,802072098,100.00,,
1.002550372,11463462793,,instructions,802068678,100.00,3.81,insn per cycle
1.002550372,3007714189,,cycles,802071675,100.00,,
1.102812586,30892,,rD044,802108748,100.00,,
1.102812586,73488304,,rFF44,802113788,100.00,,
1.102812586,11484837269,,instructions,802115588,100.00,3.82,insn per cycle
1.102812586,3007873886,,cycles,802108058,100.00,,
1.203075840,33621,,rD044,802054418,100.00,,
1.203075840,73562168,,rFF44,802046508,100.00,,
1.203075840,11490160273,,instructions,802036298,100.00,3.82,insn per cycle
1.203075840,3007515319,,cycles,802027948,100.00,,
1.303335765,31844,,rD044,802073141,100.00,,
1.303335765,73652238,,rFF44,802080318,100.00,,
1.303335765,11501346655,,instructions,802082168,100.00,3.82,insn per cycle
1.303335765,3007761334,,cycles,802089538,100.00,,
1.403600149,31780,,rD044,802062827,100.00,,
1.403600149,73200935,,rFF44,802055740,100.00,,
1.403600149,11444610779,,instructions,802064580,100.00,3.81,insn per cycle
1.403600149,3007623829,,cycles,802059255,100.00,,
1.503860093,30100,,rD044,802050108,100.00,,
1.503860093,73675791,,rFF44,802045238,100.00,,
1.503860093,11503649434,,instructions,802033538,100.00,3.82,insn per cycle
1.503860093,3007580945,,cycles,802036933,100.00,,
1.604152488,33433,,rD044,802317028,100.00,,
1.604152488,72802255,,rFF44,802313088,100.00,,
1.604152488,11394982847,,instructions,802315158,100.00,3.79,insn per cycle
1.604152488,3008600074,,cycles,802309358,100.00,,
1.704408352,30304,,rD044,802034958,100.00,,
1.704408352,73416386,,rFF44,802037208,100.00,,
1.704408352,11471655311,,instructions,802036258,100.00,3.81,insn per cycle
1.704408352,3007606379,,cycles,802043858,100.00,,
1.804666586,32065,,rD044,802062707,100.00,,
1.804666586,73405313,,rFF44,802080518,100.00,,
1.804666586,11473994898,,instructions,802081108,100.00,3.81,insn per cycle
1.804666586,3007735428,,cycles,802077468,100.00,,
1.904918110,32661,,rD044,801994971,100.00,,
1.904918110,73220865,,rFF44,801988560,100.00,,
1.904918110,11447191191,,instructions,802079516,100.00,3.81,insn per cycle
1.904918110,3007764230,,cycles,802079738,100.00,,
2.005186764,30431,,rD044,802133038,100.00,,
2.005186764,74324993,,rFF44,802129938,100.00,,
2.005186764,11590232006,,instructions,802041542,100.00,3.85,insn per cycle
2.005186764,3007585006,,cycles,802044340,100.00,,
2.105447648,33086,,rD044,802063078,100.00,,
2.105447648,74164373,,rFF44,802057438,100.00,,
2.105447648,11568178723,,instructions,802054958,100.00,3.85,insn per cycle
2.105447648,3007640873,,cycles,802056228,100.00,,
2.205704613,30827,,rD044,802021268,100.00,,
2.205704613,74729417,,rFF44,802027118,100.00,,
2.205704613,11641583297,,instructions,802019918,100.00,3.87,insn per cycle
2.205704613,3007433636,,cycles,802010568,100.00,,
2.305961337,34010,,rD044,802089085,100.00,,
2.305961337,73466293,,rFF44,802125048,100.00,,
2.305961337,11478660763,,instructions,802135568,100.00,3.82,insn per cycle
2.305961337,3007999482,,cycles,802151378,100.00,,
2.406232381,33501,,rD044,802051213,100.00,,
2.406232381,74298708,,rFF44,802022780,100.00,,
2.406232381,11582068003,,instructions,802028434,100.00,3.85,insn per cycle
2.406232381,3007462952,,cycles,802023268,100.00,,
2.506493515,30059,,rD044,802080727,100.00,,
2.506493515,74538447,,rFF44,802077767,100.00,,
2.506493515,11619393602,,instructions,802078953,100.00,3.86,insn per cycle
2.506493515,3007695701,,cycles,802071169,100.00,,
2.606752570,33509,,rD044,802044448,100.00,,
2.606752570,74512242,,rFF44,802036088,100.00,,
2.606752570,11618464928,,instructions,802029668,100.00,3.86,insn per cycle
2.606752570,3007535348,,cycles,802028578,100.00,,
2.707009834,33452,,rD044,802057138,100.00,,
2.707009834,74216351,,rFF44,802062988,100.00,,
2.707009834,11575644318,,instructions,802061378,100.00,3.85,insn per cycle
2.707009834,3007687799,,cycles,802062878,100.00,,
2.807269458,29944,,rD044,801955693,100.00,,
2.807269458,74485265,,rFF44,801935978,100.00,,
2.807269458,11610032530,,instructions,801945898,100.00,3.86,insn per cycle
2.807269458,3007084436,,cycles,801961898,100.00,,
2.907527292,33618,,rD044,802078375,100.00,,
2.907527292,74213449,,rFF44,802091850,100.00,,
2.907527292,11576230384,,instructions,802079840,100.00,3.85,insn per cycle
2.907527292,3007685684,,cycles,802067437,100.00,,
3.007784896,30378,,rD044,802031868,100.00,,
3.007784896,74694324,,rFF44,802026818,100.00,,
3.007784896,11640007432,,instructions,802022328,100.00,3.87,insn per cycle
3.007784896,3007537130,,cycles,802031371,100.00,,
3.108043450,32523,,rD044,802048008,100.00,,
3.108043450,74045354,,rFF44,802054738,100.00,,
3.108043450,11551746690,,instructions,802059308,100.00,3.84,insn per cycle
3.108043450,3007598886,,cycles,802047698,100.00,,
3.208302515,33368,,rD044,802043328,100.00,,
3.208302515,74320228,,rFF44,802051198,100.00,,
3.208302515,11587534450,,instructions,802055888,100.00,3.85,insn per cycle
3.208302515,3007648975,,cycles,802065928,100.00,,
3.308564769,31002,,rD044,802079501,100.00,,
3.308564769,74739484,,rFF44,802073328,100.00,,
3.308564769,11643257138,,instructions,802066688,100.00,3.87,insn per cycle
3.308564769,3007622890,,cycles,802052368,100.00,,
3.407907343,62043,,rD044,772391395,100.00,,
3.407907343,67360947,,rFF44,772175388,100.00,,
3.407907343,10602058979,,instructions,772024828,100.00,3.66,insn per cycle
3.407907343,2894373929,,cycles,771875738,100.00,,
