0.100118815,4807280,,rD044,1426122258,100.00,,
0.100118815,127137664,,rFF44,1475832494,100.00,,
0.100118815,18227951117,,instructions,1521287573,100.00,3.11,insn per cycle
0.100118815,5862408409,,cycles,1566648912,100.00,,
0.201863137,137310,,rD044,13022190072,100.00,,
0.201863137,1108593498,,rFF44,13019237392,100.00,,
0.201863137,175629271124,,instructions,13016224258,100.00,3.60,insn per cycle
0.201863137,48799623928,,cycles,13013290052,100.00,,
0.303452058,133255,,rD044,13003009533,100.00,,
0.303452058,1107948139,,rFF44,13002793160,100.00,,
0.303452058,175453445767,,instructions,13001997525,100.00,3.60,insn per cycle
0.303452058,48748854689,,cycles,12999747144,100.00,,
0.327072274,110876,,rD044,2316182788,100.00,,
0.327072274,126075715,,rFF44,2269641605,100.00,,
0.327072274,21447084756,,instructions,2227995295,100.00,2.61,insn per cycle
0.327072274,8203177591,,cycles,2187818543,100.00,,
