0.100112539,3806250,,rD044,317840579,100.00,,
0.100112539,38944028,,rFF44,318674909,100.00,,
0.100112539,3680938761,,instructions,319329269,100.00,3.08,insn per cycle
0.100112539,1194458694,,cycles,319957669,100.00,,
0.200512222,30845,,rD044,1606423666,100.00,,
0.200512222,144302401,,rFF44,1606490186,100.00,,
0.200512222,22608988925,,instructions,1606503196,100.00,3.75,insn per cycle
0.200512222,6024365726,,cycles,1606518521,100.00,,
0.300877454,29713,,rD044,1605767136,100.00,,
0.300877454,143902782,,rFF44,1605724166,100.00,,
0.300877454,22549243907,,instructions,1605690031,100.00,3.74,insn per cycle
0.300877454,6021191216,,cycles,1605672817,100.00,,
0.401232076,27731,,rD044,1605598736,100.00,,
0.401232076,144155123,,rFF44,1605695033,100.00,,
0.401232076,22594228631,,instructions,1605744157,100.00,3.75,insn per cycle
0.401232076,6021528204,,cycles,1605771606,100.00,,
0.501600138,27766,,rD044,1605857011,100.00,,
0.501600138,145363841,,rFF44,1605736725,100.00,,
0.501600138,22745194587,,instructions,1605683596,100.00,3.78,insn per cycle
0.501600138,6021144092,,cycles,1605661746,100.00,,
0.601949560,27065,,rD044,1605495672,100.00,,
0.601949560,144289960,,rFF44,1605501905,100.00,,
0.601949560,22615165181,,instructions,1605499225,100.00,3.76,insn per cycle
0.601949560,6020465432,,cycles,1605488815,100.00,,
0.702301132,28395,,rD044,1605679340,100.00,,
0.702301132,144815883,,rFF44,1605707586,100.00,,
0.702301132,22682037751,,instructions,1605743676,100.00,3.77,insn per cycle
0.702301132,6021438543,,cycles,1605758246,100.00,,
0.802664024,27433,,rD044,1605597625,100.00,,
0.802664024,145442666,,rFF44,1605582725,100.00,,
0.802664024,22764327670,,instructions,1605566705,100.00,3.78,insn per cycle
0.802664024,6020621862,,cycles,1605535195,100.00,,
0.903012856,27617,,rD044,1605584266,100.00,,
0.903012856,143090928,,rFF44,1605611166,100.00,,
0.903012856,22462519983,,instructions,1605615666,100.00,3.73,insn per cycle
0.903012856,6021016243,,cycles,1605628736,100.00,,
1.003370088,29035,,rD044,1605645276,100.00,,
1.003370088,144163361,,rFF44,1605636066,100.00,,
1.003370088,22591750106,,instructions,1605630606,100.00,3.75,insn per cycle
1.003370088,6021040365,,cycles,1605643971,100.00,,
1.103725661,26967,,rD044,1605659236,100.00,,
1.103725661,143202006,,rFF44,1605666456,100.00,,
1.103725661,22475550109,,instructions,1605677251,100.00,3.73,insn per cycle
1.103725661,6021285911,,cycles,1605698877,100.00,,
1.204083703,26605,,rD044,1605712806,100.00,,
1.204083703,142394731,,rFF44,1605709020,100.00,,
1.204083703,22359001969,,instructions,1605713237,100.00,3.71,insn per cycle
1.204083703,6021371599,,cycles,1605721346,100.00,,
1.304465535,27115,,rD044,1606063310,100.00,,
1.304465535,133346213,,rFF44,1606051448,100.00,,
1.304465535,21210404169,,instructions,1606042416,100.00,3.52,insn per cycle
1.304465535,6022450456,,cycles,1606009696,100.00,,
1.404820337,27513,,rD044,1605677248,100.00,,
1.404820337,145799686,,rFF44,1605626986,100.00,,
1.404820337,22806392236,,instructions,1605589686,100.00,3.79,insn per cycle
1.404820337,6020816754,,cycles,1605574466,100.00,,
1.505169689,26501,,rD044,1605553326,100.00,,
1.505169689,145367193,,rFF44,1605595406,100.00,,
1.505169689,22751082179,,instructions,1605655686,100.00,3.78,insn per cycle
1.505169689,6021406725,,cycles,1605731646,100.00,,
1.605528271,27188,,rD044,1605666766,100.00,,
1.605528271,145724522,,rFF44,1605666666,100.00,,
1.605528271,22792434797,,instructions,1605666546,100.00,3.79,insn per cycle
1.605528271,6020883026,,cycles,1605600077,100.00,,
1.705884253,27513,,rD044,1605658746,100.00,,
1.705884253,144817341,,rFF44,1605651236,100.00,,
1.705884253,22680409736,,instructions,1605624536,100.00,3.77,insn per cycle
1.705884253,6020972455,,cycles,1605631061,100.00,,
1.798314408,59121,,rD044,1432612489,100.00,,
1.798314408,121497287,,rFF44,1431765549,100.00,,
1.798314408,19237175858,,instructions,1431117749,100.00,3.59,insn per cycle
1.798314408,5363918810,,cycles,1430488743,100.00,,
