0.100121439,3824486,,rD044,1149643741,100.00,,
0.100121439,112274390,,rFF44,1161188541,100.00,,
0.100121439,15287230725,,instructions,1170923325,100.00,3.46,insn per cycle
0.100121439,4419604411,,cycles,1180705257,100.00,,
0.201000007,71496,,rD044,6456064582,100.00,,
0.201000007,563045464,,rFF44,6455937847,100.00,,
0.201000007,88694016922,,instructions,6456249422,100.00,3.66,insn per cycle
0.201000007,24210535053,,cycles,6456187410,100.00,,
0.301841134,73466,,rD044,6453903536,100.00,,
0.301841134,561349417,,rFF44,6454046409,100.00,,
0.301841134,88480983754,,instructions,6453791142,100.00,3.66,insn per cycle
0.301841134,24200875682,,cycles,6453612841,100.00,,
0.402665052,71414,,rD044,6452192909,100.00,,
0.402665052,562694223,,rFF44,6451931900,100.00,,
0.402665052,88634079477,,instructions,6452062751,100.00,3.66,insn per cycle
0.402665052,24194422400,,cycles,6451884926,100.00,,
0.503480299,70781,,rD044,6451992181,100.00,,
0.503480299,566796044,,rFF44,6451799102,100.00,,
0.503480299,89163552681,,instructions,6451686805,100.00,3.69,insn per cycle
0.503480299,24196233103,,cycles,6452390069,100.00,,
0.531078912,73165,,rD044,1532991834,100.00,,
0.531078912,100786527,,rFF44,1521884984,100.00,,
0.531078912,16678697478,,instructions,1512075338,100.00,2.96,insn per cycle
0.531078912,5632330773,,cycles,1502008280,100.00,,
