0.100122792,4388037,,rD044,316316874,100.00,,
0.100122792,36700904,,rFF44,317595037,100.00,,
0.100122792,3364705983,,instructions,318625060,100.00,2.82,insn per cycle
0.100122792,1193355816,,cycles,319586890,100.00,,
0.200643597,2639461,,rD044,1607645252,100.00,,
0.200643597,139740688,,rFF44,1607640649,100.00,,
0.200643597,21921824651,,instructions,1607386876,100.00,3.64,insn per cycle
0.200643597,6026899065,,cycles,1607193211,100.00,,
0.301072852,1930428,,rD044,1606965476,100.00,,
0.301072852,142972534,,rFF44,1606650903,100.00,,
0.301072852,22377961478,,instructions,1606767032,100.00,3.71,insn per cycle
0.301072852,6025181805,,cycles,1606735777,100.00,,
0.401476216,1836656,,rD044,1606013015,100.00,,
0.401476216,143059788,,rFF44,1606039095,100.00,,
0.401476216,22382477406,,instructions,1605956626,100.00,3.72,insn per cycle
0.401476216,6022381622,,cycles,1605989376,100.00,,
0.501868230,2136361,,rD044,1606415923,100.00,,
0.501868230,143042871,,rFF44,1606829996,100.00,,
0.501868230,22376171397,,instructions,1606875426,100.00,3.71,insn per cycle
0.501868230,6025817863,,cycles,1606903394,100.00,,
0.602306415,2044558,,rD044,1606788996,100.00,,
0.602306415,143907924,,rFF44,1606284566,100.00,,
0.602306415,22488729454,,instructions,1606182081,100.00,3.73,insn per cycle
0.602306415,6022896071,,cycles,1606125824,100.00,,
0.702685639,1859769,,rD044,1606464226,100.00,,
0.702685639,143801511,,rFF44,1606681822,100.00,,
0.702685639,22470436514,,instructions,1606759127,100.00,3.73,insn per cycle
0.702685639,6025588106,,cycles,1606842436,100.00,,
0.803119414,2075498,,rD044,1606560252,100.00,,
0.803119414,143012133,,rFF44,1606463266,100.00,,
0.803119414,22360365494,,instructions,1606402336,100.00,3.71,insn per cycle
0.803119414,6024031208,,cycles,1606427899,100.00,,
0.903524698,2000150,,rD044,1606484316,100.00,,
0.903524698,143339252,,rFF44,1606401766,100.00,,
0.903524698,22417544505,,instructions,1606363658,100.00,3.72,insn per cycle
0.903524698,6023412649,,cycles,1606274109,100.00,,
1.003916483,1849652,,rD044,1606399613,100.00,,
1.003916483,142812599,,rFF44,1606654182,100.00,,
1.003916483,22341100789,,instructions,1606620750,100.00,3.71,insn per cycle
1.003916483,6024663472,,cycles,1606596596,100.00,,
1.104326237,1894286,,rD044,1606297475,100.00,,
1.104326237,141620748,,rFF44,1606011556,100.00,,
1.104326237,22194893876,,instructions,1606042126,100.00,3.69,insn per cycle
1.104326237,6022636877,,cycles,1606055566,100.00,,
1.204702891,2054274,,rD044,1606008076,100.00,,
1.204702891,142590744,,rFF44,1606080426,100.00,,
1.204702891,22318257983,,instructions,1606091106,100.00,3.71,insn per cycle
1.204702891,6022939523,,cycles,1606136664,100.00,,
1.305101656,1883926,,rD044,1606393486,100.00,,
1.305101656,142546860,,rFF44,1606290638,100.00,,
1.305101656,22315717541,,instructions,1606287552,100.00,3.70,insn per cycle
1.305101656,6023192107,,cycles,1606209974,100.00,,
1.405482780,2004480,,rD044,1606081863,100.00,,
1.405482780,142920853,,rFF44,1606332200,100.00,,
1.405482780,22361091691,,instructions,1606356436,100.00,3.71,insn per cycle
1.405482780,6023921693,,cycles,1606385036,100.00,,
1.505880694,2033004,,rD044,1606269825,100.00,,
1.505880694,142658769,,rFF44,1606167946,100.00,,
1.505880694,22327864351,,instructions,1606188236,100.00,3.71,insn per cycle
1.505880694,6023170365,,cycles,1606196146,100.00,,
1.606283769,2042077,,rD044,1606088886,100.00,,
1.606283769,142890194,,rFF44,1605997236,100.00,,
1.606283769,22354756643,,instructions,1605979016,100.00,3.71,insn per cycle
1.606283769,6022098564,,cycles,1605989852,100.00,,
1.706668463,1877634,,rD044,1606358836,100.00,,
1.706668463,142613141,,rFF44,1606368128,100.00,,
1.706668463,22325849955,,instructions,1606334522,100.00,3.71,insn per cycle
1.706668463,6024326678,,cycles,1606498916,100.00,,
1.807084877,1690286,,rD044,1605853350,100.00,,
1.807084877,140087076,,rFF44,1605674448,100.00,,
1.807084877,21992927272,,instructions,1605607774,100.00,3.65,insn per cycle
1.807084877,6020421816,,cycles,1605480144,100.00,,
1.814984192,26821,,rD044,84181033,100.00,,
1.814984192,287588,,rFF44,83422913,100.00,,
1.814984192,251920173,,instructions,82761033,100.00,0.82,insn per cycle
1.814984192,307220411,,cycles,81958963,100.00,,
