0.100119566,4490914,,rD044,502743470,100.00,,
0.100119566,49682023,,rFF44,519635814,100.00,,
0.100119566,5576377794,,instructions,532556073,100.00,2.74,insn per cycle
0.100119566,2032255595,,cycles,544047270,100.00,,
0.201254622,1118873,,rD044,6469086470,100.00,,
0.201254622,573682175,,rFF44,6466090083,100.00,,
0.201254622,90156892802,,instructions,6465349877,100.00,3.72,insn per cycle
0.201254622,24246417252,,cycles,6465736063,100.00,,
0.302247147,276254,,rD044,6463468720,100.00,,
0.302247147,575415682,,rFF44,6463280585,100.00,,
0.302247147,90413108808,,instructions,6463252018,100.00,3.73,insn per cycle
0.302247147,24238604835,,cycles,6463651269,100.00,,
0.403245892,285804,,rD044,6463978684,100.00,,
0.403245892,573805653,,rFF44,6464643148,100.00,,
0.403245892,90205247094,,instructions,6464597430,100.00,3.72,insn per cycle
0.403245892,24241203321,,cycles,6464344815,100.00,,
0.504264327,280994,,rD044,6465196382,100.00,,
0.504264327,573422933,,rFF44,6464530686,100.00,,
0.504264327,90177795701,,instructions,6464376639,100.00,3.72,insn per cycle
0.504264327,24241420982,,cycles,6464401637,100.00,,
0.534894257,113165,,rD044,1723105782,100.00,,
0.534894257,118073677,,rFF44,1709399192,100.00,,
0.534894257,19418529319,,instructions,1697447471,100.00,3.07,insn per cycle
0.534894257,6319702005,,cycles,1685398454,100.00,,
