0.100139900,4787925,,rD044,95798413,100.00,,
0.100139900,21081458,,rFF44,95804243,100.00,,
0.100139900,456461635,,instructions,95808793,100.00,1.28,insn per cycle
0.100139900,355277522,,cycles,95813603,100.00,,
0.200438221,5490432,,rD044,100294245,100.00,,
0.200438221,23973650,,rFF44,100294185,100.00,,
0.200438221,505205971,,instructions,100294355,100.00,1.34,insn per cycle
0.200438221,376089917,,cycles,100294515,100.00,,
0.300653622,5492256,,rD044,100213955,100.00,,
0.300653622,23953179,,rFF44,100214155,100.00,,
0.300653622,505195404,,instructions,100214805,100.00,1.34,insn per cycle
0.300653622,375803066,,cycles,100214645,100.00,,
0.400867790,6807765,,rD044,100214755,100.00,,
0.400867790,29233172,,rFF44,100215195,100.00,,
0.400867790,66824383,,instructions,100214805,100.00,0.18,insn per cycle
0.400867790,375803135,,cycles,100214865,100.00,,
0.501103484,6914835,,rD044,100233945,100.00,,
0.501103484,30046884,,rFF44,100234385,100.00,,
0.501103484,37533843,,instructions,100234485,100.00,0.10,insn per cycle
0.501103484,375877102,,cycles,100234375,100.00,,
0.601318648,2951405,,rD044,501544977,100.00,,
0.601318648,55121298,,rFF44,501816817,100.00,,
0.601318648,6626459612,,instructions,501981857,100.00,3.52,insn per cycle
0.601318648,1882427440,,cycles,502147907,100.00,,
0.701620123,31816,,rD044,802358530,100.00,,
0.701620123,75782057,,rFF44,802314860,100.00,,
0.701620123,11677461389,,instructions,802305680,100.00,3.88,insn per cycle
0.701620123,3008560217,,cycles,802293950,100.00,,
0.801908458,34534,,rD044,802300980,100.00,,
0.801908458,74680551,,rFF44,802293880,100.00,,
0.801908458,11538303736,,instructions,802287415,100.00,3.84,insn per cycle
0.801908458,3008531366,,cycles,802279318,100.00,,
0.902184952,30087,,rD044,802210870,100.00,,
0.902184952,75801649,,rFF44,802223777,100.00,,
0.902184952,11672691197,,instructions,802235533,100.00,3.88,insn per cycle
0.902184952,3008394358,,cycles,802242670,100.00,,
1.002463837,35285,,rD044,802226245,100.00,,
1.002463837,75053687,,rFF44,802224521,100.00,,
1.002463837,11585578316,,instructions,802218000,100.00,3.85,insn per cycle
1.002463837,3008282834,,cycles,802212560,100.00,,
1.102741242,31371,,rD044,802210953,100.00,,
1.102741242,75390737,,rFF44,802203810,100.00,,
1.102741242,11624775577,,instructions,802201710,100.00,3.86,insn per cycle
1.102741242,3008244443,,cycles,802202510,100.00,,
1.203030857,31971,,rD044,802313800,100.00,,
1.203030857,75393074,,rFF44,802318030,100.00,,
1.203030857,11625549388,,instructions,802324620,100.00,3.86,insn per cycle
1.203030857,3008723240,,cycles,802330120,100.00,,
1.303306022,33929,,rD044,802200100,100.00,,
1.303306022,74064479,,rFF44,802195190,100.00,,
1.303306022,11463948238,,instructions,802192730,100.00,3.81,insn per cycle
1.303306022,3008151313,,cycles,802180710,100.00,,
1.403582266,29227,,rD044,802191830,100.00,,
1.403582266,75882692,,rFF44,802192050,100.00,,
1.403582266,11701210173,,instructions,802185270,100.00,3.89,insn per cycle
1.403582266,3008195280,,cycles,802189440,100.00,,
1.503858381,34114,,rD044,802228900,100.00,,
1.503858381,74934717,,rFF44,802299730,100.00,,
1.503858381,11581812586,,instructions,802314780,100.00,3.85,insn per cycle
1.503858381,3008730437,,cycles,802331958,100.00,,
1.604141006,29922,,rD044,802229280,100.00,,
1.604141006,75574422,,rFF44,802158570,100.00,,
1.604141006,11659816717,,instructions,802144127,100.00,3.88,insn per cycle
1.604141006,3008001809,,cycles,802137530,100.00,,
1.704415601,33597,,rD044,802194530,100.00,,
1.704415601,74877276,,rFF44,802190878,100.00,,
1.704415601,11568856989,,instructions,802196341,100.00,3.85,insn per cycle
1.704415601,3008176309,,cycles,802184670,100.00,,
1.804685955,29266,,rD044,802157254,100.00,,
1.804685955,75649864,,rFF44,802158030,100.00,,
1.804685955,11667159598,,instructions,802159760,100.00,3.88,insn per cycle
1.804685955,3008089770,,cycles,802161200,100.00,,
1.904957650,33914,,rD044,802140304,100.00,,
1.904957650,74806124,,rFF44,802131880,100.00,,
1.904957650,11555841953,,instructions,802133030,100.00,3.84,insn per cycle
1.904957650,3007969382,,cycles,802138080,100.00,,
2.005231815,29032,,rD044,802201240,100.00,,
2.005231815,75460450,,rFF44,802214980,100.00,,
2.005231815,11629443085,,instructions,802209550,100.00,3.87,insn per cycle
2.005231815,3008265114,,cycles,802208580,100.00,,
2.105546920,34650,,rD044,802479810,100.00,,
2.105546920,75201826,,rFF44,802480280,100.00,,
2.105546920,11598651467,,instructions,802476770,100.00,3.85,insn per cycle
2.105546920,3009225698,,cycles,802471970,100.00,,
2.205819394,29237,,rD044,802174240,100.00,,
2.205819394,75538157,,rFF44,802167550,100.00,,
2.205819394,11632308002,,instructions,802199140,100.00,3.87,insn per cycle
2.205819394,3009378449,,cycles,802505028,100.00,,
2.306134190,33468,,rD044,802512320,100.00,,
2.306134190,74169618,,rFF44,802517457,100.00,,
2.306134190,11475391171,,instructions,802500278,100.00,3.81,insn per cycle
2.306134190,3008224571,,cycles,802197030,100.00,,
2.406410284,29622,,rD044,802199475,100.00,,
2.406410284,76177723,,rFF44,802203311,100.00,,
2.406410284,11733662733,,instructions,802205500,100.00,3.90,insn per cycle
2.406410284,3008287710,,cycles,802213780,100.00,,
2.506688479,34356,,rD044,802231913,100.00,,
2.506688479,75235530,,rFF44,802232800,100.00,,
2.506688479,11607886557,,instructions,802220600,100.00,3.86,insn per cycle
2.506688479,3008254336,,cycles,802204740,100.00,,
2.606956324,34293,,rD044,802121430,100.00,,
2.606956324,75453314,,rFF44,802103680,100.00,,
2.606956324,11641647423,,instructions,802095040,100.00,3.87,insn per cycle
2.606956324,3007897298,,cycles,802110250,100.00,,
2.707229558,28946,,rD044,802180660,100.00,,
2.707229558,75640133,,rFF44,802194480,100.00,,
2.707229558,11663877703,,instructions,802211410,100.00,3.88,insn per cycle
2.707229558,3008239077,,cycles,802200790,100.00,,
2.807502023,34071,,rD044,802192270,100.00,,
2.807502023,74687670,,rFF44,802197130,100.00,,
2.807502023,11540371495,,instructions,802185690,100.00,3.84,insn per cycle
2.807502023,3008198412,,cycles,802190330,100.00,,
2.907778188,29408,,rD044,802184010,100.00,,
2.907778188,75489256,,rFF44,802192940,100.00,,
2.907778188,11646689739,,instructions,802201540,100.00,3.87,insn per cycle
2.907778188,3008228629,,cycles,802204230,100.00,,
3.008071633,33518,,rD044,802344540,100.00,,
3.008071633,73116146,,rFF44,802336720,100.00,,
3.008071633,11347329805,,instructions,802335412,100.00,3.77,insn per cycle
3.008071633,3008725466,,cycles,802330798,100.00,,
3.108350468,29545,,rD044,802187890,100.00,,
3.108350468,75289681,,rFF44,802170754,100.00,,
3.108350468,11612256045,,instructions,802164936,100.00,3.86,insn per cycle
3.108350468,3008074481,,cycles,802164740,100.00,,
3.208626942,34137,,rD044,802204173,100.00,,
3.208626942,74467450,,rFF44,802212444,100.00,,
3.208626942,11519234719,,instructions,802211280,100.00,3.83,insn per cycle
3.208626942,3008301625,,cycles,802217930,100.00,,
3.308914127,28980,,rD044,802292285,100.00,,
3.308914127,75415610,,rFF44,802295470,100.00,,
3.308914127,11623335753,,instructions,802308620,100.00,3.86,insn per cycle
3.308914127,3008613595,,cycles,802300940,100.00,,
3.409186742,35014,,rD044,802183200,100.00,,
3.409186742,75264455,,rFF44,802178640,100.00,,
3.409186742,11611002772,,instructions,802160700,100.00,3.86,insn per cycle
3.409186742,3008081464,,cycles,802158630,100.00,,
3.509461356,29551,,rD044,802183720,100.00,,
3.509461356,75972833,,rFF44,802188560,100.00,,
3.509461356,11700754074,,instructions,802188300,100.00,3.89,insn per cycle
3.509461356,3008190844,,cycles,802188410,100.00,,
3.609736071,33825,,rD044,802210370,100.00,,
3.609736071,75133591,,rFF44,802225440,100.00,,
3.609736071,11592665329,,instructions,802232040,100.00,3.85,insn per cycle
3.609736071,3008369577,,cycles,802235720,100.00,,
3.710027216,30265,,rD044,802306390,100.00,,
3.710027216,75556865,,rFF44,802284900,100.00,,
3.710027216,11636705845,,instructions,802293680,100.00,3.87,insn per cycle
3.710027216,3008572775,,cycles,802289762,100.00,,
3.810301241,34664,,rD044,802125170,100.00,,
3.810301241,74410042,,rFF44,802121990,100.00,,
3.810301241,11501072705,,instructions,802115872,100.00,3.82,insn per cycle
3.810301241,3007810156,,cycles,802115526,100.00,,
3.910608246,34356,,rD044,802406145,100.00,,
3.910608246,74548752,,rFF44,802414388,100.00,,
3.910608246,11530245055,,instructions,802409076,100.00,3.83,insn per cycle
3.910608246,3008991906,,cycles,802416620,100.00,,
4.010887571,30372,,rD044,802256693,100.00,,
4.010887571,75857816,,rFF44,802243220,100.00,,
4.010887571,11693172373,,instructions,802250350,100.00,3.89,insn per cycle
4.010887571,3008365614,,cycles,802250540,100.00,,
4.111170265,34155,,rD044,802172510,100.00,,
4.111170265,74992776,,rFF44,802188270,100.00,,
4.111170265,11580088423,,instructions,802186150,100.00,3.85,insn per cycle
4.111170265,3008150668,,cycles,802185080,100.00,,
4.211448490,29614,,rD044,802225110,100.00,,
4.211448490,75973598,,rFF44,802222940,100.00,,
4.211448490,11720582527,,instructions,802217720,100.00,3.90,insn per cycle
4.211448490,3008284945,,cycles,802213350,100.00,,
4.311719655,34005,,rD044,802154360,100.00,,
4.311719655,74826242,,rFF44,802162170,100.00,,
4.311719655,11554405150,,instructions,802166420,100.00,3.84,insn per cycle
4.311719655,3008135477,,cycles,802173230,100.00,,
4.411991479,29740,,rD044,802172350,100.00,,
4.411991479,75377868,,rFF44,802162290,100.00,,
4.411991479,11626934520,,instructions,802164800,100.00,3.87,insn per cycle
4.411991479,3008074074,,cycles,802156370,100.00,,
4.512264434,33716,,rD044,802184480,100.00,,
4.512264434,74353670,,rFF44,802186240,100.00,,
4.512264434,11492981549,,instructions,802187790,100.00,3.82,insn per cycle
4.512264434,3008212672,,cycles,802198948,100.00,,
4.612541809,29278,,rD044,802222450,100.00,,
4.612541809,75548406,,rFF44,802221581,100.00,,
4.612541809,11646509622,,instructions,802217608,100.00,3.87,insn per cycle
4.612541809,3008249229,,cycles,802203850,100.00,,
4.712817264,33811,,rD044,802185721,100.00,,
4.712817264,74956770,,rFF44,802188177,100.00,,
4.712817264,11569910233,,instructions,802203740,100.00,3.85,insn per cycle
4.712817264,3009028799,,cycles,802411150,100.00,,
4.813120729,30270,,rD044,802425037,100.00,,
4.813120729,75763842,,rFF44,802426920,100.00,,
4.813120729,11668973302,,instructions,802419080,100.00,3.88,insn per cycle
4.813120729,3008339930,,cycles,802229060,100.00,,
4.913393634,33341,,rD044,802153480,100.00,,
4.913393634,74409103,,rFF44,802149310,100.00,,
4.913393634,11501467908,,instructions,802137640,100.00,3.82,insn per cycle
4.913393634,3007922876,,cycles,802123050,100.00,,
5.013667848,29522,,rD044,802203520,100.00,,
5.013667848,75817730,,rFF44,802205280,100.00,,
5.013667848,11675826294,,instructions,802216110,100.00,3.88,insn per cycle
5.013667848,3008286982,,cycles,802222370,100.00,,
5.113940763,33111,,rD044,802145620,100.00,,
5.113940763,74024607,,rFF44,802140820,100.00,,
5.113940763,11462355201,,instructions,802131580,100.00,3.81,insn per cycle
5.113940763,3007934231,,cycles,802127990,100.00,,
5.214212738,34202,,rD044,802158950,100.00,,
5.214212738,75492796,,rFF44,802143410,100.00,,
5.214212738,11643933783,,instructions,802141350,100.00,3.87,insn per cycle
5.214212738,3008006039,,cycles,802138820,100.00,,
5.314479952,28615,,rD044,802131210,100.00,,
5.314479952,75529837,,rFF44,802149100,100.00,,
5.314479952,11642127517,,instructions,802160570,100.00,3.87,insn per cycle
5.314479952,3008104236,,cycles,802164793,100.00,,
5.414750347,33726,,rD044,802171240,100.00,,
5.414750347,74830151,,rFF44,802167510,100.00,,
5.414750347,11556361922,,instructions,802154942,100.00,3.84,insn per cycle
5.414750347,3008075074,,cycles,802156795,100.00,,
5.515037872,29538,,rD044,802287050,100.00,,
5.515037872,75420254,,rFF44,802279278,100.00,,
5.515037872,11633405504,,instructions,802286336,100.00,3.87,insn per cycle
5.515037872,3008537019,,cycles,802280740,100.00,,
5.615310146,34328,,rD044,802184645,100.00,,
5.615310146,74507868,,rFF44,802213510,100.00,,
5.615310146,11518071983,,instructions,802213720,100.00,3.83,insn per cycle
5.615310146,3008294402,,cycles,802215640,100.00,,
5.715585611,29086,,rD044,802198063,100.00,,
5.715585611,75422179,,rFF44,802182310,100.00,,
5.715585611,11635575610,,instructions,802181390,100.00,3.87,insn per cycle
5.715585611,3008151359,,cycles,802177850,100.00,,
5.815889706,33592,,rD044,802741970,100.00,,
5.815889706,74359752,,rFF44,802745170,100.00,,
5.815889706,11502172757,,instructions,802743290,100.00,3.82,insn per cycle
5.815889706,3010316751,,cycles,802754390,100.00,,
5.916201951,28717,,rD044,802145330,100.00,,
5.916201951,75398832,,rFF44,802139570,100.00,,
5.916201951,11624697779,,instructions,802148230,100.00,3.86,insn per cycle
5.916201951,3008025332,,cycles,802149954,100.00,,
6.016476566,32728,,rD044,802196270,100.00,,
6.016476566,74222680,,rFF44,802186960,100.00,,
6.016476566,11479735163,,instructions,802181775,100.00,3.82,insn per cycle
6.016476566,3008127882,,cycles,802171614,100.00,,
6.116747351,29087,,rD044,802147500,100.00,,
6.116747351,75772394,,rFF44,802160995,100.00,,
6.116747351,11673730797,,instructions,802165233,100.00,3.88,insn per cycle
6.116747351,3008071762,,cycles,802165330,100.00,,
6.217036805,34500,,rD044,802307306,100.00,,
6.217036805,74637050,,rFF44,802304263,100.00,,
6.217036805,11525525900,,instructions,802294000,100.00,3.83,insn per cycle
6.217036805,3008599788,,cycles,802297240,100.00,,
6.317313550,29671,,rD044,802199142,100.00,,
6.317313550,75511054,,rFF44,802196210,100.00,,
6.317313550,11626353264,,instructions,802207050,100.00,3.86,insn per cycle
6.317313550,3008261053,,cycles,802206570,100.00,,
6.417583715,33878,,rD044,802159730,100.00,,
6.417583715,74283513,,rFF44,802151990,100.00,,
6.417583715,11483931146,,instructions,802147710,100.00,3.82,insn per cycle
6.417583715,3008049894,,cycles,802150410,100.00,,
6.517855560,33478,,rD044,802184220,100.00,,
6.517855560,74597422,,rFF44,802279850,100.00,,
6.517855560,11531352384,,instructions,802284190,100.00,3.83,insn per cycle
6.517855560,3008558210,,cycles,802287040,100.00,,
6.618144804,29353,,rD044,802301000,100.00,,
6.618144804,75536117,,rFF44,802227610,100.00,,
6.618144804,11638858404,,instructions,802218300,100.00,3.87,insn per cycle
6.618144804,3008280942,,cycles,802212110,100.00,,
6.718411089,35713,,rD044,802119280,100.00,,
6.718411089,74176229,,rFF44,802099880,100.00,,
6.718411089,11471867493,,instructions,802103430,100.00,3.81,insn per cycle
6.718411089,3007880095,,cycles,802104970,100.00,,
6.818678254,29687,,rD044,802129830,100.00,,
6.818678254,75580217,,rFF44,802137190,100.00,,
6.818678254,11654949293,,instructions,802136030,100.00,3.87,insn per cycle
6.818678254,3007956301,,cycles,802125812,100.00,,
6.918945998,33845,,rD044,802113710,100.00,,
6.918945998,74730000,,rFF44,802097680,100.00,,
6.918945998,11550202440,,instructions,802091920,100.00,3.84,insn per cycle
6.918945998,3007832278,,cycles,802098466,100.00,,
7.019215893,29098,,rD044,802172190,100.00,,
7.019215893,75567010,,rFF44,802190781,100.00,,
7.019215893,11659131204,,instructions,802193888,100.00,3.88,insn per cycle
7.019215893,3008216177,,cycles,802194390,100.00,,
7.119497258,34125,,rD044,802226142,100.00,,
7.119497258,75126584,,rFF44,802234217,100.00,,
7.119497258,11600792728,,instructions,802240440,100.00,3.86,insn per cycle
7.119497258,3008355797,,cycles,802240190,100.00,,
7.219778413,29203,,rD044,802235346,100.00,,
7.219778413,75733165,,rFF44,802225930,100.00,,
7.219778413,11679151211,,instructions,802221690,100.00,3.88,insn per cycle
7.219778413,3008309598,,cycles,802220060,100.00,,
7.320086968,33567,,rD044,802447550,100.00,,
7.320086968,75249889,,rFF44,802438470,100.00,,
7.320086968,11611351971,,instructions,802437520,100.00,3.86,insn per cycle
7.320086968,3009131909,,cycles,802438700,100.00,,
7.420358902,29383,,rD044,802186630,100.00,,
7.420358902,75722774,,rFF44,802205720,100.00,,
7.420358902,11667864288,,instructions,802215340,100.00,3.88,insn per cycle
7.420358902,3008304970,,cycles,802218340,100.00,,
7.520632797,33091,,rD044,802181000,100.00,,
7.520632797,74615871,,rFF44,802173180,100.00,,
7.520632797,11527923248,,instructions,802168820,100.00,3.83,insn per cycle
7.520632797,3008130320,,cycles,802172110,100.00,,
7.620911362,30223,,rD044,802236620,100.00,,
7.620911362,75834500,,rFF44,802241240,100.00,,
7.620911362,11677485054,,instructions,802239310,100.00,3.88,insn per cycle
7.620911362,3008374891,,cycles,802240158,100.00,,
7.721207097,33456,,rD044,802340100,100.00,,
7.721207097,74433560,,rFF44,802346448,100.00,,
7.721207097,11497718665,,instructions,802351738,100.00,3.82,insn per cycle
7.721207097,3008786383,,cycles,802353790,100.00,,
7.821476141,29496,,rD044,802095493,100.00,,
7.821476141,75415238,,rFF44,802072350,100.00,,
7.821476141,11620130046,,instructions,802063120,100.00,3.86,insn per cycle
7.821476141,3007599015,,cycles,802055350,100.00,,
7.921745486,33513,,rD044,802110645,100.00,,
7.921745486,74542636,,rFF44,802128400,100.00,,
7.921745486,11518614719,,instructions,802137670,100.00,3.83,insn per cycle
7.921745486,3007977717,,cycles,802146160,100.00,,
8.022031181,34922,,rD044,802224839,100.00,,
8.022031181,74552747,,rFF44,802204509,100.00,,
8.022031181,11526838744,,instructions,802195949,100.00,3.83,insn per cycle
8.022031181,3008122800,,cycles,802191509,100.00,,
8.122303156,29105,,rD044,802151750,100.00,,
8.122303156,75514823,,rFF44,802160020,100.00,,
8.122303156,11642643077,,instructions,802163430,100.00,3.87,insn per cycle
8.122303156,3008052943,,cycles,802158720,100.00,,
8.222574240,33794,,rD044,802175900,100.00,,
8.222574240,73769281,,rFF44,802185130,100.00,,
8.222574240,11424594044,,instructions,802178700,100.00,3.80,insn per cycle
8.222574240,3008149789,,cycles,802177160,100.00,,
8.322850935,29273,,rD044,802204890,100.00,,
8.322850935,75607940,,rFF44,802247490,100.00,,
8.322850935,11664084548,,instructions,802258970,100.00,3.88,insn per cycle
8.322850935,3008502367,,cycles,802271340,100.00,,
8.423133750,34181,,rD044,802248750,100.00,,
8.423133750,75323207,,rFF44,802188900,100.00,,
8.423133750,11626778696,,instructions,802180280,100.00,3.87,insn per cycle
8.423133750,3008097990,,cycles,802169185,100.00,,
8.523405224,29945,,rD044,802169860,100.00,,
8.523405224,75635334,,rFF44,802181050,100.00,,
8.523405224,11665057616,,instructions,802181025,100.00,3.88,insn per cycle
8.523405224,3008163384,,cycles,802180443,100.00,,
8.623680909,33661,,rD044,802212060,100.00,,
8.623680909,74689944,,rFF44,802216978,100.00,,
8.623680909,11537962698,,instructions,802211743,100.00,3.84,insn per cycle
8.623680909,3008270901,,cycles,802209960,100.00,,
8.723956714,29478,,rD044,802200355,100.00,,
8.723956714,75428589,,rFF44,802204300,100.00,,
8.723956714,11624798245,,instructions,802217690,100.00,3.86,insn per cycle
8.723956714,3008321976,,cycles,802223100,100.00,,
8.824223829,34101,,rD044,802115763,100.00,,
8.824223829,73992755,,rFF44,802107040,100.00,,
8.824223829,11448858678,,instructions,802107360,100.00,3.81,insn per cycle
8.824223829,3007892197,,cycles,802108430,100.00,,
8.924507143,29277,,rD044,802247750,100.00,,
8.924507143,75826663,,rFF44,802245270,100.00,,
8.924507143,11678201982,,instructions,802242830,100.00,3.88,insn per cycle
8.924507143,3008346692,,cycles,802235540,100.00,,
9.024768308,33443,,rD044,802085600,100.00,,
9.024768308,74217057,,rFF44,802094440,100.00,,
9.024768308,11474600706,,instructions,802087290,100.00,3.81,insn per cycle
9.024768308,3007821005,,cycles,802089040,100.00,,
9.125053963,30140,,rD044,802264220,100.00,,
9.125053963,75417345,,rFF44,802264610,100.00,,
9.125053963,11613238236,,instructions,802268350,100.00,3.86,insn per cycle
9.125053963,3008474731,,cycles,802271990,100.00,,
9.225330867,33920,,rD044,802207860,100.00,,
9.225330867,74100899,,rFF44,802208040,100.00,,
9.225330867,11457579633,,instructions,802213360,100.00,3.81,insn per cycle
9.225330867,3008292732,,cycles,802215600,100.00,,
9.325609802,33679,,rD044,802211610,100.00,,
9.325609802,74641020,,rFF44,802207600,100.00,,
9.325609802,11525007966,,instructions,802199080,100.00,3.83,insn per cycle
9.325609802,3008205316,,cycles,802191935,100.00,,
9.425880487,28732,,rD044,802234810,100.00,,
9.425880487,75871936,,rFF44,802244880,100.00,,
9.425880487,11694178617,,instructions,802249438,100.00,3.89,insn per cycle
9.425880487,3008469205,,cycles,802262353,100.00,,
9.526161822,33991,,rD044,802186030,100.00,,
9.526161822,75379234,,rFF44,802186588,100.00,,
9.526161822,11637824095,,instructions,802185110,100.00,3.87,insn per cycle
9.526161822,3008148876,,cycles,802176610,100.00,,
9.626469017,29614,,rD044,802442808,100.00,,
9.626469017,75559585,,rFF44,802424530,100.00,,
9.626469017,11655629451,,instructions,802422840,100.00,3.87,insn per cycle
9.626469017,3009066034,,cycles,802424770,100.00,,
9.726740921,33229,,rD044,802181700,100.00,,
9.726740921,74525184,,rFF44,802199640,100.00,,
9.726740921,11528594552,,instructions,802200140,100.00,3.83,insn per cycle
9.726740921,3008268437,,cycles,802208990,100.00,,
9.827047277,29685,,rD044,802426380,100.00,,
9.827047277,75587633,,rFF44,802414150,100.00,,
9.827047277,11661500636,,instructions,802404380,100.00,3.88,insn per cycle
9.827047277,3008927815,,cycles,802384480,100.00,,
9.927316291,33120,,rD044,802122470,100.00,,
9.927316291,73538279,,rFF44,802114230,100.00,,
9.927316291,11399708640,,instructions,802120430,100.00,3.79,insn per cycle
9.927316291,3007961780,,cycles,802133000,100.00,,
10.027583976,30534,,rD044,802144690,100.00,,
10.027583976,75923698,,rFF44,802150600,100.00,,
10.027583976,11706042811,,instructions,802153720,100.00,3.89,insn per cycle
10.027583976,3008015617,,cycles,802141525,100.00,,
10.127852470,33571,,rD044,802114750,100.00,,
10.127852470,74037041,,rFF44,802172290,100.00,,
10.127852470,11452569428,,instructions,802174907,100.00,3.81,insn per cycle
10.127852470,3008102972,,cycles,802180963,100.00,,
10.228136255,29614,,rD044,802271850,100.00,,
10.228136255,75776097,,rFF44,802210418,100.00,,
10.228136255,11674114436,,instructions,802211301,100.00,3.88,insn per cycle
10.228136255,3008317062,,cycles,802221840,100.00,,
10.328412080,33686,,rD044,802202586,100.00,,
10.328412080,74293121,,rFF44,802221850,100.00,,
10.328412080,11483325303,,instructions,802219250,100.00,3.82,insn per cycle
10.328412080,3008277399,,cycles,802211200,100.00,,
10.428691745,29445,,rD044,802226872,100.00,,
10.428691745,75871669,,rFF44,802213910,100.00,,
10.428691745,11682298832,,instructions,802210640,100.00,3.88,insn per cycle
10.428691745,3008275479,,cycles,802210190,100.00,,
10.528965839,33639,,rD044,802176500,100.00,,
10.528965839,74678944,,rFF44,802171880,100.00,,
10.528965839,11538410470,,instructions,802176110,100.00,3.84,insn per cycle
10.528965839,3008151145,,cycles,802177720,100.00,,
10.629241304,33835,,rD044,802204740,100.00,,
10.629241304,74905865,,rFF44,802218050,100.00,,
10.629241304,11559232570,,instructions,802220780,100.00,3.84,insn per cycle
10.629241304,3008295383,,cycles,802221500,100.00,,
10.729518369,29057,,rD044,802203480,100.00,,
10.729518369,75450769,,rFF44,802193540,100.00,,
10.729518369,11627533924,,instructions,802190800,100.00,3.87,insn per cycle
10.729518369,3008176861,,cycles,802184450,100.00,,
10.829789164,33650,,rD044,802160030,100.00,,
10.829789164,74410485,,rFF44,802157450,100.00,,
10.829789164,11505818563,,instructions,802160370,100.00,3.82,insn per cycle
10.829789164,3008132446,,cycles,802172350,100.00,,
10.930069048,29219,,rD044,802207480,100.00,,
10.930069048,75494810,,rFF44,802213290,100.00,,
10.930069048,11642708085,,instructions,802218520,100.00,3.87,insn per cycle
10.930069048,3008260853,,cycles,802213038,100.00,,
11.030338203,33553,,rD044,802157510,100.00,,
11.030338203,73936542,,rFF44,802156770,100.00,,
11.030338203,11443143081,,instructions,802150287,100.00,3.80,insn per cycle
11.030338203,3008057738,,cycles,802152640,100.00,,
11.130614708,28984,,rD044,802194110,100.00,,
11.130614708,75636872,,rFF44,802199568,100.00,,
11.130614708,11669813468,,instructions,802199051,100.00,3.88,insn per cycle
11.130614708,3008167587,,cycles,802189640,100.00,,
11.230892943,33460,,rD044,802326198,100.00,,
11.230892943,73905397,,rFF44,802313260,100.00,,
11.230892943,11442213063,,instructions,802317660,100.00,3.80,insn per cycle
11.230892943,3008717202,,cycles,802328370,100.00,,
11.331186807,29951,,rD044,802226000,100.00,,
11.331186807,75579477,,rFF44,802236420,100.00,,
11.331186807,11656246351,,instructions,802231720,100.00,3.87,insn per cycle
11.331186807,3008331860,,cycles,802225440,100.00,,
11.431460502,33613,,rD044,802184220,100.00,,
11.431460502,73622104,,rFF44,802183410,100.00,,
11.431460502,11412018554,,instructions,802178700,100.00,3.79,insn per cycle
11.431460502,3008135113,,cycles,802173600,100.00,,
11.531761617,28779,,rD044,802398930,100.00,,
11.531761617,75388625,,rFF44,802384540,100.00,,
11.531761617,11618587514,,instructions,802385090,100.00,3.86,insn per cycle
11.531761617,3008943882,,cycles,802388740,100.00,,
11.632040942,32914,,rD044,802231620,100.00,,
11.632040942,73571751,,rFF44,802226230,100.00,,
11.632040942,11398399365,,instructions,802225480,100.00,3.79,insn per cycle
11.632040942,3008344595,,cycles,802228757,100.00,,
11.732308317,29036,,rD044,802111880,100.00,,
11.732308317,75512199,,rFF44,802125600,100.00,,
11.732308317,11630235598,,instructions,802125936,100.00,3.87,insn per cycle
11.732308317,3007916720,,cycles,802127071,100.00,,
11.832573161,35045,,rD044,802096139,100.00,,
11.832573161,74372183,,rFF44,802095713,100.00,,
11.832573161,11485444658,,instructions,802103811,100.00,3.82,insn per cycle
11.832573161,3007810895,,cycles,802102099,100.00,,
11.932847436,29888,,rD044,802134612,100.00,,
11.932847436,75835555,,rFF44,802187644,100.00,,
11.932847436,11678925601,,instructions,802206950,100.00,3.88,insn per cycle
11.932847436,3008229237,,cycles,802212960,100.00,,
12.033134141,34029,,rD044,802258946,100.00,,
12.033134141,73766406,,rFF44,802203740,100.00,,
12.033134141,11423752534,,instructions,802181400,100.00,3.80,insn per cycle
12.033134141,3008074509,,cycles,802172070,100.00,,
12.133406595,33773,,rD044,802168410,100.00,,
12.133406595,74889997,,rFF44,802176450,100.00,,
12.133406595,11564219009,,instructions,802172280,100.00,3.84,insn per cycle
12.133406595,3008102651,,cycles,802172480,100.00,,
12.233683190,29530,,rD044,802200700,100.00,,
12.233683190,75739179,,rFF44,802205740,100.00,,
12.233683190,11673566075,,instructions,802201070,100.00,3.88,insn per cycle
12.233683190,3008235880,,cycles,802200110,100.00,,
12.333957575,34071,,rD044,802187270,100.00,,
12.333957575,74702731,,rFF44,802186690,100.00,,
12.333957575,11540204089,,instructions,802190770,100.00,3.84,insn per cycle
12.333957575,3008208054,,cycles,802192580,100.00,,
12.434230139,28667,,rD044,802162080,100.00,,
12.434230139,75553651,,rFF44,802157670,100.00,,
12.434230139,11654375871,,instructions,802163150,100.00,3.87,insn per cycle
12.434230139,3008090588,,cycles,802161820,100.00,,
12.534501764,33843,,rD044,802170840,100.00,,
12.534501764,73987845,,rFF44,802160100,100.00,,
12.534501764,11448030014,,instructions,802162340,100.00,3.81,insn per cycle
12.534501764,3008106230,,cycles,802164950,100.00,,
12.634760239,29963,,rD044,802063700,100.00,,
12.634760239,75774023,,rFF44,802063870,100.00,,
12.634760239,11690297469,,instructions,802057190,100.00,3.89,insn per cycle
12.634760239,3007682787,,cycles,802053912,100.00,,
12.735050484,34456,,rD044,802329780,100.00,,
12.735050484,74794408,,rFF44,802342194,100.00,,
12.735050484,11557294769,,instructions,802339548,100.00,3.84,insn per cycle
12.735050484,3008754876,,cycles,802343166,100.00,,
12.835328278,29466,,rD044,802221543,100.00,,
12.835328278,75525149,,rFF44,802223284,100.00,,
12.835328278,11644302959,,instructions,802231240,100.00,3.87,insn per cycle
12.835328278,3008334748,,cycles,802226390,100.00,,
12.935602973,33646,,rD044,802160995,100.00,,
12.935602973,74037250,,rFF44,802167050,100.00,,
12.935602973,11446366963,,instructions,802162040,100.00,3.81,insn per cycle
12.935602973,3008083649,,cycles,802165390,100.00,,
13.035880358,30281,,rD044,802266720,100.00,,
13.035880358,75888812,,rFF44,802271640,100.00,,
13.035880358,11690869140,,instructions,802280490,100.00,3.89,insn per cycle
13.035880358,3008572623,,cycles,802291110,100.00,,
13.136163173,33789,,rD044,802184930,100.00,,
13.136163173,74084335,,rFF44,802171800,100.00,,
13.136163173,11463011212,,instructions,802163580,100.00,3.81,insn per cycle
13.136163173,3008021938,,cycles,802151860,100.00,,
13.236437937,29379,,rD044,802196280,100.00,,
13.236437937,75568419,,rFF44,802196450,100.00,,
13.236437937,11634633997,,instructions,802193270,100.00,3.87,insn per cycle
13.236437937,3008183434,,cycles,802194090,100.00,,
13.336711632,35072,,rD044,802195450,100.00,,
13.336711632,73963041,,rFF44,802193060,100.00,,
13.336711632,11443739722,,instructions,802199480,100.00,3.80,insn per cycle
13.336711632,3008234697,,cycles,802199900,100.00,,
13.436999447,33744,,rD044,802283380,100.00,,
13.436999447,75323238,,rFF44,802285030,100.00,,
13.436999447,11613828764,,instructions,802277081,100.00,3.86,insn per cycle
13.436999447,3008565797,,cycles,802288078,100.00,,
13.537272662,29587,,rD044,802186510,100.00,,
13.537272662,75858640,,rFF44,802187152,100.00,,
13.537272662,11689581837,,instructions,802191507,100.00,3.89,insn per cycle
13.537272662,3008148552,,cycles,802176760,100.00,,
13.637535146,33173,,rD044,802095200,100.00,,
13.637535146,73604089,,rFF44,802094464,100.00,,
13.637535146,11401954267,,instructions,802106200,100.00,3.79,insn per cycle
13.637535146,3007889068,,cycles,802107320,100.00,,
13.737804851,29374,,rD044,802153912,100.00,,
13.737804851,75735629,,rFF44,802149722,100.00,,
13.737804851,11678309472,,instructions,802133580,100.00,3.88,insn per cycle
13.737804851,3008216897,,cycles,802195110,100.00,,
13.838089336,34322,,rD044,802267276,100.00,,
13.838089336,74807612,,rFF44,802278930,100.00,,
13.838089336,11550015596,,instructions,802288430,100.00,3.84,insn per cycle
13.838089336,3008351011,,cycles,802230890,100.00,,
13.938353720,28730,,rD044,802094900,100.00,,
13.938353720,75497948,,rFF44,802089110,100.00,,
13.938353720,11648032586,,instructions,802082480,100.00,3.87,insn per cycle
13.938353720,3007763463,,cycles,802079600,100.00,,
14.038623295,33837,,rD044,802156280,100.00,,
14.038623295,74841773,,rFF44,802152970,100.00,,
14.038623295,11564083449,,instructions,802157900,100.00,3.84,insn per cycle
14.038623295,3008083752,,cycles,802159550,100.00,,
14.138910090,29708,,rD044,802286560,100.00,,
14.138910090,75679056,,rFF44,802302920,100.00,,
14.138910090,11670697896,,instructions,802307330,100.00,3.88,insn per cycle
14.138910090,3008593067,,cycles,802302940,100.00,,
14.239185794,33743,,rD044,802181950,100.00,,
14.239185794,75117533,,rFF44,802165590,100.00,,
14.239185794,11594918253,,instructions,802154080,100.00,3.85,insn per cycle
14.239185794,3008072228,,cycles,802156860,100.00,,
14.339461919,29963,,rD044,802214320,100.00,,
14.339461919,75664603,,rFF44,802232580,100.00,,
14.339461919,11660811841,,instructions,802245430,100.00,3.88,insn per cycle
14.339461919,3008405135,,cycles,802244815,100.00,,
14.439744214,33586,,rD044,802235060,100.00,,
14.439744214,74194878,,rFF44,802213770,100.00,,
14.439744214,11474923900,,instructions,802204867,100.00,3.81,insn per cycle
14.439744214,3008264284,,cycles,802207723,100.00,,
14.540031629,30737,,rD044,802308163,100.00,,
14.540031629,75805108,,rFF44,802306468,100.00,,
14.540031629,11672353115,,instructions,802308271,100.00,3.88,insn per cycle
14.540031629,3008609920,,cycles,802299880,100.00,,
14.640290553,33746,,rD044,802066692,100.00,,
14.640290553,74476328,,rFF44,802073550,100.00,,
14.640290553,11506997617,,instructions,802074080,100.00,3.83,insn per cycle
14.640290553,3007785141,,cycles,802080400,100.00,,
14.740563508,29353,,rD044,802174943,100.00,,
14.740563508,75620987,,rFF44,802166800,100.00,,
14.740563508,11648853949,,instructions,802164760,100.00,3.87,insn per cycle
14.740563508,3008137822,,cycles,802173990,100.00,,
14.840837923,33151,,rD044,802199260,100.00,,
14.840837923,73241674,,rFF44,802267600,100.00,,
14.840837923,11363992180,,instructions,802458580,100.00,3.78,insn per cycle
14.840837923,3009190148,,cycles,802454260,100.00,,
14.941143778,33389,,rD044,802410730,100.00,,
14.941143778,74753876,,rFF44,802341220,100.00,,
14.941143778,11545744985,,instructions,802149350,100.00,3.84,insn per cycle
14.941143778,3008029277,,cycles,802150880,100.00,,
15.041417983,28811,,rD044,802191360,100.00,,
15.041417983,75532959,,rFF44,802200700,100.00,,
15.041417983,11645445438,,instructions,802204100,100.00,3.87,insn per cycle
15.041417983,3008222470,,cycles,802196490,100.00,,
15.141688577,33163,,rD044,802154810,100.00,,
15.141688577,74412242,,rFF44,802158260,100.00,,
15.141688577,11502607422,,instructions,802151120,100.00,3.82,insn per cycle
15.141688577,3008075192,,cycles,802165255,100.00,,
15.242001542,29263,,rD044,802480432,100.00,,
15.242001542,75769490,,rFF44,802476848,100.00,,
15.242001542,11688604500,,instructions,802489598,100.00,3.88,insn per cycle
15.242001542,3009242067,,cycles,802474283,100.00,,
15.342275967,33559,,rD044,802202006,100.00,,
15.342275967,74348096,,rFF44,802220250,100.00,,
15.342275967,11494946327,,instructions,802213830,100.00,3.82,insn per cycle
15.342275967,3008309267,,cycles,802219740,100.00,,
15.442558222,28872,,rD044,802231390,100.00,,
15.442558222,75442938,,rFF44,802207560,100.00,,
15.442558222,11637648874,,instructions,802207050,100.00,3.87,insn per cycle
15.442558222,3008254839,,cycles,802204840,100.00,,
15.542832037,32878,,rD044,802196440,100.00,,
15.542832037,73173434,,rFF44,802191320,100.00,,
15.542832037,11342592577,,instructions,802230500,100.00,3.77,insn per cycle
15.542832037,3008385717,,cycles,802240040,100.00,,
15.643096241,30045,,rD044,802103030,100.00,,
15.643096241,75907288,,rFF44,802120760,100.00,,
15.643096241,11701990549,,instructions,802082400,100.00,3.89,insn per cycle
15.643096241,3007759453,,cycles,802075520,100.00,,
15.743373506,34907,,rD044,802180000,100.00,,
15.743373506,74656367,,rFF44,802173040,100.00,,
15.743373506,11530943501,,instructions,802167950,100.00,3.83,insn per cycle
15.743373506,3008060491,,cycles,802167480,100.00,,
15.843651121,29893,,rD044,802203330,100.00,,
15.843651121,75654271,,rFF44,802211820,100.00,,
15.843651121,11653168817,,instructions,802212980,100.00,3.87,insn per cycle
15.843651121,3008245127,,cycles,802218941,100.00,,
15.943929955,34152,,rD044,802178740,100.00,,
15.943929955,74556434,,rFF44,802177900,100.00,,
15.943929955,11517796288,,instructions,802185854,100.00,3.83,insn per cycle
15.943929955,3008123986,,cycles,802187617,100.00,,
16.044215360,30087,,rD044,802240000,100.00,,
16.044215360,75745233,,rFF44,802225208,100.00,,
16.044215360,11663066323,,instructions,802218804,100.00,3.88,insn per cycle
16.044215360,3008222880,,cycles,802211040,100.00,,
16.144488845,32728,,rD044,802161814,100.00,,
16.144488845,74224532,,rFF44,802161170,100.00,,
16.144488845,11473504560,,instructions,802169720,100.00,3.81,insn per cycle
16.144488845,3008061601,,cycles,802164420,100.00,,
16.244762810,33266,,rD044,802193914,100.00,,
16.244762810,74504173,,rFF44,802200800,100.00,,
16.244762810,11518076737,,instructions,802195250,100.00,3.83,insn per cycle
16.244762810,3008263719,,cycles,802207230,100.00,,
16.345051264,29118,,rD044,802291560,100.00,,
16.345051264,75385425,,rFF44,802282370,100.00,,
16.345051264,11617903818,,instructions,802284240,100.00,3.86,insn per cycle
16.345051264,3008522658,,cycles,802276780,100.00,,
16.445323289,32705,,rD044,802180610,100.00,,
16.445323289,73965821,,rFF44,802184170,100.00,,
16.445323289,11450657168,,instructions,802179070,100.00,3.81,insn per cycle
16.445323289,3008150496,,cycles,802176890,100.00,,
16.545596574,29242,,rD044,802171650,100.00,,
16.545596574,75529789,,rFF44,802161970,100.00,,
16.545596574,11648028069,,instructions,802160460,100.00,3.87,insn per cycle
16.545596574,3008099408,,cycles,802164170,100.00,,
16.645854118,33610,,rD044,802054210,100.00,,
16.645854118,75229113,,rFF44,802145400,100.00,,
16.645854118,11618979849,,instructions,802150330,100.00,3.86,insn per cycle
16.645854118,3008081019,,cycles,802158770,100.00,,
16.746127103,29724,,rD044,802178830,100.00,,
16.746127103,75605560,,rFF44,802102740,100.00,,
16.746127103,11664733354,,instructions,802098920,100.00,3.88,insn per cycle
16.746127103,3007790194,,cycles,802086580,100.00,,
16.846400128,33342,,rD044,802195410,100.00,,
16.846400128,74451933,,rFF44,802188590,100.00,,
16.846400128,11498749374,,instructions,802189150,100.00,3.82,insn per cycle
16.846400128,3008187968,,cycles,802187408,100.00,,
16.946667242,29047,,rD044,802105210,100.00,,
16.946667242,75602123,,rFF44,802095700,100.00,,
16.946667242,11658333133,,instructions,802096545,100.00,3.88,insn per cycle
16.946667242,3007856209,,cycles,802105070,100.00,,
17.046939967,33840,,rD044,802168850,100.00,,
17.046939967,74645852,,rFF44,802176365,100.00,,
17.046939967,11526753211,,instructions,802177043,100.00,3.83,insn per cycle
17.046939967,3008137161,,cycles,802173440,100.00,,
17.147245852,28406,,rD044,802442558,100.00,,
17.147245852,75623837,,rFF44,802455233,100.00,,
17.147245852,11652942789,,instructions,802454880,100.00,3.87,insn per cycle
17.147245852,3009164384,,cycles,802455780,100.00,,
17.247522427,33375,,rD044,802196090,100.00,,
17.247522427,73991895,,rFF44,802183170,100.00,,
17.247522427,11444973894,,instructions,802181910,100.00,3.80,insn per cycle
17.247522427,3008173471,,cycles,802183110,100.00,,
17.347796152,29158,,rD044,802190800,100.00,,
17.347796152,75795561,,rFF44,802196340,100.00,,
17.347796152,11671747001,,instructions,802193000,100.00,3.88,insn per cycle
17.347796152,3008184974,,cycles,802186970,100.00,,
17.448080636,33402,,rD044,802268050,100.00,,
17.448080636,74755100,,rFF44,802261080,100.00,,
17.448080636,11549833387,,instructions,802262740,100.00,3.84,insn per cycle
17.448080636,3008464793,,cycles,802261210,100.00,,
17.548351511,29315,,rD044,802163910,100.00,,
17.548351511,75608380,,rFF44,802162780,100.00,,
17.548351511,11648305359,,instructions,802167010,100.00,3.87,insn per cycle
17.548351511,3008128582,,cycles,802171470,100.00,,
17.648613526,34278,,rD044,802083440,100.00,,
17.648613526,74982703,,rFF44,802087410,100.00,,
17.648613526,11573193569,,instructions,802091870,100.00,3.85,insn per cycle
17.648613526,3007837894,,cycles,802093793,100.00,,
17.748875930,33751,,rD044,802125790,100.00,,
17.748875930,74670710,,rFF44,802146760,100.00,,
17.748875930,11538117776,,instructions,802148161,100.00,3.84,insn per cycle
17.748875930,3008066661,,cycles,802154785,100.00,,
17.849182675,29507,,rD044,802431603,100.00,,
17.849182675,75708572,,rFF44,802432388,100.00,,
17.849182675,11674081746,,instructions,802431057,100.00,3.88,insn per cycle
17.849182675,3009023415,,cycles,802414050,100.00,,
17.949462610,34375,,rD044,802216015,100.00,,
17.949462610,75184900,,rFF44,802205580,100.00,,
17.949462610,11607439110,,instructions,802206100,100.00,3.86,insn per cycle
17.949462610,3008266239,,cycles,802214300,100.00,,
18.049727575,29253,,rD044,802077390,100.00,,
18.049727575,75363773,,rFF44,802066370,100.00,,
18.049727575,11626982005,,instructions,802059370,100.00,3.87,insn per cycle
18.049727575,3007655869,,cycles,802053880,100.00,,
18.149996339,33238,,rD044,802155000,100.00,,
18.149996339,74713402,,rFF44,802152920,100.00,,
18.149996339,11544740241,,instructions,802160070,100.00,3.84,insn per cycle
18.149996339,3008121785,,cycles,802169650,100.00,,
18.250271674,28781,,rD044,802195710,100.00,,
18.250271674,75565172,,rFF44,802205560,100.00,,
18.250271674,11653821393,,instructions,802198220,100.00,3.87,insn per cycle
18.250271674,3008205394,,cycles,802191610,100.00,,
18.350545189,33726,,rD044,802183750,100.00,,
18.350545189,74317624,,rFF44,802179160,100.00,,
18.350545189,11484018385,,instructions,802180840,100.00,3.82,insn per cycle
18.350545189,3008195605,,cycles,802189810,100.00,,
18.450820603,30577,,rD044,802209600,100.00,,
18.450820603,75741734,,rFF44,802204840,100.00,,
18.450820603,11674427691,,instructions,802253440,100.00,3.88,insn per cycle
18.450820603,3008602526,,cycles,802302000,100.00,,
18.551109058,34366,,rD044,802286230,100.00,,
18.551109058,75096789,,rFF44,802294690,100.00,,
18.551109058,11584890774,,instructions,802247002,100.00,3.85,insn per cycle
18.551109058,3008202287,,cycles,802191008,100.00,,
18.651372513,29079,,rD044,802118720,100.00,,
18.651372513,75731789,,rFF44,802117150,100.00,,
18.651372513,11661998781,,instructions,802119266,100.00,3.88,insn per cycle
18.651372513,3007933742,,cycles,802119360,100.00,,
18.751645958,33058,,rD044,802165840,100.00,,
18.751645958,74168794,,rFF44,802161157,100.00,,
18.751645958,11468235218,,instructions,802155210,100.00,3.81,insn per cycle
18.751645958,3008044249,,cycles,802149180,100.00,,
18.851919902,28946,,rD044,802192374,100.00,,
18.851919902,75834513,,rFF44,802197651,100.00,,
18.851919902,11679852002,,instructions,802196630,100.00,3.88,insn per cycle
18.851919902,3008252192,,cycles,802204750,100.00,,
18.952193877,33918,,rD044,802181924,100.00,,
18.952193877,74353217,,rFF44,802175400,100.00,,
18.952193877,11497417069,,instructions,802178580,100.00,3.82,insn per cycle
18.952193877,3008108602,,cycles,802171590,100.00,,
19.052477362,33025,,rD044,802236800,100.00,,
19.052477362,74005411,,rFF44,802219380,100.00,,
19.052477362,11457324389,,instructions,802215850,100.00,3.81,insn per cycle
19.052477362,3008304395,,cycles,802218760,100.00,,
19.152744416,29081,,rD044,802128900,100.00,,
19.152744416,75535006,,rFF44,802149850,100.00,,
19.152744416,11644450022,,instructions,802158660,100.00,3.87,insn per cycle
19.152744416,3008059471,,cycles,802161200,100.00,,
19.253042832,33421,,rD044,802375950,100.00,,
19.253042832,74367995,,rFF44,802370910,100.00,,
19.253042832,11492596854,,instructions,802361810,100.00,3.82,insn per cycle
19.253042832,3008832994,,cycles,802359030,100.00,,
19.353313356,29249,,rD044,802177560,100.00,,
19.353313356,75613575,,rFF44,802176470,100.00,,
19.353313356,11664059337,,instructions,802177780,100.00,3.88,insn per cycle
19.353313356,3008149670,,cycles,802177511,100.00,,
19.453588401,33725,,rD044,802194150,100.00,,
19.453588401,74473807,,rFF44,802199830,100.00,,
19.453588401,11511364611,,instructions,802198774,100.00,3.83,insn per cycle
19.453588401,3008259964,,cycles,802206577,100.00,,
19.553866086,30059,,rD044,802250931,100.00,,
19.553866086,75763883,,rFF44,802329098,100.00,,
19.553866086,11687417786,,instructions,802337234,100.00,3.88,insn per cycle
19.553866086,3008748580,,cycles,802336770,100.00,,
19.654145540,33355,,rD044,802187603,100.00,,
19.654145540,74582505,,rFF44,802113920,100.00,,
19.654145540,11532391245,,instructions,802114570,100.00,3.83,insn per cycle
19.654145540,3007898255,,cycles,802109720,100.00,,
19.754415775,29623,,rD044,802121334,100.00,,
19.754415775,75917140,,rFF44,802114930,100.00,,
19.754415775,11702056680,,instructions,802120530,100.00,3.89,insn per cycle
19.754415775,3007883063,,cycles,802118070,100.00,,
19.854682390,34355,,rD044,802113780,100.00,,
19.854682390,75108933,,rFF44,802119960,100.00,,
19.854682390,11593766871,,instructions,802101050,100.00,3.85,insn per cycle
19.854682390,3007780772,,cycles,802094700,100.00,,
19.954960185,29898,,rD044,802168220,100.00,,
19.954960185,75868143,,rFF44,802170790,100.00,,
19.954960185,11684538071,,instructions,802177060,100.00,3.88,insn per cycle
19.954960185,3008137314,,cycles,802189930,100.00,,
20.055229790,34439,,rD044,802120410,100.00,,
20.055229790,74838145,,rFF44,802122280,100.00,,
20.055229790,11553216198,,instructions,802128120,100.00,3.84,insn per cycle
20.055229790,3007880025,,cycles,802120590,100.00,,
20.155504246,30105,,rD044,802178200,100.00,,
20.155504246,75683859,,rFF44,802179770,100.00,,
20.155504246,11655162904,,instructions,802176510,100.00,3.87,insn per cycle
20.155504246,3008171613,,cycles,802191090,100.00,,
20.255780521,33687,,rD044,802204820,100.00,,
20.255780521,73807055,,rFF44,802219870,100.00,,
20.255780521,11426926608,,instructions,802225970,100.00,3.80,insn per cycle
20.255780521,3008293547,,cycles,802215440,100.00,,
20.356077397,34181,,rD044,802357700,100.00,,
20.356077397,73953208,,rFF44,802342150,100.00,,
20.356077397,11443467299,,instructions,802338298,100.00,3.80,insn per cycle
20.356077397,3008746766,,cycles,802340858,100.00,,
20.456354882,29073,,rD044,802206991,100.00,,
20.456354882,75501305,,rFF44,802198498,100.00,,
20.456354882,11636626513,,instructions,802181960,100.00,3.87,insn per cycle
20.456354882,3008114055,,cycles,802167630,100.00,,
20.556622317,33930,,rD044,802139203,100.00,,
20.556622317,74803483,,rFF44,802143770,100.00,,
20.556622317,11557269361,,instructions,802150470,100.00,3.84,insn per cycle
20.556622317,3008071511,,cycles,802156660,100.00,,
20.656884383,29293,,rD044,802142683,100.00,,
20.656884383,75562063,,rFF44,802145850,100.00,,
20.656884383,11654241800,,instructions,802151470,100.00,3.87,insn per cycle
20.656884383,3008076294,,cycles,802157250,100.00,,
20.757152888,33580,,rD044,802082381,100.00,,
20.757152888,74679604,,rFF44,802070630,100.00,,
20.757152888,11539989478,,instructions,802066970,100.00,3.84,insn per cycle
20.757152888,3007737416,,cycles,802067510,100.00,,
20.857459534,29865,,rD044,802468950,100.00,,
20.857459534,75494709,,rFF44,802490510,100.00,,
20.857459534,11647501802,,instructions,802487930,100.00,3.87,insn per cycle
20.857459534,3009293327,,cycles,802482070,100.00,,
20.957735299,35197,,rD044,802168480,100.00,,
20.957735299,75076166,,rFF44,802164670,100.00,,
20.957735299,11591940391,,instructions,802168100,100.00,3.85,insn per cycle
20.957735299,3008150945,,cycles,802182420,100.00,,
21.058017555,29234,,rD044,802238269,100.00,,
21.058017555,75708010,,rFF44,802220279,100.00,,
21.058017555,11672031437,,instructions,802227879,100.00,3.88,insn per cycle
21.058017555,3008280989,,cycles,802224231,100.00,,
21.158290530,33591,,rD044,802173420,100.00,,
21.158290530,75118993,,rFF44,802177620,100.00,,
21.158290530,11589026133,,instructions,802174823,100.00,3.85,insn per cycle
21.158290530,3008129018,,cycles,802171696,100.00,,
21.258562156,29010,,rD044,802172090,100.00,,
21.258562156,75842647,,rFF44,802179933,100.00,,
21.258562156,11683824194,,instructions,802184075,100.00,3.88,insn per cycle
21.258562156,3008187791,,cycles,802186860,100.00,,
21.358837821,33581,,rD044,802189211,100.00,,
21.358837821,75395508,,rFF44,802169425,100.00,,
21.358837821,11625619257,,instructions,802234260,100.00,3.86,insn per cycle
21.358837821,3008336969,,cycles,802227020,100.00,,
21.459117106,28729,,rD044,802239337,100.00,,
21.459117106,75882867,,rFF44,802260540,100.00,,
21.459117106,11683693554,,instructions,802191130,100.00,3.88,insn per cycle
21.459117106,3008190544,,cycles,802188420,100.00,,
21.559388522,34286,,rD044,802166300,100.00,,
21.559388522,74596998,,rFF44,802156070,100.00,,
21.559388522,11525985733,,instructions,802157560,100.00,3.83,insn per cycle
21.559388522,3008060316,,cycles,802159940,100.00,,
21.659650007,34343,,rD044,802065310,100.00,,
21.659650007,74474856,,rFF44,802056580,100.00,,
21.659650007,11516909220,,instructions,802047850,100.00,3.83,insn per cycle
21.659650007,3007671696,,cycles,802049700,100.00,,
21.759917043,29374,,rD044,802150030,100.00,,
21.759917043,75503118,,rFF44,802159840,100.00,,
21.759917043,11637310279,,instructions,802161890,100.00,3.87,insn per cycle
21.759917043,3008102082,,cycles,802164370,100.00,,
21.860186078,34098,,rD044,802148550,100.00,,
21.860186078,74894524,,rFF44,802147400,100.00,,
21.860186078,11573980263,,instructions,802154150,100.00,3.85,insn per cycle
21.860186078,3008060071,,cycles,802153060,100.00,,
21.960460573,30185,,rD044,802176650,100.00,,
21.960460573,75562955,,rFF44,802179360,100.00,,
21.960460573,11653942617,,instructions,802181250,100.00,3.87,insn per cycle
21.960460573,3008152985,,cycles,802183260,100.00,,
22.060752069,33919,,rD044,802338520,100.00,,
22.060752069,74586893,,rFF44,802347870,100.00,,
22.060752069,11537543909,,instructions,802343930,100.00,3.83,insn per cycle
22.060752069,3008750695,,cycles,802338016,100.00,,
22.161041765,29533,,rD044,802282040,100.00,,
22.161041765,75676728,,rFF44,802280194,100.00,,
22.161041765,11675622626,,instructions,802277968,100.00,3.88,insn per cycle
22.161041765,3008507812,,cycles,802280252,100.00,,
22.261319760,33871,,rD044,802216563,100.00,,
22.261319760,74843598,,rFF44,802206174,100.00,,
22.261319760,11553826679,,instructions,802204540,100.00,3.84,insn per cycle
22.261319760,3008276857,,cycles,802211280,100.00,,
22.361595255,29470,,rD044,802184435,100.00,,
22.361595255,75462347,,rFF44,802180240,100.00,,
22.361595255,11635667874,,instructions,802183190,100.00,3.87,insn per cycle
22.361595255,3008155436,,cycles,802177860,100.00,,
22.461868881,33152,,rD044,802225880,100.00,,
22.461868881,74328980,,rFF44,802289070,100.00,,
22.461868881,11498013482,,instructions,802292870,100.00,3.82,insn per cycle
22.461868881,3008609766,,cycles,802300320,100.00,,
22.562165586,29762,,rD044,802347080,100.00,,
22.562165586,75740377,,rFF44,802298350,100.00,,
22.562165586,11669612798,,instructions,802298160,100.00,3.88,insn per cycle
22.562165586,3008576623,,cycles,802291020,100.00,,
22.662437282,34423,,rD044,802163500,100.00,,
22.662437282,74636906,,rFF44,802150460,100.00,,
22.662437282,11527883005,,instructions,802146190,100.00,3.83,insn per cycle
22.662437282,3008069823,,cycles,802155510,100.00,,
22.762726657,29434,,rD044,802312700,100.00,,
22.762726657,75834713,,rFF44,802320610,100.00,,
22.762726657,11676798450,,instructions,802323000,100.00,3.88,insn per cycle
22.762726657,3008662915,,cycles,802314526,100.00,,
22.862999573,34075,,rD044,802166620,100.00,,
22.862999573,75187671,,rFF44,802164720,100.00,,
22.862999573,11599853324,,instructions,802170426,100.00,3.86,insn per cycle
22.862999573,3008098654,,cycles,802164002,100.00,,
22.963281238,34288,,rD044,802234670,100.00,,
22.963281238,74884033,,rFF44,802230878,100.00,,
22.963281238,11564995040,,instructions,802225892,100.00,3.84,insn per cycle
22.963281238,3008296028,,cycles,802222940,100.00,,
23.063551704,29523,,rD044,802178685,100.00,,
23.063551704,75725612,,rFF44,802176740,100.00,,
23.063551704,11669250968,,instructions,802166290,100.00,3.88,insn per cycle
23.063551704,3008120840,,cycles,802169600,100.00,,
23.163812979,33981,,rD044,802041421,100.00,,
23.163812979,74931547,,rFF44,802028920,100.00,,
23.163812979,11577696967,,instructions,802038710,100.00,3.85,insn per cycle
23.163812979,3007844039,,cycles,802103510,100.00,,
23.264089414,29693,,rD044,802207272,100.00,,
23.264089414,75427441,,rFF44,802215210,100.00,,
23.264089414,11631463239,,instructions,802220800,100.00,3.87,insn per cycle
23.264089414,3008087328,,cycles,802160390,100.00,,
23.364357070,33404,,rD044,802148830,100.00,,
23.364357070,74846419,,rFF44,802149690,100.00,,
23.364357070,11562796587,,instructions,802147840,100.00,3.84,insn per cycle
23.364357070,3008041567,,cycles,802148590,100.00,,
23.464632015,29713,,rD044,802187930,100.00,,
23.464632015,75808250,,rFF44,802192620,100.00,,
23.464632015,11696488100,,instructions,802191050,100.00,3.89,insn per cycle
23.464632015,3008218493,,cycles,802195410,100.00,,
23.564918511,33869,,rD044,802297620,100.00,,
23.564918511,74125501,,rFF44,802298670,100.00,,
23.564918511,11469698072,,instructions,802284710,100.00,3.81,insn per cycle
23.564918511,3008532357,,cycles,802278830,100.00,,
23.665181236,29226,,rD044,802077610,100.00,,
23.665181236,75388815,,rFF44,802073120,100.00,,
23.665181236,11626216206,,instructions,802087190,100.00,3.87,insn per cycle
23.665181236,3007841625,,cycles,802094960,100.00,,
23.765458712,33576,,rD044,802188679,100.00,,
23.765458712,73767375,,rFF44,802201179,100.00,,
23.765458712,11416584866,,instructions,802206229,100.00,3.80,insn per cycle
23.765458712,3008182637,,cycles,802197515,100.00,,
23.865733287,29347,,rD044,802176470,100.00,,
23.865733287,75562557,,rFF44,802176610,100.00,,
23.865733287,11643899087,,instructions,802167987,100.00,3.87,insn per cycle
23.865733287,3008083856,,cycles,802175212,100.00,,
23.966019552,33652,,rD044,802202829,100.00,,
23.966019552,74497815,,rFF44,802191056,100.00,,
23.966019552,11511322030,,instructions,802185729,100.00,3.83,insn per cycle
23.966019552,3008080031,,cycles,802181828,100.00,,
24.066291978,30566,,rD044,802183156,100.00,,
24.066291978,75882065,,rFF44,802187000,100.00,,
24.066291978,11684669154,,instructions,802195800,100.00,3.88,insn per cycle
24.066291978,3008208492,,cycles,802200660,100.00,,
24.166567543,34149,,rD044,802194231,100.00,,
24.166567543,74458327,,rFF44,802197790,100.00,,
24.166567543,11503080853,,instructions,802191680,100.00,3.82,insn per cycle
24.166567543,3008211582,,cycles,802193550,100.00,,
24.266841419,30323,,rD044,802187360,100.00,,
24.266841419,76060123,,rFF44,802243920,100.00,,
24.266841419,11716628178,,instructions,802309160,100.00,3.89,insn per cycle
24.266841419,3008641214,,cycles,802308360,100.00,,
24.367129004,33890,,rD044,802291170,100.00,,
24.367129004,74664432,,rFF44,802233960,100.00,,
24.367129004,11536908710,,instructions,802174350,100.00,3.84,insn per cycle
24.367129004,3008117369,,cycles,802171160,100.00,,
24.467402200,33423,,rD044,802188190,100.00,,
24.467402200,74630995,,rFF44,802178690,100.00,,
24.467402200,11535017266,,instructions,802174690,100.00,3.83,insn per cycle
24.467402200,3008110349,,cycles,802166660,100.00,,
24.567708235,29546,,rD044,802454000,100.00,,
24.567708235,75667561,,rFF44,802482571,100.00,,
24.567708235,11665946646,,instructions,802482738,100.00,3.88,insn per cycle
24.567708235,3009313346,,cycles,802487248,100.00,,
24.667985651,34157,,rD044,802192650,100.00,,
24.667985651,73799635,,rFF44,802178037,100.00,,
24.667985651,11436517043,,instructions,802179470,100.00,3.80,insn per cycle
24.667985651,3008142650,,cycles,802175330,100.00,,
24.768257366,28539,,rD044,802163605,100.00,,
24.768257366,75474476,,rFF44,802171050,100.00,,
24.768257366,11643318932,,instructions,802171870,100.00,3.87,insn per cycle
24.768257366,3008136844,,cycles,802173500,100.00,,
24.868530752,33606,,rD044,802179673,100.00,,
24.868530752,74492249,,rFF44,802148500,100.00,,
24.868530752,11519342594,,instructions,802150450,100.00,3.83,insn per cycle
24.868530752,3008070137,,cycles,802156400,100.00,,
24.968802227,28843,,rD044,802167370,100.00,,
24.968802227,75909426,,rFF44,802184100,100.00,,
24.968802227,11709986139,,instructions,802182540,100.00,3.89,insn per cycle
24.968802227,3008325983,,cycles,802234930,100.00,,
25.069090583,33472,,rD044,802290430,100.00,,
25.069090583,74338007,,rFF44,802290340,100.00,,
25.069090583,11493599407,,instructions,802290170,100.00,3.82,insn per cycle
25.069090583,3008360099,,cycles,802233710,100.00,,
25.169368408,28793,,rD044,802238910,100.00,,
25.169368408,75832817,,rFF44,802241120,100.00,,
25.169368408,11688903513,,instructions,802236460,100.00,3.89,insn per cycle
25.169368408,3008357370,,cycles,802232330,100.00,,
25.269643563,33165,,rD044,802179180,100.00,,
25.269643563,73946172,,rFF44,802175020,100.00,,
25.269643563,11450639360,,instructions,802174190,100.00,3.81,insn per cycle
25.269643563,3008139552,,cycles,802174530,100.00,,
25.369914689,28961,,rD044,802167680,100.00,,
25.369914689,75941402,,rFF44,802176010,100.00,,
25.369914689,11697064798,,instructions,802188920,100.00,3.89,insn per cycle
25.369914689,3008228647,,cycles,802198158,100.00,,
25.470192284,32672,,rD044,802209170,100.00,,
25.470192284,75104746,,rFF44,802207282,100.00,,
25.470192284,11588887666,,instructions,802203248,100.00,3.85,insn per cycle
25.470192284,3008195428,,cycles,802195020,100.00,,
25.570467970,29985,,rD044,802195972,100.00,,
25.570467970,76052526,,rFF44,802199306,100.00,,
25.570467970,11711682429,,instructions,802202490,100.00,3.89,insn per cycle
25.570467970,3008285609,,cycles,802213140,100.00,,
25.670743855,33830,,rD044,802202145,100.00,,
25.670743855,74669433,,rFF44,802187720,100.00,,
25.670743855,11538204059,,instructions,802177920,100.00,3.84,insn per cycle
25.670743855,3008139371,,cycles,802174360,100.00,,
25.771029401,34018,,rD044,802272681,100.00,,
25.771029401,74764640,,rFF44,802288930,100.00,,
25.771029401,11546606182,,instructions,802282890,100.00,3.84,insn per cycle
25.771029401,3008513676,,cycles,802274340,100.00,,
25.871301216,29906,,rD044,802178050,100.00,,
25.871301216,75687585,,rFF44,802184930,100.00,,
25.871301216,11667602427,,instructions,802199710,100.00,3.88,insn per cycle
25.871301216,3008255027,,cycles,802204760,100.00,,
25.971574402,33044,,rD044,802164220,100.00,,
25.971574402,74201632,,rFF44,802154990,100.00,,
25.971574402,11486268311,,instructions,802157900,100.00,3.82,insn per cycle
25.971574402,3008047574,,cycles,802155020,100.00,,
26.071849947,28985,,rD044,802198140,100.00,,
26.071849947,75695751,,rFF44,802248710,100.00,,
26.071849947,11676706638,,instructions,802258590,100.00,3.88,insn per cycle
26.071849947,3008466960,,cycles,802265350,100.00,,
26.172131212,33673,,rD044,802245590,100.00,,
26.172131212,73815188,,rFF44,802189830,100.00,,
26.172131212,11431570085,,instructions,802172940,100.00,3.80,insn per cycle
26.172131212,3008097029,,cycles,802162665,100.00,,
26.272407638,29187,,rD044,802200230,100.00,,
26.272407638,75916064,,rFF44,802197010,100.00,,
26.272407638,11712320268,,instructions,802196846,100.00,3.89,insn per cycle
26.272407638,3008232995,,cycles,802199503,100.00,,
26.372679663,33730,,rD044,802169350,100.00,,
26.372679663,75304497,,rFF44,802180156,100.00,,
26.372679663,11618748971,,instructions,802180992,100.00,3.86,insn per cycle
26.372679663,3008189910,,cycles,802188110,100.00,,
26.472980289,29857,,rD044,802400668,100.00,,
26.472980289,75486868,,rFF44,802391382,100.00,,
26.472980289,11637070359,,instructions,802392660,100.00,3.87,insn per cycle
26.472980289,3008961609,,cycles,802393800,100.00,,
26.573251374,34375,,rD044,802159460,100.00,,
26.573251374,74782796,,rFF44,802156440,100.00,,
26.573251374,11548837356,,instructions,802153340,100.00,3.84,insn per cycle
26.573251374,3008047232,,cycles,802149600,100.00,,
26.673513710,29329,,rD044,802109570,100.00,,
26.673513710,75689023,,rFF44,802122540,100.00,,
26.673513710,11658916244,,instructions,802124640,100.00,3.88,insn per cycle
26.673513710,3007947680,,cycles,802127300,100.00,,
26.773791325,34841,,rD044,802206380,100.00,,
26.773791325,74761951,,rFF44,802203670,100.00,,
26.773791325,11543891055,,instructions,802198120,100.00,3.84,insn per cycle
26.773791325,3008205414,,cycles,802191780,100.00,,
26.874088681,30605,,rD044,802356360,100.00,,
26.874088681,75546086,,rFF44,802354160,100.00,,
26.874088681,11633194499,,instructions,802360860,100.00,3.87,insn per cycle
26.874088681,3008820518,,cycles,802362240,100.00,,
26.974352076,33480,,rD044,802094490,100.00,,
26.974352076,74419565,,rFF44,802081480,100.00,,
26.974352076,11497344482,,instructions,802077100,100.00,3.82,insn per cycle
26.974352076,3007758701,,cycles,802072660,100.00,,
27.074620612,33564,,rD044,802147280,100.00,,
27.074620612,74185088,,rFF44,802154750,100.00,,
27.074620612,11467073268,,instructions,802157500,100.00,3.81,insn per cycle
27.074620612,3008090403,,cycles,802161578,100.00,,
27.174891367,29583,,rD044,802263580,100.00,,
27.174891367,75586483,,rFF44,802265886,100.00,,
27.174891367,11649732429,,instructions,802270478,100.00,3.87,insn per cycle
27.174891367,3008525817,,cycles,802276790,100.00,,
27.275173432,34027,,rD044,802142262,100.00,,
27.275173432,75169977,,rFF44,802133752,100.00,,
27.275173432,11604979356,,instructions,802128680,100.00,3.86,insn per cycle
27.275173432,3007930700,,cycles,802119260,100.00,,
27.375441638,28966,,rD044,802147134,100.00,,
27.375441638,75661495,,rFF44,802138400,100.00,,
27.375441638,11669117469,,instructions,802132960,100.00,3.88,insn per cycle
27.375441638,3008000408,,cycles,802137330,100.00,,
27.475708653,34703,,rD044,802133312,100.00,,
27.475708653,74839760,,rFF44,802154260,100.00,,
27.475708653,11559071980,,instructions,802152100,100.00,3.84,insn per cycle
27.475708653,3008037837,,cycles,802147470,100.00,,
27.575982139,29758,,rD044,802187820,100.00,,
27.575982139,75571638,,rFF44,802182790,100.00,,
27.575982139,11659293541,,instructions,802184050,100.00,3.88,insn per cycle
27.575982139,3008190476,,cycles,802187960,100.00,,
27.676255714,33927,,rD044,802185590,100.00,,
27.676255714,74743811,,rFF44,802174300,100.00,,
27.676255714,11542669461,,instructions,802168110,100.00,3.84,insn per cycle
27.676255714,3008109900,,cycles,802166020,100.00,,
27.776529569,29684,,rD044,802159980,100.00,,
27.776529569,75657943,,rFF44,802176210,100.00,,
27.776529569,11665440414,,instructions,802178270,100.00,3.88,insn per cycle
27.776529569,3008142572,,cycles,802187290,100.00,,
27.876801895,34316,,rD044,802125680,100.00,,
27.876801895,74971354,,rFF44,802113460,100.00,,
27.876801895,11580424317,,instructions,802114200,100.00,3.85,insn per cycle
27.876801895,3007946550,,cycles,802139160,100.00,,
27.977085380,29964,,rD044,802209310,100.00,,
27.977085380,75862144,,rFF44,802210930,100.00,,
27.977085380,11685792461,,instructions,802220030,100.00,3.88,insn per cycle
27.977085380,3008099652,,cycles,802186383,100.00,,
28.077363336,35128,,rD044,802217460,100.00,,
28.077363336,74764321,,rFF44,802237510,100.00,,
28.077363336,11544500433,,instructions,802229717,100.00,3.84,insn per cycle
28.077363336,3008340115,,cycles,802236715,100.00,,
28.177645111,29194,,rD044,802247231,100.00,,
28.177645111,75738967,,rFF44,802230628,100.00,,
28.177645111,11661856305,,instructions,802239001,100.00,3.88,insn per cycle
28.177645111,3008388824,,cycles,802240980,100.00,,
28.277911096,34023,,rD044,802111543,100.00,,
28.277911096,74453315,,rFF44,802113160,100.00,,
28.277911096,11500764022,,instructions,802108000,100.00,3.82,insn per cycle
28.277911096,3007852824,,cycles,802097950,100.00,,
28.378218172,33756,,rD044,802454884,100.00,,
28.378218172,75408581,,rFF44,802454800,100.00,,
28.378218172,11634000151,,instructions,802458580,100.00,3.87,insn per cycle
28.378218172,3009258656,,cycles,802472700,100.00,,
28.478494388,28701,,rD044,802192040,100.00,,
28.478494388,75460600,,rFF44,802190980,100.00,,
28.478494388,11629027707,,instructions,802188110,100.00,3.87,insn per cycle
28.478494388,3008157338,,cycles,802179300,100.00,,
28.578766513,33623,,rD044,802189650,100.00,,
28.578766513,73508623,,rFF44,802193390,100.00,,
28.578766513,11390314042,,instructions,802197090,100.00,3.79,insn per cycle
28.578766513,3008226518,,cycles,802197640,100.00,,
28.679057109,30052,,rD044,802311100,100.00,,
28.679057109,75747632,,rFF44,802308430,100.00,,
28.679057109,11681968681,,instructions,802312150,100.00,3.88,insn per cycle
28.679057109,3008645227,,cycles,802309273,100.00,,
28.779331664,34192,,rD044,802187540,100.00,,
28.779331664,74736070,,rFF44,802180010,100.00,,
28.779331664,11552770153,,instructions,802176334,100.00,3.84,insn per cycle
28.779331664,3008168020,,cycles,802182035,100.00,,
28.879605250,29136,,rD044,802185600,100.00,,
28.879605250,75487163,,rFF44,802194325,100.00,,
28.879605250,11646198131,,instructions,802186694,100.00,3.87,insn per cycle
28.879605250,3008158524,,cycles,802179430,100.00,,
28.953398083,205771,,rD044,566628264,100.00,,
28.953398083,43750536,,rFF44,566396549,100.00,,
28.953398083,6869922283,,instructions,566241776,100.00,3.24,insn per cycle
28.953398083,2122764688,,cycles,566090286,100.00,,
