0.100131941,4660079,,rD044,92831303,100.00,,
0.100131941,20518123,,rFF44,92836903,100.00,,
0.100131941,444951308,,instructions,92841363,100.00,1.29,insn per cycle
0.100131941,344310333,,cycles,92846553,100.00,,
0.200437445,5489929,,rD044,100300095,100.00,,
0.200437445,23976165,,rFF44,100301255,100.00,,
0.200437445,505117943,,instructions,100301425,100.00,1.34,insn per cycle
0.200437445,376124982,,cycles,100300445,100.00,,
0.300632527,5468185,,rD044,100193805,100.00,,
0.300632527,23954301,,rFF44,100192875,100.00,,
0.300632527,505178204,,instructions,100193675,100.00,1.34,insn per cycle
0.300632527,375723484,,cycles,100193445,100.00,,
0.400843599,6756926,,rD044,100179444,100.00,,
0.400843599,29104473,,rFF44,100180274,100.00,,
0.400843599,77222869,,instructions,100179484,100.00,0.21,insn per cycle
0.400843599,375631638,,cycles,100179654,100.00,,
0.501061062,6908546,,rD044,100216405,100.00,,
0.501061062,30139097,,rFF44,100216005,100.00,,
0.501061062,37601989,,instructions,100215685,100.00,0.10,insn per cycle
0.501061062,375808488,,cycles,100216135,100.00,,
0.601278164,2997803,,rD044,938847813,100.00,,
0.601278164,97367760,,rFF44,939973333,100.00,,
0.601278164,12987046628,,instructions,940686213,100.00,3.68,insn per cycle
0.601278164,3529049260,,cycles,941419787,100.00,,
0.701699649,62547,,rD044,1606507550,100.00,,
0.701699649,148483664,,rFF44,1606347776,100.00,,
0.701699649,22990114507,,instructions,1606336516,100.00,3.82,insn per cycle
0.701699649,6023675777,,cycles,1606322622,100.00,,
0.802079963,61922,,rD044,1605991846,100.00,,
0.802079963,149437105,,rFF44,1605924183,100.00,,
0.802079963,23109889913,,instructions,1605908886,100.00,3.84,insn per cycle
0.802079963,6021893005,,cycles,1605852206,100.00,,
0.902452588,61003,,rD044,1605856646,100.00,,
0.902452588,150469792,,rFF44,1605761183,100.00,,
0.902452588,23243105933,,instructions,1605722200,100.00,3.86,insn per cycle
0.902452588,6021625810,,cycles,1605794940,100.00,,
1.002812782,59349,,rD044,1605712020,100.00,,
1.002812782,149197170,,rFF44,1605790320,100.00,,
1.002812782,23068611920,,instructions,1605838946,100.00,3.83,insn per cycle
1.002812782,6021632974,,cycles,1605781596,100.00,,
1.103179496,58058,,rD044,1605878036,100.00,,
1.103179496,150194557,,rFF44,1605876836,100.00,,
1.103179496,23195279687,,instructions,1605838720,100.00,3.85,insn per cycle
1.103179496,6021761300,,cycles,1605810716,100.00,,
1.203537440,60122,,rD044,1605612990,100.00,,
1.203537440,147028065,,rFF44,1605634363,100.00,,
1.203537440,22800469109,,instructions,1605688816,100.00,3.79,insn per cycle
1.203537440,6021331426,,cycles,1605701160,100.00,,
1.303897024,59610,,rD044,1605688866,100.00,,
1.303897024,148938845,,rFF44,1605523963,100.00,,
1.303897024,23020426757,,instructions,1605435980,100.00,3.82,insn per cycle
1.303897024,6020219107,,cycles,1605399721,100.00,,
1.404228798,57614,,rD044,1605263900,100.00,,
1.404228798,149340715,,rFF44,1605351975,100.00,,
1.404228798,23075591996,,instructions,1605408166,100.00,3.83,insn per cycle
1.404228798,6020420017,,cycles,1605464795,100.00,,
1.504584462,58763,,rD044,1605801806,100.00,,
1.504584462,148509396,,rFF44,1605864691,100.00,,
1.504584462,22956762187,,instructions,1605836960,100.00,3.81,insn per cycle
1.504584462,6021817113,,cycles,1605825851,100.00,,
1.604951136,57454,,rD044,1605700140,100.00,,
1.604951136,150703075,,rFF44,1605628960,100.00,,
1.604951136,23243200610,,instructions,1605617166,100.00,3.86,insn per cycle
1.604951136,6021019434,,cycles,1605620745,100.00,,
1.705316240,56793,,rD044,1605843576,100.00,,
1.705316240,149170840,,rFF44,1605853416,100.00,,
1.705316240,23061315201,,instructions,1605877240,100.00,3.83,insn per cycle
1.705316240,6021896541,,cycles,1605847235,100.00,,
1.805667374,57161,,rD044,1605499079,100.00,,
1.805667374,149428625,,rFF44,1605459309,100.00,,
1.805667374,23095120119,,instructions,1605447725,100.00,3.84,insn per cycle
1.805667374,6020432868,,cycles,1605460900,100.00,,
1.906013818,57497,,rD044,1605548326,100.00,,
1.906013818,149972935,,rFF44,1605562126,100.00,,
1.906013818,23176743765,,instructions,1605591420,100.00,3.85,insn per cycle
1.906013818,6020999923,,cycles,1605608630,100.00,,
2.006405012,58123,,rD044,1606232264,100.00,,
2.006405012,150171339,,rFF44,1606291866,100.00,,
2.006405012,23205340287,,instructions,1606298586,100.00,3.85,insn per cycle
2.006405012,6023487901,,cycles,1606276306,100.00,,
2.106779697,57447,,rD044,1606035882,100.00,,
2.106779697,150646013,,rFF44,1606078320,100.00,,
2.106779697,23266254088,,instructions,1606036359,100.00,3.86,insn per cycle
2.106779697,6022698322,,cycles,1606060266,100.00,,
2.207144491,57350,,rD044,1605680161,100.00,,
2.207144491,149980095,,rFF44,1605601016,100.00,,
2.207144491,23183274105,,instructions,1605643057,100.00,3.85,insn per cycle
2.207144491,6021028941,,cycles,1605626380,100.00,,
2.307500795,58152,,rD044,1605678965,100.00,,
2.307500795,149888595,,rFF44,1605694900,100.00,,
2.307500795,23165068123,,instructions,1605894393,100.00,3.85,insn per cycle
2.307500795,6023028168,,cycles,1606148686,100.00,,
2.407881329,59663,,rD044,1606068556,100.00,,
2.407881329,149207092,,rFF44,1606046196,100.00,,
2.407881329,23068477831,,instructions,1605800573,100.00,3.83,insn per cycle
2.407881329,6020720883,,cycles,1605544740,100.00,,
2.508237833,56621,,rD044,1605657920,100.00,,
2.508237833,149103239,,rFF44,1605666132,100.00,,
2.508237833,23051213286,,instructions,1605673936,100.00,3.83,insn per cycle
2.508237833,6021180103,,cycles,1605665986,100.00,,
2.608591237,58238,,rD044,1605703635,100.00,,
2.608591237,149998525,,rFF44,1605759843,100.00,,
2.608591237,23167859045,,instructions,1605749469,100.00,3.85,insn per cycle
2.608591237,6021561356,,cycles,1605768639,100.00,,
2.708955511,62255,,rD044,1605690700,100.00,,
2.708955511,147653178,,rFF44,1605665406,100.00,,
2.708955511,22873389183,,instructions,1605707276,100.00,3.80,insn per cycle
2.708955511,6021278212,,cycles,1605681816,100.00,,
2.809306365,56615,,rD044,1605613736,100.00,,
2.809306365,148999322,,rFF44,1605590380,100.00,,
2.809306365,23043305057,,instructions,1605551950,100.00,3.83,insn per cycle
2.809306365,6020688489,,cycles,1605524750,100.00,,
2.909653459,57118,,rD044,1605458830,100.00,,
2.909653459,149129946,,rFF44,1605484611,100.00,,
2.909653459,23051747202,,instructions,1605541246,100.00,3.83,insn per cycle
2.909653459,6020841629,,cycles,1605569916,100.00,,
3.010006743,56573,,rD044,1605605286,100.00,,
3.010006743,149634139,,rFF44,1605523255,100.00,,
3.010006743,23113203777,,instructions,1605469780,100.00,3.84,insn per cycle
3.010006743,6020467764,,cycles,1605465850,100.00,,
3.110355097,58098,,rD044,1605600240,100.00,,
3.110355097,148892338,,rFF44,1605691320,100.00,,
3.110355097,23024263200,,instructions,1605707445,100.00,3.82,insn per cycle
3.110355097,6021496439,,cycles,1605749746,100.00,,
3.210736212,57398,,rD044,1606020766,100.00,,
3.210736212,149974552,,rFF44,1606038316,100.00,,
3.210736212,23172243392,,instructions,1606109761,100.00,3.85,insn per cycle
3.210736212,6022754916,,cycles,1606075091,100.00,,
3.311095216,57506,,rD044,1605691140,100.00,,
3.311095216,148309416,,rFF44,1605648559,100.00,,
3.311095216,22962753152,,instructions,1605568676,100.00,3.81,insn per cycle
3.311095216,6020860659,,cycles,1605581645,100.00,,
3.411445830,57572,,rD044,1605566236,100.00,,
3.411445830,150668549,,rFF44,1605551427,100.00,,
3.411445830,23257947635,,instructions,1605541600,100.00,3.86,insn per cycle
3.411445830,6020953320,,cycles,1605595410,100.00,,
3.511803964,59724,,rD044,1605660458,100.00,,
3.511803964,149594390,,rFF44,1605730858,100.00,,
3.511803964,23134912498,,instructions,1605776104,100.00,3.84,insn per cycle
3.511803964,6021325304,,cycles,1605712704,100.00,,
3.612165628,58493,,rD044,1605755516,100.00,,
3.612165628,150122866,,rFF44,1605683696,100.00,,
3.612165628,23193154037,,instructions,1605651890,100.00,3.85,insn per cycle
3.612165628,6021103252,,cycles,1605640061,100.00,,
3.712521112,57427,,rD044,1605579490,100.00,,
3.712521112,150177525,,rFF44,1605541587,100.00,,
3.712521112,23203857798,,instructions,1605659836,100.00,3.85,insn per cycle
3.712521112,6021325803,,cycles,1605704635,100.00,,
3.812880016,58324,,rD044,1605743136,100.00,,
3.812880016,150752116,,rFF44,1605765459,100.00,,
3.812880016,23279836476,,instructions,1605645060,100.00,3.87,insn per cycle
3.812880016,6020956818,,cycles,1605600591,100.00,,
3.913263850,58397,,rD044,1606089083,100.00,,
3.913263850,150065418,,rFF44,1606084566,100.00,,
3.913263850,23175141588,,instructions,1606072006,100.00,3.85,insn per cycle
3.913263850,6022596574,,cycles,1606041525,100.00,,
4.013608064,57750,,rD044,1605699813,100.00,,
4.013608064,149399192,,rFF44,1606233360,100.00,,
4.013608064,23103977175,,instructions,1606291321,100.00,3.84,insn per cycle
4.013608064,6023684833,,cycles,1606323436,100.00,,
4.114010029,64843,,rD044,1606173933,100.00,,
4.114010029,147455229,,rFF44,1605649326,100.00,,
4.114010029,22854305750,,instructions,1605611215,100.00,3.80,insn per cycle
4.114010029,6021072330,,cycles,1605636070,100.00,,
4.214363103,58926,,rD044,1605578872,100.00,,
4.214363103,150147401,,rFF44,1605609659,100.00,,
4.214363103,23183665455,,instructions,1605624379,100.00,3.85,insn per cycle
4.214363103,6020850424,,cycles,1605586385,100.00,,
4.314708447,60282,,rD044,1605438937,100.00,,
4.314708447,150150011,,rFF44,1605496964,100.00,,
4.314708447,23177612988,,instructions,1605487224,100.00,3.85,insn per cycle
4.314708447,6020367096,,cycles,1605497958,100.00,,
4.415067531,59351,,rD044,1605650487,100.00,,
4.415067531,150149305,,rFF44,1605595220,100.00,,
4.415067531,23176888208,,instructions,1605585309,100.00,3.85,insn per cycle
4.415067531,6020873515,,cycles,1605601296,100.00,,
4.515423255,57507,,rD044,1605523380,100.00,,
4.515423255,148941442,,rFF44,1605485646,100.00,,
4.515423255,23032326586,,instructions,1605517877,100.00,3.83,insn per cycle
4.515423255,6020425084,,cycles,1605491020,100.00,,
4.615781289,59548,,rD044,1605743096,100.00,,
4.615781289,149052788,,rFF44,1605815890,100.00,,
4.615781289,23047261970,,instructions,1605804181,100.00,3.83,insn per cycle
4.615781289,6021822647,,cycles,1605827726,100.00,,
4.716140003,57759,,rD044,1605623181,100.00,,
4.716140003,150085196,,rFF44,1605552006,100.00,,
4.716140003,23183455975,,instructions,1605565905,100.00,3.85,insn per cycle
4.716140003,6020856920,,cycles,1605574410,100.00,,
4.816491837,57166,,rD044,1605687525,100.00,,
4.816491837,149955671,,rFF44,1605717140,100.00,,
4.816491837,23169668926,,instructions,1605849802,100.00,3.85,insn per cycle
4.816491837,6022194068,,cycles,1605926686,100.00,,
4.916864221,58467,,rD044,1605840814,100.00,,
4.916864221,149372688,,rFF44,1605863455,100.00,,
4.916864221,23099032446,,instructions,1605731053,100.00,3.84,insn per cycle
4.916864221,6021179791,,cycles,1605663839,100.00,,
5.017218755,57237,,rD044,1605695791,100.00,,
5.017218755,149201896,,rFF44,1605673340,100.00,,
5.017218755,23095067061,,instructions,1605642465,100.00,3.84,insn per cycle
5.017218755,6021086264,,cycles,1605630696,100.00,,
5.117586759,57784,,rD044,1605869025,100.00,,
5.117586759,149100014,,rFF44,1605898255,100.00,,
5.117586759,23060311404,,instructions,1605905240,100.00,3.83,insn per cycle
5.117586759,6022056514,,cycles,1605895059,100.00,,
5.217951023,58693,,rD044,1605757660,100.00,,
5.217951023,149124990,,rFF44,1605726087,100.00,,
5.217951023,23073970091,,instructions,1605734546,100.00,3.83,insn per cycle
5.217951023,6021437010,,cycles,1605724396,100.00,,
5.318306317,57712,,rD044,1605606736,100.00,,
5.318306317,149720922,,rFF44,1605607439,100.00,,
5.318306317,23138817550,,instructions,1605594460,100.00,3.84,insn per cycle
5.318306317,6020965673,,cycles,1605604030,100.00,,
5.418659441,59251,,rD044,1605622180,100.00,,
5.418659441,150453593,,rFF44,1605606525,100.00,,
5.418659441,23224349142,,instructions,1605615776,100.00,3.86,insn per cycle
5.418659441,6021000644,,cycles,1605617556,100.00,,
5.519009945,56677,,rD044,1605532466,100.00,,
5.519009945,148768248,,rFF44,1605569491,100.00,,
5.519009945,23010509212,,instructions,1605563870,100.00,3.82,insn per cycle
5.519009945,6020732875,,cycles,1605548750,100.00,,
5.619370749,62225,,rD044,1605783430,100.00,,
5.619370749,148262384,,rFF44,1605814478,100.00,,
5.619370749,22953972248,,instructions,1605807816,100.00,3.81,insn per cycle
5.619370749,6021859406,,cycles,1605836966,100.00,,
5.719776734,57883,,rD044,1606394406,100.00,,
5.719776734,148941740,,rFF44,1606289218,100.00,,
5.719776734,23025992693,,instructions,1606290880,100.00,3.82,insn per cycle
5.719776734,6023517553,,cycles,1606279024,100.00,,
5.820122508,57774,,rD044,1605475761,100.00,,
5.820122508,149860006,,rFF44,1605513875,100.00,,
5.820122508,23131426469,,instructions,1605513225,100.00,3.84,insn per cycle
5.820122508,6020646208,,cycles,1605519921,100.00,,
5.920472102,58019,,rD044,1605624544,100.00,,
5.920472102,149479562,,rFF44,1605612220,100.00,,
5.920472102,23087717218,,instructions,1605593900,100.00,3.83,insn per cycle
5.920472102,6021349603,,cycles,1605701063,100.00,,
6.020826576,57504,,rD044,1605637462,100.00,,
6.020826576,148575523,,rFF44,1605685716,100.00,,
6.020826576,22985907859,,instructions,1605728016,100.00,3.82,insn per cycle
6.020826576,6021111753,,cycles,1605642393,100.00,,
6.121185110,57509,,rD044,1605689244,100.00,,
6.121185110,149798110,,rFF44,1605671040,100.00,,
6.121185110,23135595601,,instructions,1605681780,100.00,3.84,insn per cycle
6.121185110,6021183988,,cycles,1605656802,100.00,,
6.221546504,56521,,rD044,1605733684,100.00,,
6.221546504,149612160,,rFF44,1605878036,100.00,,
6.221546504,23126438692,,instructions,1605836536,100.00,3.84,insn per cycle
6.221546504,6021908131,,cycles,1605855454,100.00,,
6.321912228,58991,,rD044,1605748491,100.00,,
6.321912228,150396895,,rFF44,1605542719,100.00,,
6.321912228,23224875300,,instructions,1605536459,100.00,3.86,insn per cycle
6.321912228,6020566623,,cycles,1605497074,100.00,,
6.422252992,57711,,rD044,1605444232,100.00,,
6.422252992,149349246,,rFF44,1605501476,100.00,,
6.422252992,23092624104,,instructions,1605517646,100.00,3.84,insn per cycle
6.422252992,6020829963,,cycles,1605571341,100.00,,
6.522609886,58850,,rD044,1605805354,100.00,,
6.522609886,149872666,,rFF44,1605802070,100.00,,
6.522609886,23163903615,,instructions,1605810950,100.00,3.85,insn per cycle
6.522609886,6021749145,,cycles,1605807426,100.00,,
6.622975500,57835,,rD044,1605657124,100.00,,
6.622975500,149326277,,rFF44,1605682365,100.00,,
6.622975500,23106415574,,instructions,1605678965,100.00,3.84,insn per cycle
6.622975500,6021087917,,cycles,1605636539,100.00,,
6.723332574,59638,,rD044,1605687761,100.00,,
6.723332574,150522446,,rFF44,1605614610,100.00,,
6.723332574,23236996252,,instructions,1605600200,100.00,3.86,insn per cycle
6.723332574,6020928099,,cycles,1605590615,100.00,,
6.823709109,58321,,rD044,1605944341,100.00,,
6.823709109,149915598,,rFF44,1605975406,100.00,,
6.823709109,23168263064,,instructions,1605972876,100.00,3.85,insn per cycle
6.823709109,6022396723,,cycles,1605995871,100.00,,
6.924059452,57915,,rD044,1605577345,100.00,,
6.924059452,150529427,,rFF44,1605555190,100.00,,
6.924059452,23233606722,,instructions,1605562624,100.00,3.86,insn per cycle
6.924059452,6020773138,,cycles,1605547446,100.00,,
7.024413136,61915,,rD044,1605592888,100.00,,
7.024413136,147407843,,rFF44,1605631096,100.00,,
7.024413136,22843194318,,instructions,1605661062,100.00,3.79,insn per cycle
7.024413136,6021227227,,cycles,1605674900,100.00,,
7.124771791,57798,,rD044,1605772628,100.00,,
7.124771791,149328376,,rFF44,1605798640,100.00,,
7.124771791,23081059035,,instructions,1605786388,100.00,3.83,insn per cycle
7.124771791,6021704015,,cycles,1605796156,100.00,,
7.225134055,58887,,rD044,1605605202,100.00,,
7.225134055,149416678,,rFF44,1605617216,100.00,,
7.225134055,23085679599,,instructions,1605626578,100.00,3.83,insn per cycle
7.225134055,6020912761,,cycles,1605613650,100.00,,
7.325493809,57485,,rD044,1605674544,100.00,,
7.325493809,149300339,,rFF44,1605599680,100.00,,
7.325493809,23056750002,,instructions,1605732700,100.00,3.83,insn per cycle
7.325493809,6021830344,,cycles,1605829526,100.00,,
7.425853203,58593,,rD044,1605698422,100.00,,
7.425853203,149808266,,rFF44,1605697455,100.00,,
7.425853203,23135877874,,instructions,1605509105,100.00,3.84,insn per cycle
7.425853203,6020248471,,cycles,1605417789,100.00,,
7.526203947,58029,,rD044,1605680453,100.00,,
7.526203947,149980595,,rFF44,1605754200,100.00,,
7.526203947,23159361707,,instructions,1605747412,100.00,3.85,insn per cycle
7.526203947,6021440400,,cycles,1605725596,100.00,,
7.626594021,57516,,rD044,1606208046,100.00,,
7.626594021,149671450,,rFF44,1606195016,100.00,,
7.626594021,23131510993,,instructions,1606230054,100.00,3.84,insn per cycle
7.626594021,6023417140,,cycles,1606257952,100.00,,
7.726956285,58112,,rD044,1605709540,100.00,,
7.726956285,149383572,,rFF44,1605703482,100.00,,
7.726956285,23096350530,,instructions,1605725196,100.00,3.84,insn per cycle
7.726956285,6021503585,,cycles,1605747704,100.00,,
7.827317999,56804,,rD044,1605642946,100.00,,
7.827317999,150184872,,rFF44,1605601304,100.00,,
7.827317999,23195754275,,instructions,1605584750,100.00,3.85,insn per cycle
7.827317999,6020696873,,cycles,1605534372,100.00,,
7.927665933,58693,,rD044,1605585210,100.00,,
7.927665933,149635206,,rFF44,1605575439,100.00,,
7.927665933,23135436058,,instructions,1605570346,100.00,3.84,insn per cycle
7.927665933,6020971987,,cycles,1605599804,100.00,,
8.028019007,57348,,rD044,1605541186,100.00,,
8.028019007,149718403,,rFF44,1605497097,100.00,,
8.028019007,23153331802,,instructions,1605511030,100.00,3.85,insn per cycle
8.028019007,6020577948,,cycles,1605502000,100.00,,
8.128361131,58336,,rD044,1605600060,100.00,,
8.128361131,150883886,,rFF44,1605784428,100.00,,
8.128361131,23284124769,,instructions,1605739746,100.00,3.87,insn per cycle
8.128361131,6021411230,,cycles,1605717696,100.00,,
8.228751296,58795,,rD044,1606045056,100.00,,
8.228751296,150073830,,rFF44,1605936458,100.00,,
8.228751296,23186346058,,instructions,1605980830,100.00,3.85,insn per cycle
8.228751296,6022385230,,cycles,1606015711,100.00,,
8.329109150,58988,,rD044,1605595621,100.00,,
8.329109150,149121707,,rFF44,1605620056,100.00,,
8.329109150,23050276409,,instructions,1605598396,100.00,3.83,insn per cycle
8.329109150,6020847756,,cycles,1605604205,100.00,,
8.429468004,62890,,rD044,1605677175,100.00,,
8.429468004,147280370,,rFF44,1605708390,100.00,,
8.429468004,22831031610,,instructions,1605736450,100.00,3.79,insn per cycle
8.429468004,6021774205,,cycles,1605849686,100.00,,
8.529840738,60832,,rD044,1605835855,100.00,,
8.529840738,149810051,,rFF44,1605722876,100.00,,
8.529840738,23139323614,,instructions,1605682506,100.00,3.84,insn per cycle
8.529840738,6020745507,,cycles,1605555270,100.00,,
8.630186382,59065,,rD044,1605555711,100.00,,
8.630186382,150360826,,rFF44,1605663990,100.00,,
8.630186382,23205787456,,instructions,1605672560,100.00,3.85,insn per cycle
8.630186382,6021083615,,cycles,1605630654,100.00,,
8.730540426,56972,,rD044,1605601494,100.00,,
8.730540426,148634082,,rFF44,1605744266,100.00,,
8.730540426,22983709609,,instructions,1605771336,100.00,3.82,insn per cycle
8.730540426,6021676922,,cycles,1605798912,100.00,,
8.830908960,58964,,rD044,1605785892,100.00,,
8.830908960,150334095,,rFF44,1605575540,100.00,,
8.830908960,23208708853,,instructions,1605531090,100.00,3.85,insn per cycle
8.830908960,6020613397,,cycles,1605526786,100.00,,
8.931255304,57810,,rD044,1605431643,100.00,,
8.931255304,149938878,,rFF44,1605403076,100.00,,
8.931255304,23159014084,,instructions,1605443506,100.00,3.85,insn per cycle
8.931255304,6020437894,,cycles,1605463680,100.00,,
9.031601158,58210,,rD044,1605636183,100.00,,
9.031601158,149374317,,rFF44,1605700360,100.00,,
9.031601158,23086387117,,instructions,1605665680,100.00,3.83,insn per cycle
9.031601158,6021107639,,cycles,1605636312,100.00,,
9.131958502,59714,,rD044,1605611681,100.00,,
9.131958502,150274128,,rFF44,1605608035,100.00,,
9.131958502,23209207298,,instructions,1605632355,100.00,3.85,insn per cycle
9.131958502,6021091225,,cycles,1605636763,100.00,,
9.232316806,57664,,rD044,1605671594,100.00,,
9.232316806,150190307,,rFF44,1605629790,100.00,,
9.232316806,23204381486,,instructions,1605649510,100.00,3.85,insn per cycle
9.232316806,6021243261,,cycles,1605673282,100.00,,
9.332669140,57676,,rD044,1605520220,100.00,,
9.332669140,149579304,,rFF44,1605531425,100.00,,
9.332669140,23132645987,,instructions,1605508915,100.00,3.84,insn per cycle
9.332669140,6020603645,,cycles,1605514003,100.00,,
9.433049854,56920,,rD044,1606126025,100.00,,
9.433049854,149803292,,rFF44,1606139220,100.00,,
9.433049854,23156970114,,instructions,1606123934,100.00,3.84,insn per cycle
9.433049854,6022964241,,cycles,1606131516,100.00,,
9.533402998,58322,,rD044,1605547087,100.00,,
9.533402998,149654306,,rFF44,1605526396,100.00,,
9.533402998,23131075781,,instructions,1605577442,100.00,3.84,insn per cycle
9.533402998,6020860646,,cycles,1605575930,100.00,,
9.633769293,58159,,rD044,1605890659,100.00,,
9.633769293,149039966,,rFF44,1605973880,100.00,,
9.633769293,23050500508,,instructions,1605954041,100.00,3.83,insn per cycle
9.633769293,6022303023,,cycles,1605960296,100.00,,
9.734133027,57579,,rD044,1605653611,100.00,,
9.734133027,148490546,,rFF44,1605541625,100.00,,
9.734133027,22970119687,,instructions,1605546304,100.00,3.82,insn per cycle
9.734133027,6020628940,,cycles,1605519339,100.00,,
9.834483111,58078,,rD044,1605616594,100.00,,
9.834483111,149615140,,rFF44,1605641610,100.00,,
9.834483111,23121143283,,instructions,1605709288,100.00,3.84,insn per cycle
9.834483111,6021772530,,cycles,1605814066,100.00,,
9.934841795,64225,,rD044,1605687491,100.00,,
9.934841795,148837818,,rFF44,1605729625,100.00,,
9.934841795,23019514335,,instructions,1605643877,100.00,3.82,insn per cycle
9.934841795,6020663104,,cycles,1605523359,100.00,,
10.035190209,57726,,rD044,1605557524,100.00,,
10.035190209,150396316,,rFF44,1605528500,100.00,,
10.035190209,23211722794,,instructions,1605508346,100.00,3.86,insn per cycle
10.035190209,6020633844,,cycles,1605509756,100.00,,
10.135545383,58646,,rD044,1605645310,100.00,,
10.135545383,150082529,,rFF44,1605865166,100.00,,
10.135545383,23164818430,,instructions,1605884040,100.00,3.85,insn per cycle
10.135545383,6021999884,,cycles,1605880060,100.00,,
10.235908897,57818,,rD044,1605774576,100.00,,
10.235908897,148629292,,rFF44,1605579160,100.00,,
10.235908897,22984140626,,instructions,1605599341,100.00,3.82,insn per cycle
10.235908897,6020977150,,cycles,1605601456,100.00,,
10.336260411,57144,,rD044,1605536890,100.00,,
10.336260411,148061557,,rFF44,1605478026,100.00,,
10.336260411,22914326864,,instructions,1605448115,100.00,3.81,insn per cycle
10.336260411,6020417554,,cycles,1605458110,100.00,,
10.436600735,58103,,rD044,1605542256,100.00,,
10.436600735,150008241,,rFF44,1605611990,100.00,,
10.436600735,23158028900,,instructions,1605629376,100.00,3.85,insn per cycle
10.436600735,6020986549,,cycles,1605617606,100.00,,
10.536957029,57718,,rD044,1605488035,100.00,,
10.536957029,148348794,,rFF44,1605453175,100.00,,
10.536957029,22953493139,,instructions,1605445529,100.00,3.81,insn per cycle
10.536957029,6020537073,,cycles,1605493789,100.00,,
10.637311413,58532,,rD044,1605735030,100.00,,
10.637311413,149107963,,rFF44,1605807690,100.00,,
10.637311413,23065779461,,instructions,1605817096,100.00,3.83,insn per cycle
10.637311413,6021671814,,cycles,1605793546,100.00,,
10.737676757,58624,,rD044,1605732019,100.00,,
10.737676757,148175716,,rFF44,1605687926,100.00,,
10.737676757,22943643283,,instructions,1605701530,100.00,3.81,insn per cycle
10.737676757,6021303405,,cycles,1605696700,100.00,,
10.838035701,57117,,rD044,1605693857,100.00,,
10.838035701,149846475,,rFF44,1605667040,100.00,,
10.838035701,23159644127,,instructions,1605665747,100.00,3.85,insn per cycle
10.838035701,6021264185,,cycles,1605678236,100.00,,
10.938387185,57620,,rD044,1605591679,100.00,,
10.938387185,148326910,,rFF44,1605587346,100.00,,
10.938387185,22965847313,,instructions,1605556919,100.00,3.81,insn per cycle
10.938387185,6020698187,,cycles,1605533500,100.00,,
11.038750899,59125,,rD044,1605775707,100.00,,
11.038750899,150160815,,rFF44,1605809110,100.00,,
11.038750899,23198548208,,instructions,1605811749,100.00,3.85,insn per cycle
11.038750899,6021783501,,cycles,1605816776,100.00,,
11.139099643,58074,,rD044,1605553299,100.00,,
11.139099643,148634511,,rFF44,1605544556,100.00,,
11.139099643,22992194263,,instructions,1605551327,100.00,3.82,insn per cycle
11.139099643,6020793222,,cycles,1605558090,100.00,,
11.239463217,57310,,rD044,1605833087,100.00,,
11.239463217,148796680,,rFF44,1605864400,100.00,,
11.239463217,23022248017,,instructions,1605858121,100.00,3.82,insn per cycle
11.239463217,6024796382,,cycles,1606619696,100.00,,
11.339896042,58757,,rD044,1606916796,100.00,,
11.339896042,149378631,,rFF44,1606925836,100.00,,
11.339896042,23084304075,,instructions,1606910555,100.00,3.83,insn per cycle
11.339896042,6023031857,,cycles,1606155496,100.00,,
11.440256966,62794,,rD044,1605640455,100.00,,
11.440256966,146302501,,rFF44,1605582055,100.00,,
11.440256966,22705884352,,instructions,1605609335,100.00,3.77,insn per cycle
11.440256966,6020964753,,cycles,1605606139,100.00,,
11.540606680,58896,,rD044,1605691260,100.00,,
11.540606680,150534638,,rFF44,1605700350,100.00,,
11.540606680,23232216761,,instructions,1605703621,100.00,3.86,insn per cycle
11.540606680,6021332360,,cycles,1605695716,100.00,,
11.640967174,59611,,rD044,1605632866,100.00,,
11.640967174,150554143,,rFF44,1605658406,100.00,,
11.640967174,23223431652,,instructions,1605667055,100.00,3.86,insn per cycle
11.640967174,6021319959,,cycles,1605699100,100.00,,
11.741326278,57288,,rD044,1605696380,100.00,,
11.741326278,149650849,,rFF44,1605639170,100.00,,
11.741326278,23107076901,,instructions,1605621851,100.00,3.84,insn per cycle
11.741326278,6020836868,,cycles,1605566806,100.00,,
11.841677992,58424,,rD044,1605599046,100.00,,
11.841677992,149637510,,rFF44,1605655726,100.00,,
11.841677992,23125847646,,instructions,1605673605,100.00,3.84,insn per cycle
11.841677992,6021212965,,cycles,1605673160,100.00,,
11.942055026,58452,,rD044,1605991840,100.00,,
11.942055026,150588358,,rFF44,1605982660,100.00,,
11.942055026,23241171112,,instructions,1605984440,100.00,3.86,insn per cycle
11.942055026,6022498599,,cycles,1606010966,100.00,,
12.042413031,58574,,rD044,1605665762,100.00,,
12.042413031,149945630,,rFF44,1605675386,100.00,,
12.042413031,23171796460,,instructions,1605665666,100.00,3.85,insn per cycle
12.042413031,6021266835,,cycles,1605684620,100.00,,
12.142788225,57872,,rD044,1606006374,100.00,,
12.142788225,148330967,,rFF44,1606010792,100.00,,
12.142788225,22968557655,,instructions,1606033706,100.00,3.81,insn per cycle
12.142788225,6022558645,,cycles,1606029686,100.00,,
12.243150639,57957,,rD044,1605694665,100.00,,
12.243150639,149175521,,rFF44,1605741913,100.00,,
12.243150639,23071423845,,instructions,1605697969,100.00,3.83,insn per cycle
12.243150639,6021153612,,cycles,1605684269,100.00,,
12.343512793,59141,,rD044,1605633659,100.00,,
12.343512793,149088639,,rFF44,1605576956,100.00,,
12.343512793,23066272478,,instructions,1605721625,100.00,3.83,insn per cycle
12.343512793,6021204513,,cycles,1605712905,100.00,,
12.443880047,59144,,rD044,1605759666,100.00,,
12.443880047,149593218,,rFF44,1605745049,100.00,,
12.443880047,23128511519,,instructions,1605567350,100.00,3.84,insn per cycle
12.443880047,6020717697,,cycles,1605565501,100.00,,
12.544232771,57771,,rD044,1605544630,100.00,,
12.544232771,149521557,,rFF44,1605505328,100.00,,
12.544232771,23108951493,,instructions,1605568196,100.00,3.84,insn per cycle
12.544232771,6020918703,,cycles,1605596125,100.00,,
12.644583135,59111,,rD044,1605631396,100.00,,
12.644583135,148528461,,rFF44,1605729468,100.00,,
12.644583135,22984874305,,instructions,1605742150,100.00,3.82,insn per cycle
12.644583135,6021465082,,cycles,1605741333,100.00,,
12.744947979,57117,,rD044,1605770810,100.00,,
12.744947979,149317458,,rFF44,1605712441,100.00,,
12.744947979,23076874608,,instructions,1605707446,100.00,3.83,insn per cycle
12.744947979,6021386272,,cycles,1605710743,100.00,,
12.845305393,59337,,rD044,1605671116,100.00,,
12.845305393,148484040,,rFF44,1605643015,100.00,,
12.845305393,22970759307,,instructions,1605603480,100.00,3.82,insn per cycle
12.845305393,6020877503,,cycles,1605580753,100.00,,
12.945659437,60096,,rD044,1605635850,100.00,,
12.945659437,147431885,,rFF44,1605647781,100.00,,
12.945659437,22840294956,,instructions,1605652446,100.00,3.79,insn per cycle
12.945659437,6021184601,,cycles,1605657713,100.00,,
13.046012261,58240,,rD044,1605521215,100.00,,
13.046012261,149255821,,rFF44,1605478454,100.00,,
13.046012261,23058506335,,instructions,1605489619,100.00,3.83,insn per cycle
13.046012261,6020549173,,cycles,1605492459,100.00,,
13.146375435,57026,,rD044,1605888270,100.00,,
13.146375435,148024893,,rFF44,1605969285,100.00,,
13.146375435,22916534224,,instructions,1605959486,100.00,3.81,insn per cycle
13.146375435,6022201424,,cycles,1605930896,100.00,,
13.246738880,57579,,rD044,1605703436,100.00,,
13.246738880,149215630,,rFF44,1605683671,100.00,,
13.246738880,23057976974,,instructions,1605717620,100.00,3.83,insn per cycle
13.246738880,6021607469,,cycles,1605774550,100.00,,
13.347097234,58390,,rD044,1605764741,100.00,,
13.347097234,150285251,,rFF44,1605752936,100.00,,
13.347097234,23189840833,,instructions,1605688416,100.00,3.85,insn per cycle
13.347097234,6021177709,,cycles,1605655506,100.00,,
13.447449878,56203,,rD044,1605484024,100.00,,
13.447449878,147758518,,rFF44,1605463279,100.00,,
13.447449878,22882442688,,instructions,1605474589,100.00,3.80,insn per cycle
13.447449878,6020833241,,cycles,1605574687,100.00,,
13.547806412,58552,,rD044,1605677560,100.00,,
13.547806412,149616556,,rFF44,1605672964,100.00,,
13.547806412,23122174217,,instructions,1605732916,100.00,3.84,insn per cycle
13.547806412,6021081904,,cycles,1605629618,100.00,,
13.648152826,58133,,rD044,1605552936,100.00,,
13.648152826,148546642,,rFF44,1605604182,100.00,,
13.648152826,22998969201,,instructions,1605594930,100.00,3.82,insn per cycle
13.648152826,6020960215,,cycles,1605607037,100.00,,
13.748515320,57774,,rD044,1605740820,100.00,,
13.748515320,149614425,,rFF44,1605703365,100.00,,
13.748515320,23134548999,,instructions,1605801836,100.00,3.84,insn per cycle
13.748515320,6021693661,,cycles,1605792909,100.00,,
13.848877104,59010,,rD044,1605712355,100.00,,
13.848877104,150152583,,rFF44,1605722140,100.00,,
13.848877104,23204079126,,instructions,1605638859,100.00,3.85,insn per cycle
13.848877104,6021162379,,cycles,1605661980,100.00,,
13.949234498,57348,,rD044,1605727912,100.00,,
13.949234498,150256133,,rFF44,1605725666,100.00,,
13.949234498,23212583639,,instructions,1605687146,100.00,3.86,insn per cycle
13.949234498,6021136732,,cycles,1605643945,100.00,,
14.049585422,58592,,rD044,1605598964,100.00,,
14.049585422,149643426,,rFF44,1605662070,100.00,,
14.049585422,23129947974,,instructions,1605638750,100.00,3.84,insn per cycle
14.049585422,6021125413,,cycles,1605647292,100.00,,
14.149942906,59074,,rD044,1605613740,100.00,,
14.149942906,150012008,,rFF44,1605537456,100.00,,
14.149942906,23179111297,,instructions,1605569056,100.00,3.85,insn per cycle
14.149942906,6020984373,,cycles,1605603124,100.00,,
14.250296520,59089,,rD044,1605670666,100.00,,
14.250296520,149759021,,rFF44,1605643820,100.00,,
14.250296520,23139480226,,instructions,1605629910,100.00,3.84,insn per cycle
14.250296520,6020971909,,cycles,1605600737,100.00,,
14.350645294,59617,,rD044,1605490650,100.00,,
14.350645294,147604997,,rFF44,1605526264,100.00,,
14.350645294,22865275011,,instructions,1605537446,100.00,3.80,insn per cycle
14.350645294,6020716406,,cycles,1605543169,100.00,,
14.450995688,61524,,rD044,1605580916,100.00,,
14.450995688,149555234,,rFF44,1605551972,100.00,,
14.450995688,23104409030,,instructions,1605551570,100.00,3.84,insn per cycle
14.450995688,6020707256,,cycles,1605529971,100.00,,
14.551340702,57470,,rD044,1605490629,100.00,,
14.551340702,148957433,,rFF44,1605547058,100.00,,
14.551340702,23026283589,,instructions,1605550955,100.00,3.82,insn per cycle
14.551340702,6020880993,,cycles,1605581384,100.00,,
14.651694526,58299,,rD044,1605562796,100.00,,
14.651694526,149115516,,rFF44,1605481417,100.00,,
14.651694526,23033714669,,instructions,1605483650,100.00,3.83,insn per cycle
14.651694526,6020422976,,cycles,1605458800,100.00,,
14.752038560,59805,,rD044,1605487380,100.00,,
14.752038560,148958043,,rFF44,1605531041,100.00,,
14.752038560,23019502275,,instructions,1605527236,100.00,3.82,insn per cycle
14.752038560,6020668657,,cycles,1605525356,100.00,,
14.839970226,230055,,rD044,1351316450,100.00,,
14.839970226,104102347,,rFF44,1350499929,100.00,,
14.839970226,16630868718,,instructions,1349824544,100.00,3.29,insn per cycle
14.839970226,5059183261,,cycles,1349182924,100.00,,
