0.100128119,4587881,,rD044,92471209,100.00,,
0.100128119,20197549,,rFF44,92477159,100.00,,
0.100128119,438077807,,instructions,92481569,100.00,1.28,insn per cycle
0.100128119,342891462,,cycles,92486039,100.00,,
0.200396380,5493029,,rD044,100263545,100.00,,
0.200396380,23990543,,rFF44,100263635,100.00,,
0.200396380,505787941,,instructions,100263925,100.00,1.35,insn per cycle
0.200396380,375985423,,cycles,100263515,100.00,,
0.300606930,5484679,,rD044,100209964,100.00,,
0.300606930,23960968,,rFF44,100210154,100.00,,
0.300606930,504497987,,instructions,100210144,100.00,1.34,insn per cycle
0.300606930,375786682,,cycles,100210274,100.00,,
0.400825470,6766333,,rD044,100217875,100.00,,
0.400825470,29071163,,rFF44,100217305,100.00,,
0.400825470,83748539,,instructions,100218365,100.00,0.22,insn per cycle
0.400825470,375821665,,cycles,100219455,100.00,,
0.501038800,6921507,,rD044,100212645,100.00,,
0.501038800,30120442,,rFF44,100212355,100.00,,
0.501038800,37560226,,instructions,100211095,100.00,0.10,insn per cycle
0.501038800,375787615,,cycles,100210515,100.00,,
0.601238230,3485439,,rD044,3339428790,100.00,,
0.601238230,312192072,,rFF44,3354577543,100.00,,
0.601238230,46546015882,,instructions,3367173345,100.00,3.67,insn per cycle
0.601238230,12670633929,,cycles,3380005338,100.00,,
0.702295519,425024,,rD044,6466606825,100.00,,
0.702295519,590766350,,rFF44,6465005164,100.00,,
0.702295519,91573481493,,instructions,6463499161,100.00,3.78,insn per cycle
0.702295519,24233099984,,cycles,6462196389,100.00,,
0.803248528,406271,,rD044,6460889773,100.00,,
0.803248528,592488035,,rFF44,6461441712,100.00,,
0.803248528,91814303363,,instructions,6462093320,100.00,3.79,insn per cycle
0.803248528,24233807511,,cycles,6462386125,100.00,,
0.904238936,387545,,rD044,6463289053,100.00,,
0.904238936,590050060,,rFF44,6462607430,100.00,,
0.904238936,91506419844,,instructions,6462266116,100.00,3.78,insn per cycle
0.904238936,24233879294,,cycles,6462416852,100.00,,
1.005205025,391154,,rD044,6460480932,100.00,,
1.005205025,586115798,,rFF44,6458180328,100.00,,
1.005205025,90993430791,,instructions,6459812200,100.00,3.76,insn per cycle
1.005205025,24223755213,,cycles,6459700122,100.00,,
1.106132113,396146,,rD044,6459989459,100.00,,
1.106132113,590199840,,rFF44,6461973594,100.00,,
1.106132113,91567467149,,instructions,6460146603,100.00,3.78,insn per cycle
1.106132113,24222534320,,cycles,6459379833,100.00,,
1.207058400,373615,,rD044,6459375774,100.00,,
1.207058400,589172314,,rFF44,6459330870,100.00,,
1.207058400,91408631523,,instructions,6459058615,100.00,3.77,insn per cycle
1.207058400,24220076211,,cycles,6458719127,100.00,,
1.307978228,384015,,rD044,6458947537,100.00,,
1.307978228,590875658,,rFF44,6458914575,100.00,,
1.307978228,91624982205,,instructions,6459618109,100.00,3.78,insn per cycle
1.307978228,24227021682,,cycles,6460586458,100.00,,
1.408923126,368020,,rD044,6460247139,100.00,,
1.408923126,590447460,,rFF44,6459770953,100.00,,
1.408923126,91552502380,,instructions,6459445113,100.00,3.78,insn per cycle
1.408923126,24223066023,,cycles,6459660205,100.00,,
1.509874895,396592,,rD044,6461049603,100.00,,
1.509874895,585057899,,rFF44,6461511290,100.00,,
1.509874895,90894418627,,instructions,6461599825,100.00,3.75,insn per cycle
1.509874895,24229054587,,cycles,6461120959,100.00,,
1.610825573,367204,,rD044,6460615682,100.00,,
1.610825573,589344499,,rFF44,6460987695,100.00,,
1.610825573,91424390299,,instructions,6460710150,100.00,3.77,insn per cycle
1.610825573,24226946069,,cycles,6460549489,100.00,,
1.711767201,366937,,rD044,6460023839,100.00,,
1.711767201,589151506,,rFF44,6460023964,100.00,,
1.711767201,91390455272,,instructions,6460208674,100.00,3.77,insn per cycle
1.711767201,24225846254,,cycles,6460264859,100.00,,
1.812710909,364427,,rD044,6460172738,100.00,,
1.812710909,587793230,,rFF44,6460890023,100.00,,
1.812710909,91238860834,,instructions,6462302218,100.00,3.77,insn per cycle
1.812710909,24233244252,,cycles,6462249505,100.00,,
1.913687608,365125,,rD044,6462567303,100.00,,
1.913687608,589450230,,rFF44,6462668966,100.00,,
1.913687608,91432103939,,instructions,6461659558,100.00,3.77,insn per cycle
1.913687608,24231949659,,cycles,6461984771,100.00,,
2.014716577,410485,,rD044,6465504019,100.00,,
2.014716577,584088834,,rFF44,6464804386,100.00,,
2.014716577,90797518146,,instructions,6464382678,100.00,3.75,insn per cycle
2.014716577,24240986468,,cycles,6464432027,100.00,,
2.115663515,356220,,rD044,6460049770,100.00,,
2.115663515,583473414,,rFF44,6460071052,100.00,,
2.115663515,90698865612,,instructions,6460411728,100.00,3.74,insn per cycle
2.115663515,24223943011,,cycles,6459915848,100.00,,
2.216611853,371668,,rD044,6460961902,100.00,,
2.216611853,587958799,,rFF44,6461045765,100.00,,
2.216611853,91253682017,,instructions,6460623565,100.00,3.77,insn per cycle
2.216611853,24227021711,,cycles,6460630494,100.00,,
2.317564481,375471,,rD044,6460579301,100.00,,
2.317564481,591199204,,rFF44,6460419647,100.00,,
2.317564481,91657755599,,instructions,6461098696,100.00,3.78,insn per cycle
2.317564481,24229794064,,cycles,6461336167,100.00,,
2.418525959,371629,,rD044,6461870663,100.00,,
2.418525959,587797765,,rFF44,6461718203,100.00,,
2.418525959,91243732695,,instructions,6461392678,100.00,3.77,insn per cycle
2.418525959,24230532902,,cycles,6461507132,100.00,,
2.519480748,408468,,rD044,6460661986,100.00,,
2.519480748,584583050,,rFF44,6460625012,100.00,,
2.519480748,90850825412,,instructions,6460557625,100.00,3.75,insn per cycle
2.519480748,24226888010,,cycles,6460535136,100.00,,
2.620424516,381112,,rD044,6460345360,100.00,,
2.620424516,590539298,,rFF44,6460267365,100.00,,
2.620424516,91560743597,,instructions,6459790893,100.00,3.78,insn per cycle
2.620424516,24223835140,,cycles,6459719689,100.00,,
2.721352694,369664,,rD044,6458948770,100.00,,
2.721352694,589817729,,rFF44,6458874843,100.00,,
2.721352694,91485683217,,instructions,6459184479,100.00,3.78,insn per cycle
2.721352694,24221651530,,cycles,6459198077,100.00,,
2.822305852,377874,,rD044,6461461441,100.00,,
2.822305852,591797062,,rFF44,6461776996,100.00,,
2.822305852,91734086746,,instructions,6461486897,100.00,3.79,insn per cycle
2.822305852,24232185233,,cycles,6461985541,100.00,,
2.923267740,377751,,rD044,6461457795,100.00,,
2.923267740,589801193,,rFF44,6461647760,100.00,,
2.923267740,91480103673,,instructions,6461914485,100.00,3.78,insn per cycle
2.923267740,24231477831,,cycles,6461758653,100.00,,
3.024234989,414338,,rD044,6461094492,100.00,,
3.024234989,585636020,,rFF44,6460456480,100.00,,
3.024234989,90972892289,,instructions,6460350544,100.00,3.76,insn per cycle
3.024234989,24224319767,,cycles,6459870061,100.00,,
3.125175287,371459,,rD044,6460025991,100.00,,
3.125175287,590174016,,rFF44,6459797166,100.00,,
3.125175287,91535903943,,instructions,6459913301,100.00,3.78,insn per cycle
3.125175287,24224996454,,cycles,6460047791,100.00,,
3.226108655,370417,,rD044,6459893195,100.00,,
3.226108655,589898396,,rFF44,6460403550,100.00,,
3.226108655,91502463765,,instructions,6460404401,100.00,3.78,insn per cycle
3.226108655,24225390190,,cycles,6460198614,100.00,,
3.327046043,372936,,rD044,6459409864,100.00,,
3.327046043,589150203,,rFF44,6458727717,100.00,,
3.327046043,91396332872,,instructions,6458588642,100.00,3.77,insn per cycle
3.327046043,24219771888,,cycles,6458636586,100.00,,
3.427968451,375091,,rD044,6460213854,100.00,,
3.427968451,589647001,,rFF44,6460135923,100.00,,
3.427968451,91387268384,,instructions,6459156544,100.00,3.77,insn per cycle
3.427968451,24217069669,,cycles,6457918927,100.00,,
3.528854148,400295,,rD044,6456047042,100.00,,
3.528854148,583777647,,rFF44,6456582005,100.00,,
3.528854148,90826125398,,instructions,6457977190,100.00,3.75,insn per cycle
3.528854148,24222666371,,cycles,6459409560,100.00,,
3.629799386,381590,,rD044,6460383681,100.00,,
3.629799386,590339528,,rFF44,6460193486,100.00,,
3.629799386,91564394929,,instructions,6459398730,100.00,3.78,insn per cycle
3.629799386,24221634991,,cycles,6459143652,100.00,,
3.730723304,374834,,rD044,6459245075,100.00,,
3.730723304,590421219,,rFF44,6460243925,100.00,,
3.730723304,91584900780,,instructions,6461380611,100.00,3.78,insn per cycle
3.730723304,24231236469,,cycles,6461728048,100.00,,
3.831720273,363417,,rD044,6463621225,100.00,,
3.831720273,590055886,,rFF44,6463488825,100.00,,
3.831720273,91521316490,,instructions,6462764255,100.00,3.78,insn per cycle
3.831720273,24233097188,,cycles,6462231907,100.00,,
3.932658711,369080,,rD044,6459016522,100.00,,
3.932658711,584566334,,rFF44,6461143544,100.00,,
3.932658711,90844382348,,instructions,6461036770,100.00,3.75,insn per cycle
3.932658711,24229335367,,cycles,6461188228,100.00,,
4.033624989,407601,,rD044,6462467103,100.00,,
4.033624989,590173821,,rFF44,6459939486,100.00,,
4.033624989,91528240008,,instructions,6459923507,100.00,3.78,insn per cycle
4.033624989,24223856497,,cycles,6459743344,100.00,,
4.134551167,366569,,rD044,6459580567,100.00,,
4.134551167,587803474,,rFF44,6459636152,100.00,,
4.134551167,91235070259,,instructions,6459959205,100.00,3.77,insn per cycle
4.134551167,24226684393,,cycles,6460504242,100.00,,
4.216292793,424231,,rD044,4952514093,100.00,,
4.216292793,362128388,,rFF44,4939149393,100.00,,
4.216292793,58658565880,,instructions,4927737867,100.00,3.18,insn per cycle
4.216292793,18434919762,,cycles,4916163842,100.00,,
