0.100129717,4591376,,rD044,92314333,100.00,,
0.100129717,20342943,,rFF44,92319993,100.00,,
0.100129717,442036579,,instructions,92324613,100.00,1.29,insn per cycle
0.100129717,342192140,,cycles,92329343,100.00,,
0.200395676,5490600,,rD044,100261015,100.00,,
0.200395676,23963892,,rFF44,100261655,100.00,,
0.200395676,504867995,,instructions,100261455,100.00,1.34,insn per cycle
0.200395676,375978180,,cycles,100261365,100.00,,
0.300607544,5485901,,rD044,100209915,100.00,,
0.300607544,23971568,,rFF44,100209845,100.00,,
0.300607544,505090048,,instructions,100210615,100.00,1.34,insn per cycle
0.300607544,375785590,,cycles,100209985,100.00,,
0.400817702,6785637,,rD044,100209975,100.00,,
0.400817702,28903346,,rFF44,100210335,100.00,,
0.400817702,79966728,,instructions,100209775,100.00,0.21,insn per cycle
0.400817702,375789575,,cycles,100211035,100.00,,
0.501037110,6920462,,rD044,100218745,100.00,,
0.501037110,29871053,,rFF44,100218235,100.00,,
0.501037110,37252403,,instructions,100217745,100.00,0.10,insn per cycle
0.501037110,375812874,,cycles,100217255,100.00,,
0.601252718,3195478,,rD044,1743822944,100.00,,
0.601252718,170297224,,rFF44,1747375287,100.00,,
0.601252718,24291832996,,instructions,1750163226,100.00,3.70,insn per cycle
0.601252718,6571124163,,cycles,1752875376,100.00,,
0.701830450,125081,,rD044,3218185505,100.00,,
0.701830450,297612398,,rFF44,3217818001,100.00,,
0.701830450,46069205055,,instructions,3217543012,100.00,3.82,insn per cycle
0.701830450,12065313777,,cycles,3217433643,100.00,,
0.802362862,124065,,rD044,3216712781,100.00,,
0.802362862,297093024,,rFF44,3216421912,100.00,,
0.802362862,45992166214,,instructions,3216495035,100.00,3.81,insn per cycle
0.802362862,12061860195,,cycles,3216516463,100.00,,
0.902872703,117169,,rD044,3216370252,100.00,,
0.902872703,297977598,,rFF44,3216530496,100.00,,
0.902872703,46127045375,,instructions,3216527861,100.00,3.82,insn per cycle
0.902872703,12061540695,,cycles,3216434772,100.00,,
1.003391535,118054,,rD044,3216242470,100.00,,
1.003391535,297736621,,rFF44,3216094738,100.00,,
1.003391535,46094683120,,instructions,3216199700,100.00,3.82,insn per cycle
1.003391535,12061183107,,cycles,3216349179,100.00,,
1.103911276,117855,,rD044,3216809774,100.00,,
1.103911276,297003635,,rFF44,3217127302,100.00,,
1.103911276,46003806325,,instructions,3217011299,100.00,3.81,insn per cycle
1.103911276,12063341862,,cycles,3216921405,100.00,,
1.204448728,117407,,rD044,3217088302,100.00,,
1.204448728,297400895,,rFF44,3217010856,100.00,,
1.204448728,46033244994,,instructions,3216993877,100.00,3.82,insn per cycle
1.204448728,12063147792,,cycles,3216875022,100.00,,
1.304962019,119163,,rD044,3216130062,100.00,,
1.304962019,295368336,,rFF44,3215989667,100.00,,
1.304962019,45789768584,,instructions,3216125632,100.00,3.80,insn per cycle
1.304962019,12061140437,,cycles,3216332768,100.00,,
1.405479611,120506,,rD044,3216577589,100.00,,
1.405479611,297398898,,rFF44,3216631845,100.00,,
1.405479611,46037787768,,instructions,3216456786,100.00,3.82,insn per cycle
1.405479611,12061026088,,cycles,3216306008,100.00,,
1.505986552,117642,,rD044,3216227786,100.00,,
1.505986552,299768838,,rFF44,3216328342,100.00,,
1.505986552,46347896683,,instructions,3216370225,100.00,3.84,insn per cycle
1.505986552,12061831154,,cycles,3216519682,100.00,,
1.606514514,118298,,rD044,3216767893,100.00,,
1.606514514,299106950,,rFF44,3216770744,100.00,,
1.606514514,46257260828,,instructions,3216825097,100.00,3.83,insn per cycle
1.606514514,12062924059,,cycles,3216808116,100.00,,
1.707044836,118146,,rD044,3216884474,100.00,,
1.707044836,298438220,,rFF44,3216815822,100.00,,
1.707044836,46172656053,,instructions,3216830272,100.00,3.83,insn per cycle
1.707044836,12062766700,,cycles,3216775919,100.00,,
1.807567197,118084,,rD044,3216640339,100.00,,
1.807567197,297639440,,rFF44,3216639171,100.00,,
1.807567197,46093603675,,instructions,3216530665,100.00,3.82,insn per cycle
1.807567197,12061623675,,cycles,3216461142,100.00,,
1.908080589,115689,,rD044,3216278514,100.00,,
1.908080589,297947261,,rFF44,3216351807,100.00,,
1.908080589,46111959949,,instructions,3216733370,100.00,3.82,insn per cycle
1.908080589,12064474961,,cycles,3217231657,100.00,,
2.008658861,121042,,rD044,3218230840,100.00,,
2.008658861,297903456,,rFF44,3218035947,100.00,,
2.008658861,46103343751,,instructions,3217697049,100.00,3.82,insn per cycle
2.008658861,12064664389,,cycles,3217332187,100.00,,
2.109175813,122205,,rD044,3216618364,100.00,,
2.109175813,296095066,,rFF44,3217078441,100.00,,
2.109175813,45892612801,,instructions,3217206665,100.00,3.80,insn per cycle
2.109175813,12064213353,,cycles,3217206322,100.00,,
2.209723254,118470,,rD044,3217239906,100.00,,
2.209723254,297416975,,rFF44,3216981945,100.00,,
2.209723254,46051870432,,instructions,3216814422,100.00,3.82,insn per cycle
2.209723254,12062486365,,cycles,3216746983,100.00,,
2.310240906,117306,,rD044,3216449379,100.00,,
2.310240906,298844293,,rFF44,3216308731,100.00,,
2.310240906,46224331710,,instructions,3216269111,100.00,3.83,insn per cycle
2.310240906,12060664309,,cycles,3216237732,100.00,,
2.410758418,117351,,rD044,3216457472,100.00,,
2.410758418,297414443,,rFF44,3216564722,100.00,,
2.410758418,46044356976,,instructions,3216617084,100.00,3.82,insn per cycle
2.410758418,12062067737,,cycles,3216589762,100.00,,
2.511272419,117291,,rD044,3216303910,100.00,,
2.511272419,297209700,,rFF44,3216217195,100.00,,
2.511272419,46027173031,,instructions,3216236600,100.00,3.82,insn per cycle
2.511272419,12061023727,,cycles,3216308227,100.00,,
2.611798171,115214,,rD044,3216675606,100.00,,
2.611798171,298111544,,rFF44,3216756969,100.00,,
2.611798171,46135846555,,instructions,3216747752,100.00,3.82,insn per cycle
2.611798171,12062366151,,cycles,3216663446,100.00,,
2.712322112,117758,,rD044,3216559398,100.00,,
2.712322112,298607331,,rFF44,3216495641,100.00,,
2.712322112,46196713500,,instructions,3216546766,100.00,3.83,insn per cycle
2.712322112,12062042307,,cycles,3216578312,100.00,,
2.812840344,117272,,rD044,3216436553,100.00,,
2.812840344,298700571,,rFF44,3216367128,100.00,,
2.812840344,46201364319,,instructions,3216274839,100.00,3.83,insn per cycle
2.812840344,12060612884,,cycles,3216190512,100.00,,
2.913344665,121429,,rD044,3216059222,100.00,,
2.913344665,294488485,,rFF44,3216226268,100.00,,
2.913344665,45680678439,,instructions,3216319002,100.00,3.79,insn per cycle
2.913344665,12061479254,,cycles,3216426040,100.00,,
3.013861787,117254,,rD044,3216464829,100.00,,
3.013861787,298433437,,rFF44,3216304351,100.00,,
3.013861787,46160245523,,instructions,3216248665,100.00,3.83,insn per cycle
3.013861787,12060458806,,cycles,3216150205,100.00,,
3.114368348,119073,,rD044,3216255256,100.00,,
3.114368348,298747841,,rFF44,3216359472,100.00,,
3.114368348,46215453184,,instructions,3216395945,100.00,3.83,insn per cycle
3.114368348,12061782258,,cycles,3216504692,100.00,,
3.214890570,117562,,rD044,3216650702,100.00,,
3.214890570,298168773,,rFF44,3216748994,100.00,,
3.214890570,46143669029,,instructions,3216818477,100.00,3.83,insn per cycle
3.214890570,12063141460,,cycles,3216866497,100.00,,
3.315458972,116494,,rD044,3218018364,100.00,,
3.315458972,297296011,,rFF44,3217832792,100.00,,
3.315458972,46034176332,,instructions,3217727994,100.00,3.82,insn per cycle
3.315458972,12065795066,,cycles,3217573929,100.00,,
3.415971063,115897,,rD044,3216294412,100.00,,
3.415971063,298598241,,rFF44,3216283162,100.00,,
3.415971063,46199034624,,instructions,3216328392,100.00,3.83,insn per cycle
3.415971063,12061812175,,cycles,3216513372,100.00,,
3.516484145,116108,,rD044,3216181041,100.00,,
3.516484145,298229708,,rFF44,3216187923,100.00,,
3.516484145,46149922809,,instructions,3216219771,100.00,3.83,insn per cycle
3.516484145,12060264352,,cycles,3216103214,100.00,,
3.617000266,120926,,rD044,3216612744,100.00,,
3.617000266,295859829,,rFF44,3216885422,100.00,,
3.617000266,45863421912,,instructions,3216786232,100.00,3.80,insn per cycle
3.617000266,12063413129,,cycles,3216941711,100.00,,
3.717536868,118773,,rD044,3217047181,100.00,,
3.717536868,299058819,,rFF44,3216938241,100.00,,
3.717536868,46249393721,,instructions,3216953729,100.00,3.83,insn per cycle
3.717536868,12062957687,,cycles,3216817531,100.00,,
3.818073990,117606,,rD044,3216974902,100.00,,
3.818073990,297238202,,rFF44,3216851337,100.00,,
3.818073990,46025981740,,instructions,3217043076,100.00,3.82,insn per cycle
3.818073990,12063645238,,cycles,3217008300,100.00,,
3.918589982,119141,,rD044,3216487254,100.00,,
3.918589982,297359324,,rFF44,3216511929,100.00,,
3.918589982,46041019332,,instructions,3216478512,100.00,3.82,insn per cycle
3.918589982,12062019194,,cycles,3216566326,100.00,,
4.019108153,117189,,rD044,3216513459,100.00,,
4.019108153,297174177,,rFF44,3216536712,100.00,,
4.019108153,46010792624,,instructions,3216503896,100.00,3.81,insn per cycle
4.019108153,12061751279,,cycles,3216494782,100.00,,
4.119634795,118425,,rD044,3216865025,100.00,,
4.119634795,298772838,,rFF44,3216931102,100.00,,
4.119634795,46204566345,,instructions,3216851930,100.00,3.83,insn per cycle
4.119634795,12062613876,,cycles,3216726402,100.00,,
4.220156386,117269,,rD044,3216589680,100.00,,
4.220156386,297935476,,rFF44,3216723974,100.00,,
4.220156386,46108884653,,instructions,3216648362,100.00,3.82,insn per cycle
4.220156386,12062543475,,cycles,3216713468,100.00,,
4.320684178,118665,,rD044,3216783059,100.00,,
4.320684178,299540522,,rFF44,3216578401,100.00,,
4.320684178,46306246188,,instructions,3216599841,100.00,3.84,insn per cycle
4.320684178,12061783042,,cycles,3216504557,100.00,,
4.421194309,122815,,rD044,3216214698,100.00,,
4.421194309,296178414,,rFF44,3216213050,100.00,,
4.421194309,45898397059,,instructions,3216298094,100.00,3.81,insn per cycle
4.421194309,12061623327,,cycles,3216466322,100.00,,
4.521714671,118151,,rD044,3216464951,100.00,,
4.521714671,298095191,,rFF44,3216427834,100.00,,
4.521714671,46118127022,,instructions,3216321611,100.00,3.82,insn per cycle
4.521714671,12060992115,,cycles,3216296455,100.00,,
4.622230342,117038,,rD044,3216584740,100.00,,
4.622230342,297471953,,rFF44,3216633023,100.00,,
4.622230342,46055504823,,instructions,3216657046,100.00,3.82,insn per cycle
4.622230342,12062159770,,cycles,3216595020,100.00,,
4.722751674,117459,,rD044,3216642846,100.00,,
4.722751674,295991916,,rFF44,3216647092,100.00,,
4.722751674,45857892466,,instructions,3216654937,100.00,3.80,insn per cycle
4.722751674,12062530076,,cycles,3216690182,100.00,,
4.823272396,117068,,rD044,3216606642,100.00,,
4.823272396,297141129,,rFF44,3216531934,100.00,,
4.823272396,46001033080,,instructions,3216566105,100.00,3.81,insn per cycle
4.823272396,12062020281,,cycles,3216554023,100.00,,
4.923789977,116194,,rD044,3216494081,100.00,,
4.923789977,296966589,,rFF44,3216499462,100.00,,
4.923789977,45979340924,,instructions,3216428352,100.00,3.81,insn per cycle
4.923789977,12061141916,,cycles,3216325345,100.00,,
5.024300639,117283,,rD044,3216265287,100.00,,
5.024300639,296308920,,rFF44,3216128692,100.00,,
5.024300639,45899256087,,instructions,3216128264,100.00,3.81,insn per cycle
5.024300639,12060636398,,cycles,3216184860,100.00,,
5.124811290,116020,,rD044,3216454320,100.00,,
5.124811290,296287591,,rFF44,3216675445,100.00,,
5.124811290,45901509507,,instructions,3216711382,100.00,3.81,insn per cycle
5.124811290,12063103661,,cycles,3216846452,100.00,,
5.225367562,124207,,rD044,3217665668,100.00,,
5.225367562,294709384,,rFF44,3217583841,100.00,,
5.225367562,45711770302,,instructions,3217592842,100.00,3.79,insn per cycle
5.225367562,12065432764,,cycles,3217468075,100.00,,
5.325880824,117371,,rD044,3216457319,100.00,,
5.325880824,296225166,,rFF44,3216558742,100.00,,
5.325880824,45889969627,,instructions,3216500986,100.00,3.80,insn per cycle
5.325880824,12061851655,,cycles,3216509681,100.00,,
5.426408415,116060,,rD044,3216794371,100.00,,
5.426408415,296840565,,rFF44,3216765271,100.00,,
5.426408415,45984190323,,instructions,3216969110,100.00,3.81,insn per cycle
5.426408415,12063571829,,cycles,3216968182,100.00,,
5.526928377,118044,,rD044,3216598892,100.00,,
5.526928377,297336786,,rFF44,3216509664,100.00,,
5.526928377,46033794211,,instructions,3216405102,100.00,3.82,insn per cycle
5.526928377,12061467657,,cycles,3216406616,100.00,,
5.627444498,118181,,rD044,3216487249,100.00,,
5.627444498,297132421,,rFF44,3216462793,100.00,,
5.627444498,46012692010,,instructions,3216357423,100.00,3.81,insn per cycle
5.627444498,12061312217,,cycles,3216372730,100.00,,
5.727973900,116301,,rD044,3217030097,100.00,,
5.727973900,296119939,,rFF44,3217140373,100.00,,
5.727973900,45878961224,,instructions,3217283833,100.00,3.80,insn per cycle
5.727973900,12065345271,,cycles,3217444522,100.00,,
5.828503922,116470,,rD044,3216871322,100.00,,
5.828503922,296106166,,rFF44,3216695409,100.00,,
5.828503922,45886965654,,instructions,3216470742,100.00,3.80,insn per cycle
5.828503922,12060897764,,cycles,3216256927,100.00,,
5.929009593,117842,,rD044,3216082903,100.00,,
5.929009593,297361340,,rFF44,3216182396,100.00,,
5.929009593,46049271634,,instructions,3216298012,100.00,3.82,insn per cycle
5.929009593,12062241029,,cycles,3216623048,100.00,,
6.029527395,120805,,rD044,3216355627,100.00,,
6.029527395,294275340,,rFF44,3216150690,100.00,,
6.029527395,45623955914,,instructions,3216019646,100.00,3.78,insn per cycle
6.029527395,12057782958,,cycles,3215500801,100.00,,
6.130010486,118509,,rD044,3215392966,100.00,,
6.130010486,294344369,,rFF44,3215690932,100.00,,
6.130010486,45693662163,,instructions,3215727546,100.00,3.79,insn per cycle
6.130010486,12060911548,,cycles,3216325652,100.00,,
6.230538947,117887,,rD044,3216822562,100.00,,
6.230538947,295370170,,rFF44,3216794269,100.00,,
6.230538947,45783080529,,instructions,3216896514,100.00,3.80,insn per cycle
6.230538947,12061602663,,cycles,3216496740,100.00,,
6.331055899,116626,,rD044,3216569585,100.00,,
6.331055899,296211387,,rFF44,3216678036,100.00,,
6.331055899,45899583493,,instructions,3216882644,100.00,3.80,insn per cycle
6.331055899,12063291619,,cycles,3216901585,100.00,,
6.431580311,118257,,rD044,3216692989,100.00,,
6.431580311,297436262,,rFF44,3216443792,100.00,,
6.431580311,46043874917,,instructions,3216218373,100.00,3.82,insn per cycle
6.431580311,12061064784,,cycles,3216298762,100.00,,
6.532092802,116315,,rD044,3216325603,100.00,,
6.532092802,295817009,,rFF44,3216533238,100.00,,
6.532092802,45849924349,,instructions,3216820050,100.00,3.80,insn per cycle
6.532092802,12062587723,,cycles,3216707002,100.00,,
6.632612814,116634,,rD044,3216675176,100.00,,
6.632612814,295849942,,rFF44,3216526618,100.00,,
6.632612814,45851950548,,instructions,3216239732,100.00,3.80,insn per cycle
6.632612814,12060976009,,cycles,3216275312,100.00,,
6.733127145,117260,,rD044,3216449339,100.00,,
6.733127145,297175980,,rFF44,3216584102,100.00,,
6.733127145,46019154020,,instructions,3216675035,100.00,3.82,insn per cycle
6.733127145,12062358608,,cycles,3216646674,100.00,,
6.833650217,118648,,rD044,3216689973,100.00,,
6.833650217,297006555,,rFF44,3216588064,100.00,,
6.833650217,45988423108,,instructions,3216492631,100.00,3.81,insn per cycle
6.833650217,12061893276,,cycles,3216521122,100.00,,
6.934159168,122256,,rD044,3216255162,100.00,,
6.934159168,294373961,,rFF44,3216438326,100.00,,
6.934159168,45675635514,,instructions,3216502992,100.00,3.79,insn per cycle
6.934159168,12061763300,,cycles,3216485988,100.00,,
7.034675600,119280,,rD044,3216490973,100.00,,
7.034675600,297444098,,rFF44,3216361508,100.00,,
7.034675600,46049754411,,instructions,3216354162,100.00,3.82,insn per cycle
7.034675600,12061149775,,cycles,3216327254,100.00,,
7.135190581,119290,,rD044,3216587857,100.00,,
7.135190581,296443269,,rFF44,3216848802,100.00,,
7.135190581,45919985885,,instructions,3216956307,100.00,3.81,insn per cycle
7.135190581,12063678929,,cycles,3217006236,100.00,,
7.235717563,117307,,rD044,3216703008,100.00,,
7.235717563,296504612,,rFF44,3216458157,100.00,,
7.235717563,45924910155,,instructions,3216376279,100.00,3.81,insn per cycle
7.235717563,12061496304,,cycles,3216415292,100.00,,
7.336238914,118166,,rD044,3216769337,100.00,,
7.336238914,297494566,,rFF44,3216712809,100.00,,
7.336238914,46054817214,,instructions,3216719792,100.00,3.82,insn per cycle
7.336238914,12062763689,,cycles,3216756235,100.00,,
7.436758596,116478,,rD044,3216482339,100.00,,
7.436758596,296698155,,rFF44,3216537922,100.00,,
7.436758596,45941666278,,instructions,3216511895,100.00,3.81,insn per cycle
7.436758596,12061470002,,cycles,3216411501,100.00,,
7.537313148,117235,,rD044,3217619992,100.00,,
7.537313148,297412553,,rFF44,3217458799,100.00,,
7.537313148,46054589141,,instructions,3217493441,100.00,3.82,insn per cycle
7.537313148,12065738187,,cycles,3217545752,100.00,,
7.637825179,117302,,rD044,3216542017,100.00,,
7.637825179,297694164,,rFF44,3216643747,100.00,,
7.637825179,46079684163,,instructions,3216453342,100.00,3.82,insn per cycle
7.637825179,12061134451,,cycles,3216317921,100.00,,
7.738331261,131987,,rD044,3214943270,100.00,,
7.738331261,289463370,,rFF44,3214532157,100.00,,
7.738331261,45023330080,,instructions,3214342937,100.00,3.74,insn per cycle
7.738331261,12052653763,,cycles,3214066973,100.00,,
7.755441957,175532,,rD044,430795711,100.00,,
7.755441957,1769483,,rFF44,428130257,100.00,,
7.755441957,1306547592,,instructions,425908567,100.00,0.82,insn per cycle
7.755441957,1588991757,,cycles,423750212,100.00,,
