0.100125593,3546633,,rD044,92237918,100.00,,
0.100125593,16771947,,rFF44,92243708,100.00,,
0.100125593,366575763,,instructions,92248908,100.00,1.07,insn per cycle
0.100125593,342175924,,cycles,92253768,100.00,,
0.200390697,5499397,,rD044,100261645,100.00,,
0.200390697,23979658,,rFF44,100262185,100.00,,
0.200390697,505164776,,instructions,100261915,100.00,1.34,insn per cycle
0.200390697,375981054,,cycles,100262095,100.00,,
0.300600781,5494468,,rD044,100208995,100.00,,
0.300600781,23975063,,rFF44,100209095,100.00,,
0.300600781,505159914,,instructions,100208345,100.00,1.34,insn per cycle
0.300600781,375779044,,cycles,100208245,100.00,,
0.400793085,6547334,,rD044,100191164,100.00,,
0.400793085,27866774,,rFF44,100190525,100.00,,
0.400793085,151462509,,instructions,100191015,100.00,0.40,insn per cycle
0.400793085,375713895,,cycles,100190855,100.00,,
0.500998249,6927419,,rD044,100205145,100.00,,
0.500998249,29872747,,rFF44,100205114,100.00,,
0.500998249,37256960,,instructions,100204664,100.00,0.10,insn per cycle
0.500998249,375765145,,cycles,100204714,100.00,,
0.601270444,18161127,,rD044,4148977263,100.00,,
0.601270444,259010500,,rFF44,4274222788,100.00,,
0.601270444,38342374509,,instructions,4387007312,100.00,2.28,insn per cycle
0.601270444,16849105045,,cycles,4495399236,100.00,,
0.705427992,39614872,,rD044,13337758454,100.00,,
0.705427992,781414830,,rFF44,13344640857,100.00,,
0.705427992,121686732598,,instructions,13347961823,100.00,2.43,insn per cycle
0.705427992,50071409932,,cycles,13352498401,100.00,,
0.809822953,39628904,,rD044,13354283938,100.00,,
0.809822953,790072676,,rFF44,13350433217,100.00,,
0.809822953,122268689763,,instructions,13327067674,100.00,2.45,insn per cycle
0.809822953,49895343455,,cycles,13305517703,100.00,,
0.913658777,40295766,,rD044,13291943288,100.00,,
0.913658777,786603829,,rFF44,13285329191,100.00,,
0.913658777,122247049728,,instructions,13301693244,100.00,2.45,insn per cycle
0.913658777,49942623510,,cycles,13318131324,100.00,,
1.017729874,40068370,,rD044,13313937957,100.00,,
1.017729874,788895054,,rFF44,13311796653,100.00,,
1.017729874,122387452233,,instructions,13312389752,100.00,2.45,insn per cycle
1.017729874,49942522677,,cycles,13318114516,100.00,,
1.121833911,40317503,,rD044,13332863235,100.00,,
1.121833911,790915961,,rFF44,13336834519,100.00,,
1.121833911,122659823675,,instructions,13344039534,100.00,2.46,insn per cycle
1.121833911,49960179053,,cycles,13322849790,100.00,,
1.225704226,41308447,,rD044,13295030012,100.00,,
1.225704226,787249552,,rFF44,13289142290,100.00,,
1.225704226,122022298347,,instructions,13279930677,100.00,2.45,insn per cycle
1.225704226,49866776330,,cycles,13297899939,100.00,,
1.329798184,41498924,,rD044,13315718596,100.00,,
1.329798184,788993299,,rFF44,13318155649,100.00,,
1.329798184,122414987607,,instructions,13323279055,100.00,2.45,insn per cycle
1.329798184,49958986473,,cycles,13322645971,100.00,,
1.433966722,40530144,,rD044,13339709464,100.00,,
1.433966722,791236533,,rFF44,13338720004,100.00,,
1.433966722,122695836184,,instructions,13345204677,100.00,2.45,insn per cycle
1.433966722,50078550575,,cycles,13354355759,100.00,,
1.538087579,40986195,,rD044,13321695430,100.00,,
1.538087579,789114602,,rFF44,13327310229,100.00,,
1.538087579,122384090096,,instructions,13323469342,100.00,2.45,insn per cycle
1.538087579,49934858755,,cycles,13316125076,100.00,,
1.642273778,41539476,,rD044,13340238047,100.00,,
1.642273778,792236458,,rFF44,13342578791,100.00,,
1.642273778,122776692701,,instructions,13338753065,100.00,2.45,insn per cycle
1.642273778,50018420994,,cycles,13338412487,100.00,,
1.746433766,41109117,,rD044,13325151609,100.00,,
1.746433766,790589826,,rFF44,13321788434,100.00,,
1.746433766,122529257318,,instructions,13324010563,100.00,2.45,insn per cycle
1.746433766,49978802300,,cycles,13328172911,100.00,,
1.850700095,41193677,,rD044,13351673337,100.00,,
1.850700095,790969044,,rFF44,13356933722,100.00,,
1.850700095,122765547341,,instructions,13363906834,100.00,2.45,insn per cycle
1.850700095,50117345883,,cycles,13365062909,100.00,,
1.955091555,41750513,,rD044,13356444214,100.00,,
1.955091555,791664647,,rFF44,13347845723,100.00,,
1.955091555,122694859256,,instructions,13338837570,100.00,2.45,insn per cycle
1.955091555,50013101611,,cycles,13337329922,100.00,,
2.059324754,41654018,,rD044,13344861661,100.00,,
2.059324754,792840515,,rFF44,13347263854,100.00,,
2.059324754,122882886355,,instructions,13347623800,100.00,2.45,insn per cycle
2.059324754,50056020903,,cycles,13348591303,100.00,,
2.163496162,41334426,,rD044,13330404410,100.00,,
2.163496162,790208331,,rFF44,13333828123,100.00,,
2.163496162,122585985949,,instructions,13332825342,100.00,2.45,insn per cycle
2.163496162,49972493222,,cycles,13326142347,100.00,,
2.267575299,41056384,,rD044,13327083925,100.00,,
2.267575299,790248617,,rFF44,13323647284,100.00,,
2.267575299,122596670104,,instructions,13328705179,100.00,2.45,insn per cycle
2.267575299,50002874430,,cycles,13334313529,100.00,,
2.371749028,40338199,,rD044,13329125677,100.00,,
2.371749028,790884042,,rFF44,13323574072,100.00,,
2.371749028,122591141668,,instructions,13325517013,100.00,2.45,insn per cycle
2.371749028,49988222412,,cycles,13330284598,100.00,,
2.475994256,41130683,,rD044,13344182754,100.00,,
2.475994256,791465136,,rFF44,13351024095,100.00,,
2.475994256,122747513998,,instructions,13347550901,100.00,2.45,insn per cycle
2.475994256,50017447558,,cycles,13338057726,100.00,,
2.580232775,40840597,,rD044,13338632693,100.00,,
2.580232775,791076073,,rFF44,13331371635,100.00,,
2.580232775,122632913465,,instructions,13325763232,100.00,2.45,insn per cycle
2.580232775,49984362518,,cycles,13329326341,100.00,,
2.684342993,40262834,,rD044,13329285435,100.00,,
2.684342993,791926927,,rFF44,13337912088,100.00,,
2.684342993,122815796139,,instructions,13343715301,100.00,2.45,insn per cycle
2.684342993,50045608855,,cycles,13345616755,100.00,,
2.788585672,41238661,,rD044,13349188674,100.00,,
2.788585672,792292581,,rFF44,13353443104,100.00,,
2.788585672,122926345223,,instructions,13359891525,100.00,2.45,insn per cycle
2.788585672,50086387555,,cycles,13356506134,100.00,,
2.892985212,42005082,,rD044,13357644874,100.00,,
2.892985212,791662572,,rFF44,13346162959,100.00,,
2.892985212,122674624675,,instructions,13336592501,100.00,2.45,insn per cycle
2.892985212,50028106847,,cycles,13340973327,100.00,,
2.997180581,40381010,,rD044,13333856642,100.00,,
2.997180581,791475571,,rFF44,13334945984,100.00,,
2.997180581,122747932685,,instructions,13339389012,100.00,2.45,insn per cycle
2.997180581,50069617277,,cycles,13352014846,100.00,,
3.101459090,41339288,,rD044,13350828597,100.00,,
3.101459090,791584457,,rFF44,13359755165,100.00,,
3.101459090,122865972593,,instructions,13364657729,100.00,2.45,insn per cycle
3.101459090,50063361599,,cycles,13350382311,100.00,,
3.205717129,41425326,,rD044,13346684545,100.00,,
3.205717129,791312352,,rFF44,13340393878,100.00,,
3.205717129,122665205120,,instructions,13336889748,100.00,2.45,insn per cycle
3.205717129,50018506673,,cycles,13338452232,100.00,,
3.309919228,40950647,,rD044,13333705666,100.00,,
3.309919228,792536810,,rFF44,13329351338,100.00,,
3.309919228,122775600078,,instructions,13325663017,100.00,2.46,insn per cycle
3.309919228,49965236539,,cycles,13324153823,100.00,,
3.390771636,23249560,,rD044,9561205362,100.00,,
3.390771636,442733962,,rFF44,9443704353,100.00,,
3.390771636,73140597139,,instructions,9329770357,100.00,2.12,insn per cycle
3.390771636,34554135494,,cycles,9214769733,100.00,,
