0.100130814,4108575,,rD044,91162780,100.00,,
0.100130814,18661099,,rFF44,91168340,100.00,,
0.100130814,405746341,,instructions,91173181,100.00,1.20,insn per cycle
0.100130814,338033608,,cycles,91177931,100.00,,
0.200423079,5481646,,rD044,100288196,100.00,,
0.200423079,23898377,,rFF44,100288926,100.00,,
0.200423079,503596165,,instructions,100288965,100.00,1.34,insn per cycle
0.200423079,376081127,,cycles,100288785,100.00,,
0.300640273,5464826,,rD044,100187694,100.00,,
0.300640273,23871943,,rFF44,100187965,100.00,,
0.300640273,503282497,,instructions,100188145,100.00,1.34,insn per cycle
0.300640273,375667641,,cycles,100188035,100.00,,
0.400852238,6643361,,rD044,100210855,100.00,,
0.400852238,28233962,,rFF44,100210254,100.00,,
0.400852238,116202273,,instructions,100210234,100.00,0.31,insn per cycle
0.400852238,375787023,,cycles,100210364,100.00,,
0.501064552,6922339,,rD044,100211785,100.00,,
0.501064552,30018746,,rFF44,100212495,100.00,,
0.501064552,37451217,,instructions,100212425,100.00,0.10,insn per cycle
0.501064552,375785609,,cycles,100212845,100.00,,
0.601371988,20616814,,rD044,5135159759,100.00,,
0.601371988,295477960,,rFF44,5215078525,100.00,,
0.601371988,44152527814,,instructions,5266605591,100.00,2.20,insn per cycle
0.601371988,20057019864,,cycles,5350721802,100.00,,
0.704313543,40056934,,rD044,13183747893,100.00,,
0.704313543,759728097,,rFF44,13225081791,100.00,,
0.704313543,119207936833,,instructions,13286539632,100.00,2.39,insn per cycle
0.704313543,49928757113,,cycles,13314412224,100.00,,
0.808440641,38641153,,rD044,13312344736,100.00,,
0.808440641,788667943,,rFF44,13308341056,100.00,,
0.808440641,122564545085,,instructions,13309925274,100.00,2.45,insn per cycle
0.808440641,49937105800,,cycles,13316622332,100.00,,
0.912586869,40109779,,rD044,13336194144,100.00,,
0.912586869,791334277,,rFF44,13333414557,100.00,,
0.912586869,122636794618,,instructions,13326903486,100.00,2.46,insn per cycle
0.912586869,49924491792,,cycles,13313806014,100.00,,
1.016492124,40022935,,rD044,13303230443,100.00,,
1.016492124,789514039,,rFF44,13304722915,100.00,,
1.016492124,122496134665,,instructions,13307686738,100.00,2.45,insn per cycle
1.016492124,49919222021,,cycles,13311888410,100.00,,
1.120472820,38789556,,rD044,13307344965,100.00,,
1.120472820,787014441,,rFF44,13276086714,100.00,,
1.120472820,122056998998,,instructions,13274893311,100.00,2.45,insn per cycle
1.120472820,49795448949,,cycles,13278891291,100.00,,
1.224365046,38632415,,rD044,13298908631,100.00,,
1.224365046,791944992,,rFF44,13326902167,100.00,,
1.224365046,122752315459,,instructions,13326847777,100.00,2.46,insn per cycle
1.224365046,49944750716,,cycles,13318672445,100.00,,
1.328282191,40225572,,rD044,13298087401,100.00,,
1.328282191,788211821,,rFF44,13299539381,100.00,,
1.328282191,122256091107,,instructions,13299107875,100.00,2.45,insn per cycle
1.328282191,49866326947,,cycles,13297779868,100.00,,
1.432183447,39562915,,rD044,13308271204,100.00,,
1.432183447,791028312,,rFF44,13309258448,100.00,,
1.432183447,122145021275,,instructions,13270367871,100.00,2.45,insn per cycle
1.432183447,49767113956,,cycles,13271301678,100.00,,
1.535890600,39421418,,rD044,13273132816,100.00,,
1.535890600,788659868,,rFF44,13272959185,100.00,,
1.535890600,122664030455,,instructions,13306250544,100.00,2.46,insn per cycle
1.535890600,49914375920,,cycles,13310569913,100.00,,
1.639877766,39157490,,rD044,13312293722,100.00,,
1.639877766,790052669,,rFF44,13315461632,100.00,,
1.639877766,122580342471,,instructions,13322072120,100.00,2.45,insn per cycle
1.639877766,49948479335,,cycles,13319658438,100.00,,
1.743933564,39186692,,rD044,13309131486,100.00,,
1.743933564,791363218,,rFF44,13306504853,100.00,,
1.743933564,122517391388,,instructions,13291720537,100.00,2.46,insn per cycle
1.743933564,49709688601,,cycles,13256010083,100.00,,
1.847440485,39829199,,rD044,13257089404,100.00,,
1.847440485,787124705,,rFF44,13256719511,100.00,,
1.847440485,122101731689,,instructions,13263026620,100.00,2.45,insn per cycle
1.847440485,49859450461,,cycles,13295948933,100.00,,
1.951359520,39033975,,rD044,13299037642,100.00,,
1.951359520,789115199,,rFF44,13301697208,100.00,,
1.951359520,122439497066,,instructions,13307605029,100.00,2.45,insn per cycle
1.951359520,49893208929,,cycles,13304956067,100.00,,
2.055292716,38394699,,rD044,13302786655,100.00,,
2.055292716,791711418,,rFF44,13316074450,100.00,,
2.055292716,122729917406,,instructions,13320914824,100.00,2.46,insn per cycle
2.055292716,49917819419,,cycles,13311565496,100.00,,
2.158904318,39450274,,rD044,13263334868,100.00,,
2.158904318,784704877,,rFF44,13248191206,100.00,,
2.158904318,121692700177,,instructions,13242311234,100.00,2.45,insn per cycle
2.158904318,49730580528,,cycles,13261629629,100.00,,
2.262952435,38923293,,rD044,13313440837,100.00,,
2.262952435,790288147,,rFF44,13312358411,100.00,,
2.262952435,122579161813,,instructions,13319232061,100.00,2.46,insn per cycle
2.262952435,49927923521,,cycles,13314273762,100.00,,
2.367028273,39608770,,rD044,13321780489,100.00,,
2.367028273,792426594,,rFF44,13317476626,100.00,,
2.367028273,122681522603,,instructions,13307089364,100.00,2.46,insn per cycle
2.367028273,49903471425,,cycles,13307779793,100.00,,
2.470908208,39027101,,rD044,13296983324,100.00,,
2.470908208,788272803,,rFF44,13300860530,100.00,,
2.470908208,122319551503,,instructions,13306738848,100.00,2.45,insn per cycle
2.470908208,49887007690,,cycles,13303481900,100.00,,
2.574834923,39971534,,rD044,13308505158,100.00,,
2.574834923,789083082,,rFF44,13315787944,100.00,,
2.574834923,122390640708,,instructions,13315303205,100.00,2.45,insn per cycle
2.574834923,49954738075,,cycles,13321402789,100.00,,
2.678948011,39019669,,rD044,13323615200,100.00,,
2.678948011,791601185,,rFF44,13318024578,100.00,,
2.678948011,122601209837,,instructions,13311158245,100.00,2.46,insn per cycle
2.678948011,49906371073,,cycles,13308455163,100.00,,
2.782976238,39670111,,rD044,13313516490,100.00,,
2.782976238,791097165,,rFF44,13315872475,100.00,,
2.782976238,122754610909,,instructions,13327749143,100.00,2.46,insn per cycle
2.782976238,49969268088,,cycles,13325231823,100.00,,
2.886957754,39247004,,rD044,13310248842,100.00,,
2.886957754,785519653,,rFF44,13309065132,100.00,,
2.886957754,121951497760,,instructions,13304804906,100.00,2.44,insn per cycle
2.886957754,49927645128,,cycles,13314129694,100.00,,
2.991043402,39348580,,rD044,13322671387,100.00,,
2.991043402,792792225,,rFF44,13350270727,100.00,,
2.991043402,122916670435,,instructions,13353393861,100.00,2.46,insn per cycle
2.991043402,50035542406,,cycles,13342912890,100.00,,
3.095229890,39812284,,rD044,13331955356,100.00,,
3.095229890,790097922,,rFF44,13303138735,100.00,,
3.095229890,122519663485,,instructions,13304058570,100.00,2.45,insn per cycle
3.095229890,49914602622,,cycles,13310662224,100.00,,
3.199168636,37972651,,rD044,13284247277,100.00,,
3.199168636,786950396,,rFF44,13279573445,100.00,,
3.199168636,122045898500,,instructions,13279293483,100.00,2.45,insn per cycle
3.199168636,49785167213,,cycles,13276137537,100.00,,
3.302972661,39688016,,rD044,13308722925,100.00,,
3.302972661,791773297,,rFF44,13319577376,100.00,,
3.302972661,122654225360,,instructions,13314813751,100.00,2.46,insn per cycle
3.302972661,49953089910,,cycles,13320999833,100.00,,
3.386452049,23686768,,rD044,9892957406,100.00,,
3.386452049,464326104,,rFF44,9770694212,100.00,,
3.386452049,76137566601,,instructions,9662314920,100.00,2.13,insn per cycle
3.386452049,35806706507,,cycles,9548821779,100.00,,
