0.100125017,3770742,,rD044,92679580,100.00,,
0.100125017,17578538,,rFF44,92685720,100.00,,
0.100125017,383170514,,instructions,92690960,100.00,1.11,insn per cycle
0.100125017,343810622,,cycles,92695760,100.00,,
0.200396836,5495356,,rD044,100267425,100.00,,
0.200396836,23969045,,rFF44,100266755,100.00,,
0.200396836,505155720,,instructions,100266215,100.00,1.34,insn per cycle
0.200396836,375995174,,cycles,100265675,100.00,,
0.300608584,5489628,,rD044,100211185,100.00,,
0.300608584,23977152,,rFF44,100211535,100.00,,
0.300608584,505160743,,instructions,100211085,100.00,1.34,insn per cycle
0.300608584,375788688,,cycles,100210795,100.00,,
0.400818742,6603004,,rD044,100196365,100.00,,
0.400818742,28288707,,rFF44,100196195,100.00,,
0.400818742,134322324,,instructions,100196315,100.00,0.36,insn per cycle
0.400818742,375707581,,cycles,100196415,100.00,,
0.501037780,6915984,,rD044,100218654,100.00,,
0.501037780,30198547,,rFF44,100219204,100.00,,
0.501037780,37644911,,instructions,100219555,100.00,0.10,insn per cycle
0.501037780,375822333,,cycles,100219785,100.00,,
0.601248148,6050943,,rD044,1428912833,100.00,,
0.601248148,135452008,,rFF44,1435083625,100.00,,
0.601248148,18384954428,,instructions,1439927259,100.00,3.40,insn per cycle
0.601248148,5415136828,,cycles,1444620428,100.00,,
0.702175705,5071129,,rD044,3227406446,100.00,,
0.702175705,268230303,,rFF44,3226608105,100.00,,
0.702175705,41743790176,,instructions,3225808612,100.00,3.45,insn per cycle
0.702175705,12096811644,,cycles,3225831187,100.00,,
0.803007700,5150213,,rD044,3225990278,100.00,,
0.803007700,270544142,,rFF44,3225681520,100.00,,
0.803007700,42044492705,,instructions,3226017255,100.00,3.48,insn per cycle
0.803007700,12097505335,,cycles,3226019310,100.00,,
0.903821035,5331590,,rD044,3226268396,100.00,,
0.903821035,271954759,,rFF44,3226070611,100.00,,
0.903821035,42195570559,,instructions,3225744886,100.00,3.49,insn per cycle
0.903821035,12093013752,,cycles,3224821255,100.00,,
1.004570729,5270632,,rD044,3223649229,100.00,,
1.004570729,272455371,,rFF44,3223567401,100.00,,
1.004570729,42259554731,,instructions,3223833994,100.00,3.50,insn per cycle
1.004570729,12089977515,,cycles,3224021958,100.00,,
1.105325284,5443646,,rD044,3224445775,100.00,,
1.105325284,270577735,,rFF44,3224762449,100.00,,
1.105325284,42033476259,,instructions,3224714021,100.00,3.48,insn per cycle
1.105325284,12092796259,,cycles,3224775181,100.00,,
1.206116728,5213236,,rD044,3225379717,100.00,,
1.206116728,272157571,,rFF44,3225833329,100.00,,
1.206116728,42238687238,,instructions,3226082242,100.00,3.49,insn per cycle
1.206116728,12097607467,,cycles,3226045309,100.00,,
1.306909113,5152588,,rD044,3224915979,100.00,,
1.306909113,271755644,,rFF44,3224054591,100.00,,
1.306909113,42167776906,,instructions,3223460842,100.00,3.49,insn per cycle
1.306909113,12087155515,,cycles,3223257321,100.00,,
1.407631277,5182969,,rD044,3223155436,100.00,,
1.407631277,271586600,,rFF44,3222902925,100.00,,
1.407631277,42154329989,,instructions,3223330645,100.00,3.49,insn per cycle
1.407631277,12089578066,,cycles,3223934062,100.00,,
1.508401092,5234548,,rD044,3224652086,100.00,,
1.508401092,272126340,,rFF44,3224837995,100.00,,
1.508401092,42224675728,,instructions,3224974576,100.00,3.49,insn per cycle
1.508401092,12095613416,,cycles,3225510953,100.00,,
1.609202857,5149173,,rD044,3225521940,100.00,,
1.609202857,257100637,,rFF44,3225455055,100.00,,
1.609202857,40396243457,,instructions,3224555984,100.00,3.34,insn per cycle
1.609202857,12091164648,,cycles,3224329573,100.00,,
1.709967801,5102969,,rD044,3224109332,100.00,,
1.709967801,272158705,,rFF44,3223859645,100.00,,
1.709967801,42227817395,,instructions,3224056583,100.00,3.49,insn per cycle
1.709967801,12088665855,,cycles,3223670037,100.00,,
1.810699315,5105954,,rD044,3224064330,100.00,,
1.810699315,272508053,,rFF44,3225012351,100.00,,
1.810699315,42276095400,,instructions,3226066994,100.00,3.49,insn per cycle
1.810699315,12101815289,,cycles,3227163734,100.00,,
1.911556511,5495927,,rD044,3229079968,100.00,,
1.911556511,272641800,,rFF44,3230066290,100.00,,
1.911556511,42302499968,,instructions,3230080700,100.00,3.49,insn per cycle
1.911556511,12108269389,,cycles,3228901331,100.00,,
2.012496287,4904155,,rD044,3228010192,100.00,,
2.012496287,275178159,,rFF44,3225521782,100.00,,
2.012496287,42559084149,,instructions,3223682815,100.00,3.52,insn per cycle
2.012496287,12083684518,,cycles,3222355378,100.00,,
2.113133300,5039276,,rD044,3220573811,100.00,,
2.113133300,271413877,,rFF44,3221481465,100.00,,
2.113133300,42156261969,,instructions,3222829527,100.00,3.49,insn per cycle
2.113133300,12092720249,,cycles,3224738527,100.00,,
2.213935035,5388823,,rD044,3226033995,100.00,,
2.213935035,272264248,,rFF44,3226859088,100.00,,
2.213935035,42245211626,,instructions,3226717803,100.00,3.49,insn per cycle
2.213935035,12100941638,,cycles,3226931651,100.00,,
2.314785800,5431970,,rD044,3226858890,100.00,,
2.314785800,272199730,,rFF44,3226294566,100.00,,
2.314785800,42235893198,,instructions,3226135605,100.00,3.49,insn per cycle
2.314785800,12094263081,,cycles,3225163119,100.00,,
2.415540605,5647312,,rD044,3224468762,100.00,,
2.415540605,271783349,,rFF44,3224096385,100.00,,
2.415540605,42181913767,,instructions,3224018447,100.00,3.49,insn per cycle
2.415540605,12090686776,,cycles,3224211096,100.00,,
2.516299699,5516509,,rD044,3223777842,100.00,,
2.516299699,272536912,,rFF44,3223857185,100.00,,
2.516299699,42275886047,,instructions,3223990333,100.00,3.50,insn per cycle
2.516299699,12088953553,,cycles,3223735086,100.00,,
2.617055934,5578701,,rD044,3224862902,100.00,,
2.617055934,272449473,,rFF44,3225659496,100.00,,
2.617055934,42262596638,,instructions,3225972182,100.00,3.49,insn per cycle
2.617055934,12104082777,,cycles,3227777869,100.00,,
2.717934939,5180928,,rD044,3227395008,100.00,,
2.717934939,272465861,,rFF44,3226437545,100.00,,
2.717934939,42263686417,,instructions,3226147619,100.00,3.50,insn per cycle
2.717934939,12090957054,,cycles,3224275992,100.00,,
2.818673933,5433629,,rD044,3223702481,100.00,,
2.818673933,271942635,,rFF44,3224277215,100.00,,
2.818673933,42198888310,,instructions,3224642173,100.00,3.49,insn per cycle
2.818673933,12093270569,,cycles,3224923153,100.00,,
2.919435598,5579760,,rD044,3223926168,100.00,,
2.919435598,272234655,,rFF44,3223389072,100.00,,
2.919435598,42222679280,,instructions,3222733904,100.00,3.49,insn per cycle
2.919435598,12083227642,,cycles,3222260860,100.00,,
3.020152892,5295425,,rD044,3222591743,100.00,,
3.020152892,270932801,,rFF44,3222498595,100.00,,
3.020152892,42076107878,,instructions,3222717753,100.00,3.48,insn per cycle
3.020152892,12084785353,,cycles,3222750967,100.00,,
3.120872746,5665418,,rD044,3223188688,100.00,,
3.120872746,271754602,,rFF44,3223311022,100.00,,
3.120872746,42163423614,,instructions,3223063151,100.00,3.49,insn per cycle
3.120872746,12088011608,,cycles,3223496603,100.00,,
3.221616270,5371097,,rD044,3223610547,100.00,,
3.221616270,271765909,,rFF44,3223965025,100.00,,
3.221616270,42189151210,,instructions,3225231859,100.00,3.49,insn per cycle
3.221616270,12098582536,,cycles,3226312492,100.00,,
3.322432535,4958260,,rD044,3226040664,100.00,,
3.322432535,272891455,,rFF44,3225876736,100.00,,
3.322432535,42317321178,,instructions,3225901157,100.00,3.50,insn per cycle
3.322432535,12094307194,,cycles,3225165546,100.00,,
3.423219790,5602995,,rD044,3225137409,100.00,,
3.423219790,271683657,,rFF44,3225133998,100.00,,
3.423219790,42158272892,,instructions,3224111893,100.00,3.49,insn per cycle
3.423219790,12089891969,,cycles,3223992983,100.00,,
3.524000634,5624832,,rD044,3225051638,100.00,,
3.524000634,271591172,,rFF44,3224794212,100.00,,
3.524000634,42157672845,,instructions,3224520204,100.00,3.49,insn per cycle
3.524000634,12090350871,,cycles,3224108449,100.00,,
3.624727748,4970469,,rD044,3223680039,100.00,,
3.624727748,272374162,,rFF44,3224738031,100.00,,
3.624727748,42262549026,,instructions,3225410306,100.00,3.49,insn per cycle
3.624727748,12096872209,,cycles,3225845815,100.00,,
3.725550034,5380417,,rD044,3225867553,100.00,,
3.725550034,271548935,,rFF44,3224891769,100.00,,
3.725550034,42150753189,,instructions,3224431738,100.00,3.49,insn per cycle
3.725550034,12091125565,,cycles,3224320721,100.00,,
3.826315658,5559352,,rD044,3224457044,100.00,,
3.826315658,270577607,,rFF44,3224312901,100.00,,
3.826315658,42031281693,,instructions,3224112982,100.00,3.48,insn per cycle
3.826315658,12088189844,,cycles,3223531622,100.00,,
3.927036542,5617201,,rD044,3222158346,100.00,,
3.927036542,272775176,,rFF44,3220871069,100.00,,
3.927036542,42243358758,,instructions,3219867244,100.00,3.50,insn per cycle
3.927036542,12070719045,,cycles,3218884390,100.00,,
4.027602374,5495911,,rD044,3218865362,100.00,,
4.027602374,273063475,,rFF44,3220694960,100.00,,
4.027602374,42361963723,,instructions,3222169383,100.00,3.50,insn per cycle
4.027602374,12086961370,,cycles,3223223345,100.00,,
4.128345308,5230198,,rD044,3223566845,100.00,,
4.128345308,272224332,,rFF44,3222925808,100.00,,
4.128345308,42220664668,,instructions,3222161264,100.00,3.49,insn per cycle
4.128345308,12081009432,,cycles,3221619097,100.00,,
4.229017532,5080574,,rD044,3221738514,100.00,,
4.229017532,270795416,,rFF44,3221594097,100.00,,
4.229017532,42059520124,,instructions,3221821744,100.00,3.48,insn per cycle
4.229017532,12085164576,,cycles,3222734391,100.00,,
4.329749516,5042293,,rD044,3223444004,100.00,,
4.329749516,270782242,,rFF44,3224412480,100.00,,
4.329749516,42085539101,,instructions,3225496826,100.00,3.48,insn per cycle
4.329749516,12095687123,,cycles,3225531490,100.00,,
4.430543461,5422302,,rD044,3225314566,100.00,,
4.430543461,270623999,,rFF44,3224535486,100.00,,
4.430543461,42026926499,,instructions,3223737106,100.00,3.48,insn per cycle
4.430543461,12088702719,,cycles,3223686090,100.00,,
4.531277755,5273305,,rD044,3223468592,100.00,,
4.531277755,270715720,,rFF44,3223895514,100.00,,
4.531277755,42050829511,,instructions,3223701603,100.00,3.48,insn per cycle
4.531277755,12088942576,,cycles,3223733146,100.00,,
4.632022769,5273680,,rD044,3223796370,100.00,,
4.632022769,270337216,,rFF44,3223352981,100.00,,
4.632022769,42014283494,,instructions,3223694475,100.00,3.48,insn per cycle
4.632022769,12090167871,,cycles,3224074927,100.00,,
4.732788214,5124743,,rD044,3224501564,100.00,,
4.732788214,270704008,,rFF44,3225301779,100.00,,
4.732788214,42064310806,,instructions,3225498606,100.00,3.48,insn per cycle
4.732788214,12094819582,,cycles,3225297587,100.00,,
4.833590058,5471603,,rD044,3225429531,100.00,,
4.833590058,271813136,,rFF44,3224715466,100.00,,
4.833590058,42196141238,,instructions,3225250536,100.00,3.49,insn per cycle
4.833590058,12099196143,,cycles,3226474500,100.00,,
4.934408184,5224089,,rD044,3226558686,100.00,,
4.934408184,270302703,,rFF44,3226641667,100.00,,
4.934408184,41985857179,,instructions,3225415694,100.00,3.47,insn per cycle
4.934408184,12090157514,,cycles,3224067000,100.00,,
5.035159498,5092978,,rD044,3223683817,100.00,,
5.035159498,270200612,,rFF44,3223716904,100.00,,
5.035159498,41994273834,,instructions,3224577393,100.00,3.47,insn per cycle
5.035159498,12091069512,,cycles,3224313160,100.00,,
5.135908882,5151226,,rD044,3224294946,100.00,,
5.135908882,271122061,,rFF44,3224197933,100.00,,
5.135908882,42099702505,,instructions,3223585180,100.00,3.48,insn per cycle
5.135908882,12087783053,,cycles,3223425037,100.00,,
5.236637806,5084343,,rD044,3223116076,100.00,,
5.236637806,270172158,,rFF44,3223221185,100.00,,
5.236637806,41986265399,,instructions,3223455951,100.00,3.47,insn per cycle
5.236637806,12087709256,,cycles,3223418541,100.00,,
5.337371490,5459364,,rD044,3223615622,100.00,,
5.337371490,272153872,,rFF44,3223824342,100.00,,
5.337371490,42236057518,,instructions,3224302549,100.00,3.49,insn per cycle
5.337371490,12092743064,,cycles,3224758826,100.00,,
5.438155095,5245146,,rD044,3224588132,100.00,,
5.438155095,270067824,,rFF44,3223978027,100.00,,
5.438155095,41965433856,,instructions,3223335940,100.00,3.47,insn per cycle
5.438155095,12090924255,,cycles,3224272973,100.00,,
5.538967900,5660698,,rD044,3225859672,100.00,,
5.538967900,271040560,,rFF44,3225748516,100.00,,
5.538967900,42083449001,,instructions,3225597436,100.00,3.48,insn per cycle
5.538967900,12094113558,,cycles,3225112047,100.00,,
5.639694824,5689033,,rD044,3222952186,100.00,,
5.639694824,272113795,,rFF44,3222266974,100.00,,
5.639694824,42166264376,,instructions,3221493309,100.00,3.49,insn per cycle
5.639694824,12073911777,,cycles,3219729094,100.00,,
5.740305287,5212446,,rD044,3221278845,100.00,,
5.740305287,271310659,,rFF44,3223439121,100.00,,
5.740305287,42167263585,,instructions,3224783260,100.00,3.49,insn per cycle
5.740305287,12098657080,,cycles,3226321421,100.00,,
5.841151222,5232438,,rD044,3226368236,100.00,,
5.841151222,271224541,,rFF44,3225526979,100.00,,
5.841151222,42107719014,,instructions,3224935204,100.00,3.48,insn per cycle
5.841151222,12091125630,,cycles,3224317309,100.00,,
5.941899096,5397003,,rD044,3223685080,100.00,,
5.941899096,270652645,,rFF44,3224914441,100.00,,
5.941899096,42053070519,,instructions,3225840079,100.00,3.48,insn per cycle
5.941899096,12097823398,,cycles,3226135765,100.00,,
6.042720892,5633122,,rD044,3226398216,100.00,,
6.042720892,270381980,,rFF44,3225959562,100.00,,
6.042720892,42005801618,,instructions,3225302132,100.00,3.47,insn per cycle
6.042720892,12095278264,,cycles,3225430260,100.00,,
6.143532917,5315424,,rD044,3225371872,100.00,,
6.143532917,271020678,,rFF44,3224496709,100.00,,
6.143532917,42087440541,,instructions,3224466142,100.00,3.48,insn per cycle
6.143532917,12093402228,,cycles,3224924050,100.00,,
6.244306221,5280133,,rD044,3224925724,100.00,,
6.244306221,270625160,,rFF44,3225282515,100.00,,
6.244306221,42051894178,,instructions,3225672448,100.00,3.48,insn per cycle
6.244306221,12098145693,,cycles,3226196013,100.00,,
6.345149636,5227888,,rD044,3226820349,100.00,,
6.345149636,271744579,,rFF44,3226588248,100.00,,
6.345149636,42182825973,,instructions,3226335935,100.00,3.49,insn per cycle
6.345149636,12097427794,,cycles,3225995015,100.00,,
6.445930501,5320032,,rD044,3225290863,100.00,,
6.445930501,271707792,,rFF44,3225162322,100.00,,
6.445930501,42171491108,,instructions,3225091784,100.00,3.49,insn per cycle
6.445930501,12092509958,,cycles,3224683748,100.00,,
6.546728936,5361527,,rD044,3225329616,100.00,,
6.546728936,271403416,,rFF44,3225867841,100.00,,
6.546728936,42135641652,,instructions,3225571067,100.00,3.48,insn per cycle
6.546728936,12093197434,,cycles,3224871246,100.00,,
6.647471610,5346464,,rD044,3223961604,100.00,,
6.647471610,271094103,,rFF44,3223545972,100.00,,
6.647471610,42099598446,,instructions,3223533783,100.00,3.48,insn per cycle
6.647471610,12088410531,,cycles,3223597014,100.00,,
6.748221365,5082661,,rD044,3223529676,100.00,,
6.748221365,270963329,,rFF44,3223336895,100.00,,
6.748221365,42085810259,,instructions,3223373480,100.00,3.48,insn per cycle
6.748221365,12088708824,,cycles,3223681090,100.00,,
6.848961259,5370409,,rD044,3223363248,100.00,,
6.848961259,270243304,,rFF44,3223326766,100.00,,
6.848961259,41995581174,,instructions,3223394550,100.00,3.47,insn per cycle
6.848961259,12086226606,,cycles,3223098551,100.00,,
6.949683123,5232210,,rD044,3223142809,100.00,,
6.949683123,270500543,,rFF44,3223577080,100.00,,
6.949683123,42031067357,,instructions,3223880546,100.00,3.48,insn per cycle
6.949683123,12089403008,,cycles,3223859252,100.00,,
7.050427547,5390928,,rD044,3223679623,100.00,,
7.050427547,269675439,,rFF44,3223535642,100.00,,
7.050427547,41925395594,,instructions,3223648418,100.00,3.47,insn per cycle
7.050427547,12090458894,,cycles,3224243624,100.00,,
7.151199651,5502634,,rD044,3224803632,100.00,,
7.151199651,270619427,,rFF44,3225068002,100.00,,
7.151199651,42036929386,,instructions,3225052316,100.00,3.48,insn per cycle
7.151199651,12092123368,,cycles,3224593971,100.00,,
7.251972696,5316658,,rD044,3224418078,100.00,,
7.251972696,271451682,,rFF44,3224944624,100.00,,
7.251972696,42133023996,,instructions,3224732175,100.00,3.48,insn per cycle
7.251972696,12093267641,,cycles,3224885932,100.00,,
7.352750821,5432007,,rD044,3224123102,100.00,,
7.352750821,273639518,,rFF44,3221927945,100.00,,
7.352750821,42352008454,,instructions,3221018054,100.00,3.51,insn per cycle
7.352750821,12073628339,,cycles,3219651616,100.00,,
7.453337693,5371263,,rD044,3219658334,100.00,,
7.453337693,272327620,,rFF44,3221024345,100.00,,
7.453337693,42294779888,,instructions,3223314196,100.00,3.50,insn per cycle
7.453337693,12093476105,,cycles,3224950526,100.00,,
7.554188459,5640159,,rD044,3227090890,100.00,,
7.554188459,271967808,,rFF44,3226821228,100.00,,
7.554188459,42181658617,,instructions,3225180813,100.00,3.49,insn per cycle
7.554188459,12094180962,,cycles,3225130657,100.00,,
7.654927073,5470548,,rD044,3223945120,100.00,,
7.654927073,271342997,,rFF44,3224072206,100.00,,
7.654927073,42117836533,,instructions,3223954055,100.00,3.48,insn per cycle
7.654927073,12089868742,,cycles,3223978422,100.00,,
7.755678717,5239826,,rD044,3223784171,100.00,,
7.755678717,272062757,,rFF44,3224056504,100.00,,
7.755678717,42211275761,,instructions,3224359978,100.00,3.49,insn per cycle
7.755678717,12089552974,,cycles,3223898377,100.00,,
7.856420351,5475610,,rD044,3224247110,100.00,,
7.856420351,272309896,,rFF44,3224628142,100.00,,
7.856420351,42243890250,,instructions,3224357952,100.00,3.49,insn per cycle
7.856420351,12092147327,,cycles,3224588278,100.00,,
7.957193726,5164300,,rD044,3224620980,100.00,,
7.957193726,271919752,,rFF44,3224493028,100.00,,
7.957193726,42200832546,,instructions,3224878136,100.00,3.49,insn per cycle
7.957193726,12097366081,,cycles,3225977794,100.00,,
8.058024651,5411781,,rD044,3226419918,100.00,,
8.058024651,271648169,,rFF44,3226892974,100.00,,
8.058024651,42186984237,,instructions,3228284098,100.00,3.49,insn per cycle
8.058024651,12103651038,,cycles,3227669884,100.00,,
8.158881436,5522813,,rD044,3227285906,100.00,,
8.158881436,271328663,,rFF44,3227218664,100.00,,
8.158881436,42117799460,,instructions,3225905192,100.00,3.48,insn per cycle
8.158881436,12097361173,,cycles,3225975414,100.00,,
8.259708372,5416766,,rD044,3226118367,100.00,,
8.259708372,272095270,,rFF44,3225440919,100.00,,
8.259708372,42226085467,,instructions,3225915345,100.00,3.49,insn per cycle
8.259708372,12095406025,,cycles,3225459674,100.00,,
8.360482776,5205141,,rD044,3224897527,100.00,,
8.360482776,272416602,,rFF44,3224479373,100.00,,
8.360482776,42242122733,,instructions,3223400935,100.00,3.49,insn per cycle
8.360482776,12088813395,,cycles,3223708484,100.00,,
8.459171337,4496977,,rD044,3039346940,100.00,,
8.459171337,214982434,,rFF44,3034924373,100.00,,
8.459171337,34590816034,,instructions,3031264511,100.00,3.05,insn per cycle
8.459171337,11349768681,,cycles,3026651971,100.00,,
