0.100125987,3817345,,rD044,92537570,100.00,,
0.100125987,17678176,,rFF44,92543040,100.00,,
0.100125987,385016909,,instructions,92547260,100.00,1.12,insn per cycle
0.100125987,343151174,,cycles,92551690,100.00,,
0.200428797,5496349,,rD044,100299365,100.00,,
0.200428797,24063237,,rFF44,100299705,100.00,,
0.200428797,507395954,,instructions,100299495,100.00,1.35,insn per cycle
0.200428797,376119545,,cycles,100299125,100.00,,
0.300633065,5496052,,rD044,100202935,100.00,,
0.300633065,23988539,,rFF44,100202705,100.00,,
0.300633065,505511533,,instructions,100202685,100.00,1.35,insn per cycle
0.300633065,375760585,,cycles,100203305,100.00,,
0.400841343,6655629,,rD044,100208745,100.00,,
0.400841343,28178221,,rFF44,100208885,100.00,,
0.400841343,130136831,,instructions,100209435,100.00,0.35,insn per cycle
0.400841343,375781513,,cycles,100208885,100.00,,
0.501052192,6949852,,rD044,100209624,100.00,,
0.501052192,29772960,,rFF44,100209914,100.00,,
0.501052192,37139485,,instructions,100209624,100.00,0.10,insn per cycle
0.501052192,375787996,,cycles,100210614,100.00,,
0.601266330,5861253,,rD044,738350718,100.00,,
0.601266330,76880113,,rFF44,739318722,100.00,,
0.601266330,9260462805,,instructions,740071472,100.00,3.33,insn per cycle
0.601266330,2777312003,,cycles,740886722,100.00,,
0.701700091,5580998,,rD044,1606778504,100.00,,
0.701700091,135788939,,rFF44,1607387476,100.00,,
0.701700091,21157326394,,instructions,1607970236,100.00,3.51,insn per cycle
0.701700091,6031788446,,cycles,1608531325,100.00,,
0.802225143,5710158,,rD044,1608873640,100.00,,
0.802225143,137388284,,rFF44,1608804996,100.00,,
0.802225143,21346272936,,instructions,1608568664,100.00,3.54,insn per cycle
0.802225143,6030696505,,cycles,1608203713,100.00,,
0.902750545,5725098,,rD044,1607669587,100.00,,
0.902750545,136922308,,rFF44,1607264215,100.00,,
0.902750545,21289138368,,instructions,1607007532,100.00,3.53,insn per cycle
0.902750545,6025717076,,cycles,1606911835,100.00,,
1.003201976,5009752,,rD044,1607656486,100.00,,
1.003201976,137145244,,rFF44,1608183052,100.00,,
1.003201976,21323123284,,instructions,1608758267,100.00,3.53,insn per cycle
1.003201976,6034173933,,cycles,1609122586,100.00,,
1.103769349,4874521,,rD044,1609163473,100.00,,
1.103769349,136041595,,rFF44,1609577726,100.00,,
1.103769349,21185067217,,instructions,1609285532,100.00,3.51,insn per cycle
1.103769349,6034452576,,cycles,1609195532,100.00,,
1.204348821,4802850,,rD044,1609146895,100.00,,
1.204348821,135896917,,rFF44,1608688417,100.00,,
1.204348821,21162492800,,instructions,1608490236,100.00,3.51,insn per cycle
1.204348821,6031481989,,cycles,1608403156,100.00,,
1.304883813,4936238,,rD044,1608697894,100.00,,
1.304883813,136934959,,rFF44,1608313941,100.00,,
1.304883813,21284409698,,instructions,1608280126,100.00,3.53,insn per cycle
1.304883813,6029972553,,cycles,1608001946,100.00,,
1.405366805,5501590,,rD044,1607203702,100.00,,
1.405366805,136554132,,rFF44,1607079856,100.00,,
1.405366805,21240647287,,instructions,1607087836,100.00,3.52,insn per cycle
1.405366805,6026637730,,cycles,1607117136,100.00,,
1.505809156,5414679,,rD044,1607062715,100.00,,
1.505809156,136337920,,rFF44,1607460106,100.00,,
1.505809156,21208819151,,instructions,1607475766,100.00,3.52,insn per cycle
1.505809156,6028081430,,cycles,1607496136,100.00,,
1.606320748,5427369,,rD044,1608190724,100.00,,
1.606320748,135839914,,rFF44,1608141126,100.00,,
1.606320748,21153644538,,instructions,1608223626,100.00,3.51,insn per cycle
1.606320748,6031235118,,cycles,1608337142,100.00,,
1.706808409,5004940,,rD044,1608079161,100.00,,
1.706808409,136085685,,rFF44,1607949406,100.00,,
1.706808409,21193220786,,instructions,1608074026,100.00,3.51,insn per cycle
1.706808409,6030478408,,cycles,1608148306,100.00,,
1.807312581,5443564,,rD044,1607915866,100.00,,
1.807312581,136609526,,rFF44,1607690276,100.00,,
1.807312581,21251239465,,instructions,1607458300,100.00,3.53,insn per cycle
1.807312581,6027218522,,cycles,1607266496,100.00,,
1.907767402,6311580,,rD044,1606981386,100.00,,
1.907767402,136829739,,rFF44,1607212006,100.00,,
1.907767402,21263452346,,instructions,1607545498,100.00,3.53,insn per cycle
1.907767402,6029795324,,cycles,1607969716,100.00,,
2.008300034,5459813,,rD044,1608720250,100.00,,
2.008300034,136430506,,rFF44,1609311932,100.00,,
2.008300034,21215460555,,instructions,1609321326,100.00,3.52,insn per cycle
2.008300034,6033698549,,cycles,1608995498,100.00,,
2.108832816,5295685,,rD044,1608594887,100.00,,
2.108832816,137319917,,rFF44,1608199016,100.00,,
2.108832816,21337326318,,instructions,1608454258,100.00,3.54,insn per cycle
2.108832816,6031685980,,cycles,1608457350,100.00,,
2.209360468,4835105,,rD044,1608234117,100.00,,
2.209360468,135754446,,rFF44,1607808936,100.00,,
2.209360468,21132110807,,instructions,1607305169,100.00,3.51,insn per cycle
2.209360468,6026779559,,cycles,1607148876,100.00,,
2.309806710,5903321,,rD044,1607104616,100.00,,
2.309806710,136631346,,rFF44,1607189046,100.00,,
2.309806710,21250577270,,instructions,1607084521,100.00,3.53,insn per cycle
2.309806710,6026537835,,cycles,1607084826,100.00,,
2.410252031,5629861,,rD044,1607282626,100.00,,
2.410252031,137214613,,rFF44,1607631750,100.00,,
2.410252031,21320838896,,instructions,1608302652,100.00,3.53,insn per cycle
2.410252031,6033194199,,cycles,1608863446,100.00,,
2.510827583,5719982,,rD044,1608781656,100.00,,
2.510827583,138491938,,rFF44,1608117377,100.00,,
2.510827583,21460187117,,instructions,1607295216,100.00,3.56,insn per cycle
2.510827583,6024851029,,cycles,1606644016,100.00,,
2.611220684,5580608,,rD044,1606307906,100.00,,
2.611220684,139581532,,rFF44,1606769743,100.00,,
2.611220684,21607510928,,instructions,1606814206,100.00,3.59,insn per cycle
2.611220684,6025568936,,cycles,1606830326,100.00,,
2.711648085,5675488,,rD044,1607800146,100.00,,
2.711648085,138706913,,rFF44,1607957759,100.00,,
2.711648085,21508517958,,instructions,1608143976,100.00,3.57,insn per cycle
2.711648085,6032130449,,cycles,1608581076,100.00,,
2.812192087,5104291,,rD044,1607951178,100.00,,
2.812192087,136740070,,rFF44,1607780506,100.00,,
2.812192087,21252367350,,instructions,1607593495,100.00,3.53,insn per cycle
2.812192087,6027018724,,cycles,1607225475,100.00,,
2.912645708,5489878,,rD044,1607166406,100.00,,
2.912645708,136394846,,rFF44,1607027556,100.00,,
2.912645708,21220496972,,instructions,1607028546,100.00,3.52,insn per cycle
2.912645708,6026379864,,cycles,1607042516,100.00,,
3.013086399,5518995,,rD044,1607483567,100.00,,
3.013086399,136552767,,rFF44,1607901676,100.00,,
3.013086399,21241686111,,instructions,1608266946,100.00,3.52,insn per cycle
3.013086399,6031082330,,cycles,1608295551,100.00,,
3.113602561,4910896,,rD044,1607924612,100.00,,
3.113602561,136846281,,rFF44,1607714316,100.00,,
3.113602561,21275941433,,instructions,1607576806,100.00,3.53,insn per cycle
3.113602561,6028835387,,cycles,1607697103,100.00,,
3.214088492,4896407,,rD044,1607606020,100.00,,
3.214088492,136772865,,rFF44,1607325776,100.00,,
3.214088492,21265677162,,instructions,1607386966,100.00,3.53,insn per cycle
3.214088492,6027914646,,cycles,1607451769,100.00,,
3.314549133,5144865,,rD044,1607289655,100.00,,
3.314549133,136926139,,rFF44,1607307656,100.00,,
3.314549133,21280780548,,instructions,1607168956,100.00,3.53,insn per cycle
3.314549133,6026210928,,cycles,1606997859,100.00,,
3.414992095,5216498,,rD044,1607406157,100.00,,
3.414992095,137690076,,rFF44,1607547896,100.00,,
3.414992095,21375039649,,instructions,1607795077,100.00,3.54,insn per cycle
3.414992095,6029760694,,cycles,1607943474,100.00,,
3.515500656,5556413,,rD044,1608018108,100.00,,
3.515500656,136915766,,rFF44,1607979296,100.00,,
3.515500656,21276660330,,instructions,1607743993,100.00,3.53,insn per cycle
3.515500656,6028948539,,cycles,1607727656,100.00,,
3.615971848,5319849,,rD044,1607543336,100.00,,
3.615971848,136948626,,rFF44,1607877230,100.00,,
3.615971848,21284568994,,instructions,1608315654,100.00,3.53,insn per cycle
3.615971848,6034040613,,cycles,1609083416,100.00,,
3.716559330,5703151,,rD044,1609508607,100.00,,
3.716559330,136913811,,rFF44,1609069408,100.00,,
3.716559330,21269568460,,instructions,1608512076,100.00,3.53,insn per cycle
3.716559330,6028137491,,cycles,1607516576,100.00,,
3.817047552,5103160,,rD044,1607593549,100.00,,
3.817047552,134938652,,rFF44,1607751156,100.00,,
3.817047552,21048316035,,instructions,1607839066,100.00,3.49,insn per cycle
3.817047552,6030970263,,cycles,1608274220,100.00,,
3.917543964,4853451,,rD044,1608081638,100.00,,
3.917543964,136590891,,rFF44,1608221876,100.00,,
3.917543964,21239776751,,instructions,1608134898,100.00,3.52,insn per cycle
3.917543964,6028826633,,cycles,1607695328,100.00,,
4.018012415,5075834,,rD044,1607739216,100.00,,
4.018012415,137384389,,rFF44,1608581668,100.00,,
4.018012415,21353422627,,instructions,1609478570,100.00,3.54,insn per cycle
4.018012415,6036581777,,cycles,1609763186,100.00,,
4.118630898,5273404,,rD044,1609464850,100.00,,
4.118630898,136388522,,rFF44,1608640060,100.00,,
4.118630898,21217656950,,instructions,1607914498,100.00,3.52,insn per cycle
4.118630898,6029997054,,cycles,1608008702,100.00,,
4.219140470,4937102,,rD044,1608609018,100.00,,
4.219140470,135729515,,rFF44,1608998229,100.00,,
4.219140470,21145050935,,instructions,1608987400,100.00,3.51,insn per cycle
4.219140470,6032292662,,cycles,1608621406,100.00,,
4.319662252,5344978,,rD044,1607711026,100.00,,
4.319662252,136527996,,rFF44,1606899488,100.00,,
4.319662252,21235953982,,instructions,1606673536,100.00,3.52,insn per cycle
4.319662252,6024782769,,cycles,1606622746,100.00,,
4.420079532,5274296,,rD044,1606887756,100.00,,
4.420079532,136225205,,rFF44,1606997841,100.00,,
4.420079532,21202426475,,instructions,1607267516,100.00,3.52,insn per cycle
4.420079532,6027958218,,cycles,1607463606,100.00,,
4.520543134,5562128,,rD044,1607212446,100.00,,
4.520543134,136979469,,rFF44,1607355357,100.00,,
4.520543134,21292942894,,instructions,1607321166,100.00,3.53,insn per cycle
4.520543134,6027908607,,cycles,1607448266,100.00,,
4.621014525,5640201,,rD044,1608101046,100.00,,
4.621014525,136254785,,rFF44,1608167180,100.00,,
4.621014525,21207530042,,instructions,1608309576,100.00,3.52,insn per cycle
4.621014525,6033168811,,cycles,1608857762,100.00,,
4.721584918,5282047,,rD044,1608373966,100.00,,
4.721584918,137694359,,rFF44,1608281537,100.00,,
4.721584918,21374032395,,instructions,1607967596,100.00,3.55,insn per cycle
4.721584918,6026835494,,cycles,1607202595,100.00,,
4.822020259,5497310,,rD044,1607324725,100.00,,
4.822020259,137379534,,rFF44,1607473584,100.00,,
4.822020259,21345253576,,instructions,1607600624,100.00,3.54,insn per cycle
4.822020259,6029362428,,cycles,1607874714,100.00,,
4.922532780,5786671,,rD044,1608196661,100.00,,
4.922532780,136952647,,rFF44,1608322036,100.00,,
4.922532780,21289954154,,instructions,1608244611,100.00,3.53,insn per cycle
4.922532780,6029974131,,cycles,1608032067,100.00,,
5.023041422,5652136,,rD044,1608109976,100.00,,
5.023041422,135867799,,rFF44,1607804763,100.00,,
5.023041422,21163440420,,instructions,1607950387,100.00,3.51,insn per cycle
5.023041422,6030660060,,cycles,1608183126,100.00,,
5.123544744,5557169,,rD044,1607697186,100.00,,
5.123544744,137456404,,rFF44,1607836505,100.00,,
5.123544744,21353911995,,instructions,1607671366,100.00,3.54,insn per cycle
5.123544744,6028176783,,cycles,1607546556,100.00,,
5.224020895,5293216,,rD044,1608406005,100.00,,
5.224020895,137639117,,rFF44,1608913276,100.00,,
5.224020895,21389269555,,instructions,1609093239,100.00,3.55,insn per cycle
5.224020895,6033420976,,cycles,1608921062,100.00,,
5.324566081,5031040,,rD044,1607703152,100.00,,
5.324566081,137224127,,rFF44,1606950506,100.00,,
5.324566081,21327952973,,instructions,1606846693,100.00,3.54,insn per cycle
5.324566081,6026012334,,cycles,1606945032,100.00,,
5.425013481,5738524,,rD044,1607654696,100.00,,
5.425013481,136038531,,rFF44,1608192806,100.00,,
5.425013481,21190280048,,instructions,1608417697,100.00,3.51,insn per cycle
5.425013481,6032411850,,cycles,1608650880,100.00,,
5.525550172,5834980,,rD044,1608073397,100.00,,
5.525550172,136589028,,rFF44,1607685527,100.00,,
5.525550172,21244806594,,instructions,1607501131,100.00,3.52,insn per cycle
5.525550172,6026945740,,cycles,1607194226,100.00,,
5.626007512,5211179,,rD044,1607341306,100.00,,
5.626007512,136928713,,rFF44,1607020175,100.00,,
5.626007512,21291751945,,instructions,1606844059,100.00,3.53,insn per cycle
5.626007512,6025722156,,cycles,1606866606,100.00,,
5.726481682,5576109,,rD044,1607581046,100.00,,
5.726481682,137121963,,rFF44,1607954112,100.00,,
5.726481682,21311650020,,instructions,1608027733,100.00,3.53,insn per cycle
5.726481682,6029857871,,cycles,1607970416,100.00,,
5.826929891,5613516,,rD044,1607385996,100.00,,
5.826929891,137018837,,rFF44,1607558471,100.00,,
5.826929891,21305629583,,instructions,1607607346,100.00,3.53,insn per cycle
5.826929891,6028956691,,cycles,1607741666,100.00,,
5.927433672,4993606,,rD044,1607941056,100.00,,
5.927433672,136433750,,rFF44,1607476680,100.00,,
5.927433672,21233931638,,instructions,1607310416,100.00,3.52,insn per cycle
5.927433672,6026593172,,cycles,1607099996,100.00,,
6.027863341,5736350,,rD044,1606623666,100.00,,
6.027863341,136694670,,rFF44,1606699782,100.00,,
6.027863341,21258568139,,instructions,1606727046,100.00,3.53,insn per cycle
6.027863341,6025188627,,cycles,1606724436,100.00,,
6.128301331,5263581,,rD044,1606957256,100.00,,
6.128301331,137493139,,rFF44,1606835275,100.00,,
6.128301331,21346919881,,instructions,1606983060,100.00,3.54,insn per cycle
6.128301331,6026863233,,cycles,1607169346,100.00,,
6.228747531,5481651,,rD044,1607244496,100.00,,
6.228747531,137253591,,rFF44,1607318836,100.00,,
6.228747531,21324986204,,instructions,1607123451,100.00,3.54,insn per cycle
6.228747531,6025967009,,cycles,1606934316,100.00,,
6.329167550,5073989,,rD044,1607023736,100.00,,
6.329167550,138042797,,rFF44,1607584076,100.00,,
6.329167550,21419909640,,instructions,1608298967,100.00,3.55,insn per cycle
6.329167550,6034814728,,cycles,1609290456,100.00,,
6.429754042,5322333,,rD044,1609081140,100.00,,
6.429754042,138090573,,rFF44,1608849372,100.00,,
6.429754042,21437279480,,instructions,1608635526,100.00,3.56,insn per cycle
6.429754042,6030115885,,cycles,1608037143,100.00,,
6.530296023,5537512,,rD044,1608597588,100.00,,
6.530296023,136879018,,rFF44,1608619116,100.00,,
6.530296023,21280375737,,instructions,1608364511,100.00,3.53,insn per cycle
6.530296023,6029903984,,cycles,1607985075,100.00,,
6.630751142,5644633,,rD044,1607415746,100.00,,
6.630751142,137277424,,rFF44,1607051956,100.00,,
6.630751142,21315071541,,instructions,1606852661,100.00,3.54,insn per cycle
6.630751142,6025917503,,cycles,1606918752,100.00,,
6.731188092,5083466,,rD044,1607039845,100.00,,
6.731188092,136144481,,rFF44,1607282076,100.00,,
6.731188092,21184956433,,instructions,1607340266,100.00,3.51,insn per cycle
6.731188092,6027696565,,cycles,1607393286,100.00,,
6.831652392,5780289,,rD044,1607268555,100.00,,
6.831652392,137181149,,rFF44,1607297856,100.00,,
6.831652392,21314812749,,instructions,1607421926,100.00,3.54,insn per cycle
6.831652392,6028099137,,cycles,1607507290,100.00,,
6.932126372,5145564,,rD044,1607867098,100.00,,
6.932126372,136350340,,rFF44,1608041656,100.00,,
6.932126372,21217413744,,instructions,1608358491,100.00,3.52,insn per cycle
6.932126372,6031196074,,cycles,1608329636,100.00,,
7.032644993,5338757,,rD044,1608325816,100.00,,
7.032644993,136428742,,rFF44,1608325098,100.00,,
7.032644993,21229238904,,instructions,1608094417,100.00,3.52,insn per cycle
7.032644993,6030044756,,cycles,1608020136,100.00,,
7.133146423,5314346,,rD044,1607544186,100.00,,
7.133146423,135974581,,rFF44,1607017140,100.00,,
7.133146423,21164162341,,instructions,1606962326,100.00,3.51,insn per cycle
7.133146423,6026298884,,cycles,1607029326,100.00,,
7.233587463,6166745,,rD044,1607067626,100.00,,
7.233587463,137044640,,rFF44,1607329457,100.00,,
7.233587463,21293467927,,instructions,1607388166,100.00,3.53,insn per cycle
7.233587463,6028478692,,cycles,1607615396,100.00,,
7.334075253,5599934,,rD044,1608395914,100.00,,
7.334075253,137172883,,rFF44,1608632815,100.00,,
7.334075253,21323077496,,instructions,1608774086,100.00,3.54,insn per cycle
7.334075253,6031891523,,cycles,1608512375,100.00,,
7.434594194,5276754,,rD044,1607498825,100.00,,
7.434594194,137391599,,rFF44,1606918986,100.00,,
7.434594194,21324288009,,instructions,1606458696,100.00,3.54,insn per cycle
7.434594194,6023413959,,cycles,1606252007,100.00,,
7.535011213,5283581,,rD044,1606664229,100.00,,
7.535011213,139458598,,rFF44,1606657801,100.00,,
7.535011213,21588050467,,instructions,1606678706,100.00,3.58,insn per cycle
7.535011213,6025136210,,cycles,1606710966,100.00,,
7.635429662,5523398,,rD044,1606897616,100.00,,
7.635429662,137645980,,rFF44,1607016259,100.00,,
7.635429662,21373982847,,instructions,1607116576,100.00,3.55,insn per cycle
7.635429662,6027616864,,cycles,1607371526,100.00,,
7.735874042,4855244,,rD044,1607212246,100.00,,
7.735874042,136035211,,rFF44,1607736693,100.00,,
7.735874042,21174034135,,instructions,1608029666,100.00,3.51,insn per cycle
7.735874042,6029509031,,cycles,1607876796,100.00,,
7.836361722,5973036,,rD044,1607564876,100.00,,
7.836361722,135300806,,rFF44,1607079593,100.00,,
7.836361722,21078346109,,instructions,1606863126,100.00,3.50,insn per cycle
7.836361722,6025551512,,cycles,1606831016,100.00,,
7.936787932,5408404,,rD044,1607822751,100.00,,
7.936787932,136268947,,rFF44,1608598644,100.00,,
7.936787932,21203716929,,instructions,1608862526,100.00,3.51,insn per cycle
7.936787932,6034655903,,cycles,1609246959,100.00,,
8.037371853,5493003,,rD044,1608394736,100.00,,
8.037371853,137099584,,rFF44,1607903936,100.00,,
8.037371853,21307610734,,instructions,1607492406,100.00,3.54,insn per cycle
8.037371853,6027049622,,cycles,1607227754,100.00,,
8.137828223,5058844,,rD044,1607163495,100.00,,
8.137828223,136644842,,rFF44,1606973456,100.00,,
8.137828223,21255977426,,instructions,1606957936,100.00,3.53,insn per cycle
8.137828223,6025705736,,cycles,1606863138,100.00,,
8.238254133,4999162,,rD044,1607101592,100.00,,
8.238254133,135612876,,rFF44,1607037486,100.00,,
8.238254133,21123717680,,instructions,1607193746,100.00,3.50,insn per cycle
8.238254133,6027014538,,cycles,1607211583,100.00,,
8.338702742,5023634,,rD044,1607833039,100.00,,
8.338702742,136107242,,rFF44,1608371426,100.00,,
8.338702742,21187812340,,instructions,1608781238,100.00,3.51,insn per cycle
8.338702742,6035622811,,cycles,1609502452,100.00,,
8.439322174,5183121,,rD044,1609214689,100.00,,
8.439322174,137312722,,rFF44,1608881292,100.00,,
8.439322174,21332588424,,instructions,1608394580,100.00,3.54,insn per cycle
8.439322174,6028690470,,cycles,1607663626,100.00,,
8.539777554,5379288,,rD044,1607180526,100.00,,
8.539777554,136454416,,rFF44,1606929699,100.00,,
8.539777554,21224705908,,instructions,1606903776,100.00,3.52,insn per cycle
8.539777554,6025584524,,cycles,1606830266,100.00,,
8.640200874,5255375,,rD044,1606562775,100.00,,
8.640200874,136580759,,rFF44,1606760206,100.00,,
8.640200874,21233567153,,instructions,1606688264,100.00,3.52,insn per cycle
8.640200874,6025216876,,cycles,1606765435,100.00,,
8.740620473,5063459,,rD044,1606630096,100.00,,
8.740620473,135374797,,rFF44,1606507286,100.00,,
8.740620473,21094008715,,instructions,1606563661,100.00,3.50,insn per cycle
8.740620473,6024137542,,cycles,1606479556,100.00,,
8.841045612,5119744,,rD044,1606833934,100.00,,
8.841045612,135960701,,rFF44,1607368765,100.00,,
8.841045612,21173757454,,instructions,1607733812,100.00,3.51,insn per cycle
8.841045612,6030753197,,cycles,1608226765,100.00,,
8.941569173,5477840,,rD044,1608263617,100.00,,
8.941569173,136554417,,rFF44,1607892546,100.00,,
8.941569173,21238132637,,instructions,1607579525,100.00,3.52,insn per cycle
8.941569173,6026692930,,cycles,1607154746,100.00,,
9.042035843,5571927,,rD044,1607711676,100.00,,
9.042035843,135954504,,rFF44,1607806494,100.00,,
9.042035843,21180330092,,instructions,1608710786,100.00,3.51,insn per cycle
9.042035843,6033700281,,cycles,1609006096,100.00,,
9.142577804,5192716,,rD044,1608240498,100.00,,
9.142577804,136812745,,rFF44,1607895554,100.00,,
9.142577804,21265057590,,instructions,1607082616,100.00,3.53,insn per cycle
9.142577804,6025442896,,cycles,1606792716,100.00,,
9.243009734,5375365,,rD044,1607504330,100.00,,
9.243009734,136417762,,rFF44,1608230526,100.00,,
9.243009734,21229396781,,instructions,1608201756,100.00,3.52,insn per cycle
9.243009734,6031561119,,cycles,1608424186,100.00,,
9.343531194,5354717,,rD044,1608004781,100.00,,
9.343531194,137201707,,rFF44,1607896156,100.00,,
9.343531194,21332322377,,instructions,1608172183,100.00,3.54,insn per cycle
9.343531194,6030464551,,cycles,1608131052,100.00,,
9.444073435,5752309,,rD044,1608517741,100.00,,
9.444073435,138276644,,rFF44,1608175189,100.00,,
9.444073435,21443726296,,instructions,1608116305,100.00,3.56,insn per cycle
9.444073435,6030252672,,cycles,1608075966,100.00,,
9.544544145,5949859,,rD044,1607375766,100.00,,
9.544544145,135466149,,rFF44,1607062693,100.00,,
9.544544145,21101370599,,instructions,1606716639,100.00,3.50,insn per cycle
9.544544145,6024531913,,cycles,1606549156,100.00,,
9.644957665,5155989,,rD044,1607071606,100.00,,
9.644957665,136473304,,rFF44,1607808920,100.00,,
9.644957665,21240691480,,instructions,1608086633,100.00,3.52,insn per cycle
9.644957665,6031344390,,cycles,1608365866,100.00,,
9.745488075,5141860,,rD044,1608263476,100.00,,
9.745488075,137621946,,rFF44,1607850975,100.00,,
9.745488075,21376133294,,instructions,1607672076,100.00,3.55,insn per cycle
9.745488075,6027736655,,cycles,1607404776,100.00,,
9.845940925,5346533,,rD044,1607046175,100.00,,
9.845940925,136202938,,rFF44,1606886348,100.00,,
9.845940925,21193531693,,instructions,1606853985,100.00,3.52,insn per cycle
9.845940925,6025882045,,cycles,1606917905,100.00,,
9.946387055,5824716,,rD044,1607192626,100.00,,
9.946387055,136543970,,rFF44,1607438218,100.00,,
9.946387055,21245736483,,instructions,1607615106,100.00,3.52,insn per cycle
9.946387055,6029220555,,cycles,1607815496,100.00,,
10.046872145,5737258,,rD044,1608080560,100.00,,
10.046872145,136403672,,rFF44,1608435544,100.00,,
10.046872145,21228009997,,instructions,1608339476,100.00,3.52,insn per cycle
10.046872145,6030592011,,cycles,1608166297,100.00,,
10.147380976,5907464,,rD044,1607772909,100.00,,
10.147380976,136911249,,rFF44,1607304956,100.00,,
10.147380976,21282102282,,instructions,1607298186,100.00,3.53,insn per cycle
10.147380976,6026801971,,cycles,1607155125,100.00,,
10.247829035,5210258,,rD044,1607178094,100.00,,
10.247829035,137403002,,rFF44,1607515316,100.00,,
10.247829035,21355216602,,instructions,1607633176,100.00,3.54,insn per cycle
10.247829035,6031055403,,cycles,1608287019,100.00,,
10.348363526,5097025,,rD044,1608871437,100.00,,
10.348363526,137187893,,rFF44,1608655116,100.00,,
10.348363526,21323886694,,instructions,1608502577,100.00,3.54,insn per cycle
10.348363526,6030041350,,cycles,1608020549,100.00,,
10.448847776,5027983,,rD044,1607342806,100.00,,
10.448847776,136390475,,rFF44,1607064036,100.00,,
10.448847776,21220843667,,instructions,1607057222,100.00,3.52,insn per cycle
10.448847776,6026076466,,cycles,1606965326,100.00,,
10.549315416,5827833,,rD044,1607537186,100.00,,
10.549315416,137528598,,rFF44,1608103342,100.00,,
10.549315416,21366940487,,instructions,1608143395,100.00,3.54,insn per cycle
10.549315416,6031257465,,cycles,1608341596,100.00,,
10.649823317,4909725,,rD044,1608010246,100.00,,
10.649823317,136318350,,rFF44,1607407565,100.00,,
10.649823317,21227330690,,instructions,1607580786,100.00,3.52,insn per cycle
10.649823317,6028921281,,cycles,1607728966,100.00,,
10.750297457,5062596,,rD044,1607489896,100.00,,
10.750297457,136450181,,rFF44,1607385707,100.00,,
10.750297457,21223058069,,instructions,1607057776,100.00,3.52,insn per cycle
10.750297457,6024927269,,cycles,1606662166,100.00,,
10.850708376,4749854,,rD044,1606605216,100.00,,
10.850708376,137146294,,rFF44,1606853971,100.00,,
10.850708376,21319277934,,instructions,1607072946,100.00,3.54,insn per cycle
10.850708376,6026791305,,cycles,1607171556,100.00,,
10.951163696,5551314,,rD044,1607487286,100.00,,
10.951163696,135606165,,rFF44,1607662109,100.00,,
10.951163696,21124778575,,instructions,1607470946,100.00,3.50,insn per cycle
10.951163696,6027936576,,cycles,1607470126,100.00,,
11.051633146,4888607,,rD044,1607572486,100.00,,
11.051633146,136171065,,rFF44,1607846644,100.00,,
11.051633146,21184906729,,instructions,1608195696,100.00,3.51,insn per cycle
11.051633146,6033423767,,cycles,1608916881,100.00,,
11.152225918,6038115,,rD044,1609504062,100.00,,
11.152225918,138116726,,rFF44,1609218760,100.00,,
11.152225918,21431828779,,instructions,1609041402,100.00,3.55,insn per cycle
11.152225918,6031108914,,cycles,1608307367,100.00,,
11.252732438,5567796,,rD044,1607847836,100.00,,
11.252732438,137669593,,rFF44,1607875496,100.00,,
11.252732438,21383051910,,instructions,1607947726,100.00,3.55,insn per cycle
11.252732438,6031222391,,cycles,1608333276,100.00,,
11.353235909,5373936,,rD044,1608385666,100.00,,
11.353235909,136502687,,rFF44,1608055478,100.00,,
11.353235909,21230672679,,instructions,1607902076,100.00,3.52,insn per cycle
11.353235909,6029513548,,cycles,1607874916,100.00,,
11.453726179,5182134,,rD044,1607467176,100.00,,
11.453726179,136136760,,rFF44,1607751779,100.00,,
11.453726179,21188176544,,instructions,1608311676,100.00,3.51,insn per cycle
11.453726179,6032066558,,cycles,1608559477,100.00,,
11.554267480,5507923,,rD044,1608697181,100.00,,
11.554267480,137733198,,rFF44,1608549967,100.00,,
11.554267480,21368534491,,instructions,1608009056,100.00,3.54,insn per cycle
11.554267480,6028120542,,cycles,1607509491,100.00,,
11.654729800,5238683,,rD044,1607721327,100.00,,
11.654729800,136842417,,rFF44,1607693626,100.00,,
11.654729800,21264325535,,instructions,1607653708,100.00,3.53,insn per cycle
11.654729800,6028261194,,cycles,1607543806,100.00,,
11.755197790,5320682,,rD044,1607428516,100.00,,
11.755197790,136955954,,rFF44,1607398726,100.00,,
11.755197790,21280096150,,instructions,1607299335,100.00,3.53,insn per cycle
11.755197790,6027264161,,cycles,1607278496,100.00,,
11.855653260,5909108,,rD044,1607102286,100.00,,
11.855653260,137910757,,rFF44,1607442576,100.00,,
11.855653260,21407166075,,instructions,1607881688,100.00,3.55,insn per cycle
11.855653260,6029697119,,cycles,1607933066,100.00,,
11.956152350,5157063,,rD044,1608058236,100.00,,
11.956152350,135441988,,rFF44,1608646270,100.00,,
11.956152350,21095047550,,instructions,1608476019,100.00,3.50,insn per cycle
11.956152350,6032197090,,cycles,1608592476,100.00,,
12.056694961,5584054,,rD044,1608175046,100.00,,
12.056694961,138261926,,rFF44,1606960929,100.00,,
12.056694961,21434821658,,instructions,1606691806,100.00,3.56,insn per cycle
12.056694961,6023893266,,cycles,1606392586,100.00,,
12.157086710,6237384,,rD044,1606249736,100.00,,
12.157086710,139583465,,rFF44,1606256629,100.00,,
12.157086710,21604488793,,instructions,1606272491,100.00,3.59,insn per cycle
12.157086710,6024010367,,cycles,1606410576,100.00,,
12.257497659,4741946,,rD044,1607031556,100.00,,
12.257497659,137980781,,rFF44,1607814226,100.00,,
12.257497659,21417968606,,instructions,1608012189,100.00,3.55,insn per cycle
12.257497659,6030421930,,cycles,1608118156,100.00,,
12.358010490,5679245,,rD044,1607894526,100.00,,
12.358010490,136882340,,rFF44,1607263576,100.00,,
12.358010490,21270261872,,instructions,1607069182,100.00,3.53,insn per cycle
12.358010490,6026256337,,cycles,1607015606,100.00,,
12.458460270,5380734,,rD044,1607114056,100.00,,
12.458460270,135143949,,rFF44,1607051776,100.00,,
12.458460270,21071100252,,instructions,1607133462,100.00,3.50,insn per cycle
12.458460270,6026615720,,cycles,1607106206,100.00,,
12.558885889,5562400,,rD044,1606788716,100.00,,
12.558885889,136421636,,rFF44,1606783156,100.00,,
12.558885889,21202618498,,instructions,1606641720,100.00,3.52,insn per cycle
12.558885889,6024262406,,cycles,1606478336,100.00,,
12.659312029,5336987,,rD044,1607263644,100.00,,
12.659312029,137714247,,rFF44,1607528815,100.00,,
12.659312029,21374598346,,instructions,1607643465,100.00,3.55,insn per cycle
12.659312029,6029379499,,cycles,1607869895,100.00,,
12.759770669,5294141,,rD044,1606782924,100.00,,
12.759770669,136411264,,rFF44,1606945246,100.00,,
12.759770669,21221382570,,instructions,1607064996,100.00,3.52,insn per cycle
12.759770669,6026401334,,cycles,1607072323,100.00,,
12.860235928,5008165,,rD044,1607489357,100.00,,
12.860235928,136641510,,rFF44,1607200495,100.00,,
12.860235928,21240425381,,instructions,1607082715,100.00,3.52,insn per cycle
12.860235928,6025707247,,cycles,1606915401,100.00,,
12.960665968,5566392,,rD044,1607024644,100.00,,
12.960665968,135749539,,rFF44,1607207676,100.00,,
12.960665968,21146410048,,instructions,1607294296,100.00,3.51,insn per cycle
12.960665968,6027282998,,cycles,1607296356,100.00,,
13.061143718,5405340,,rD044,1607310666,100.00,,
13.061143718,136249182,,rFF44,1607358616,100.00,,
13.061143718,21211184998,,instructions,1607816550,100.00,3.52,insn per cycle
13.061143718,6030766334,,cycles,1608211693,100.00,,
13.161653739,5286921,,rD044,1608736309,100.00,,
13.161653739,137999125,,rFF44,1609111525,100.00,,
13.161653739,21416511607,,instructions,1609602808,100.00,3.55,insn per cycle
13.161653739,6038864568,,cycles,1610364838,100.00,,
13.262326751,5358422,,rD044,1610187632,100.00,,
13.262326751,137763781,,rFF44,1609854183,100.00,,
13.262326751,21381159392,,instructions,1609042091,100.00,3.55,insn per cycle
13.262326751,6030762144,,cycles,1608216220,100.00,,
13.362820422,5815378,,rD044,1608241356,100.00,,
13.362820422,137508681,,rFF44,1608073246,100.00,,
13.362820422,21361082270,,instructions,1607908897,100.00,3.54,insn per cycle
13.362820422,6029961999,,cycles,1608001266,100.00,,
13.463316042,5100679,,rD044,1607361026,100.00,,
13.463316042,136727441,,rFF44,1607142873,100.00,,
13.463316042,21262167346,,instructions,1607096636,100.00,3.53,insn per cycle
13.463316042,6024875739,,cycles,1606651456,100.00,,
13.563731161,5149994,,rD044,1606865336,100.00,,
13.563731161,136795243,,rFF44,1607148633,100.00,,
13.563731161,21274245621,,instructions,1607288686,100.00,3.53,insn per cycle
13.563731161,6027945110,,cycles,1607459186,100.00,,
13.664195791,5356405,,rD044,1607873416,100.00,,
13.664195791,136954958,,rFF44,1608011876,100.00,,
13.664195791,21289426590,,instructions,1608374216,100.00,3.53,insn per cycle
13.664195791,6032954582,,cycles,1608794212,100.00,,
13.764751332,5605142,,rD044,1608265313,100.00,,
13.764751332,137324651,,rFF44,1607827448,100.00,,
13.764751332,21319396725,,instructions,1607209306,100.00,3.54,insn per cycle
13.764751332,6024681729,,cycles,1606591620,100.00,,
13.865160911,5394294,,rD044,1606725261,100.00,,
13.865160911,135925939,,rFF44,1607115106,100.00,,
13.865160911,21156813531,,instructions,1607261516,100.00,3.51,insn per cycle
13.865160911,6028253984,,cycles,1607547466,100.00,,
13.965637782,5182907,,rD044,1608083293,100.00,,
13.965637782,137372607,,rFF44,1608384316,100.00,,
13.965637782,21350117051,,instructions,1608482976,100.00,3.54,insn per cycle
13.965637782,6031374049,,cycles,1608374701,100.00,,
14.066154972,5572457,,rD044,1608458133,100.00,,
14.066154972,135793962,,rFF44,1608303086,100.00,,
14.066154972,21152367020,,instructions,1608118988,100.00,3.51,insn per cycle
14.066154972,6030575063,,cycles,1608160227,100.00,,
14.166674693,5651662,,rD044,1607570576,100.00,,
14.166674693,137817814,,rFF44,1607384356,100.00,,
14.166674693,21390901902,,instructions,1607624908,100.00,3.55,insn per cycle
14.166674693,6030616614,,cycles,1608169736,100.00,,
14.267209324,5024902,,rD044,1608503667,100.00,,
14.267209324,135941391,,rFF44,1608467822,100.00,,
14.267209324,21171369916,,instructions,1608416838,100.00,3.51,insn per cycle
14.267209324,6029170240,,cycles,1607789856,100.00,,
14.367665664,5740914,,rD044,1607484530,100.00,,
14.367665664,136125240,,rFF44,1607767656,100.00,,
14.367665664,21195309068,,instructions,1607707206,100.00,3.52,insn per cycle
14.367665664,6029629863,,cycles,1607909329,100.00,,
14.468163504,5653634,,rD044,1608789915,100.00,,
14.468163504,137534098,,rFF44,1608629956,100.00,,
14.468163504,21358894130,,instructions,1608497890,100.00,3.54,insn per cycle
14.468163504,6030739072,,cycles,1608204979,100.00,,
14.568672194,5203821,,rD044,1607138848,100.00,,
14.568672194,136123045,,rFF44,1606823916,100.00,,
14.568672194,21186432498,,instructions,1606823862,100.00,3.52,insn per cycle
14.568672194,6025692845,,cycles,1606858910,100.00,,
14.669105644,5183095,,rD044,1607273933,100.00,,
14.669105644,137157234,,rFF44,1608181208,100.00,,
14.669105644,21317631791,,instructions,1609082662,100.00,3.53,insn per cycle
14.669105644,6037988405,,cycles,1610133686,100.00,,
14.769783677,5010175,,rD044,1611238405,100.00,,
14.769783677,135650615,,rFF44,1611096735,100.00,,
14.769783677,21131653663,,instructions,1610654192,100.00,3.50,insn per cycle
14.769783677,6037406943,,cycles,1609986638,100.00,,
14.870418809,5341190,,rD044,1609281792,100.00,,
14.870418809,138000411,,rFF44,1608345756,100.00,,
14.870418809,21404435246,,instructions,1607962765,100.00,3.55,insn per cycle
14.870418809,6028731591,,cycles,1607678525,100.00,,
14.970847668,5350453,,rD044,1606837590,100.00,,
14.970847668,137707648,,rFF44,1607045496,100.00,,
14.970847668,21382383072,,instructions,1606952756,100.00,3.55,insn per cycle
14.970847668,6025976108,,cycles,1606934186,100.00,,
15.071291018,5363540,,rD044,1606987144,100.00,,
15.071291018,135393890,,rFF44,1606841179,100.00,,
15.071291018,21101943140,,instructions,1606845745,100.00,3.50,insn per cycle
15.071291018,6025161941,,cycles,1606727195,100.00,,
15.171702497,5786541,,rD044,1607286826,100.00,,
15.171702497,136194899,,rFF44,1607545050,100.00,,
15.171702497,21203771185,,instructions,1607649856,100.00,3.52,insn per cycle
15.171702497,6030351352,,cycles,1608102106,100.00,,
15.272220218,5292525,,rD044,1607838490,100.00,,
15.272220218,136603824,,rFF44,1607726938,100.00,,
15.272220218,21244951371,,instructions,1607607416,100.00,3.53,insn per cycle
15.272220218,6026823273,,cycles,1607163776,100.00,,
15.372660177,5243073,,rD044,1606830662,100.00,,
15.372660177,136617218,,rFF44,1606739520,100.00,,
15.372660177,21250156027,,instructions,1606738256,100.00,3.53,insn per cycle
15.372660177,6025092066,,cycles,1606713976,100.00,,
15.473081907,6131513,,rD044,1607248028,100.00,,
15.473081907,136072774,,rFF44,1608233772,100.00,,
15.473081907,21180638447,,instructions,1608442136,100.00,3.51,insn per cycle
15.473081907,6032224328,,cycles,1608599599,100.00,,
15.573629928,5640425,,rD044,1608767556,100.00,,
15.573629928,137458206,,rFF44,1608083845,100.00,,
15.573629928,21356721739,,instructions,1608060755,100.00,3.54,insn per cycle
15.573629928,6030218752,,cycles,1608085497,100.00,,
15.674128768,5160961,,rD044,1607902319,100.00,,
15.674128768,135893675,,rFF44,1607787926,100.00,,
15.674128768,21156572956,,instructions,1607699289,100.00,3.51,insn per cycle
15.674128768,6028098702,,cycles,1607501927,100.00,,
15.774595478,5146560,,rD044,1607216266,100.00,,
15.774595478,135251676,,rFF44,1607195316,100.00,,
15.774595478,21075542979,,instructions,1607156793,100.00,3.50,insn per cycle
15.774595478,6028375348,,cycles,1607571446,100.00,,
15.875074628,5477099,,rD044,1607517976,100.00,,
15.875074628,136279068,,rFF44,1607365646,100.00,,
15.875074628,21201970391,,instructions,1607337466,100.00,3.52,insn per cycle
15.875074628,6026769101,,cycles,1607159176,100.00,,
15.975516098,5109076,,rD044,1607105466,100.00,,
15.975516098,135638167,,rFF44,1607164976,100.00,,
15.975516098,21128196516,,instructions,1607168936,100.00,3.51,insn per cycle
15.975516098,6026076268,,cycles,1606962764,100.00,,
16.075959778,5098830,,rD044,1606937955,100.00,,
16.075959778,135655607,,rFF44,1606820366,100.00,,
16.075959778,21121351486,,instructions,1606745396,100.00,3.51,insn per cycle
16.075959778,6025157980,,cycles,1606715672,100.00,,
16.176369537,4736927,,rD044,1602438512,100.00,,
16.176369537,124450823,,rFF44,1602307976,100.00,,
16.176369537,19663168535,,instructions,1602355887,100.00,3.27,insn per cycle
16.176369537,6008734524,,cycles,1602348347,100.00,,
16.184249054,78702,,rD044,77578186,100.00,,
16.184249054,786060,,rFF44,76749171,100.00,,
16.184249054,237251955,,instructions,75969260,100.00,0.84,insn per cycle
16.184249054,282100614,,cycles,75235190,100.00,,
