0.100128966,3634860,,rD044,92805001,100.00,,
0.100128966,17152388,,rFF44,92810981,100.00,,
0.100128966,374639484,,instructions,92815411,100.00,1.09,insn per cycle
0.100128966,344085175,,cycles,92820211,100.00,,
0.200431284,5489544,,rD044,100298885,100.00,,
0.200431284,24003132,,rFF44,100299305,100.00,,
0.200431284,505319961,,instructions,100299375,100.00,1.34,insn per cycle
0.200431284,376121021,,cycles,100299425,100.00,,
0.300646661,5493436,,rD044,100200925,100.00,,
0.300646661,23928700,,rFF44,100200945,100.00,,
0.300646661,504019999,,instructions,100200695,100.00,1.34,insn per cycle
0.300646661,375719689,,cycles,100200375,100.00,,
0.400884378,6568389,,rD044,100237145,100.00,,
0.400884378,28249116,,rFF44,100236915,100.00,,
0.400884378,143282417,,instructions,100237325,100.00,0.38,insn per cycle
0.400884378,375893452,,cycles,100238795,100.00,,
0.501118414,6935522,,rD044,100233985,100.00,,
0.501118414,30198112,,rFF44,100234135,100.00,,
0.501118414,37646347,,instructions,100233825,100.00,0.10,insn per cycle
0.501118414,375868279,,cycles,100231975,100.00,,
0.601337061,11158671,,rD044,2599124996,100.00,,
0.601337061,211315228,,rFF44,2620517163,100.00,,
0.601337061,30339867408,,instructions,2640004540,100.00,3.04,insn per cycle
0.601337061,9970726436,,cycles,2659902794,100.00,,
0.702827422,19400245,,rD044,6493346533,100.00,,
0.702827422,496660742,,rFF44,6491509389,100.00,,
0.702827422,76906602237,,instructions,6489320552,100.00,3.16,insn per cycle
0.702827422,24327483400,,cycles,6487532661,100.00,,
0.804187132,18830029,,rD044,6485937082,100.00,,
0.804187132,496214568,,rFF44,6485377484,100.00,,
0.804187132,76904442073,,instructions,6484887751,100.00,3.16,insn per cycle
0.804187132,24316002372,,cycles,6484353722,100.00,,
0.905508451,18889219,,rD044,6487245856,100.00,,
0.905508451,491265504,,rFF44,6491150323,100.00,,
0.905508451,76433672124,,instructions,6493318526,100.00,3.14,insn per cycle
0.905508451,24350809484,,cycles,6493608575,100.00,,
1.006985021,18591663,,rD044,6491751176,100.00,,
1.006985021,497510553,,rFF44,6487198793,100.00,,
1.006985021,77133299304,,instructions,6484887130,100.00,3.17,insn per cycle
1.006985021,24312558885,,cycles,6483393377,100.00,,
1.108279420,18969283,,rD044,6482398121,100.00,,
1.108279420,500276633,,rFF44,6483079733,100.00,,
1.108279420,77499464618,,instructions,6483612294,100.00,3.19,insn per cycle
1.108279420,24317168810,,cycles,6484618808,100.00,,
1.209592589,19073824,,rD044,6485123767,100.00,,
1.209592589,502343700,,rFF44,6485777860,100.00,,
1.209592589,77743321125,,instructions,6485565395,100.00,3.20,insn per cycle
1.209592589,24319544874,,cycles,6485262251,100.00,,
1.310939248,18337373,,rD044,6485411560,100.00,,
1.310939248,501919302,,rFF44,6483538299,100.00,,
1.310939248,77693606139,,instructions,6483142064,100.00,3.20,insn per cycle
1.310939248,24309818528,,cycles,6482660091,100.00,,
1.412226417,19180560,,rD044,6481842237,100.00,,
1.412226417,502680000,,rFF44,6482929306,100.00,,
1.412226417,77789354439,,instructions,6483709735,100.00,3.20,insn per cycle
1.412226417,24309976532,,cycles,6482696953,100.00,,
1.513479655,18843899,,rD044,6480360775,100.00,,
1.513479655,501614567,,rFF44,6480452258,100.00,,
1.513479655,77640854249,,instructions,6479969749,100.00,3.19,insn per cycle
1.513479655,24301633143,,cycles,6480471243,100.00,,
1.614772424,19587015,,rD044,6482775982,100.00,,
1.614772424,501840202,,rFF44,6484128292,100.00,,
1.614772424,77691409538,,instructions,6483861929,100.00,3.19,insn per cycle
1.614772424,24317270040,,cycles,6484636718,100.00,,
1.716103793,19371137,,rD044,6483982286,100.00,,
1.716103793,500713239,,rFF44,6482199922,100.00,,
1.716103793,77549494844,,instructions,6482669513,100.00,3.19,insn per cycle
1.716103793,24309646125,,cycles,6482695063,100.00,,
1.817394852,19186056,,rD044,6483314634,100.00,,
1.817394852,501877925,,rFF44,6483450350,100.00,,
1.817394852,77693086797,,instructions,6484581451,100.00,3.19,insn per cycle
1.817394852,24321819908,,cycles,6485891625,100.00,,
1.918741661,19436388,,rD044,6486243563,100.00,,
1.918741661,502899132,,rFF44,6486696500,100.00,,
1.918741661,77801773583,,instructions,6485107050,100.00,3.20,insn per cycle
1.918741661,24313299648,,cycles,6483639640,100.00,,
2.020084561,19437595,,rD044,6485791873,100.00,,
2.020084561,501899337,,rFF44,6484633549,100.00,,
2.020084561,77693441016,,instructions,6484508010,100.00,3.20,insn per cycle
2.020084561,24316474545,,cycles,6484436268,100.00,,
2.121375039,19751275,,rD044,6481777895,100.00,,
2.121375039,501417093,,rFF44,6481798625,100.00,,
2.121375039,77642213941,,instructions,6482697978,100.00,3.19,insn per cycle
2.121375039,24310457133,,cycles,6482857617,100.00,,
2.222660408,19099415,,rD044,6482719182,100.00,,
2.222660408,502554465,,rFF44,6483494015,100.00,,
2.222660408,77758794129,,instructions,6482769547,100.00,3.20,insn per cycle
2.222660408,24310399532,,cycles,6482884854,100.00,,
2.323964237,19639161,,rD044,6483238293,100.00,,
2.323964237,502158012,,rFF44,6482825593,100.00,,
2.323964237,77736608610,,instructions,6483847841,100.00,3.20,insn per cycle
2.323964237,24316880847,,cycles,6484537989,100.00,,
2.425291186,19511904,,rD044,6484492657,100.00,,
2.425291186,503156498,,rFF44,6485083784,100.00,,
2.425291186,77829222168,,instructions,6484152639,100.00,3.20,insn per cycle
2.425291186,24312212382,,cycles,6483289584,100.00,,
2.526587605,19661784,,rD044,6483217164,100.00,,
2.526587605,502304529,,rFF44,6483445460,100.00,,
2.526587605,77752858443,,instructions,6484442220,100.00,3.20,insn per cycle
2.526587605,24314838548,,cycles,6484002977,100.00,,
2.627899653,19390252,,rD044,6484246705,100.00,,
2.627899653,501999615,,rFF44,6484687554,100.00,,
2.627899653,77704675787,,instructions,6484071127,100.00,3.19,insn per cycle
2.627899653,24323205041,,cycles,6486221327,100.00,,
2.729266243,19447772,,rD044,6486934120,100.00,,
2.729266243,502807194,,rFF44,6487076687,100.00,,
2.729266243,77821106240,,instructions,6488315410,100.00,3.20,insn per cycle
2.729266243,24324226447,,cycles,6486533316,100.00,,
2.830587962,19656715,,rD044,6485233727,100.00,,
2.830587962,502180132,,rFF44,6485792306,100.00,,
2.830587962,77733576924,,instructions,6486320583,100.00,3.20,insn per cycle
2.830587962,24329137492,,cycles,6487827763,100.00,,
2.931975332,19877105,,rD044,6488493772,100.00,,
2.931975332,503127047,,rFF44,6486264717,100.00,,
2.931975332,77828065772,,instructions,6484405027,100.00,3.20,insn per cycle
2.931975332,24311225992,,cycles,6483045275,100.00,,
3.033264291,19593143,,rD044,6481779428,100.00,,
3.033264291,502126457,,rFF44,6482706743,100.00,,
3.033264291,77719567188,,instructions,6482845832,100.00,3.20,insn per cycle
3.033264291,24310314748,,cycles,6482788591,100.00,,
3.134559929,19512142,,rD044,6482610992,100.00,,
3.134559929,502174344,,rFF44,6482620621,100.00,,
3.134559929,77729037220,,instructions,6482966644,100.00,3.20,insn per cycle
3.134559929,24309701546,,cycles,6482653921,100.00,,
3.235867548,19605600,,rD044,6484765358,100.00,,
3.235867548,503281471,,rFF44,6485919645,100.00,,
3.235867548,77871714355,,instructions,6486838970,100.00,3.20,insn per cycle
3.235867548,24327322892,,cycles,6487349613,100.00,,
3.337244008,19584752,,rD044,6486979294,100.00,,
3.337244008,501845609,,rFF44,6485609893,100.00,,
3.337244008,77688124581,,instructions,6484889979,100.00,3.19,insn per cycle
3.337244008,24320794941,,cycles,6485585723,100.00,,
3.438556167,19179127,,rD044,6484838059,100.00,,
3.438556167,503138645,,rFF44,6485722572,100.00,,
3.438556167,77820928504,,instructions,6484115685,100.00,3.20,insn per cycle
3.438556167,24295266788,,cycles,6478775210,100.00,,
3.539753414,19463706,,rD044,6477304169,100.00,,
3.539753414,501777071,,rFF44,6478071725,100.00,,
3.539753414,77671941628,,instructions,6478726933,100.00,3.19,insn per cycle
3.539753414,24310841918,,cycles,6482917308,100.00,,
3.641123494,19970104,,rD044,6485410635,100.00,,
3.641123494,502454331,,rFF44,6483748425,100.00,,
3.641123494,77774453178,,instructions,6484788477,100.00,3.20,insn per cycle
3.641123494,24322263566,,cycles,6485985156,100.00,,
3.742455703,19767668,,rD044,6485772299,100.00,,
3.742455703,503361919,,rFF44,6486419779,100.00,,
3.742455703,77866766031,,instructions,6486588425,100.00,3.20,insn per cycle
3.742455703,24320869994,,cycles,6485847201,100.00,,
3.843836713,19694720,,rD044,6489426391,100.00,,
3.843836713,502413256,,rFF44,6489676246,100.00,,
3.843836713,77760145009,,instructions,6489617609,100.00,3.20,insn per cycle
3.843836713,24337858760,,cycles,6490188233,100.00,,
3.945115811,19310289,,rD044,6480133343,100.00,,
3.945115811,501522193,,rFF44,6479220180,100.00,,
3.945115811,77594117615,,instructions,6477288753,100.00,3.20,insn per cycle
3.945115811,24269234592,,cycles,6472045574,100.00,,
4.046347299,20163401,,rD044,6478814518,100.00,,
4.046347299,501341532,,rFF44,6478781316,100.00,,
4.046347299,77623804453,,instructions,6479488645,100.00,3.19,insn per cycle
4.046347299,24312477836,,cycles,6483361879,100.00,,
4.147628478,19653174,,rD044,6482024266,100.00,,
4.147628478,502369471,,rFF44,6483415433,100.00,,
4.147628478,77767365402,,instructions,6484965178,100.00,3.20,insn per cycle
4.147628478,24320030064,,cycles,6485398949,100.00,,
4.248968267,19299887,,rD044,6486157543,100.00,,
4.248968267,502947054,,rFF44,6484501607,100.00,,
4.248968267,77797654572,,instructions,6482653621,100.00,3.20,insn per cycle
4.248968267,24312293841,,cycles,6483323787,100.00,,
4.350281976,20082798,,rD044,6483139187,100.00,,
4.350281976,502318032,,rFF44,6483836956,100.00,,
4.350281976,77754074491,,instructions,6484699530,100.00,3.20,insn per cycle
4.350281976,24317282568,,cycles,6484646920,100.00,,
4.451596855,20090964,,rD044,6484108376,100.00,,
4.451596855,502478055,,rFF44,6483382105,100.00,,
4.451596855,77698960956,,instructions,6479803098,100.00,3.20,insn per cycle
4.451596855,24281314102,,cycles,6475056201,100.00,,
4.552789353,19210737,,rD044,6476401418,100.00,,
4.552789353,501682708,,rFF44,6477862093,100.00,,
4.552789353,77711881446,,instructions,6481289891,100.00,3.20,insn per cycle
4.552789353,24321439070,,cycles,6485741508,100.00,,
4.654108842,19921946,,rD044,6483776910,100.00,,
4.654108842,501979006,,rFF44,6481842978,100.00,,
4.654108842,77707863411,,instructions,6482353948,100.00,3.20,insn per cycle
4.654108842,24311125100,,cycles,6482998906,100.00,,
4.755406621,19611032,,rD044,6483717619,100.00,,
4.755406621,502523924,,rFF44,6485245071,100.00,,
4.755406621,77769743369,,instructions,6485885341,100.00,3.20,insn per cycle
4.755406621,24320757489,,cycles,6485583896,100.00,,
4.856735670,17769975,,rD044,6477036479,100.00,,
4.856735670,449422116,,rFF44,6469559822,100.00,,
4.856735670,71300247758,,instructions,6463208624,100.00,2.94,insn per cycle
4.856735670,24212346576,,cycles,6456693508,100.00,,
4.865574388,98950,,rD044,299286699,100.00,,
4.865574388,1026448,,rFF44,287229427,100.00,,
4.865574388,820543632,,instructions,275293005,100.00,0.83,insn per cycle
4.865574388,991172818,,cycles,264529524,100.00,,
