0.100128800,4312742,,rD044,92101564,100.00,,
0.100128800,19379691,,rFF44,92107324,100.00,,
0.100128800,421022314,,instructions,92112554,100.00,1.23,insn per cycle
0.100128800,341448556,,cycles,92117244,100.00,,
0.200398731,5505869,,rD044,100209405,100.00,,
0.200398731,23995674,,rFF44,100209395,100.00,,
0.200398731,505692119,,instructions,100208525,100.00,1.35,insn per cycle
0.200398731,375725605,,cycles,100208465,100.00,,
0.300599332,5477240,,rD044,99987565,100.00,,
0.300599332,23940883,,rFF44,99987885,100.00,,
0.300599332,504679379,,instructions,99988665,100.00,1.35,insn per cycle
0.300599332,374879133,,cycles,99988125,100.00,,
0.400809413,6749079,,rD044,100149094,100.00,,
0.400809413,28551823,,rFF44,100149184,100.00,,
0.400809413,98957293,,instructions,100149214,100.00,0.26,insn per cycle
0.400809413,375505360,,cycles,100149334,100.00,,
0.501022954,6931161,,rD044,100120744,100.00,,
0.501022954,30130868,,rFF44,100120194,100.00,,
0.501022954,37594296,,instructions,100120124,100.00,0.10,insn per cycle
0.501022954,375374415,,cycles,100119874,100.00,,
0.601234585,4397418,,rD044,449123121,100.00,,
0.601234585,50271983,,rFF44,449420661,100.00,,
0.601234585,5533020910,,instructions,449624962,100.00,3.28,insn per cycle
0.601234585,1686171670,,cycles,449810329,100.00,,
0.701559087,1869120,,rD044,802408802,100.00,,
0.701559087,73119280,,rFF44,802335828,100.00,,
0.701559087,11269540460,,instructions,802331567,100.00,3.75,insn per cycle
0.701559087,3008648768,,cycles,802330660,100.00,,
0.801895859,1867593,,rD044,802542846,100.00,,
0.801895859,70291344,,rFF44,802538590,100.00,,
0.801895859,10923920043,,instructions,802543540,100.00,3.63,insn per cycle
0.801895859,3009499995,,cycles,802569360,100.00,,
0.905081914,2055794,,rD044,825412842,100.00,,
0.905081914,74921709,,rFF44,825419472,100.00,,
0.905081914,11544738418,,instructions,825413652,100.00,3.73,insn per cycle
0.905081914,3095171791,,cycles,825401152,100.00,,
1.005384586,1587143,,rD044,802410640,100.00,,
1.005384586,69942497,,rFF44,802427931,100.00,,
1.005384586,10874498088,,instructions,802423688,100.00,3.61,insn per cycle
1.005384586,3008939269,,cycles,802404878,100.00,,
1.105691968,1932262,,rD044,802325856,100.00,,
1.105691968,73036511,,rFF44,802303497,100.00,,
1.105691968,11250723462,,instructions,802283880,100.00,3.74,insn per cycle
1.105691968,3008520498,,cycles,802292610,100.00,,
1.206000330,1600738,,rD044,802434152,100.00,,
1.206000330,69518911,,rFF44,802469430,100.00,,
1.206000330,10810019016,,instructions,802480910,100.00,3.59,insn per cycle
1.206000330,3009250677,,cycles,802487450,100.00,,
1.306309442,1724175,,rD044,802353000,100.00,,
1.306309442,72479156,,rFF44,802320450,100.00,,
1.306309442,11165090211,,instructions,802314080,100.00,3.71,insn per cycle
1.306309442,3008556183,,cycles,802310542,100.00,,
1.406611394,1474667,,rD044,802225389,100.00,,
1.406611394,70211557,,rFF44,802229524,100.00,,
1.406611394,10899214795,,instructions,802275177,100.00,3.62,insn per cycle
1.406611394,3008661382,,cycles,802337595,100.00,,
1.506933866,1674559,,rD044,802343518,100.00,,
1.506933866,72397635,,rFF44,802323633,100.00,,
1.506933866,11152780162,,instructions,802285380,100.00,3.71,insn per cycle
1.506933866,3008213630,,cycles,802216790,100.00,,
1.607227788,1500637,,rD044,802323560,100.00,,
1.607227788,66722645,,rFF44,802333680,100.00,,
1.607227788,10477014082,,instructions,802332680,100.00,3.48,insn per cycle
1.607227788,3008645811,,cycles,802326320,100.00,,
1.707528920,1663911,,rD044,802278469,100.00,,
1.707528920,72851808,,rFF44,802279289,100.00,,
1.707528920,11221306275,,instructions,802270459,100.00,3.73,insn per cycle
1.707528920,3008389060,,cycles,802261889,100.00,,
1.807824042,1358646,,rD044,802359440,100.00,,
1.807824042,69731216,,rFF44,802636237,100.00,,
1.807824042,10848078015,,instructions,802641147,100.00,3.60,insn per cycle
1.807824042,3009894843,,cycles,802661017,100.00,,
1.908163975,1657743,,rD044,802567426,100.00,,
1.908163975,72569152,,rFF44,802289379,100.00,,
1.908163975,11177688938,,instructions,802295049,100.00,3.72,insn per cycle
1.908163975,3008477853,,cycles,802281169,100.00,,
2.008504107,1301989,,rD044,802796119,100.00,,
2.008504107,68250558,,rFF44,802827219,100.00,,
2.008504107,10666192458,,instructions,802826074,100.00,3.54,insn per cycle
2.008504107,3010585981,,cycles,802842587,100.00,,
2.108827079,1683625,,rD044,802485875,100.00,,
2.108827079,72866492,,rFF44,802551257,100.00,,
2.108827079,11221415901,,instructions,802552252,100.00,3.73,insn per cycle
2.108827079,3009505092,,cycles,802557059,100.00,,
2.209155331,1517510,,rD044,802537292,100.00,,
2.209155331,69356669,,rFF44,802509550,100.00,,
2.209155331,10808762835,,instructions,802516580,100.00,3.59,insn per cycle
2.209155331,3009434702,,cycles,802535980,100.00,,
2.309484083,1970582,,rD044,802288239,100.00,,
2.309484083,72894306,,rFF44,802239899,100.00,,
2.309484083,11227838344,,instructions,802228943,100.00,3.73,insn per cycle
2.309484083,3008100750,,cycles,802187707,100.00,,
2.409781295,1299677,,rD044,802265171,100.00,,
2.409781295,69918528,,rFF44,802245757,100.00,,
2.409781295,10871318817,,instructions,802275703,100.00,3.61,insn per cycle
2.409781295,3008801096,,cycles,802382469,100.00,,
2.510096547,1850345,,rD044,802356685,100.00,,
2.510096547,73092726,,rFF44,802346959,100.00,,
2.510096547,11254107515,,instructions,802326019,100.00,3.74,insn per cycle
2.510096547,3008315914,,cycles,802243899,100.00,,
2.610396969,1690331,,rD044,802370360,100.00,,
2.610396969,70636603,,rFF44,802397040,100.00,,
2.610396969,10959406568,,instructions,802400470,100.00,3.64,insn per cycle
2.610396969,3008889461,,cycles,802390910,100.00,,
2.710707911,1733608,,rD044,802359509,100.00,,
2.710707911,72814949,,rFF44,802444633,100.00,,
2.710707911,11214569938,,instructions,802482907,100.00,3.73,insn per cycle
2.710707911,3009184984,,cycles,802480087,100.00,,
2.811048114,1635886,,rD044,802488068,100.00,,
2.811048114,68232672,,rFF44,802395964,100.00,,
2.811048114,10672229085,,instructions,802356330,100.00,3.55,insn per cycle
2.811048114,3008618147,,cycles,802353920,100.00,,
2.911358956,1820396,,rD044,802362760,100.00,,
2.911358956,72802896,,rFF44,802355170,100.00,,
2.911358956,11215051627,,instructions,802353150,100.00,3.73,insn per cycle
2.911358956,3008722963,,cycles,802346680,100.00,,
3.011648628,1270367,,rD044,802188190,100.00,,
3.011648628,69948822,,rFF44,802189680,100.00,,
3.011648628,10862509144,,instructions,802177560,100.00,3.61,insn per cycle
3.011648628,3007997515,,cycles,802171756,100.00,,
3.111945050,1603517,,rD044,802269149,100.00,,
3.111945050,72348102,,rFF44,802257693,100.00,,
3.111945050,11155472951,,instructions,802270227,100.00,3.71,insn per cycle
3.111945050,3008450861,,cycles,802275081,100.00,,
3.212242421,1466434,,rD044,802344048,100.00,,
3.212242421,69272607,,rFF44,802392064,100.00,,
3.212242421,10785703182,,instructions,802390070,100.00,3.58,insn per cycle
3.212242421,3008874448,,cycles,802394590,100.00,,
3.312546323,1705666,,rD044,802147888,100.00,,
3.312546323,71734397,,rFF44,802087628,100.00,,
3.312546323,11085912448,,instructions,802073288,100.00,3.69,insn per cycle
3.312546323,3007634516,,cycles,802063938,100.00,,
3.412838545,1500028,,rD044,802320809,100.00,,
3.412838545,70852393,,rFF44,803192297,100.00,,
3.412838545,10981632871,,instructions,803216507,100.00,3.65,insn per cycle
3.412838545,3012143408,,cycles,803257047,100.00,,
3.513264559,1390791,,rD044,803182807,100.00,,
3.513264559,70170766,,rFF44,802371819,100.00,,
3.513264559,10902874838,,instructions,802490729,100.00,3.62,insn per cycle
3.513264559,3009346355,,cycles,802519479,100.00,,
3.613596231,1771596,,rD044,802698740,100.00,,
3.613596231,72602672,,rFF44,802841887,100.00,,
3.613596231,11184614521,,instructions,802800678,100.00,3.72,insn per cycle
3.613596231,3010495371,,cycles,802818778,100.00,,
3.713957414,1991115,,rD044,802639468,100.00,,
3.713957414,70435359,,rFF44,802463571,100.00,,
3.713957414,10923560412,,instructions,802375380,100.00,3.63,insn per cycle
3.713957414,3008497406,,cycles,802295170,100.00,,
3.814259375,1569590,,rD044,802309770,100.00,,
3.814259375,72771366,,rFF44,802331740,100.00,,
3.814259375,11213925385,,instructions,802339720,100.00,3.73,insn per cycle
3.814259375,3008701089,,cycles,802349720,100.00,,
3.914583588,1704639,,rD044,802564070,100.00,,
3.914583588,68266216,,rFF44,802545148,100.00,,
3.914583588,10657951351,,instructions,802537838,100.00,3.54,insn per cycle
3.914583588,3009413785,,cycles,802531308,100.00,,
4.014891970,1610323,,rD044,802327998,100.00,,
4.014891970,72755267,,rFF44,802310820,100.00,,
4.014891970,11210197433,,instructions,802315330,100.00,3.73,insn per cycle
4.014891970,3008598629,,cycles,802312580,100.00,,
4.115191042,1761619,,rD044,802303500,100.00,,
4.115191042,69772292,,rFF44,802311470,100.00,,
4.115191042,10849458032,,instructions,802306950,100.00,3.61,insn per cycle
4.115191042,3008579327,,cycles,802310670,100.00,,
4.215489743,1901006,,rD044,802252950,100.00,,
4.215489743,72730219,,rFF44,802270990,100.00,,
4.215489743,11209069998,,instructions,802257090,100.00,3.73,insn per cycle
4.215489743,3008328839,,cycles,802243781,100.00,,
4.315785445,1755419,,rD044,802296980,100.00,,
4.315785445,70329453,,rFF44,802291631,100.00,,
4.315785445,10927957944,,instructions,802353578,100.00,3.63,insn per cycle
4.315785445,3009215030,,cycles,802477097,100.00,,
4.416107598,1845295,,rD044,802355697,100.00,,
4.416107598,72754820,,rFF44,802345386,100.00,,
4.416107598,11213853204,,instructions,802297109,100.00,3.73,insn per cycle
4.416107598,3008081273,,cycles,802184259,100.00,,
4.516391399,1887979,,rD044,801992530,100.00,,
4.516391399,70289502,,rFF44,801971970,100.00,,
4.516391399,10902725050,,instructions,801960480,100.00,3.63,insn per cycle
4.516391399,3007274226,,cycles,801969380,100.00,,
4.616682601,1905597,,rD044,802328380,100.00,,
4.616682601,72628396,,rFF44,802329920,100.00,,
4.616682601,11197619354,,instructions,802337910,100.00,3.72,insn per cycle
4.616682601,3008753656,,cycles,802341360,100.00,,
4.716978583,1668331,,rD044,802472610,100.00,,
4.716978583,68635324,,rFF44,802504680,100.00,,
4.716978583,10708639063,,instructions,802508526,100.00,3.56,insn per cycle
4.716978583,3009380538,,cycles,802505778,100.00,,
4.817291235,1370437,,rD044,802442295,100.00,,
4.817291235,72642147,,rFF44,802424788,100.00,,
4.817291235,11199344352,,instructions,802412102,100.00,3.72,insn per cycle
4.817291235,3008977241,,cycles,802397730,100.00,,
4.917597157,1625034,,rD044,802464383,100.00,,
4.917597157,68531884,,rFF44,802507050,100.00,,
4.917597157,10702369492,,instructions,802529140,100.00,3.56,insn per cycle
4.917597157,3009479106,,cycles,802531010,100.00,,
5.017913689,2386191,,rD044,802651800,100.00,,
5.017913689,72587336,,rFF44,802704960,100.00,,
5.017913689,11192264639,,instructions,802752506,100.00,3.72,insn per cycle
5.017913689,3010400351,,cycles,802777878,100.00,,
5.118261532,1776136,,rD044,802572055,100.00,,
5.118261532,68997077,,rFF44,802471138,100.00,,
5.118261532,10755389391,,instructions,802407602,100.00,3.57,insn per cycle
5.118261532,3008937215,,cycles,802387240,100.00,,
5.218557653,1951464,,rD044,802403543,100.00,,
5.218557653,73008687,,rFF44,802409640,100.00,,
5.218557653,11256667347,,instructions,802415220,100.00,3.74,insn per cycle
5.218557653,3009014592,,cycles,802407540,100.00,,
5.318857425,1911305,,rD044,802483990,100.00,,
5.318857425,69096846,,rFF44,802483320,100.00,,
5.318857425,10766212552,,instructions,802475480,100.00,3.58,insn per cycle
5.318857425,3009248842,,cycles,802470290,100.00,,
5.419146697,1856905,,rD044,802180770,100.00,,
5.419146697,72711425,,rFF44,802174280,100.00,,
5.419146697,11211999563,,instructions,802181560,100.00,3.73,insn per cycle
5.419146697,3008248004,,cycles,802203634,100.00,,
5.519445639,1754803,,rD044,802417500,100.00,,
5.519445639,68675891,,rFF44,802428065,100.00,,
5.519445639,10718336291,,instructions,802441738,100.00,3.56,insn per cycle
5.519445639,3009122681,,cycles,802436454,100.00,,
5.619747681,1737729,,rD044,802473698,100.00,,
5.619747681,72690820,,rFF44,802495443,100.00,,
5.619747681,11207710599,,instructions,802474630,100.00,3.72,insn per cycle
5.619747681,3009254636,,cycles,802471830,100.00,,
5.720064403,1724038,,rD044,802438240,100.00,,
5.720064403,68854598,,rFF44,802414300,100.00,,
5.720064403,10732447600,,instructions,802413130,100.00,3.57,insn per cycle
5.720064403,3009014355,,cycles,802407840,100.00,,
5.820372525,1835765,,rD044,802548560,100.00,,
5.820372525,72993189,,rFF44,802610570,100.00,,
5.820372525,11255506233,,instructions,802628467,100.00,3.74,insn per cycle
5.820372525,3009832245,,cycles,802625518,100.00,,
5.920693447,1832625,,rD044,802633148,100.00,,
5.920693447,69407625,,rFF44,802602128,100.00,,
5.920693447,10809010588,,instructions,802580991,100.00,3.59,insn per cycle
5.920693447,3009709719,,cycles,802593170,100.00,,
6.021027960,1898370,,rD044,802608980,100.00,,
6.021027960,73023856,,rFF44,802652100,100.00,,
6.021027960,11260265976,,instructions,802710120,100.00,3.74,insn per cycle
6.021027960,3010171909,,cycles,802732661,100.00,,
6.121372082,1948326,,rD044,802662380,100.00,,
6.121372082,68852984,,rFF44,802593936,100.00,,
6.121372082,10741393316,,instructions,802538878,100.00,3.57,insn per cycle
6.121372082,3009396358,,cycles,802510627,100.00,,
6.221677054,1846623,,rD044,802387578,100.00,,
6.221677054,72702392,,rFF44,802393822,100.00,,
6.221677054,11210090367,,instructions,802404580,100.00,3.73,insn per cycle
6.221677054,3008982304,,cycles,802403960,100.00,,
6.321978456,1740094,,rD044,802471430,100.00,,
6.321978456,70140836,,rFF44,802470150,100.00,,
6.321978456,10898781756,,instructions,802456440,100.00,3.62,insn per cycle
6.321978456,3009291465,,cycles,802481070,100.00,,
6.422286478,2126165,,rD044,802391920,100.00,,
6.422286478,72659057,,rFF44,802377920,100.00,,
6.422286478,11201642409,,instructions,802381970,100.00,3.72,insn per cycle
6.422286478,3008825178,,cycles,802357833,100.00,,
6.522585190,1797364,,rD044,802496720,100.00,,
6.522585190,69474985,,rFF44,802546648,100.00,,
6.522585190,10813327918,,instructions,802535468,100.00,3.59,insn per cycle
6.522585190,3009485661,,cycles,802533445,100.00,,
6.622901692,2074760,,rD044,802432938,100.00,,
6.622901692,72865673,,rFF44,802381400,100.00,,
6.622901692,11231688345,,instructions,802404080,100.00,3.73,insn per cycle
6.622901692,3008996737,,cycles,802402980,100.00,,
6.723202684,1697381,,rD044,802386420,100.00,,
6.723202684,69946619,,rFF44,802388530,100.00,,
6.723202684,10878228808,,instructions,802387430,100.00,3.62,insn per cycle
6.723202684,3008990215,,cycles,802401320,100.00,,
6.823509176,1751477,,rD044,802446300,100.00,,
6.823509176,73038495,,rFF44,802454280,100.00,,
6.823509176,11256901317,,instructions,802448060,100.00,3.74,insn per cycle
6.823509176,3008998326,,cycles,802428908,100.00,,
6.923815618,1601385,,rD044,802362650,100.00,,
6.923815618,69448005,,rFF44,802419188,100.00,,
6.923815618,10813138527,,instructions,802429778,100.00,3.59,insn per cycle
6.923815618,3009041982,,cycles,802434970,100.00,,
7.024105410,1489159,,rD044,802295038,100.00,,
7.024105410,72673784,,rFF44,802236440,100.00,,
7.024105410,11199869730,,instructions,802225760,100.00,3.72,insn per cycle
7.024105410,3008337184,,cycles,802226660,100.00,,
7.124398741,1637330,,rD044,802353200,100.00,,
7.124398741,70019035,,rFF44,802372270,100.00,,
7.124398741,10882190607,,instructions,802377120,100.00,3.62,insn per cycle
7.124398741,3008886375,,cycles,802373870,100.00,,
7.224701523,1987979,,rD044,802510110,100.00,,
7.224701523,72994530,,rFF44,802505560,100.00,,
7.224701523,11247944518,,instructions,802496630,100.00,3.74,insn per cycle
7.224701523,3009356628,,cycles,802499203,100.00,,
7.325026026,1716766,,rD044,802480820,100.00,,
7.325026026,68624419,,rFF44,802465216,100.00,,
7.325026026,10718524536,,instructions,802464828,100.00,3.56,insn per cycle
7.325026026,3009226467,,cycles,802464215,100.00,,
7.425323688,1866537,,rD044,802404948,100.00,,
7.425323688,73048371,,rFF44,802430512,100.00,,
7.425323688,11255451058,,instructions,802442730,100.00,3.74,insn per cycle
7.425323688,3009176312,,cycles,802450940,100.00,,
7.525632810,1611255,,rD044,802517840,100.00,,
7.525632810,69894168,,rFF44,802534100,100.00,,
7.525632810,10873461868,,instructions,802524360,100.00,3.61,insn per cycle
7.525632810,3009427335,,cycles,802517650,100.00,,
7.625944892,2078306,,rD044,802549700,100.00,,
7.625944892,72736906,,rFF44,802572941,100.00,,
7.625944892,11207142664,,instructions,802632028,100.00,3.72,insn per cycle
7.625944892,3009923066,,cycles,802650108,100.00,,
7.726323074,1800970,,rD044,802897328,100.00,,
7.726323074,69154055,,rFF44,802824927,100.00,,
7.726323074,10773227840,,instructions,802760720,100.00,3.58,insn per cycle
7.726323074,3010311747,,cycles,802753770,100.00,,
7.826632096,1704773,,rD044,802454320,100.00,,
7.826632096,72785936,,rFF44,802461460,100.00,,
7.826632096,11211753651,,instructions,802469090,100.00,3.73,insn per cycle
7.826632096,3009221636,,cycles,802462800,100.00,,
7.926933448,1439284,,rD044,802492150,100.00,,
7.926933448,67454693,,rFF44,802529065,100.00,,
7.926933448,10567701373,,instructions,802524768,100.00,3.51,insn per cycle
7.926933448,3009536780,,cycles,802546698,100.00,,
8.027258281,1927578,,rD044,802704098,100.00,,
8.027258281,72767473,,rFF44,802735093,100.00,,
8.027258281,11209889440,,instructions,802745460,100.00,3.72,insn per cycle
8.027258281,3010187005,,cycles,802720790,100.00,,
8.127593123,1739332,,rD044,802501200,100.00,,
8.127593123,69794793,,rFF44,802443300,100.00,,
8.127593123,10852270422,,instructions,802427650,100.00,3.61,insn per cycle
8.127593123,3009090276,,cycles,802428160,100.00,,
8.227900045,2250209,,rD044,802483850,100.00,,
8.227900045,73093826,,rFF44,802478083,100.00,,
8.227900045,11258503888,,instructions,802504628,100.00,3.74,insn per cycle
8.227900045,3009367047,,cycles,802501748,100.00,,
8.328208887,1681156,,rD044,802427388,100.00,,
8.328208887,69218527,,rFF44,802443755,100.00,,
8.328208887,10784668008,,instructions,802435200,100.00,3.58,insn per cycle
8.328208887,3009140149,,cycles,802441220,100.00,,
8.428523419,2004728,,rD044,802480450,100.00,,
8.428523419,72752749,,rFF44,802455440,100.00,,
8.428523419,11203974055,,instructions,802444500,100.00,3.72,insn per cycle
8.428523419,3009150446,,cycles,802444060,100.00,,
8.528814441,1739093,,rD044,802363110,100.00,,
8.528814441,70009687,,rFF44,802527280,100.00,,
8.528814441,10886187808,,instructions,802564211,100.00,3.62,insn per cycle
8.528814441,3009594544,,cycles,802562408,100.00,,
8.629143393,2007204,,rD044,802586931,100.00,,
8.629143393,73003295,,rFF44,802427158,100.00,,
8.629143393,11243215122,,instructions,802392107,100.00,3.74,insn per cycle
8.629143393,3008910184,,cycles,802379610,100.00,,
8.729437985,1855497,,rD044,802360117,100.00,,
8.729437985,69547593,,rFF44,802367890,100.00,,
8.729437985,10828594887,,instructions,802374590,100.00,3.60,insn per cycle
8.729437985,3008925426,,cycles,802384110,100.00,,
8.829740357,1716730,,rD044,802456170,100.00,,
8.829740357,72674489,,rFF44,802466970,100.00,,
8.829740357,11189567693,,instructions,802485660,100.00,3.72,insn per cycle
8.829740357,3009347164,,cycles,802496620,100.00,,
8.930061099,1936672,,rD044,802505780,100.00,,
8.930061099,69360605,,rFF44,802484240,100.00,,
8.930061099,10812830647,,instructions,802457182,100.00,3.59,insn per cycle
8.930061099,3009400253,,cycles,802510018,100.00,,
9.030378391,1838020,,rD044,802553396,100.00,,
9.030378391,73048100,,rFF44,802582458,100.00,,
9.030378391,11250489066,,instructions,802588806,100.00,3.74,insn per cycle
9.030378391,3009444590,,cycles,802525960,100.00,,
9.130683813,1975186,,rD044,802466272,100.00,,
9.130683813,69896108,,rFF44,802447790,100.00,,
9.130683813,10873771581,,instructions,802442130,100.00,3.61,insn per cycle
9.130683813,3009121526,,cycles,802436290,100.00,,
9.230996645,2268191,,rD044,802445140,100.00,,
9.230996645,72523219,,rFF44,802420000,100.00,,
9.230996645,11172618990,,instructions,802415620,100.00,3.71,insn per cycle
9.230996645,3009002612,,cycles,802404680,100.00,,
9.331286067,2027224,,rD044,802306410,100.00,,
9.331286067,69835451,,rFF44,802313100,100.00,,
9.331286067,10853720318,,instructions,802320034,100.00,3.61,insn per cycle
9.331286067,3008726317,,cycles,802330788,100.00,,
9.431579249,1603495,,rD044,802335701,100.00,,
9.431579249,71771609,,rFF44,802322148,100.00,,
9.431579249,11086834136,,instructions,802316154,100.00,3.68,insn per cycle
9.431579249,3008679569,,cycles,802318530,100.00,,
9.531883111,1752079,,rD044,802429787,100.00,,
9.531883111,68866469,,rFF44,802525370,100.00,,
9.531883111,10750766389,,instructions,802570370,100.00,3.57,insn per cycle
9.531883111,3010214331,,cycles,802735450,100.00,,
9.632255904,2257844,,rD044,802937710,100.00,,
9.632255904,71675479,,rFF44,802852970,100.00,,
9.632255904,11085607671,,instructions,802802636,100.00,3.68,insn per cycle
9.632255904,3009857599,,cycles,802633728,100.00,,
9.732547045,1657565,,rD044,802432846,100.00,,
9.732547045,70434936,,rFF44,802464568,100.00,,
9.732547045,10934491752,,instructions,802476052,100.00,3.63,insn per cycle
9.732547045,3009335105,,cycles,802493140,100.00,,
9.832857678,1448569,,rD044,802403162,100.00,,
9.832857678,69547760,,rFF44,802368650,100.00,,
9.832857678,10816471371,,instructions,802368780,100.00,3.59,insn per cycle
9.832857678,3008827477,,cycles,802358070,100.00,,
9.933152749,1794532,,rD044,802356790,100.00,,
9.933152749,71007852,,rFF44,802383180,100.00,,
9.933152749,11006201925,,instructions,802371650,100.00,3.66,insn per cycle
9.933152749,3008883202,,cycles,802372700,100.00,,
10.033449671,2118919,,rD044,802333020,100.00,,
10.033449671,69128663,,rFF44,802301820,100.00,,
10.033449671,10765619473,,instructions,802303630,100.00,3.58,insn per cycle
10.033449671,3008603543,,cycles,802298215,100.00,,
10.133743373,1698981,,rD044,802365750,100.00,,
10.133743373,72553012,,rFF44,802387316,100.00,,
10.133743373,11187622226,,instructions,802396518,100.00,3.72,insn per cycle
10.133743373,3009001973,,cycles,802404333,100.00,,
10.234045695,1534631,,rD044,802437198,100.00,,
10.234045695,70323820,,rFF44,802429742,100.00,,
10.234045695,10925279187,,instructions,802418400,100.00,3.63,insn per cycle
10.234045695,3009010874,,cycles,802406840,100.00,,
10.334344717,1834378,,rD044,802386990,100.00,,
10.334344717,73094477,,rFF44,802400210,100.00,,
10.334344717,11263911651,,instructions,802426950,100.00,3.74,insn per cycle
10.334344717,3009188947,,cycles,802460610,100.00,,
10.434649869,1556840,,rD044,802416010,100.00,,
10.434649869,69731182,,rFF44,802407530,100.00,,
10.434649869,10847507886,,instructions,802380570,100.00,3.61,insn per cycle
10.434649869,3008809029,,cycles,802352781,100.00,,
10.534943731,1950110,,rD044,802411410,100.00,,
10.534943731,72815335,,rFF44,802446525,100.00,,
10.534943731,11221274636,,instructions,802455848,100.00,3.73,insn per cycle
10.534943731,3009194953,,cycles,802455597,100.00,,
10.635255563,1979236,,rD044,802453388,100.00,,
10.635255563,69676382,,rFF44,802416673,100.00,,
10.635255563,10835747769,,instructions,802419100,100.00,3.60,insn per cycle
10.635255563,3009090449,,cycles,802428250,100.00,,
10.735560105,2070389,,rD044,802394850,100.00,,
10.735560105,72914958,,rFF44,802395670,100.00,,
10.735560105,11237521613,,instructions,802391330,100.00,3.73,insn per cycle
10.735560105,3008857215,,cycles,802387260,100.00,,
10.835878917,2039105,,rD044,802468840,100.00,,
10.835878917,69469113,,rFF44,802472170,100.00,,
10.835878917,10813670217,,instructions,802476160,100.00,3.59,insn per cycle
10.835878917,3009227232,,cycles,802469067,100.00,,
10.936176299,1823942,,rD044,802330770,100.00,,
10.936176299,72781824,,rFF44,802316656,100.00,,
10.936176299,11219616052,,instructions,802308798,100.00,3.73,insn per cycle
10.936176299,3008557321,,cycles,802311761,100.00,,
11.036466711,1722606,,rD044,802360338,100.00,,
11.036466711,69516242,,rFF44,802366792,100.00,,
11.036466711,10819814169,,instructions,802371870,100.00,3.60,insn per cycle
11.036466711,3008870613,,cycles,802369220,100.00,,
11.136760492,2159306,,rD044,802293730,100.00,,
11.136760492,72922130,,rFF44,802283820,100.00,,
11.136760492,11242533915,,instructions,802275130,100.00,3.74,insn per cycle
11.136760492,3008512118,,cycles,802274750,100.00,,
11.237088355,1753534,,rD044,802614920,100.00,,
11.237088355,69257139,,rFF44,802635500,100.00,,
11.237088355,10793699091,,instructions,802637170,100.00,3.59,insn per cycle
11.237088355,3009863747,,cycles,802634154,100.00,,
11.337382197,1930734,,rD044,802564574,100.00,,
11.337382197,72814588,,rFF44,802669628,100.00,,
11.337382197,11226565839,,instructions,802685398,100.00,3.73,insn per cycle
11.337382197,3010083681,,cycles,802692804,100.00,,
11.437742189,1715772,,rD044,802665304,100.00,,
11.437742189,69469282,,rFF44,802550070,100.00,,
11.437742189,10819264993,,instructions,802521610,100.00,3.60,insn per cycle
11.437742189,3009394335,,cycles,802512800,100.00,,
11.538052691,1605342,,rD044,802535760,100.00,,
11.538052691,72955648,,rFF44,802565780,100.00,,
11.538052691,11248809266,,instructions,802587600,100.00,3.74,insn per cycle
11.538052691,3009759633,,cycles,802606618,100.00,,
11.638363873,1655362,,rD044,802482243,100.00,,
11.638363873,69939893,,rFF44,802477758,100.00,,
11.638363873,10873134234,,instructions,802477938,100.00,3.61,insn per cycle
11.638363873,3009243509,,cycles,802468590,100.00,,
11.738670895,1820800,,rD044,802378755,100.00,,
11.738670895,72911609,,rFF44,802344900,100.00,,
11.738670895,11243204822,,instructions,802341600,100.00,3.74,insn per cycle
11.738670895,3008772232,,cycles,802343480,100.00,,
11.838968167,1530509,,rD044,802409010,100.00,,
11.838968167,69462492,,rFF44,802437390,100.00,,
11.838968167,10816413473,,instructions,802443600,100.00,3.59,insn per cycle
11.838968167,3009144478,,cycles,802442330,100.00,,
11.939268809,1604782,,rD044,802378920,100.00,,
11.939268809,72815118,,rFF44,802367870,100.00,,
11.939268809,11227887002,,instructions,802374840,100.00,3.73,insn per cycle
11.939268809,3008856333,,cycles,802369496,100.00,,
12.039569781,1533107,,rD044,802398860,100.00,,
12.039569781,69738185,,rFF44,802386385,100.00,,
12.039569781,10850030153,,instructions,802365948,100.00,3.61,insn per cycle
12.039569781,3008863776,,cycles,802367592,100.00,,
12.139881623,1893412,,rD044,802478578,100.00,,
12.139881623,73007038,,rFF44,802485683,100.00,,
12.139881623,11258385617,,instructions,802500430,100.00,3.74,insn per cycle
12.139881623,3009370251,,cycles,802502660,100.00,,
12.240179415,1843834,,rD044,802535290,100.00,,
12.240179415,69756252,,rFF44,802571390,100.00,,
12.240179415,10850543988,,instructions,802559280,100.00,3.61,insn per cycle
12.240179415,3009612699,,cycles,802567190,100.00,,
12.340502987,2002011,,rD044,802454180,100.00,,
12.340502987,72806388,,rFF44,802410480,100.00,,
12.340502987,11224549539,,instructions,802404103,100.00,3.73,insn per cycle
12.340502987,3008946368,,cycles,802393448,100.00,,
12.440805879,1691042,,rD044,802496516,100.00,,
12.440805879,69037880,,rFF44,802548738,100.00,,
12.440805879,10755845566,,instructions,802587945,100.00,3.57,insn per cycle
12.440805879,3009714972,,cycles,802594540,100.00,,
12.541121731,2025050,,rD044,802434752,100.00,,
12.541121731,72915764,,rFF44,802390250,100.00,,
12.541121731,11240185906,,instructions,802358400,100.00,3.74,insn per cycle
12.541121731,3008793577,,cycles,802348920,100.00,,
12.641418463,1587485,,rD044,802346220,100.00,,
12.641418463,69090564,,rFF44,802325870,100.00,,
12.641418463,10769438648,,instructions,802317470,100.00,3.58,insn per cycle
12.641418463,3008666308,,cycles,802314910,100.00,,
12.741707525,1544257,,rD044,802314030,100.00,,
12.741707525,72846414,,rFF44,802324320,100.00,,
12.741707525,11229228711,,instructions,802332960,100.00,3.73,insn per cycle
12.741707525,3008761399,,cycles,802340206,100.00,,
12.842004037,1684876,,rD044,802354180,100.00,,
12.842004037,70172461,,rFF44,802349145,100.00,,
12.842004037,10901197745,,instructions,802346258,100.00,3.62,insn per cycle
12.842004037,3008776525,,cycles,802344152,100.00,,
12.942297069,1916202,,rD044,802353078,100.00,,
12.942297069,72836940,,rFF44,802363843,100.00,,
12.942297069,11226863693,,instructions,802377180,100.00,3.73,insn per cycle
12.942297069,3008893090,,cycles,802382280,100.00,,
13.042593570,1633189,,rD044,802446840,100.00,,
13.042593570,70205836,,rFF44,802477380,100.00,,
13.042593570,10906825007,,instructions,802477090,100.00,3.62,insn per cycle
13.042593570,3009260775,,cycles,802473580,100.00,,
13.142912713,1833610,,rD044,802469450,100.00,,
13.142912713,72657560,,rFF44,802433900,100.00,,
13.142912713,11197093206,,instructions,802433870,100.00,3.72,insn per cycle
13.142912713,3009184406,,cycles,802452774,100.00,,
13.243210024,1817450,,rD044,802508131,100.00,,
13.243210024,70020788,,rFF44,802554348,100.00,,
13.243210024,10875594057,,instructions,802537598,100.00,3.61,insn per cycle
13.243210024,3009429164,,cycles,802518384,100.00,,
13.343560237,2032381,,rD044,802727837,100.00,,
13.343560237,72885657,,rFF44,802705900,100.00,,
13.343560237,11231722171,,instructions,802718660,100.00,3.73,insn per cycle
13.343560237,3010189196,,cycles,802721040,100.00,,
13.443883379,1741568,,rD044,802510530,100.00,,
13.443883379,69429966,,rFF44,802479790,100.00,,
13.443883379,10808702028,,instructions,802463640,100.00,3.59,insn per cycle
13.443883379,3009165364,,cycles,802448203,100.00,,
13.544173941,1986357,,rD044,802384220,100.00,,
13.544173941,72618527,,rFF44,802431097,100.00,,
13.544173941,11188677069,,instructions,802454178,100.00,3.72,insn per cycle
13.544173941,3009260780,,cycles,802473075,100.00,,
13.644484013,1802713,,rD044,802502158,100.00,,
13.644484013,69495091,,rFF44,802461171,100.00,,
13.644484013,10818154447,,instructions,802438560,100.00,3.60,insn per cycle
13.644484013,3009130756,,cycles,802439020,100.00,,
13.744789265,1775953,,rD044,802392320,100.00,,
13.744789265,72860151,,rFF44,802699760,100.00,,
13.744789265,11224438656,,instructions,802774930,100.00,3.73,insn per cycle
13.744789265,3010444255,,cycles,802788924,100.00,,
13.845134637,1844945,,rD044,802711560,100.00,,
13.845134637,69355981,,rFF44,802402340,100.00,,
13.845134637,10794679018,,instructions,802330998,100.00,3.59,insn per cycle
13.845134637,3008612535,,cycles,802300394,100.00,,
13.945432429,1956171,,rD044,802555918,100.00,,
13.945432429,72641411,,rFF44,802638238,100.00,,
13.945432429,11187759195,,instructions,802664500,100.00,3.72,insn per cycle
13.945432429,3010027266,,cycles,802677970,100.00,,
14.045760012,1656553,,rD044,802547890,100.00,,
14.045760012,69848023,,rFF44,802494670,100.00,,
14.045760012,10861620717,,instructions,802478140,100.00,3.61,insn per cycle
14.045760012,3009536437,,cycles,802546600,100.00,,
14.146088144,1389837,,rD044,802505470,100.00,,
14.146088144,72851079,,rFF44,802481090,100.00,,
14.146088144,11218099883,,instructions,802482406,100.00,3.73,insn per cycle
14.146088144,3009038972,,cycles,802414488,100.00,,
14.246383976,1806343,,rD044,802371594,100.00,,
14.246383976,69805287,,rFF44,802374118,100.00,,
14.246383976,10853991421,,instructions,802383702,100.00,3.61,insn per cycle
14.246383976,3008948351,,cycles,802390310,100.00,,
14.346687438,1872786,,rD044,802412044,100.00,,
14.346687438,72876064,,rFF44,802411430,100.00,,
14.346687438,11225307025,,instructions,802398980,100.00,3.73,insn per cycle
14.346687438,3008916378,,cycles,802385640,100.00,,
14.446998240,1713807,,rD044,802474700,100.00,,
14.446998240,69997440,,rFF44,802470090,100.00,,
14.446998240,10884605872,,instructions,802481200,100.00,3.62,insn per cycle
14.446998240,3009352616,,cycles,802505920,100.00,,
14.547295492,1698770,,rD044,802455170,100.00,,
14.547295492,72506604,,rFF44,802511940,100.00,,
14.547295492,11166503913,,instructions,802503648,100.00,3.71,insn per cycle
14.547295492,3009292925,,cycles,802482168,100.00,,
14.647605684,1692243,,rD044,802400775,100.00,,
14.647605684,67804620,,rFF44,802353568,100.00,,
14.647605684,10617535838,,instructions,802356500,100.00,3.53,insn per cycle
14.647605684,3008786253,,cycles,802353600,100.00,,
14.747902965,2052332,,rD044,802348493,100.00,,
14.747902965,73053278,,rFF44,802369990,100.00,,
14.747902965,11249829739,,instructions,802356380,100.00,3.74,insn per cycle
14.747902965,3008770676,,cycles,802363310,100.00,,
14.848203237,1904329,,rD044,802337360,100.00,,
14.848203237,69137491,,rFF44,802310150,100.00,,
14.848203237,10780362699,,instructions,802304810,100.00,3.58,insn per cycle
14.848203237,3008588202,,cycles,802293690,100.00,,
14.948493189,1747499,,rD044,802285150,100.00,,
14.948493189,72890084,,rFF44,802288480,100.00,,
14.948493189,11223648528,,instructions,802291580,100.00,3.73,insn per cycle
14.948493189,3008546689,,cycles,802303035,100.00,,
15.048788421,1551909,,rD044,802359100,100.00,,
15.048788421,68633569,,rFF44,802373545,100.00,,
15.048788421,10712344345,,instructions,802457588,100.00,3.56,insn per cycle
15.048788421,3009332203,,cycles,802492453,100.00,,
15.149120203,1804907,,rD044,802662088,100.00,,
15.149120203,72950330,,rFF44,802707923,100.00,,
15.149120203,11235498540,,instructions,802655990,100.00,3.73,insn per cycle
15.149120203,3009807386,,cycles,802619060,100.00,,
15.249430095,1783408,,rD044,802520410,100.00,,
15.249430095,70064670,,rFF44,802498560,100.00,,
15.249430095,10894815828,,instructions,802501930,100.00,3.62,insn per cycle
15.249430095,3009469170,,cycles,802528963,100.00,,
15.349747777,1650213,,rD044,802446280,100.00,,
15.349747777,72715447,,rFF44,802404271,100.00,,
15.349747777,11201345898,,instructions,802385418,100.00,3.72,insn per cycle
15.349747777,3008792142,,cycles,802348825,100.00,,
15.450056609,1263938,,rD044,802476158,100.00,,
15.450056609,69556338,,rFF44,802491797,100.00,,
15.450056609,10811793438,,instructions,802488580,100.00,3.59,insn per cycle
15.450056609,3009311224,,cycles,802486830,100.00,,
15.550352121,1307758,,rD044,802330210,100.00,,
15.550352121,71226277,,rFF44,802296460,100.00,,
15.550352121,11018184256,,instructions,802284310,100.00,3.66,insn per cycle
15.550352121,3008552966,,cycles,802284730,100.00,,
15.650639413,1398045,,rD044,802351460,100.00,,
15.650639413,67007813,,rFF44,802369030,100.00,,
15.650639413,10512559362,,instructions,802380660,100.00,3.49,insn per cycle
15.650639413,3008924246,,cycles,802382910,100.00,,
15.750936305,1690567,,rD044,802315040,100.00,,
15.750936305,72158081,,rFF44,802306950,100.00,,
15.750936305,11121775767,,instructions,802299320,100.00,3.70,insn per cycle
15.750936305,3008618973,,cycles,802302877,100.00,,
15.851229137,1618820,,rD044,802347810,100.00,,
15.851229137,69600737,,rFF44,802341415,100.00,,
15.851229137,10818776407,,instructions,802337918,100.00,3.60,insn per cycle
15.851229137,3008750020,,cycles,802337161,100.00,,
15.951520909,1413850,,rD044,802321318,100.00,,
15.951520909,70873613,,rFF44,802330263,100.00,,
15.951520909,10968195129,,instructions,802336730,100.00,3.65,insn per cycle
15.951520909,3008759279,,cycles,802339690,100.00,,
16.051816640,1874560,,rD044,802374380,100.00,,
16.051816640,69829966,,rFF44,802423120,100.00,,
16.051816640,10871421382,,instructions,802470560,100.00,3.61,insn per cycle
16.051816640,3009271735,,cycles,802476500,100.00,,
16.152129003,1917409,,rD044,802481470,100.00,,
16.152129003,70923695,,rFF44,802429420,100.00,,
16.152129003,10995738210,,instructions,802388560,100.00,3.65,insn per cycle
16.152129003,3008945851,,cycles,802389260,100.00,,
16.252422604,1403094,,rD044,802361870,100.00,,
16.252422604,71406686,,rFF44,802381220,100.00,,
16.252422604,11046922329,,instructions,802374618,100.00,3.67,insn per cycle
16.252422604,3008804703,,cycles,802353598,100.00,,
16.352741367,1593116,,rD044,802532098,100.00,,
16.352741367,69788335,,rFF44,802518418,100.00,,
16.352741367,10853430488,,instructions,802518620,100.00,3.61,insn per cycle
16.352741367,3009467705,,cycles,802528560,100.00,,
16.453052739,1748873,,rD044,802532170,100.00,,
16.453052739,72736154,,rFF44,802567840,100.00,,
16.453052739,11206058757,,instructions,802586750,100.00,3.72,insn per cycle
16.453052739,3009814297,,cycles,802620340,100.00,,
16.553355901,1664600,,rD044,802386750,100.00,,
16.553355901,69477182,,rFF44,802360570,100.00,,
16.553355901,10812800190,,instructions,802345390,100.00,3.59,insn per cycle
16.553355901,3008682314,,cycles,802319535,100.00,,
16.653651913,1975357,,rD044,802468880,100.00,,
16.653651913,73020821,,rFF44,802497028,100.00,,
16.653651913,11252758926,,instructions,802498598,100.00,3.74,insn per cycle
16.653651913,3009342673,,cycles,802495713,100.00,,
16.753968635,1631883,,rD044,802409898,100.00,,
16.753968635,70239096,,rFF44,802368880,100.00,,
16.753968635,10904928148,,instructions,802360780,100.00,3.62,insn per cycle
16.753968635,3008823625,,cycles,802356850,100.00,,
16.854259796,1538408,,rD044,802338970,100.00,,
16.854259796,72788421,,rFF44,802351580,100.00,,
16.854259796,11218282914,,instructions,802355740,100.00,3.73,insn per cycle
16.854259796,3008842614,,cycles,802361960,100.00,,
16.954587909,1502552,,rD044,802658060,100.00,,
16.954587909,67281119,,rFF44,802695650,100.00,,
16.954587909,10547264528,,instructions,802695645,100.00,3.50,insn per cycle
16.954587909,3010109851,,cycles,802699598,100.00,,
17.054892771,1816609,,rD044,802378372,100.00,,
17.054892771,72817248,,rFF44,802326748,100.00,,
17.054892771,11223896229,,instructions,802323613,100.00,3.73,insn per cycle
17.054892771,3008659036,,cycles,802312920,100.00,,
17.155185533,1278984,,rD044,802420716,100.00,,
17.155185533,68405567,,rFF44,802469270,100.00,,
17.155185533,10681097252,,instructions,802506150,100.00,3.55,insn per cycle
17.155185533,3009462774,,cycles,802527050,100.00,,
17.255502835,1475740,,rD044,802492250,100.00,,
17.255502835,72553642,,rFF44,802454280,100.00,,
17.255502835,11180342740,,instructions,802418470,100.00,3.72,insn per cycle
17.255502835,3008965286,,cycles,802395090,100.00,,
17.355804977,1619307,,rD044,802569570,100.00,,
17.355804977,69515940,,rFF44,802714948,100.00,,
17.355804977,10821256653,,instructions,802718218,100.00,3.59,insn per cycle
17.355804977,3010236057,,cycles,802733528,100.00,,
17.456137469,1824203,,rD044,802463368,100.00,,
17.456137469,73093674,,rFF44,802313890,100.00,,
17.456137469,11267769233,,instructions,802307620,100.00,3.75,insn per cycle
17.456137469,3008568592,,cycles,802288560,100.00,,
17.556432881,1355783,,rD044,802439850,100.00,,
17.556432881,69383005,,rFF44,802485380,100.00,,
17.556432881,10808569432,,instructions,802502520,100.00,3.59,insn per cycle
17.556432881,3009453529,,cycles,802524860,100.00,,
17.656749653,1578827,,rD044,802448960,100.00,,
17.656749653,72900080,,rFF44,802404290,100.00,,
17.656749653,11238377335,,instructions,802385590,100.00,3.74,insn per cycle
17.656749653,3008878240,,cycles,802371713,100.00,,
17.757057555,1497274,,rD044,802449390,100.00,,
17.757057555,70005952,,rFF44,802445926,100.00,,
17.757057555,10880079596,,instructions,802442258,100.00,3.62,insn per cycle
17.757057555,3009133636,,cycles,802439445,100.00,,
17.857347357,1553922,,rD044,802336848,100.00,,
17.857347357,72867663,,rFF44,802350572,100.00,,
17.857347357,11234071095,,instructions,802361520,100.00,3.73,insn per cycle
17.857347357,3008821820,,cycles,802356400,100.00,,
17.957640588,1391266,,rD044,802321200,100.00,,
17.957640588,66598177,,rFF44,802308790,100.00,,
17.957640588,10458453345,,instructions,802301860,100.00,3.48,insn per cycle
17.957640588,3008626489,,cycles,802304200,100.00,,
18.057937080,1577354,,rD044,802371950,100.00,,
18.057937080,72670779,,rFF44,802380830,100.00,,
18.057937080,11201931644,,instructions,802389110,100.00,3.72,insn per cycle
18.057937080,3008962035,,cycles,802393760,100.00,,
18.158234922,1537615,,rD044,802452710,100.00,,
18.158234922,68689949,,rFF44,802510570,100.00,,
18.158234922,10724067793,,instructions,802517508,100.00,3.56,insn per cycle
18.158234922,3009388631,,cycles,802509868,100.00,,
18.258552064,1736283,,rD044,802467456,100.00,,
18.258552064,73044195,,rFF44,802410108,100.00,,
18.258552064,11261293654,,instructions,802399810,100.00,3.74,insn per cycle
18.258552064,3008985880,,cycles,802400300,100.00,,
18.358846946,1410500,,rD044,802388092,100.00,,
18.358846946,70019811,,rFF44,802419610,100.00,,
18.358846946,10882827996,,instructions,802432520,100.00,3.62,insn per cycle
18.358846946,3009153833,,cycles,802444900,100.00,,
18.459153878,2223467,,rD044,802398490,100.00,,
18.459153878,72698705,,rFF44,802358090,100.00,,
18.459153878,11210382385,,instructions,802347960,100.00,3.73,insn per cycle
18.459153878,3008767870,,cycles,802342120,100.00,,
18.559444310,1612267,,rD044,802319330,100.00,,
18.559444310,68815841,,rFF44,802323160,100.00,,
18.559444310,10732488788,,instructions,802329220,100.00,3.57,insn per cycle
18.559444310,3008743518,,cycles,802338417,100.00,,
18.659740912,1960580,,rD044,802413390,100.00,,
18.659740912,72934966,,rFF44,802535648,100.00,,
18.659740912,11247306648,,instructions,802562028,100.00,3.74,insn per cycle
18.659740912,3009701795,,cycles,802592071,100.00,,
18.760070854,1479971,,rD044,802546597,100.00,,
18.760070854,70010187,,rFF44,802487089,100.00,,
18.760070854,10868596407,,instructions,802472329,100.00,3.61,insn per cycle
18.760070854,3009058413,,cycles,802450219,100.00,,
18.860408067,1746917,,rD044,802676840,100.00,,
18.860408067,72732884,,rFF44,802632520,100.00,,
18.860408067,11215275545,,instructions,802618221,100.00,3.73,insn per cycle
18.860408067,3009771932,,cycles,802609908,100.00,,
18.960709408,1685937,,rD044,802413582,100.00,,
18.960709408,69538631,,rFF44,802429048,100.00,,
18.960709408,10824820515,,instructions,802427187,100.00,3.60,insn per cycle
18.960709408,3009039222,,cycles,802427370,100.00,,
19.061035221,1951588,,rD044,802537876,100.00,,
19.061035221,72959411,,rFF44,802507340,100.00,,
19.061035221,11249518123,,instructions,802508580,100.00,3.74,insn per cycle
19.061035221,3009375287,,cycles,802503880,100.00,,
19.161335563,1778798,,rD044,802403870,100.00,,
19.161335563,69478229,,rFF44,802421270,100.00,,
19.161335563,10819577793,,instructions,802420380,100.00,3.60,insn per cycle
19.161335563,3009029770,,cycles,802412690,100.00,,
19.261632094,2018116,,rD044,802421030,100.00,,
19.261632094,73140402,,rFF44,802418950,100.00,,
19.261632094,11277107330,,instructions,802421905,100.00,3.75,insn per cycle
19.261632094,3009143331,,cycles,802441988,100.00,,
19.361943025,1732313,,rD044,802406234,100.00,,
19.361943025,69960937,,rFF44,802378208,100.00,,
19.361943025,10882565950,,instructions,802365073,100.00,3.62,insn per cycle
19.361943025,3008770359,,cycles,802348790,100.00,,
19.462234996,1736770,,rD044,802343064,100.00,,
19.462234996,72739323,,rFF44,802353130,100.00,,
19.462234996,11212573684,,instructions,802357020,100.00,3.73,insn per cycle
19.462234996,3008793100,,cycles,802349030,100.00,,
19.562529147,1288191,,rD044,802353970,100.00,,
19.562529147,69917096,,rFF44,802367820,100.00,,
19.562529147,10852031479,,instructions,802381400,100.00,3.61,insn per cycle
19.562529147,3008933967,,cycles,802386030,100.00,,
19.662830319,1762573,,rD044,802520230,100.00,,
19.662830319,72761099,,rFF44,802541840,100.00,,
19.662830319,11213581143,,instructions,802519552,100.00,3.73,insn per cycle
19.662830319,3009453988,,cycles,802525968,100.00,,
19.763145710,1464507,,rD044,802374761,100.00,,
19.763145710,70131360,,rFF44,802344108,100.00,,
19.763145710,10903155097,,instructions,802355046,100.00,3.62,insn per cycle
19.763145710,3008747771,,cycles,802347700,100.00,,
19.863440451,1891103,,rD044,802417637,100.00,,
19.863440451,72948114,,rFF44,802426410,100.00,,
19.863440451,11242572843,,instructions,802434980,100.00,3.74,insn per cycle
19.863440451,3009181161,,cycles,802452480,100.00,,
19.963747903,1541568,,rD044,802381830,100.00,,
19.963747903,69176509,,rFF44,802356590,100.00,,
19.963747903,10772912306,,instructions,802338480,100.00,3.58,insn per cycle
19.963747903,3008680387,,cycles,802318670,100.00,,
20.064047794,1693520,,rD044,802429400,100.00,,
20.064047794,72662918,,rFF44,802447120,100.00,,
20.064047794,11197980246,,instructions,802484190,100.00,3.72,insn per cycle
20.064047794,3009414178,,cycles,802514178,100.00,,
20.164358535,1630378,,rD044,802487181,100.00,,
20.164358535,70210840,,rFF44,802475468,100.00,,
20.164358535,10907763051,,instructions,802436418,100.00,3.62,insn per cycle
20.164358535,3009048011,,cycles,802416650,100.00,,
20.264652956,1569105,,rD044,802321487,100.00,,
20.264652956,72818983,,rFF44,802348820,100.00,,
20.264652956,11219056800,,instructions,802375480,100.00,3.73,insn per cycle
20.264652956,3008950508,,cycles,802396740,100.00,,
20.364957048,1531719,,rD044,802410140,100.00,,
20.364957048,67810529,,rFF44,802381840,100.00,,
20.364957048,10603430455,,instructions,802362210,100.00,3.52,insn per cycle
20.364957048,3008764723,,cycles,802341090,100.00,,
20.465251139,1956112,,rD044,802419320,100.00,,
20.465251139,72780863,,rFF44,802562770,100.00,,
20.465251139,11213815138,,instructions,802718116,100.00,3.73,insn per cycle
20.465251139,3010280846,,cycles,802745748,100.00,,
20.565598441,1873199,,rD044,802861478,100.00,,
20.565598441,69951966,,rFF44,802768578,100.00,,
20.565598441,10878229971,,instructions,802613652,100.00,3.61,insn per cycle
20.565598441,3009692401,,cycles,802592130,100.00,,
20.665936052,1912722,,rD044,802535630,100.00,,
20.665936052,72717910,,rFF44,802490200,100.00,,
20.665936052,11201179928,,instructions,802502550,100.00,3.72,insn per cycle
20.665936052,3009344202,,cycles,802495550,100.00,,
20.766230523,1535887,,rD044,802384180,100.00,,
20.766230523,69587014,,rFF44,802403300,100.00,,
20.766230523,10829843387,,instructions,802396840,100.00,3.60,insn per cycle
20.766230523,3008995407,,cycles,802402808,100.00,,
20.866535345,1968877,,rD044,802498642,100.00,,
20.866535345,72671746,,rFF44,802494348,100.00,,
20.866535345,11193076850,,instructions,802488288,100.00,3.72,insn per cycle
20.866535345,3009245246,,cycles,802469240,100.00,,
20.966843306,1618417,,rD044,802429206,100.00,,
20.966843306,67127392,,rFF44,802503040,100.00,,
20.966843306,10533123975,,instructions,802508070,100.00,3.50,insn per cycle
20.966843306,3009488399,,cycles,802534160,100.00,,
21.067157967,1887944,,rD044,802611290,100.00,,
21.067157967,72596119,,rFF44,802670150,100.00,,
21.067157967,11182788356,,instructions,802809764,100.00,3.71,insn per cycle
21.067157967,3010603113,,cycles,802831228,100.00,,
21.167515559,1706342,,rD044,802887507,100.00,,
21.167515559,70204151,,rFF44,802927718,100.00,,
21.167515559,10909447636,,instructions,802792454,100.00,3.62,insn per cycle
21.167515559,3010318773,,cycles,802763150,100.00,,
21.267859531,1868972,,rD044,802654571,100.00,,
21.267859531,72811230,,rFF44,802469240,100.00,,
21.267859531,11213877154,,instructions,802458310,100.00,3.73,insn per cycle
21.267859531,3009185014,,cycles,802453470,100.00,,
21.368164822,1664808,,rD044,802333400,100.00,,
21.368164822,69870221,,rFF44,802313490,100.00,,
21.368164822,10872705384,,instructions,802304660,100.00,3.61,insn per cycle
21.368164822,3008600191,,cycles,802298096,100.00,,
21.468464254,2157549,,rD044,802427851,100.00,,
21.468464254,72925905,,rFF44,802498868,100.00,,
21.468464254,11232587513,,instructions,802551638,100.00,3.73,insn per cycle
21.468464254,3009545248,,cycles,802549142,100.00,,
21.568773685,1580731,,rD044,802509977,100.00,,
21.568773685,69867014,,rFF44,802528180,100.00,,
21.568773685,10865596128,,instructions,802615750,100.00,3.61,insn per cycle
21.568773685,3010470615,,cycles,802795040,100.00,,
21.669129567,1982121,,rD044,802840200,100.00,,
21.669129567,73007264,,rFF44,802811610,100.00,,
21.669129567,11243506204,,instructions,802691985,100.00,3.74,insn per cycle
21.669129567,3009431074,,cycles,802519788,100.00,,
21.769440238,1810373,,rD044,802415393,100.00,,
21.769440238,69606909,,rFF44,802369548,100.00,,
21.769440238,10843897637,,instructions,802368993,100.00,3.60,insn per cycle
21.769440238,3008899385,,cycles,802377010,100.00,,
21.869734669,1992232,,rD044,802337075,100.00,,
21.869734669,72828461,,rFF44,802329380,100.00,,
21.869734669,11216825825,,instructions,802322070,100.00,3.73,insn per cycle
21.869734669,3008649986,,cycles,802310340,100.00,,
21.970037911,1512937,,rD044,802420710,100.00,,
21.970037911,69735484,,rFF44,802431990,100.00,,
21.970037911,10860327653,,instructions,802430090,100.00,3.61,insn per cycle
21.970037911,3009113980,,cycles,802434610,100.00,,
22.070324702,1614642,,rD044,802364960,100.00,,
22.070324702,72977812,,rFF44,802416410,100.00,,
22.070324702,11241698476,,instructions,802430980,100.00,3.74,insn per cycle
22.070324702,3009094703,,cycles,802428887,100.00,,
22.170639713,1604255,,rD044,802492610,100.00,,
22.170639713,70540849,,rFF44,802466338,100.00,,
22.170639713,10944939395,,instructions,802459478,100.00,3.64,insn per cycle
22.170639713,3009230549,,cycles,802465531,100.00,,
22.270942404,2175258,,rD044,802352958,100.00,,
22.270942404,71413514,,rFF44,802331630,100.00,,
22.270942404,11040728684,,instructions,802342810,100.00,3.67,insn per cycle
22.270942404,3008762165,,cycles,802340510,100.00,,
22.371238286,1705226,,rD044,802371280,100.00,,
22.371238286,71907807,,rFF44,802384340,100.00,,
22.371238286,11110559329,,instructions,802367590,100.00,3.69,insn per cycle
22.371238286,3008902129,,cycles,802377660,100.00,,
22.471535747,1878004,,rD044,802526590,100.00,,
22.471535747,70457612,,rFF44,802557040,100.00,,
22.471535747,10943387788,,instructions,802580330,100.00,3.64,insn per cycle
22.471535747,3009614204,,cycles,802568398,100.00,,
22.571891619,1745600,,rD044,802691108,100.00,,
22.571891619,72722672,,rFF44,802655398,100.00,,
22.571891619,11203155742,,instructions,802630468,100.00,3.72,insn per cycle
22.571891619,3009792974,,cycles,802620070,100.00,,
22.672188350,1797082,,rD044,802395200,100.00,,
22.672188350,69434428,,rFF44,802410450,100.00,,
22.672188350,10804532388,,instructions,802420960,100.00,3.59,insn per cycle
22.672188350,3009106627,,cycles,802432310,100.00,,
22.772490121,1926140,,rD044,802321210,100.00,,
22.772490121,72863859,,rFF44,802296840,100.00,,
22.772490121,11228273285,,instructions,802293370,100.00,3.73,insn per cycle
22.772490121,3008482004,,cycles,802295360,100.00,,
22.872790502,1835585,,rD044,802529270,100.00,,
22.872790502,69190278,,rFF44,802596894,100.00,,
22.872790502,10780971689,,instructions,802647948,100.00,3.58,insn per cycle
22.872790502,3009933520,,cycles,802653018,100.00,,
22.973118744,1782152,,rD044,802516448,100.00,,
22.973118744,72787963,,rFF44,802442664,100.00,,
22.973118744,11218320981,,instructions,802396890,100.00,3.73,insn per cycle
22.973118744,3008948541,,cycles,802406250,100.00,,
23.073417505,1487501,,rD044,802324140,100.00,,
23.073417505,70038393,,rFF44,802321050,100.00,,
23.073417505,10878584839,,instructions,802314090,100.00,3.62,insn per cycle
23.073417505,3008586275,,cycles,802293580,100.00,,
23.173714386,1603978,,rD044,802408440,100.00,,
23.173714386,72528999,,rFF44,802432260,100.00,,
23.173714386,11178344492,,instructions,802440330,100.00,3.71,insn per cycle
23.173714386,3009100300,,cycles,802430590,100.00,,
23.274026098,1119647,,rD044,802453670,100.00,,
23.274026098,66788386,,rFF44,802480445,100.00,,
23.274026098,10462913091,,instructions,802463318,100.00,3.48,insn per cycle
23.274026098,3009291025,,cycles,802481498,100.00,,
23.374337119,1569016,,rD044,802527028,100.00,,
23.374337119,72790445,,rFF44,802519833,100.00,,
23.374337119,11219362429,,instructions,802528390,100.00,3.73,insn per cycle
23.374337119,3009425588,,cycles,802517230,100.00,,
23.474643630,1533947,,rD044,802403170,100.00,,
23.474643630,70013435,,rFF44,802365370,100.00,,
23.474643630,10878959457,,instructions,802370290,100.00,3.62,insn per cycle
23.474643630,3008914959,,cycles,802381400,100.00,,
23.574940962,1552417,,rD044,802370350,100.00,,
23.574940962,72885483,,rFF44,802371280,100.00,,
23.574940962,11235113032,,instructions,802373490,100.00,3.73,insn per cycle
23.574940962,3008872925,,cycles,802370022,100.00,,
23.675239563,1462021,,rD044,802441040,100.00,,
23.675239563,68430744,,rFF44,802442535,100.00,,
23.675239563,10674885062,,instructions,802441398,100.00,3.55,insn per cycle
23.675239563,3009228921,,cycles,802464656,100.00,,
23.775550384,1686724,,rD044,802432018,100.00,,
23.775550384,72584724,,rFF44,802447563,100.00,,
23.775550384,11189999600,,instructions,802456680,100.00,3.72,insn per cycle
23.775550384,3009071659,,cycles,802422810,100.00,,
23.875851126,1556786,,rD044,802506190,100.00,,
23.875851126,67767403,,rFF44,802504470,100.00,,
23.875851126,10601709663,,instructions,802482430,100.00,3.52,insn per cycle
23.875851126,3009302638,,cycles,802484990,100.00,,
23.976155987,1755224,,rD044,802318510,100.00,,
23.976155987,72728847,,rFF44,802309300,100.00,,
23.976155987,11213206565,,instructions,802322560,100.00,3.73,insn per cycle
23.976155987,3008737622,,cycles,802333792,100.00,,
24.076453278,1568783,,rD044,802378590,100.00,,
24.076453278,68706910,,rFF44,802377682,100.00,,
24.076453278,10720127560,,instructions,802380158,100.00,3.56,insn per cycle
24.076453278,3008903860,,cycles,802378056,100.00,,
24.176751919,1505027,,rD044,802388117,100.00,,
24.176751919,72769601,,rFF44,802382596,100.00,,
24.176751919,11219046853,,instructions,802373750,100.00,3.73,insn per cycle
24.176751919,3008902489,,cycles,802377780,100.00,,
24.277057721,1494637,,rD044,802471491,100.00,,
24.277057721,68481291,,rFF44,802477990,100.00,,
24.277057721,10703311898,,instructions,802472730,100.00,3.56,insn per cycle
24.277057721,3009249403,,cycles,802470560,100.00,,
24.377386332,1606542,,rD044,802572380,100.00,,
24.377386332,72659355,,rFF44,802559870,100.00,,
24.377386332,11201227662,,instructions,802568120,100.00,3.72,insn per cycle
24.377386332,3009588914,,cycles,802560936,100.00,,
24.477678043,1433864,,rD044,802331310,100.00,,
24.477678043,68204149,,rFF44,802328583,100.00,,
24.477678043,10649169526,,instructions,802316408,100.00,3.54,insn per cycle
24.477678043,3008668553,,cycles,802315502,100.00,,
24.577970014,1660671,,rD044,802335077,100.00,,
24.577970014,72629038,,rFF44,802339795,100.00,,
24.577970014,11196828532,,instructions,802346610,100.00,3.72,insn per cycle
24.577970014,3008777777,,cycles,802344690,100.00,,
24.678263096,1626656,,rD044,802352991,100.00,,
24.678263096,70034810,,rFF44,802375390,100.00,,
24.678263096,10880089336,,instructions,802391240,100.00,3.62,insn per cycle
24.678263096,3008978668,,cycles,802398080,100.00,,
24.778569007,1493313,,rD044,802440590,100.00,,
24.778569007,72625628,,rFF44,802428140,100.00,,
24.778569007,11197442538,,instructions,802416830,100.00,3.72,insn per cycle
24.778569007,3009042499,,cycles,802415360,100.00,,
24.878879058,1198562,,rD044,802440440,100.00,,
24.878879058,65861618,,rFF44,802438220,100.00,,
24.878879058,10360078816,,instructions,802451948,100.00,3.44,insn per cycle
24.878879058,3009136399,,cycles,802453408,100.00,,
24.979177109,2011944,,rD044,802371625,100.00,,
24.979177109,72282325,,rFF44,802363488,100.00,,
24.979177109,11143966476,,instructions,802341870,100.00,3.70,insn per cycle
24.979177109,3008764469,,cycles,802341240,100.00,,
25.079464431,1931864,,rD044,802603313,100.00,,
25.079464431,69987340,,rFF44,802768190,100.00,,
25.079464431,10876970514,,instructions,802778440,100.00,3.61,insn per cycle
25.079464431,3010428262,,cycles,802784750,100.00,,
25.179819552,1919422,,rD044,802571100,100.00,,
25.179819552,72653562,,rFF44,802545330,100.00,,
25.179819552,11202695910,,instructions,802558727,100.00,3.72,insn per cycle
25.179819552,3009585925,,cycles,802559718,100.00,,
25.280139264,1393586,,rD044,802512755,100.00,,
25.280139264,70247790,,rFF44,802381408,100.00,,
25.280139264,10904063895,,instructions,802358301,100.00,3.62,insn per cycle
25.280139264,3008751202,,cycles,802337970,100.00,,
25.380432105,1605339,,rD044,802337183,100.00,,
25.380432105,72553678,,rFF44,802346890,100.00,,
25.380432105,11187313397,,instructions,802345650,100.00,3.72,insn per cycle
25.380432105,3008813998,,cycles,802354290,100.00,,
25.480727676,1304526,,rD044,802518200,100.00,,
25.480727676,67950179,,rFF44,802554920,100.00,,
25.480727676,10619299253,,instructions,802555330,100.00,3.53,insn per cycle
25.480727676,3009639929,,cycles,802574150,100.00,,
25.581060058,1605158,,rD044,802504060,100.00,,
25.581060058,72471270,,rFF44,802443850,100.00,,
25.581060058,11174246968,,instructions,802453698,100.00,3.71,insn per cycle
25.581060058,3009211531,,cycles,802460278,100.00,,
25.681360659,1548713,,rD044,802395716,100.00,,
25.681360659,68994804,,rFF44,802417658,100.00,,
25.681360659,10750862735,,instructions,802418130,100.00,3.57,insn per cycle
25.681360659,3008956076,,cycles,802392290,100.00,,
25.781660120,1388153,,rD044,802390582,100.00,,
25.781660120,72712603,,rFF44,802366080,100.00,,
25.781660120,11211478154,,instructions,802354630,100.00,3.73,insn per cycle
25.781660120,3008851826,,cycles,802364510,100.00,,
25.881955012,1764333,,rD044,802408550,100.00,,
25.881955012,70334940,,rFF44,802447550,100.00,,
25.881955012,10926059776,,instructions,802463040,100.00,3.63,insn per cycle
25.881955012,3009232355,,cycles,802466120,100.00,,
25.982265463,1843153,,rD044,802479480,100.00,,
25.982265463,72782958,,rFF44,802497920,100.00,,
25.982265463,11221832098,,instructions,802488078,100.00,3.73,insn per cycle
25.982265463,3009315526,,cycles,802487758,100.00,,
26.082566304,1362191,,rD044,802334173,100.00,,
26.082566304,68899037,,rFF44,802289788,100.00,,
26.082566304,10730785052,,instructions,802285870,100.00,3.57,insn per cycle
26.082566304,3008526346,,cycles,802277730,100.00,,
26.182852345,1576537,,rD044,802388415,100.00,,
26.182852345,72885255,,rFF44,802431640,100.00,,
26.182852345,11235939100,,instructions,802434910,100.00,3.73,insn per cycle
26.182852345,3009116756,,cycles,802435030,100.00,,
26.283174357,1750199,,rD044,802477740,100.00,,
26.283174357,67359773,,rFF44,802453790,100.00,,
26.283174357,10552924323,,instructions,802465800,100.00,3.51,insn per cycle
26.283174357,3009260303,,cycles,802472900,100.00,,
26.383474378,1661718,,rD044,802501270,100.00,,
26.383474378,72744353,,rFF44,802565862,100.00,,
26.383474378,11213570561,,instructions,802570318,100.00,3.73,insn per cycle
26.383474378,3009626024,,cycles,802570688,100.00,,
26.483806050,1748690,,rD044,802535898,100.00,,
26.483806050,69875037,,rFF44,802467196,100.00,,
26.483806050,10865121110,,instructions,802533670,100.00,3.61,insn per cycle
26.483806050,3009401694,,cycles,802517030,100.00,,
26.584116661,1869733,,rD044,802507440,100.00,,
26.584116661,72774501,,rFF44,802520600,100.00,,
26.584116661,11216864315,,instructions,802452100,100.00,3.73,insn per cycle
26.584116661,3009191059,,cycles,802454610,100.00,,
26.684419322,1482692,,rD044,802472250,100.00,,
26.684419322,69664913,,rFF44,802511210,100.00,,
26.684419322,10833543394,,instructions,802495862,100.00,3.60,insn per cycle
26.684419322,3009383307,,cycles,802506298,100.00,,
26.784736944,1578998,,rD044,802411683,100.00,,
26.784736944,72696179,,rFF44,802379868,100.00,,
26.784736944,11203323491,,instructions,802376716,100.00,3.72,insn per cycle
26.784736944,3008730344,,cycles,802356500,100.00,,
26.885058655,1630997,,rD044,802569145,100.00,,
26.885058655,69848879,,rFF44,802552570,100.00,,
26.885058655,10862198309,,instructions,802564060,100.00,3.61,insn per cycle
26.885058655,3009689604,,cycles,802593790,100.00,,
26.985363456,1778917,,rD044,802352400,100.00,,
26.985363456,72791498,,rFF44,802330270,100.00,,
26.985363456,11215517642,,instructions,802320570,100.00,3.73,insn per cycle
26.985363456,3008567452,,cycles,802301850,100.00,,
27.085655808,1469224,,rD044,802334730,100.00,,
27.085655808,70116688,,rFF44,802340680,100.00,,
27.085655808,10892021644,,instructions,802336092,100.00,3.62,insn per cycle
27.085655808,3008753780,,cycles,802338318,100.00,,
27.185946349,1631791,,rD044,802362880,100.00,,
27.185946349,72650126,,rFF44,802411378,100.00,,
27.185946349,11191734224,,instructions,802456646,100.00,3.72,insn per cycle
27.185946349,3009273192,,cycles,802476420,100.00,,
27.286257410,1624516,,rD044,802433888,100.00,,
27.286257410,69327721,,rFF44,802372520,100.00,,
27.286257410,10788724349,,instructions,802326930,100.00,3.59,insn per cycle
27.286257410,3008606167,,cycles,802299120,100.00,,
27.386547891,1800442,,rD044,802447570,100.00,,
27.386547891,72753841,,rFF44,802511340,100.00,,
27.386547891,11208788414,,instructions,802536960,100.00,3.72,insn per cycle
27.386547891,3009532084,,cycles,802545740,100.00,,
27.486875213,1754785,,rD044,802499940,100.00,,
27.486875213,70059945,,rFF44,802443420,100.00,,
27.486875213,10885068453,,instructions,802427694,100.00,3.62,insn per cycle
27.486875213,3009099310,,cycles,802430448,100.00,,
27.587168964,1580061,,rD044,802340751,100.00,,
27.587168964,72580258,,rFF44,802338308,100.00,,
27.587168964,11180641585,,instructions,802340684,100.00,3.72,insn per cycle
27.587168964,3008746398,,cycles,802336250,100.00,,
27.687465365,1356980,,rD044,802355737,100.00,,
27.687465365,69114289,,rFF44,802352340,100.00,,
27.687465365,10771559111,,instructions,802353190,100.00,3.58,insn per cycle
27.687465365,3008838723,,cycles,802360670,100.00,,
27.787759036,1657463,,rD044,802479670,100.00,,
27.787759036,72795829,,rFF44,802532800,100.00,,
27.787759036,11212407494,,instructions,802534300,100.00,3.73,insn per cycle
27.787759036,3009874712,,cycles,802636560,100.00,,
27.888089718,1286131,,rD044,802635220,100.00,,
27.888089718,69874054,,rFF44,802618071,100.00,,
27.888089718,10859525604,,instructions,802596108,100.00,3.61,insn per cycle
27.888089718,3009311832,,cycles,802487838,100.00,,
27.988399129,1562058,,rD044,802348355,100.00,,
27.988399129,72743024,,rFF44,802319397,100.00,,
27.988399129,11201624180,,instructions,802329370,100.00,3.72,insn per cycle
27.988399129,3008718792,,cycles,802331740,100.00,,
28.088720161,1343119,,rD044,802595223,100.00,,
28.088720161,68508116,,rFF44,802627550,100.00,,
28.088720161,10712904142,,instructions,802637590,100.00,3.56,insn per cycle
28.088720161,3009859363,,cycles,802632860,100.00,,
28.189029262,1883939,,rD044,802562420,100.00,,
28.189029262,72743455,,rFF44,802610880,100.00,,
28.189029262,11201147389,,instructions,802631115,100.00,3.72,insn per cycle
28.189029262,3009925837,,cycles,802650948,100.00,,
28.289357584,1396688,,rD044,802492673,100.00,,
28.289357584,69343842,,rFF44,802419488,100.00,,
28.289357584,10796242184,,instructions,802402573,100.00,3.59,insn per cycle
28.289357584,3009012155,,cycles,802406840,100.00,,
28.389657535,1784963,,rD044,802396285,100.00,,
28.389657535,72512677,,rFF44,802387170,100.00,,
28.389657535,11166240794,,instructions,802381990,100.00,3.71,insn per cycle
28.389657535,3008840924,,cycles,802361720,100.00,,
28.489958756,1332646,,rD044,802444070,100.00,,
28.489958756,70401891,,rFF44,802463840,100.00,,
28.489958756,10923509108,,instructions,802464660,100.00,3.63,insn per cycle
28.489958756,3009214263,,cycles,802468400,100.00,,
28.590263387,1429692,,rD044,802414320,100.00,,
28.590263387,72943612,,rFF44,802405780,100.00,,
28.590263387,11231348096,,instructions,802401352,100.00,3.73,insn per cycle
28.590263387,3008940671,,cycles,802388048,100.00,,
28.690561509,1701331,,rD044,802345100,100.00,,
28.690561509,69256150,,rFF44,802334288,100.00,,
28.690561509,10799962331,,instructions,802332916,100.00,3.59,insn per cycle
28.690561509,3008721349,,cycles,802329630,100.00,,
28.790854760,1729944,,rD044,802440688,100.00,,
28.790854760,73032933,,rFF44,802452590,100.00,,
28.790854760,11246874919,,instructions,802445420,100.00,3.74,insn per cycle
28.790854760,3009219739,,cycles,802463270,100.00,,
28.891159791,1857967,,rD044,802345090,100.00,,
28.891159791,69686953,,rFF44,802322390,100.00,,
28.891159791,10837209207,,instructions,802331360,100.00,3.60,insn per cycle
28.891159791,3008713408,,cycles,802333500,100.00,,
28.991451862,1943285,,rD044,802392340,100.00,,
28.991451862,72474651,,rFF44,802408540,100.00,,
28.991451862,11163957754,,instructions,802412400,100.00,3.71,insn per cycle
28.991451862,3009043632,,cycles,802415622,100.00,,
29.091752693,1729074,,rD044,802335840,100.00,,
29.091752693,69688172,,rFF44,802338860,100.00,,
29.091752693,10839108553,,instructions,802337008,100.00,3.60,insn per cycle
29.091752693,3008685632,,cycles,802319736,100.00,,
29.192050565,1656705,,rD044,802372825,100.00,,
29.192050565,72476154,,rFF44,802362698,100.00,,
29.192050565,11178330646,,instructions,802366900,100.00,3.72,insn per cycle
29.192050565,3008911726,,cycles,802380650,100.00,,
29.292346996,1543700,,rD044,802392273,100.00,,
29.292346996,70692186,,rFF44,802411140,100.00,,
29.292346996,10964702696,,instructions,802397210,100.00,3.64,insn per cycle
29.292346996,3008947012,,cycles,802389700,100.00,,
29.392651917,1337691,,rD044,802396910,100.00,,
29.392651917,69354541,,rFF44,802376700,100.00,,
29.392651917,10787907441,,instructions,802378570,100.00,3.59,insn per cycle
29.392651917,3008865800,,cycles,802367990,100.00,,
29.492937168,1453735,,rD044,802383170,100.00,,
29.492937168,70059940,,rFF44,802420900,100.00,,
29.492937168,10887935513,,instructions,802469974,100.00,3.62,insn per cycle
29.492937168,3009368476,,cycles,802503948,100.00,,
29.593253350,1604787,,rD044,802426562,100.00,,
29.593253350,70196938,,rFF44,802394018,100.00,,
29.593253350,10901964942,,instructions,802356934,100.00,3.62,insn per cycle
29.593253350,3008768016,,cycles,802343120,100.00,,
29.693550091,1648762,,rD044,802403556,100.00,,
29.693550091,72844133,,rFF44,802401020,100.00,,
29.693550091,11227825150,,instructions,802398800,100.00,3.73,insn per cycle
29.693550091,3008994380,,cycles,802402660,100.00,,
29.793852942,1540039,,rD044,802516850,100.00,,
29.793852942,70194183,,rFF44,802536810,100.00,,
29.793852942,10903419880,,instructions,802528410,100.00,3.62,insn per cycle
29.793852942,3009423424,,cycles,802516740,100.00,,
29.894164533,1555354,,rD044,802406740,100.00,,
29.894164533,72954969,,rFF44,802420470,100.00,,
29.894164533,11242114304,,instructions,802455275,100.00,3.74,insn per cycle
29.894164533,3009321881,,cycles,802489548,100.00,,
29.994505965,1479337,,rD044,802689318,100.00,,
29.994505965,66073038,,rFF44,802697268,100.00,,
29.994505965,10390071704,,instructions,802675313,100.00,3.45,insn per cycle
29.994505965,3009847365,,cycles,802636430,100.00,,
30.094808846,1895641,,rD044,802420430,100.00,,
30.094808846,72821982,,rFF44,802433530,100.00,,
30.094808846,11220284166,,instructions,802500890,100.00,3.73,insn per cycle
30.094808846,3009377553,,cycles,802504650,100.00,,
30.195124178,1475512,,rD044,802508780,100.00,,
30.195124178,69539368,,rFF44,802479040,100.00,,
30.195124178,10815535761,,instructions,802424572,100.00,3.59,insn per cycle
30.195124178,3009078303,,cycles,802425018,100.00,,
30.295425639,2163237,,rD044,802488463,100.00,,
30.295425639,72680225,,rFF44,802491448,100.00,,
30.295425639,11199532774,,instructions,802469756,100.00,3.72,insn per cycle
30.295425639,3009253068,,cycles,802471380,100.00,,
30.395737271,1580986,,rD044,802399445,100.00,,
30.395737271,70066071,,rFF44,802367490,100.00,,
30.395737271,10882217889,,instructions,802352960,100.00,3.62,insn per cycle
30.395737271,3008810182,,cycles,802352960,100.00,,
30.496042982,1759887,,rD044,802434340,100.00,,
30.496042982,72756881,,rFF44,802447500,100.00,,
30.496042982,11213388610,,instructions,802462620,100.00,3.73,insn per cycle
30.496042982,3009220047,,cycles,802463690,100.00,,
30.596333503,1780871,,rD044,798246520,100.00,,
30.596333503,60778031,,rFF44,798229270,100.00,,
30.596333503,9606152124,,instructions,798228870,100.00,3.21,insn per cycle
30.596333503,2993302251,,cycles,798229304,100.00,,
30.600440330,20245,,rD044,9000053,100.00,,
30.600440330,177249,,rFF44,8791123,100.00,,
30.600440330,26257860,,instructions,8603913,100.00,0.83,insn per cycle
30.600440330,31522044,,cycles,8418769,100.00,,
