0.100130476,3546166,,rD044,92127127,100.00,,
0.100130476,16855805,,rFF44,92132857,100.00,,
0.100130476,367722317,,instructions,92138207,100.00,1.08,insn per cycle
0.100130476,341672995,,cycles,92143257,100.00,,
0.200391953,5497946,,rD044,100256665,100.00,,
0.200391953,23985025,,rFF44,100257055,100.00,,
0.200391953,505177436,,instructions,100256845,100.00,1.34,insn per cycle
0.200391953,375957555,,cycles,100255985,100.00,,
0.300595080,5463459,,rD044,100201185,100.00,,
0.300595080,23945862,,rFF44,100200425,100.00,,
0.300595080,505132652,,instructions,100199965,100.00,1.34,insn per cycle
0.300595080,375749171,,cycles,100200315,100.00,,
0.400812837,6557967,,rD044,100218285,100.00,,
0.400812837,27830716,,rFF44,100219815,100.00,,
0.400812837,148195977,,instructions,100219855,100.00,0.39,insn per cycle
0.400812837,375825623,,cycles,100220605,100.00,,
0.501030234,6904588,,rD044,100190214,100.00,,
0.501030234,30081681,,rFF44,100190244,100.00,,
0.501030234,37495444,,instructions,100190144,100.00,0.10,insn per cycle
0.501030234,375674685,,cycles,100190014,100.00,,
0.601326601,18476221,,rD044,4360105950,100.00,,
0.601326601,268460418,,rFF44,4485406967,100.00,,
0.601326601,39976506026,,instructions,4601641387,100.00,2.26,insn per cycle
0.601326601,17651705265,,cycles,4713341338,100.00,,
0.705656055,39175908,,rD044,13348891521,100.00,,
0.705656055,781798624,,rFF44,13346289153,100.00,,
0.705656055,121718600683,,instructions,13340695617,100.00,2.44,insn per cycle
0.705656055,49983980146,,cycles,13329189931,100.00,,
0.809622593,39394814,,rD044,13305253779,100.00,,
0.809622593,784307028,,rFF44,13271614291,100.00,,
0.809622593,121370252507,,instructions,13247009266,100.00,2.44,insn per cycle
0.809622593,49707853488,,cycles,13255517510,100.00,,
0.913172158,41929437,,rD044,13259327567,100.00,,
0.913172158,785169435,,rFF44,13284560810,100.00,,
0.913172158,122046151814,,instructions,13301899753,100.00,2.45,insn per cycle
0.913172158,49876745550,,cycles,13301086572,100.00,,
1.017244468,40240954,,rD044,13313309320,100.00,,
1.017244468,786672766,,rFF44,13313083784,100.00,,
1.017244468,122084336721,,instructions,13313038832,100.00,2.45,insn per cycle
1.017244468,49887336170,,cycles,13303410521,100.00,,
1.121039185,40539300,,rD044,13286084639,100.00,,
1.121039185,782009507,,rFF44,13292267763,100.00,,
1.121039185,121520018648,,instructions,13295379688,100.00,2.44,insn per cycle
1.121039185,49856933798,,cycles,13295251908,100.00,,
1.224869242,40784327,,rD044,13292087170,100.00,,
1.224869242,785128669,,rFF44,13290319399,100.00,,
1.224869242,121831253557,,instructions,13289073883,100.00,2.44,insn per cycle
1.224869242,49846438872,,cycles,13292498359,100.00,,
1.328742380,41279046,,rD044,13294875583,100.00,,
1.328742380,785405441,,rFF44,13293543309,100.00,,
1.328742380,121823616165,,instructions,13290932508,100.00,2.44,insn per cycle
1.328742380,49830108139,,cycles,13288110575,100.00,,
1.432616668,40403623,,rD044,13296331091,100.00,,
1.432616668,785370768,,rFF44,13293342955,100.00,,
1.432616668,121826169432,,instructions,13296050805,100.00,2.44,insn per cycle
1.432616668,49868447090,,cycles,13298328421,100.00,,
1.536458646,40994612,,rD044,13287702741,100.00,,
1.536458646,784771034,,rFF44,13282096336,100.00,,
1.536458646,121718990111,,instructions,13274230753,100.00,2.44,insn per cycle
1.536458646,49811642245,,cycles,13283235833,100.00,,
1.640273243,41185407,,rD044,13287974142,100.00,,
1.640273243,784974174,,rFF44,13291643661,100.00,,
1.640273243,121624496772,,instructions,13280679045,100.00,2.44,insn per cycle
1.640273243,49751782143,,cycles,13267291478,100.00,,
1.743865308,40335174,,rD044,13263649447,100.00,,
1.743865308,784348346,,rFF44,13268558101,100.00,,
1.743865308,122007358311,,instructions,13293049911,100.00,2.45,insn per cycle
1.743865308,49890013202,,cycles,13304269225,100.00,,
1.847818647,41338057,,rD044,13305324301,100.00,,
1.847818647,785817427,,rFF44,13302741523,100.00,,
1.847818647,121843701167,,instructions,13293733136,100.00,2.45,insn per cycle
1.847818647,49823578551,,cycles,13286408718,100.00,,
1.951701785,39526075,,rD044,13296276477,100.00,,
1.951701785,786058070,,rFF44,13292620994,100.00,,
1.951701785,121886428722,,instructions,13291120334,100.00,2.45,insn per cycle
1.951701785,49837733342,,cycles,13290166787,100.00,,
2.055537122,41045187,,rD044,13288050415,100.00,,
2.055537122,785927593,,rFF44,13288380498,100.00,,
2.055537122,121955019978,,instructions,13290272050,100.00,2.45,insn per cycle
2.055537122,49841634576,,cycles,13291226117,100.00,,
2.159318569,40598165,,rD044,13283529221,100.00,,
2.159318569,785237521,,rFF44,13285475729,100.00,,
2.159318569,121875414129,,instructions,13288150482,100.00,2.45,insn per cycle
2.159318569,49845613087,,cycles,13292312775,100.00,,
2.263236557,41397122,,rD044,13306448333,100.00,,
2.263236557,787480293,,rFF44,13316224892,100.00,,
2.263236557,122091789831,,instructions,13314368702,100.00,2.44,insn per cycle
2.263236557,49937810773,,cycles,13316957935,100.00,,
2.367238077,40596342,,rD044,13307667677,100.00,,
2.367238077,785960345,,rFF44,13299346668,100.00,,
2.367238077,121993799431,,instructions,13300117305,100.00,2.45,insn per cycle
2.367238077,49857370892,,cycles,13295480995,100.00,,
2.471077704,41223141,,rD044,13288091200,100.00,,
2.471077704,786412537,,rFF44,13270029173,100.00,,
2.471077704,121425968459,,instructions,13231552165,100.00,2.45,insn per cycle
2.471077704,49599037564,,cycles,13226535367,100.00,,
2.574421106,40124237,,rD044,13236817151,100.00,,
2.574421106,784164174,,rFF44,13255016903,100.00,,
2.574421106,122145400061,,instructions,13295904521,100.00,2.45,insn per cycle
2.574421106,49885171571,,cycles,13302924508,100.00,,
2.678386355,41877858,,rD044,13302749346,100.00,,
2.678386355,786257520,,rFF44,13300439566,100.00,,
2.678386355,121984753124,,instructions,13296021261,100.00,2.45,insn per cycle
2.678386355,49857010907,,cycles,13295367897,100.00,,
2.782343404,40940176,,rD044,13312678885,100.00,,
2.782343404,788532081,,rFF44,13314866445,100.00,,
2.782343404,122175887470,,instructions,13308312273,100.00,2.45,insn per cycle
2.782343404,49882544587,,cycles,13302101916,100.00,,
2.885948929,41094414,,rD044,13256290932,100.00,,
2.885948929,785251207,,rFF44,13257694259,100.00,,
2.885948929,121860142921,,instructions,13264377703,100.00,2.45,insn per cycle
2.885948929,49761681174,,cycles,13269848201,100.00,,
2.989816797,40553800,,rD044,13294542410,100.00,,
2.989816797,784700657,,rFF44,13292722465,100.00,,
2.989816797,121782866940,,instructions,13292815384,100.00,2.44,insn per cycle
2.989816797,49854528614,,cycles,13294597842,100.00,,
3.093701725,41492854,,rD044,13299633488,100.00,,
3.093701725,787223857,,rFF44,13309224136,100.00,,
3.093701725,122069972922,,instructions,13311829316,100.00,2.45,insn per cycle
3.093701725,49902678684,,cycles,13307493535,100.00,,
3.197643203,41348411,,rD044,13304289856,100.00,,
3.197643203,785840441,,rFF44,13302648046,100.00,,
3.197643203,121983392746,,instructions,13305900754,100.00,2.45,insn per cycle
3.197643203,49889008831,,cycles,13303862999,100.00,,
3.301598012,41071995,,rD044,13294179975,100.00,,
3.301598012,783983979,,rFF44,13251130056,100.00,,
3.301598012,121612770520,,instructions,13248542862,100.00,2.45,insn per cycle
3.301598012,49720184093,,cycles,13258804939,100.00,,
3.397759704,29233294,,rD044,11481129526,100.00,,
3.397759704,560002774,,rFF44,11401997341,100.00,,
3.397759704,91394661863,,instructions,11296580907,100.00,2.18,insn per cycle
3.397759704,41951524564,,cycles,11187653241,100.00,,
