0.100130577,4521527,,rD044,92225131,100.00,,
0.100130577,20103323,,rFF44,92230781,100.00,,
0.100130577,436575947,,instructions,92236051,100.00,1.28,insn per cycle
0.100130577,341915124,,cycles,92241021,100.00,,
0.200400066,5501348,,rD044,100265105,100.00,,
0.200400066,23989589,,rFF44,100265515,100.00,,
0.200400066,505169731,,instructions,100264575,100.00,1.34,insn per cycle
0.200400066,375990163,,cycles,100264535,100.00,,
0.300608444,5491809,,rD044,100207565,100.00,,
0.300608444,23980144,,rFF44,100208385,100.00,,
0.300608444,505182485,,instructions,100209365,100.00,1.34,insn per cycle
0.300608444,375782671,,cycles,100209195,100.00,,
0.400821883,6745892,,rD044,100212635,100.00,,
0.400821883,29197421,,rFF44,100211675,100.00,,
0.400821883,85255359,,instructions,100210855,100.00,0.23,insn per cycle
0.400821883,375788483,,cycles,100210755,100.00,,
0.501035481,6948135,,rD044,100213624,100.00,,
0.501035481,29761902,,rFF44,100214295,100.00,,
0.501035481,37129839,,instructions,100214985,100.00,0.10,insn per cycle
0.501035481,375805919,,cycles,100215395,100.00,,
0.601268419,12001925,,rD044,3318688605,100.00,,
0.601268419,262813989,,rFF44,3341119791,100.00,,
0.601268419,38869280132,,instructions,3360515935,100.00,3.07,insn per cycle
0.601268419,12664642011,,cycles,3378461527,100.00,,
0.702753671,18189958,,rD044,6493193444,100.00,,
0.702753671,491885288,,rFF44,6490199277,100.00,,
0.702753671,76347630124,,instructions,6488617040,100.00,3.14,insn per cycle
0.702753671,24332353676,,cycles,6488663188,100.00,,
0.804121633,17406963,,rD044,6486483429,100.00,,
0.804121633,497027622,,rFF44,6484495149,100.00,,
0.804121633,76983579793,,instructions,6482762943,100.00,3.17,insn per cycle
0.804121633,24312262468,,cycles,6483317445,100.00,,
0.905432233,18089654,,rD044,6483623694,100.00,,
0.905432233,496691385,,rFF44,6485246640,100.00,,
0.905432233,77010929859,,instructions,6486122442,100.00,3.17,insn per cycle
0.905432233,24315355697,,cycles,6484153497,100.00,,
1.006723824,18472525,,rD044,6479806711,100.00,,
1.006723824,498957102,,rFF44,6474640077,100.00,,
1.006723824,77262341558,,instructions,6474456270,100.00,3.18,insn per cycle
1.006723824,24283784272,,cycles,6475714548,100.00,,
1.107977763,18856259,,rD044,6482362971,100.00,,
1.107977763,501002587,,rFF44,6485781158,100.00,,
1.107977763,77583744644,,instructions,6485988657,100.00,3.19,insn per cycle
1.107977763,24319377612,,cycles,6485231990,100.00,,
1.209253554,19373359,,rD044,6482589702,100.00,,
1.209253554,500727022,,rFF44,6483470835,100.00,,
1.209253554,77532302028,,instructions,6483440730,100.00,3.19,insn per cycle
1.209253554,24310659216,,cycles,6482889530,100.00,,
1.310538804,19727620,,rD044,6481641547,100.00,,
1.310538804,501249220,,rFF44,6480946714,100.00,,
1.310538804,77587173802,,instructions,6479958743,100.00,3.19,insn per cycle
1.310538804,24298914329,,cycles,6479772800,100.00,,
1.411790624,20185928,,rD044,6480741808,100.00,,
1.411790624,500011825,,rFF44,6481377588,100.00,,
1.411790624,77462146738,,instructions,6482646934,100.00,3.19,insn per cycle
1.411790624,24313836096,,cycles,6483774448,100.00,,
1.513114424,19156122,,rD044,6484000973,100.00,,
1.513114424,501900180,,rFF44,6484428648,100.00,,
1.513114424,77661971410,,instructions,6483716302,100.00,3.19,insn per cycle
1.513114424,24311586863,,cycles,6483143432,100.00,,
1.614399855,20182754,,rD044,6482059039,100.00,,
1.614399855,499839466,,rFF44,6482393562,100.00,,
1.614399855,77432788453,,instructions,6482979653,100.00,3.18,insn per cycle
1.614399855,24311752692,,cycles,6483172214,100.00,,
1.715724025,19757086,,rD044,6484587469,100.00,,
1.715724025,500677247,,rFF44,6483964533,100.00,,
1.715724025,77533338488,,instructions,6483867189,100.00,3.19,insn per cycle
1.715724025,24315224153,,cycles,6484102477,100.00,,
1.817037906,19692586,,rD044,6483613485,100.00,,
1.817037906,501607475,,rFF44,6482730384,100.00,,
1.817037906,77623528478,,instructions,6481745476,100.00,3.19,insn per cycle
1.817037906,24305193588,,cycles,6481417210,100.00,,
1.918317206,20016398,,rD044,6482141850,100.00,,
1.918317206,500088542,,rFF44,6482966098,100.00,,
1.918317206,77468428305,,instructions,6484015889,100.00,3.19,insn per cycle
1.918317206,24311243239,,cycles,6483147582,100.00,,
2.019640217,20258355,,rD044,6484841757,100.00,,
2.019640217,500752181,,rFF44,6485201340,100.00,,
2.019640217,77532955743,,instructions,6484439736,100.00,3.19,insn per cycle
2.019640217,24318910520,,cycles,6485284893,100.00,,
2.120967647,20360271,,rD044,6482721950,100.00,,
2.120967647,495181665,,rFF44,6482843979,100.00,,
2.120967647,76876244999,,instructions,6483803473,100.00,3.16,insn per cycle
2.120967647,24316028135,,cycles,6484522274,100.00,,
2.222274108,20147249,,rD044,6485857408,100.00,,
2.222274108,500563458,,rFF44,6489722475,100.00,,
2.222274108,77547823035,,instructions,6491714329,100.00,3.19,insn per cycle
2.222274108,24339238229,,cycles,6490533292,100.00,,
2.323700590,20450368,,rD044,6489261481,100.00,,
2.323700590,501621070,,rFF44,6484925936,100.00,,
2.323700590,77609262431,,instructions,6481947419,100.00,3.19,insn per cycle
2.323700590,24309457627,,cycles,6482649092,100.00,,
2.424997050,20352422,,rD044,6481923328,100.00,,
2.424997050,500281027,,rFF44,6482242761,100.00,,
2.424997050,77478923905,,instructions,6482592592,100.00,3.19,insn per cycle
2.424997050,24308363467,,cycles,6482324410,100.00,,
2.526286950,20027951,,rD044,6482933397,100.00,,
2.526286950,501884833,,rFF44,6483126614,100.00,,
2.526286950,77680965187,,instructions,6483927879,100.00,3.19,insn per cycle
2.526286950,24314327573,,cycles,6483878884,100.00,,
2.627602941,20435451,,rD044,6484158761,100.00,,
2.627602941,499872551,,rFF44,6484143728,100.00,,
2.627602941,77435009679,,instructions,6483527832,100.00,3.18,insn per cycle
2.627602941,24313679829,,cycles,6483679271,100.00,,
2.728913031,20028335,,rD044,6483074057,100.00,,
2.728913031,501764716,,rFF44,6481717918,100.00,,
2.728913031,77642246823,,instructions,6480808708,100.00,3.20,insn per cycle
2.728913031,24290644873,,cycles,6477559956,100.00,,
2.830083790,19952905,,rD044,6474666697,100.00,,
2.830083790,500056356,,rFF44,6475690608,100.00,,
2.830083790,77446030437,,instructions,6476879608,100.00,3.19,insn per cycle
2.830083790,24301903290,,cycles,6480553889,100.00,,
2.931406241,20334616,,rD044,6485465646,100.00,,
2.931406241,500220453,,rFF44,6486442982,100.00,,
2.931406241,77497654642,,instructions,6487139338,100.00,3.19,insn per cycle
2.931406241,24321545816,,cycles,6485803004,100.00,,
3.032724782,20171573,,rD044,6484015282,100.00,,
3.032724782,501289830,,rFF44,6483306274,100.00,,
3.032724782,77589319605,,instructions,6482062569,100.00,3.19,insn per cycle
3.032724782,24311804820,,cycles,6483258509,100.00,,
3.134041712,19891167,,rD044,6483191554,100.00,,
3.134041712,498678345,,rFF44,6483044132,100.00,,
3.134041712,77292318818,,instructions,6483973125,100.00,3.18,insn per cycle
3.134041712,24314415680,,cycles,6483916421,100.00,,
3.235341373,20586714,,rD044,6483835010,100.00,,
3.235341373,501197551,,rFF44,6484082727,100.00,,
3.235341373,77611996751,,instructions,6485395612,100.00,3.19,insn per cycle
3.235341373,24324133522,,cycles,6486477517,100.00,,
3.336707384,20914927,,rD044,6487204878,100.00,,
3.336707384,500912681,,rFF44,6487261209,100.00,,
3.336707384,77555000355,,instructions,6485559038,100.00,3.19,insn per cycle
3.336707384,24318956579,,cycles,6485154242,100.00,,
3.438045315,20562962,,rD044,6486333811,100.00,,
3.438045315,500576825,,rFF44,6487792016,100.00,,
3.438045315,77530923955,,instructions,6488352963,100.00,3.19,insn per cycle
3.438045315,24331495062,,cycles,6488442567,100.00,,
3.539403946,20199353,,rD044,6486478846,100.00,,
3.539403946,502154985,,rFF44,6487169800,100.00,,
3.539403946,77721215510,,instructions,6487916655,100.00,3.20,insn per cycle
3.539403946,24323152969,,cycles,6486218155,100.00,,
3.640758497,20837180,,rD044,6486327913,100.00,,
3.640758497,500079954,,rFF44,6484769246,100.00,,
3.640758497,77463245454,,instructions,6484648328,100.00,3.18,insn per cycle
3.640758497,24321606943,,cycles,6485806154,100.00,,
3.742121988,20145579,,rD044,6486498039,100.00,,
3.742121988,502102886,,rFF44,6485719039,100.00,,
3.742121988,77692165083,,instructions,6484537798,100.00,3.19,insn per cycle
3.742121988,24320630502,,cycles,6485551129,100.00,,
3.843477649,20666651,,rD044,6487317023,100.00,,
3.843477649,500647215,,rFF44,6488399981,100.00,,
3.843477649,77548118939,,instructions,6489180670,100.00,3.19,insn per cycle
3.843477649,24326128549,,cycles,6486999125,100.00,,
3.944804970,19775581,,rD044,6485668552,100.00,,
3.944804970,500749300,,rFF44,6484167962,100.00,,
3.944804970,77536031634,,instructions,6483514925,100.00,3.19,insn per cycle
3.944804970,24316491903,,cycles,6484445218,100.00,,
4.046140300,20610732,,rD044,6483998234,100.00,,
4.046140300,501481432,,rFF44,6485002790,100.00,,
4.046140300,77640293392,,instructions,6485748693,100.00,3.19,insn per cycle
4.046140300,24319999779,,cycles,6485377103,100.00,,
4.147456961,20539568,,rD044,6484634823,100.00,,
4.147456961,497184356,,rFF44,6484038401,100.00,,
4.147456961,77101762740,,instructions,6483682487,100.00,3.17,insn per cycle
4.147456961,24314900798,,cycles,6484047108,100.00,,
4.248773942,20367501,,rD044,6484242123,100.00,,
4.248773942,502324785,,rFF44,6484209994,100.00,,
4.248773942,77723047712,,instructions,6483827576,100.00,3.20,insn per cycle
4.248773942,24313856244,,cycles,6483734461,100.00,,
4.350096642,20343416,,rD044,6484798284,100.00,,
4.350096642,501041304,,rFF44,6486852575,100.00,,
4.350096642,77590160732,,instructions,6487472599,100.00,3.19,insn per cycle
4.350096642,24327079684,,cycles,6487293074,100.00,,
4.451452623,20727096,,rD044,6486390345,100.00,,
4.451452623,501941831,,rFF44,6486180946,100.00,,
4.451452623,77658459702,,instructions,6484788699,100.00,3.20,insn per cycle
4.451452623,24298805600,,cycles,6479718874,100.00,,
4.552654933,19999514,,rD044,6476710685,100.00,,
4.552654933,499738243,,rFF44,6475425384,100.00,,
4.552654933,77409566022,,instructions,6476242928,100.00,3.18,insn per cycle
4.552654933,24306427532,,cycles,6481751713,100.00,,
4.653988933,20227892,,rD044,6485319387,100.00,,
4.653988933,500306222,,rFF44,6485084091,100.00,,
4.653988933,77493565638,,instructions,6485022680,100.00,3.19,insn per cycle
4.653988933,24322098293,,cycles,6485922426,100.00,,
4.755332444,20597610,,rD044,6485183489,100.00,,
4.755332444,501633074,,rFF44,6484787076,100.00,,
4.755332444,77645758164,,instructions,6485300194,100.00,3.19,insn per cycle
4.755332444,24312236906,,cycles,6483311942,100.00,,
4.856615275,18221396,,rD044,6474383052,100.00,,
4.856615275,455423936,,rFF44,6467204504,100.00,,
4.856615275,71914199905,,instructions,6461251151,100.00,2.97,insn per cycle
4.856615275,24212194443,,cycles,6456652690,100.00,,
4.866911300,113353,,rD044,397047400,100.00,,
4.866911300,1656825,,rFF44,385694406,100.00,,
4.866911300,1122612544,,instructions,373912361,100.00,0.83,insn per cycle
4.866911300,1357269497,,cycles,362171817,100.00,,
