0.100133008,4305102,,rD044,92291987,100.00,,
0.100133008,19310582,,rFF44,92297857,100.00,,
0.100133008,419609599,,instructions,92302287,100.00,1.23,insn per cycle
0.100133008,342290227,,cycles,92307457,100.00,,
0.200439058,5491991,,rD044,100288265,100.00,,
0.200439058,23983011,,rFF44,100288695,100.00,,
0.200439058,505169152,,instructions,100288885,100.00,1.34,insn per cycle
0.200439058,376054789,,cycles,100288505,100.00,,
0.300652336,5489163,,rD044,100210765,100.00,,
0.300652336,23979883,,rFF44,100209735,100.00,,
0.300652336,505319635,,instructions,100209785,100.00,1.34,insn per cycle
0.300652336,375785034,,cycles,100209655,100.00,,
0.400861535,6725979,,rD044,100209305,100.00,,
0.400861535,28739959,,rFF44,100210985,100.00,,
0.400861535,100347424,,instructions,100212135,100.00,0.27,insn per cycle
0.400861535,375792959,,cycles,100211985,100.00,,
0.501079353,6915218,,rD044,100216514,100.00,,
0.501079353,30241414,,rFF44,100215214,100.00,,
0.501079353,37716224,,instructions,100213974,100.00,0.10,insn per cycle
0.501079353,375802706,,cycles,100214515,100.00,,
0.601370833,23446535,,rD044,5872730402,100.00,,
0.601370833,342262574,,rFF44,6008034806,100.00,,
0.601370833,52210107508,,instructions,6129981054,100.00,2.23,insn per cycle
0.601370833,23422139309,,cycles,6248683209,100.00,,
0.705785409,37358390,,rD044,13351165732,100.00,,
0.705785409,770849113,,rFF44,13336863497,100.00,,
0.705785409,120285164709,,instructions,13334395550,100.00,2.41,insn per cycle
0.705785409,49995158182,,cycles,13332163068,100.00,,
0.809890501,36876766,,rD044,13329171697,100.00,,
0.809890501,788022466,,rFF44,13330594047,100.00,,
0.809890501,122373046259,,instructions,13317986831,100.00,2.45,insn per cycle
0.809890501,49901457012,,cycles,13307154488,100.00,,
0.913883762,37634824,,rD044,13314909087,100.00,,
0.913883762,790005348,,rFF44,13321738489,100.00,,
0.913883762,122630839282,,instructions,13325898382,100.00,2.45,insn per cycle
0.913883762,49961167143,,cycles,13323067949,100.00,,
1.018004385,38350072,,rD044,13317942055,100.00,,
1.018004385,789825504,,rFF44,13300401384,100.00,,
1.018004385,122385025743,,instructions,13296651586,100.00,2.45,insn per cycle
1.018004385,49868537079,,cycles,13298345551,100.00,,
1.121933225,38129521,,rD044,13306163242,100.00,,
1.121933225,789051471,,rFF44,13317930780,100.00,,
1.121933225,122455653031,,instructions,13322102111,100.00,2.45,insn per cycle
1.121933225,49946293110,,cycles,13319108199,100.00,,
1.225901276,38236387,,rD044,13303712517,100.00,,
1.225901276,787728694,,rFF44,13301829363,100.00,,
1.225901276,122227506392,,instructions,13303822150,100.00,2.45,insn per cycle
1.225901276,49901234656,,cycles,13307104269,100.00,,
1.329916088,39221410,,rD044,13314743369,100.00,,
1.329916088,790664729,,rFF44,13309138998,100.00,,
1.329916088,122498309940,,instructions,13308763855,100.00,2.45,insn per cycle
1.329916088,49901151510,,cycles,13307098246,100.00,,
1.433859998,38849407,,rD044,13306991054,100.00,,
1.433859998,790129880,,rFF44,13309880509,100.00,,
1.433859998,122506159769,,instructions,13308589382,100.00,2.45,insn per cycle
1.433859998,49938982492,,cycles,13317215861,100.00,,
1.537934590,39254532,,rD044,13316100425,100.00,,
1.537934590,789503433,,rFF44,13312542564,100.00,,
1.537934590,122364309869,,instructions,13305823816,100.00,2.45,insn per cycle
1.537934590,49862038961,,cycles,13296732090,100.00,,
1.641795840,39005955,,rD044,13300388175,100.00,,
1.641795840,789213515,,rFF44,13302357766,100.00,,
1.641795840,122384951146,,instructions,13309660695,100.00,2.45,insn per cycle
1.641795840,49962758195,,cycles,13323488217,100.00,,
1.745916523,39536006,,rD044,13319311778,100.00,,
1.745916523,789254647,,rFF44,13314013142,100.00,,
1.745916523,122346854410,,instructions,13306227888,100.00,2.45,insn per cycle
1.745916523,49858821603,,cycles,13295788131,100.00,,
1.849886314,38839984,,rD044,13289847674,100.00,,
1.849886314,786054416,,rFF44,13271924724,100.00,,
1.849886314,121931146686,,instructions,13271570443,100.00,2.45,insn per cycle
1.849886314,49759986703,,cycles,13269584536,100.00,,
1.953465920,39608374,,rD044,13283131966,100.00,,
1.953465920,789953902,,rFF44,13309629673,100.00,,
1.953465920,122453195105,,instructions,13312242986,100.00,2.45,insn per cycle
1.953465920,49918208386,,cycles,13311680280,100.00,,
2.057564133,40117530,,rD044,13314231000,100.00,,
2.057564133,788030045,,rFF44,13304282624,100.00,,
2.057564133,122201517710,,instructions,13302194884,100.00,2.45,insn per cycle
2.057564133,49897072176,,cycles,13306437369,100.00,,
2.161441132,39443994,,rD044,13298480643,100.00,,
2.161441132,788238937,,rFF44,13297565536,100.00,,
2.161441132,121671212178,,instructions,13253501981,100.00,2.46,insn per cycle
2.161441132,49515334819,,cycles,13204658862,100.00,,
2.264579854,39366250,,rD044,13200335483,100.00,,
2.264579854,780207221,,rFF44,13201852138,100.00,,
2.264579854,121627488190,,instructions,13244835610,100.00,2.44,insn per cycle
2.264579854,49835921197,,cycles,13290054301,100.00,,
2.368439694,38327550,,rD044,13297533580,100.00,,
2.368439694,788907937,,rFF44,13313294739,100.00,,
2.368439694,122380002200,,instructions,13312716523,100.00,2.45,insn per cycle
2.368439694,49901257251,,cycles,13307221072,100.00,,
2.472424285,38574273,,rD044,13308075543,100.00,,
2.472424285,789403648,,rFF44,13295449784,100.00,,
2.472424285,122389435807,,instructions,13300720839,100.00,2.45,insn per cycle
2.472424285,49918561092,,cycles,13311759137,100.00,,
2.576189383,38619085,,rD044,13280208206,100.00,,
2.576189383,788908458,,rFF44,13283296812,100.00,,
2.576189383,122279235214,,instructions,13283136153,100.00,2.46,insn per cycle
2.576189383,49804404675,,cycles,13281296842,100.00,,
2.680200005,39218433,,rD044,13317031671,100.00,,
2.680200005,789371140,,rFF44,13322295370,100.00,,
2.680200005,122465872067,,instructions,13323830493,100.00,2.45,insn per cycle
2.680200005,49948843070,,cycles,13319761428,100.00,,
2.784228526,39413292,,rD044,13315419889,100.00,,
2.784228526,786601591,,rFF44,13309457927,100.00,,
2.784228526,122010133717,,instructions,13306350865,100.00,2.44,insn per cycle
2.784228526,49903597389,,cycles,13307703936,100.00,,
2.888117896,39524918,,rD044,13295560005,100.00,,
2.888117896,789197837,,rFF44,13305297573,100.00,,
2.888117896,122428721768,,instructions,13310158484,100.00,2.45,insn per cycle
2.888117896,49910496459,,cycles,13309621122,100.00,,
2.992138338,38800981,,rD044,13313896227,100.00,,
2.992138338,788673051,,rFF44,13309858716,100.00,,
2.992138338,122339486934,,instructions,13308292953,100.00,2.45,insn per cycle
2.992138338,49926843485,,cycles,13313978463,100.00,,
3.096197250,38599607,,rD044,13318781224,100.00,,
3.096197250,789766034,,rFF44,13314175862,100.00,,
3.096197250,122461105995,,instructions,13318884493,100.00,2.45,insn per cycle
3.096197250,49927663970,,cycles,13314167692,100.00,,
3.200163621,39543555,,rD044,13302299631,100.00,,
3.200163621,787650708,,rFF44,13297947131,100.00,,
3.200163621,122155600178,,instructions,13293466874,100.00,2.45,insn per cycle
3.200163621,49854381590,,cycles,13294671214,100.00,,
3.304006420,38242650,,rD044,13267140387,100.00,,
3.304006420,785826148,,rFF44,13275923685,100.00,,
3.304006420,121980864998,,instructions,13283299133,100.00,2.45,insn per cycle
3.304006420,49808226032,,cycles,13282297827,100.00,,
3.381143529,20893264,,rD044,9076587260,100.00,,
3.381143529,414706820,,rFF44,8954306633,100.00,,
3.381143529,68716332956,,instructions,8836773678,100.00,2.10,insn per cycle
3.381143529,32739537974,,cycles,8731031282,100.00,,
