0.100126647,4639521,,rD044,92609538,100.00,,
0.100126647,20505784,,rFF44,92615268,100.00,,
0.100126647,444957512,,instructions,92620568,100.00,1.30,insn per cycle
0.100126647,343418062,,cycles,92625628,100.00,,
0.200414347,5493805,,rD044,100283945,100.00,,
0.200414347,23974863,,rFF44,100284985,100.00,,
0.200414347,505194932,,instructions,100284985,100.00,1.34,insn per cycle
0.200414347,376064170,,cycles,100284255,100.00,,
0.300626515,5481246,,rD044,100210845,100.00,,
0.300626515,23963604,,rFF44,100210585,100.00,,
0.300626515,505168563,,instructions,100209635,100.00,1.34,insn per cycle
0.300626515,375785811,,cycles,100210035,100.00,,
0.400837543,6777670,,rD044,100210694,100.00,,
0.400837543,29175402,,rFF44,100210934,100.00,,
0.400837543,77300435,,instructions,100211334,100.00,0.21,insn per cycle
0.400837543,375788879,,cycles,100210854,100.00,,
0.501049911,6929258,,rD044,100211715,100.00,,
0.501049911,29931250,,rFF44,100210705,100.00,,
0.501049911,37381950,,instructions,100210405,100.00,0.10,insn per cycle
0.501049911,375787900,,cycles,100210585,100.00,,
0.601252789,3079325,,rD044,918938424,100.00,,
0.601252789,93937093,,rFF44,919925566,100.00,,
0.601252789,12478010820,,instructions,920592580,100.00,3.61,insn per cycle
0.601252789,3453540179,,cycles,921284470,100.00,,
0.701648859,62544,,rD044,1606303796,100.00,,
0.701648859,145301582,,rFF44,1606256064,100.00,,
0.701648859,22517744062,,instructions,1606247600,100.00,3.74,insn per cycle
0.701648859,6023282190,,cycles,1606216639,100.00,,
0.802027179,61367,,rD044,1605976894,100.00,,
0.802027179,146523665,,rFF44,1605934956,100.00,,
0.802027179,22677932929,,instructions,1605903176,100.00,3.77,insn per cycle
0.802027179,6022331877,,cycles,1605972697,100.00,,
0.902403949,57197,,rD044,1605946552,100.00,,
0.902403949,143145671,,rFF44,1605903050,100.00,,
0.902403949,22278936233,,instructions,1605909805,100.00,3.70,insn per cycle
0.902403949,6021758667,,cycles,1605810296,100.00,,
1.002761729,56753,,rD044,1605605988,100.00,,
1.002761729,145131430,,rFF44,1605524786,100.00,,
1.002761729,22509518271,,instructions,1605508231,100.00,3.74,insn per cycle
1.002761729,6020617477,,cycles,1605512000,100.00,,
1.103109408,56023,,rD044,1605601768,100.00,,
1.103109408,144266687,,rFF44,1605702340,100.00,,
1.103109408,22412288454,,instructions,1605757154,100.00,3.72,insn per cycle
1.103109408,6021482963,,cycles,1605742276,100.00,,
1.203465528,55495,,rD044,1605620997,100.00,,
1.203465528,145041337,,rFF44,1605540496,100.00,,
1.203465528,22469080114,,instructions,1605505522,100.00,3.73,insn per cycle
1.203465528,6020635962,,cycles,1605516200,100.00,,
1.303815957,54709,,rD044,1605670639,100.00,,
1.303815957,142181222,,rFF44,1605755210,100.00,,
1.303815957,22147292196,,instructions,1605778274,100.00,3.68,insn per cycle
1.303815957,6021591273,,cycles,1605765866,100.00,,
1.404179697,57148,,rD044,1605877952,100.00,,
1.404179697,145339917,,rFF44,1605903836,100.00,,
1.404179697,22501387563,,instructions,1605899112,100.00,3.74,insn per cycle
1.404179697,6022156899,,cycles,1605921810,100.00,,
1.504556387,54448,,rD044,1605809654,100.00,,
1.504556387,139723788,,rFF44,1605749780,100.00,,
1.504556387,21845851259,,instructions,1605737023,100.00,3.63,insn per cycle
1.504556387,6021404272,,cycles,1605728046,100.00,,
1.604908316,58200,,rD044,1605538651,100.00,,
1.604908316,146557821,,rFF44,1605492665,100.00,,
1.604908316,22677982308,,instructions,1605460012,100.00,3.77,insn per cycle
1.604908316,6020334323,,cycles,1605439769,100.00,,
1.705261226,56733,,rD044,1605661614,100.00,,
1.705261226,144271665,,rFF44,1605671070,100.00,,
1.705261226,22396636303,,instructions,1605705059,100.00,3.72,insn per cycle
1.705261226,6021444822,,cycles,1605727556,100.00,,
1.805616195,55510,,rD044,1605651351,100.00,,
1.805616195,145281516,,rFF44,1605674865,100.00,,
1.805616195,22501253314,,instructions,1605666596,100.00,3.74,insn per cycle
1.805616195,6021252763,,cycles,1605680949,100.00,,
1.905978565,56746,,rD044,1605747644,100.00,,
1.905978565,142692595,,rFF44,1605762820,100.00,,
1.905978565,22180574759,,instructions,1605770793,100.00,3.68,insn per cycle
1.905978565,6021617597,,cycles,1605778476,100.00,,
2.006382755,57108,,rD044,1606266095,100.00,,
2.006382755,142567285,,rFF44,1606226945,100.00,,
2.006382755,22162485163,,instructions,1606203292,100.00,3.68,insn per cycle
2.006382755,6022828918,,cycles,1606142582,100.00,,
2.106715564,55451,,rD044,1605219820,100.00,,
2.106715564,140126557,,rFF44,1605206805,100.00,,
2.106715564,21877958208,,instructions,1605200766,100.00,3.63,insn per cycle
2.106715564,6019406658,,cycles,1605222213,100.00,,
2.207059544,56141,,rD044,1605471635,100.00,,
2.207059544,140312499,,rFF44,1605530060,100.00,,
2.207059544,21898809371,,instructions,1605579619,100.00,3.64,insn per cycle
2.207059544,6021116506,,cycles,1605676609,100.00,,
2.307422383,58782,,rD044,1605784850,100.00,,
2.307422383,145158563,,rFF44,1605790877,100.00,,
2.307422383,22523684840,,instructions,1605762176,100.00,3.74,insn per cycle
2.307422383,6021223134,,cycles,1605670216,100.00,,
2.407777733,56554,,rD044,1605581266,100.00,,
2.407777733,145222098,,rFF44,1605518629,100.00,,
2.407777733,22509698727,,instructions,1605494560,100.00,3.74,insn per cycle
2.407777733,6020511606,,cycles,1605487930,100.00,,
2.508119922,53884,,rD044,1605445310,100.00,,
2.508119922,141730517,,rFF44,1605522072,100.00,,
2.508119922,22087611587,,instructions,1605611726,100.00,3.67,insn per cycle
2.508119922,6021018913,,cycles,1605613386,100.00,,
2.608472522,56796,,rD044,1605569954,100.00,,
2.608472522,148343608,,rFF44,1605506193,100.00,,
2.608472522,22904022400,,instructions,1605454859,100.00,3.80,insn per cycle
2.608472522,6020531480,,cycles,1605487489,100.00,,
2.708826202,55641,,rD044,1605682751,100.00,,
2.708826202,145292573,,rFF44,1605705380,100.00,,
2.708826202,22524015711,,instructions,1605707915,100.00,3.74,insn per cycle
2.708826202,6021237148,,cycles,1605671436,100.00,,
2.809181131,57580,,rD044,1605837175,100.00,,
2.809181131,146910523,,rFF44,1606111536,100.00,,
2.809181131,22723740780,,instructions,1606092111,100.00,3.77,insn per cycle
2.809181131,6022914011,,cycles,1606122251,100.00,,
2.909565041,54948,,rD044,1605926121,100.00,,
2.909565041,143576107,,rFF44,1605688411,100.00,,
2.909565041,22279229136,,instructions,1605698746,100.00,3.70,insn per cycle
2.909565041,6021248599,,cycles,1605674565,100.00,,
3.009920791,54353,,rD044,1605656926,100.00,,
3.009920791,139847180,,rFF44,1605602005,100.00,,
3.009920791,21849969731,,instructions,1605596200,100.00,3.63,insn per cycle
3.009920791,6020950933,,cycles,1605594860,100.00,,
3.110263480,57229,,rD044,1605335909,100.00,,
3.110263480,146656835,,rFF44,1605381513,100.00,,
3.110263480,22704628135,,instructions,1605417365,100.00,3.77,insn per cycle
3.110263480,6020417366,,cycles,1605474745,100.00,,
3.210620470,55889,,rD044,1605775466,100.00,,
3.210620470,147098627,,rFF44,1605743472,100.00,,
3.210620470,22744968119,,instructions,1605679420,100.00,3.78,insn per cycle
3.210620470,6021111600,,cycles,1605637700,100.00,,
3.310978349,54525,,rD044,1605628519,100.00,,
3.310978349,140870709,,rFF44,1605644046,100.00,,
3.310978349,21942140483,,instructions,1605736695,100.00,3.64,insn per cycle
3.310978349,6021559037,,cycles,1605762255,100.00,,
3.411356259,56563,,rD044,1606000126,100.00,,
3.411356259,146370523,,rFF44,1605960079,100.00,,
3.411356259,22673784402,,instructions,1605912140,100.00,3.77,insn per cycle
3.411356259,6022056241,,cycles,1605889174,100.00,,
3.511710099,55743,,rD044,1605623580,100.00,,
3.511710099,145267825,,rFF44,1605625825,100.00,,
3.511710099,22484242483,,instructions,1605591536,100.00,3.73,insn per cycle
3.511710099,6020910161,,cycles,1605589562,100.00,,
3.612059188,54822,,rD044,1605553586,100.00,,
3.612059188,143656445,,rFF44,1605549421,100.00,,
3.612059188,22317505648,,instructions,1605575680,100.00,3.71,insn per cycle
3.612059188,6021373509,,cycles,1605711744,100.00,,
3.712417088,55827,,rD044,1605723050,100.00,,
3.712417088,143496760,,rFF44,1605841225,100.00,,
3.712417088,22314619822,,instructions,1605848636,100.00,3.71,insn per cycle
3.712417088,6021350494,,cycles,1605706142,100.00,,
3.812783538,55618,,rD044,1605875636,100.00,,
3.812783538,139362946,,rFF44,1605812921,100.00,,
3.812783538,21793301833,,instructions,1605758490,100.00,3.62,insn per cycle
3.812783538,6021532562,,cycles,1605750398,100.00,,
3.913183297,55662,,rD044,1606477052,100.00,,
3.913183297,142042919,,rFF44,1606975186,100.00,,
3.913183297,22138603725,,instructions,1607019746,100.00,3.67,insn per cycle
3.913183297,6026280320,,cycles,1607021500,100.00,,
4.013580657,55645,,rD044,1606129384,100.00,,
4.013580657,144807311,,rFF44,1605581529,100.00,,
4.013580657,22454166117,,instructions,1605535656,100.00,3.73,insn per cycle
4.013580657,6020618083,,cycles,1605505594,100.00,,
4.113922237,56236,,rD044,1605406445,100.00,,
4.113922237,144332321,,rFF44,1605415866,100.00,,
4.113922237,22411834508,,instructions,1605436139,100.00,3.72,insn per cycle
4.113922237,6020377370,,cycles,1605452839,100.00,,
4.214268546,55571,,rD044,1605521090,100.00,,
4.214268546,143629691,,rFF44,1605532091,100.00,,
4.214268546,22333664451,,instructions,1605605286,100.00,3.71,insn per cycle
4.214268546,6021140487,,cycles,1605652126,100.00,,
4.314627306,55999,,rD044,1605668926,100.00,,
4.314627306,141645274,,rFF44,1605657365,100.00,,
4.314627306,22050070643,,instructions,1605620420,100.00,3.66,insn per cycle
4.314627306,6021016181,,cycles,1605617020,100.00,,
4.414985376,55554,,rD044,1605771510,100.00,,
4.414985376,140350587,,rFF44,1605813235,100.00,,
4.414985376,21922958237,,instructions,1605799106,100.00,3.64,insn per cycle
4.414985376,6021563267,,cycles,1605757746,100.00,,
4.515360225,56010,,rD044,1605862256,100.00,,
4.515360225,145432594,,rFF44,1605856651,100.00,,
4.515360225,22529444166,,instructions,1605856540,100.00,3.74,insn per cycle
4.515360225,6021923790,,cycles,1605859961,100.00,,
4.615711085,56160,,rD044,1605577790,100.00,,
4.615711085,144647574,,rFF44,1605512187,100.00,,
4.615711085,22457933128,,instructions,1605509196,100.00,3.73,insn per cycle
4.615711085,6020719739,,cycles,1605533395,100.00,,
4.716058274,55805,,rD044,1605504166,100.00,,
4.716058274,144860572,,rFF44,1605580659,100.00,,
4.716058274,22460557827,,instructions,1605576600,100.00,3.73,insn per cycle
4.716058274,6022306462,,cycles,1605961576,100.00,,
4.816435934,55505,,rD044,1606060120,100.00,,
4.816435934,143077061,,rFF44,1606020925,100.00,,
4.816435934,22257491403,,instructions,1606009936,100.00,3.70,insn per cycle
4.816435934,6021015826,,cycles,1605616570,100.00,,
4.916790144,55511,,rD044,1605639805,100.00,,
4.916790144,142024367,,rFF44,1605668840,100.00,,
4.916790144,22060068900,,instructions,1605681099,100.00,3.66,insn per cycle
4.916790144,6021268103,,cycles,1605683815,100.00,,
5.017149053,55875,,rD044,1605715872,100.00,,
5.017149053,143328791,,rFF44,1605830726,100.00,,
5.017149053,22269707910,,instructions,1605835236,100.00,3.70,insn per cycle
5.017149053,6021842560,,cycles,1605835760,100.00,,
5.117504693,56303,,rD044,1605542604,100.00,,
5.117504693,144902309,,rFF44,1605395300,100.00,,
5.117504693,22449955205,,instructions,1605372510,100.00,3.73,insn per cycle
5.117504693,6020045725,,cycles,1605373005,100.00,,
5.217854892,57523,,rD044,1605586819,100.00,,
5.217854892,148503345,,rFF44,1605584422,100.00,,
5.217854892,22941327464,,instructions,1605600325,100.00,3.81,insn per cycle
5.217854892,6020848132,,cycles,1605572170,100.00,,
5.318211882,56924,,rD044,1605663636,100.00,,
5.318211882,147577325,,rFF44,1605668543,100.00,,
5.318211882,22799114016,,instructions,1605664240,100.00,3.79,insn per cycle
5.318211882,6021292205,,cycles,1605691224,100.00,,
5.418562772,56765,,rD044,1605677990,100.00,,
5.418562772,145519110,,rFF44,1605766156,100.00,,
5.418562772,22534784319,,instructions,1605779416,100.00,3.74,insn per cycle
5.418562772,6021630550,,cycles,1605775462,100.00,,
5.518923531,56934,,rD044,1605587006,100.00,,
5.518923531,141460534,,rFF44,1605445130,100.00,,
5.518923531,22056279006,,instructions,1605440480,100.00,3.66,insn per cycle
5.518923531,6020305243,,cycles,1605428521,100.00,,
5.619264331,54419,,rD044,1605446190,100.00,,
5.619264331,140337124,,rFF44,1605425635,100.00,,
5.619264331,21925748668,,instructions,1605386896,100.00,3.64,insn per cycle
5.619264331,6020139383,,cycles,1605382355,100.00,,
5.719629170,58979,,rD044,1605806705,100.00,,
5.719629170,143526490,,rFF44,1605882710,100.00,,
5.719629170,22318858931,,instructions,1605947039,100.00,3.71,insn per cycle
5.719629170,6022429707,,cycles,1605993853,100.00,,
5.819983250,54721,,rD044,1605699250,100.00,,
5.819983250,140854761,,rFF44,1605708553,100.00,,
5.819983250,21939317263,,instructions,1605666496,100.00,3.64,insn per cycle
5.819983250,6021024992,,cycles,1605617172,100.00,,
5.920347010,57021,,rD044,1605775196,100.00,,
5.920347010,141976236,,rFF44,1605777983,100.00,,
5.920347010,22096024376,,instructions,1605810810,100.00,3.67,insn per cycle
5.920347010,6021676997,,cycles,1605793695,100.00,,
6.020695909,56935,,rD044,1605450589,100.00,,
6.020695909,143650001,,rFF44,1605487044,100.00,,
6.020695909,22307760361,,instructions,1605474325,100.00,3.71,insn per cycle
6.020695909,6020398814,,cycles,1605513980,100.00,,
6.121047439,56167,,rD044,1605471186,100.00,,
6.121047439,141869530,,rFF44,1605451101,100.00,,
6.121047439,22100711520,,instructions,1605450350,100.00,3.67,insn per cycle
6.121047439,6020602165,,cycles,1605545025,100.00,,
6.221402838,57831,,rD044,1605554580,100.00,,
6.221402838,146532904,,rFF44,1605483750,100.00,,
6.221402838,22679468372,,instructions,1605490126,100.00,3.77,insn per cycle
6.221402838,6020132100,,cycles,1605404371,100.00,,
6.321755448,54489,,rD044,1605658456,100.00,,
6.321755448,140519852,,rFF44,1605779986,100.00,,
6.321755448,21908844041,,instructions,1605806370,100.00,3.64,insn per cycle
6.321755448,6021703003,,cycles,1605794873,100.00,,
6.422114667,56946,,rD044,1605741800,100.00,,
6.422114667,141748743,,rFF44,1605820484,100.00,,
6.422114667,22039784846,,instructions,1605878716,100.00,3.66,insn per cycle
6.422114667,6021912950,,cycles,1605857513,100.00,,
6.522488757,55972,,rD044,1605884056,100.00,,
6.522488757,143900586,,rFF44,1605680282,100.00,,
6.522488757,22346897838,,instructions,1605572060,100.00,3.71,insn per cycle
6.522488757,6020886121,,cycles,1605577426,100.00,,
6.622829467,55201,,rD044,1605432779,100.00,,
6.622829467,143758981,,rFF44,1605509463,100.00,,
6.622829467,22331343518,,instructions,1605530235,100.00,3.71,insn per cycle
6.622829467,6020699706,,cycles,1605533109,100.00,,
6.723179366,55830,,rD044,1605645786,100.00,,
6.723179366,140482173,,rFF44,1605629232,100.00,,
6.723179366,21947910963,,instructions,1605590710,100.00,3.65,insn per cycle
6.723179366,6020946153,,cycles,1605593942,100.00,,
6.823562666,57074,,rD044,1606003543,100.00,,
6.823562666,146788496,,rFF44,1605969246,100.00,,
6.823562666,22720965903,,instructions,1605976956,100.00,3.77,insn per cycle
6.823562666,6022420440,,cycles,1605999144,100.00,,
6.923913355,55714,,rD044,1605631423,100.00,,
6.923913355,143662465,,rFF44,1605686560,100.00,,
6.923913355,22324542148,,instructions,1605723060,100.00,3.71,insn per cycle
6.923913355,6021462208,,cycles,1605731183,100.00,,
7.024275255,55455,,rD044,1605642373,100.00,,
7.024275255,142961048,,rFF44,1605559936,100.00,,
7.024275255,22216206105,,instructions,1605568216,100.00,3.69,insn per cycle
7.024275255,6020799103,,cycles,1605560003,100.00,,
7.124622125,58147,,rD044,1605575723,100.00,,
7.124622125,146321617,,rFF44,1605601120,100.00,,
7.124622125,22671469279,,instructions,1605570980,100.00,3.77,insn per cycle
7.124622125,6020940215,,cycles,1605597259,100.00,,
7.224973944,55578,,rD044,1605566069,100.00,,
7.224973944,146217129,,rFF44,1605581945,100.00,,
7.224973944,22628671180,,instructions,1605609935,100.00,3.76,insn per cycle
7.224973944,6020896316,,cycles,1605587696,100.00,,
7.325336854,55498,,rD044,1605806926,100.00,,
7.325336854,142484400,,rFF44,1605831130,100.00,,
7.325336854,22158609693,,instructions,1605823820,100.00,3.68,insn per cycle
7.325336854,6021785246,,cycles,1605817982,100.00,,
7.425693393,56838,,rD044,1605692334,100.00,,
7.425693393,146542608,,rFF44,1605691816,100.00,,
7.425693393,22670189227,,instructions,1605648936,100.00,3.77,insn per cycle
7.425693393,6020997176,,cycles,1605611974,100.00,,
7.526048023,53943,,rD044,1605571552,100.00,,
7.526048023,140600433,,rFF44,1605519130,100.00,,
7.526048023,21943530008,,instructions,1605549590,100.00,3.64,insn per cycle
7.526048023,6021449722,,cycles,1605727671,100.00,,
7.626441273,56167,,rD044,1606274882,100.00,,
7.626441273,143790303,,rFF44,1606315986,100.00,,
7.626441273,22354566964,,instructions,1606304436,100.00,3.71,insn per cycle
7.626441273,6023058498,,cycles,1606162415,100.00,,
7.726792713,54746,,rD044,1605616044,100.00,,
7.726792713,143270695,,rFF44,1605653680,100.00,,
7.726792713,22279998200,,instructions,1605670830,100.00,3.70,insn per cycle
7.726792713,6021190269,,cycles,1605663476,100.00,,
7.827148882,56914,,rD044,1605658341,100.00,,
7.827148882,147508475,,rFF44,1606265166,100.00,,
7.827148882,22799471767,,instructions,1606296746,100.00,3.78,insn per cycle
7.827148882,6023762843,,cycles,1606349063,100.00,,
7.927554712,55374,,rD044,1606485205,100.00,,
7.927554712,142272914,,rFF44,1605841475,100.00,,
7.927554712,22167076433,,instructions,1605775106,100.00,3.68,insn per cycle
7.927554712,6021391479,,cycles,1605711513,100.00,,
8.027906962,55555,,rD044,1605544595,100.00,,
8.027906962,143120519,,rFF44,1605560810,100.00,,
8.027906962,22277701484,,instructions,1605575119,100.00,3.70,insn per cycle
8.027906962,6020804559,,cycles,1605561501,100.00,,
8.128257591,57523,,rD044,1605557610,100.00,,
8.128257591,145335531,,rFF44,1605525369,100.00,,
8.128257591,22551163851,,instructions,1605535066,100.00,3.75,insn per cycle
8.128257591,6020843830,,cycles,1605572214,100.00,,
8.228607911,55603,,rD044,1605565396,100.00,,
8.228607911,144754823,,rFF44,1605597567,100.00,,
8.228607911,22455574380,,instructions,1605612820,100.00,3.73,insn per cycle
8.228607911,6021004865,,cycles,1605614060,100.00,,
8.328964120,55898,,rD044,1605723630,100.00,,
8.328964120,145899905,,rFF44,1605739270,100.00,,
8.328964120,22627148322,,instructions,1605736516,100.00,3.76,insn per cycle
8.328964120,6021357748,,cycles,1605703586,100.00,,
8.429330920,56539,,rD044,1605784926,100.00,,
8.429330920,148321556,,rFF44,1605782086,100.00,,
8.429330920,22923819163,,instructions,1605779250,100.00,3.81,insn per cycle
8.429330920,6021692253,,cycles,1605797875,100.00,,
8.529691338,55940,,rD044,1605698700,100.00,,
8.529691338,146655582,,rFF44,1605640023,100.00,,
8.529691338,22678613470,,instructions,1605641566,100.00,3.77,insn per cycle
8.529691338,6021076504,,cycles,1605628491,100.00,,
8.630040958,55099,,rD044,1605594186,100.00,,
8.630040958,141084740,,rFF44,1605597853,100.00,,
8.630040958,21991142589,,instructions,1605571310,100.00,3.65,insn per cycle
8.630040958,6021163173,,cycles,1605656625,100.00,,
8.730397757,57378,,rD044,1605682690,100.00,,
8.730397757,145307697,,rFF44,1605747684,100.00,,
8.730397757,22521668212,,instructions,1605777386,100.00,3.74,insn per cycle
8.730397757,6021245590,,cycles,1605676341,100.00,,
8.830754247,55474,,rD044,1605606624,100.00,,
8.830754247,143465627,,rFF44,1605601410,100.00,,
8.830754247,22311796885,,instructions,1605592508,100.00,3.71,insn per cycle
8.830754247,6020857059,,cycles,1605589503,100.00,,
8.931109246,55578,,rD044,1605581919,100.00,,
8.931109246,146607502,,rFF44,1605673403,100.00,,
8.931109246,22694452585,,instructions,1606006865,100.00,3.77,insn per cycle
8.931109246,6022576103,,cycles,1606032700,100.00,,
9.031490756,55859,,rD044,1606104406,100.00,,
9.031490756,142659871,,rFF44,1605994192,100.00,,
9.031490756,22181733525,,instructions,1605648950,100.00,3.68,insn per cycle
9.031490756,6021124234,,cycles,1605644555,100.00,,
9.131845055,56416,,rD044,1605539954,100.00,,
9.131845055,142334623,,rFF44,1605520586,100.00,,
9.131845055,22162120335,,instructions,1605536356,100.00,3.68,insn per cycle
9.131845055,6020738255,,cycles,1605548961,100.00,,
9.232192685,53815,,rD044,1605653772,100.00,,
9.232192685,139861666,,rFF44,1605609320,100.00,,
9.232192685,21849884553,,instructions,1605606280,100.00,3.63,insn per cycle
9.232192685,6020962733,,cycles,1605598041,100.00,,
9.332545204,59704,,rD044,1605472911,100.00,,
9.332545204,145627592,,rFF44,1605524946,100.00,,
9.332545204,22578931765,,instructions,1605544416,100.00,3.75,insn per cycle
9.332545204,6020743470,,cycles,1605553435,100.00,,
9.432931234,55410,,rD044,1606156505,100.00,,
9.432931234,140695977,,rFF44,1606200700,100.00,,
9.432931234,21968493465,,instructions,1606187377,100.00,3.65,insn per cycle
9.432931234,6023058867,,cycles,1606156876,100.00,,
9.533285683,57353,,rD044,1605605809,100.00,,
9.533285683,147295512,,rFF44,1605553346,100.00,,
9.533285683,22773988522,,instructions,1605546629,100.00,3.78,insn per cycle
9.533285683,6020795070,,cycles,1605559350,100.00,,
9.633626853,54468,,rD044,1605354307,100.00,,
9.633626853,140897805,,rFF44,1605346070,100.00,,
9.633626853,21966275356,,instructions,1605299970,100.00,3.65,insn per cycle
9.633626853,6019771135,,cycles,1605293562,100.00,,
9.733967532,55152,,rD044,1605389979,100.00,,
9.733967532,142917631,,rFF44,1605384545,100.00,,
9.733967532,22210809268,,instructions,1605441325,100.00,3.69,insn per cycle
9.733967532,6020374989,,cycles,1605445363,100.00,,
9.834328492,57619,,rD044,1605781686,100.00,,
9.834328492,146356359,,rFF44,1605799720,100.00,,
9.834328492,22651441187,,instructions,1605781630,100.00,3.76,insn per cycle
9.834328492,6021587561,,cycles,1605769240,100.00,,
9.934677771,54679,,rD044,1605510551,100.00,,
9.934677771,139515697,,rFF44,1605541576,100.00,,
9.934677771,21808804868,,instructions,1605552056,100.00,3.62,insn per cycle
9.934677771,6020867614,,cycles,1605589656,100.00,,
10.035035790,57457,,rD044,1605637564,100.00,,
10.035035790,146448547,,rFF44,1605647399,100.00,,
10.035035790,22683184815,,instructions,1605639049,100.00,3.77,insn per cycle
10.035035790,6021259056,,cycles,1605720339,100.00,,
10.135400260,58023,,rD044,1605627542,100.00,,
10.135400260,145690064,,rFF44,1605583115,100.00,,
10.135400260,22562306398,,instructions,1605590985,100.00,3.75,insn per cycle
10.135400260,6020360402,,cycles,1605479505,100.00,,
10.235754199,57099,,rD044,1605602363,100.00,,
10.235754199,143601703,,rFF44,1605609630,100.00,,
10.235754199,22308346418,,instructions,1605605160,100.00,3.71,insn per cycle
10.235754199,6021016023,,cycles,1605633232,100.00,,
10.336104969,56409,,rD044,1605561432,100.00,,
10.336104969,144750420,,rFF44,1605645425,100.00,,
10.336104969,22480960976,,instructions,1605756555,100.00,3.73,insn per cycle
10.336104969,6021495182,,cycles,1605750933,100.00,,
10.436469508,55645,,rD044,1605813433,100.00,,
10.436469508,144337826,,rFF44,1605722910,100.00,,
10.436469508,22416667428,,instructions,1605579740,100.00,3.72,insn per cycle
10.436469508,6020838890,,cycles,1605569583,100.00,,
10.536823048,56038,,rD044,1605602783,100.00,,
10.536823048,145801727,,rFF44,1605632295,100.00,,
10.536823048,22580629563,,instructions,1605650405,100.00,3.75,insn per cycle
10.536823048,6021076736,,cycles,1605635912,100.00,,
10.637180887,57314,,rD044,1605785942,100.00,,
10.637180887,147412082,,rFF44,1605774790,100.00,,
10.637180887,22798544781,,instructions,1605769080,100.00,3.79,insn per cycle
10.637180887,6021810883,,cycles,1605823806,100.00,,
10.737540287,55263,,rD044,1605618986,100.00,,
10.737540287,140948912,,rFF44,1605617686,100.00,,
10.737540287,21958964203,,instructions,1605609766,100.00,3.65,insn per cycle
10.737540287,6020829782,,cycles,1605567930,100.00,,
10.837888906,56691,,rD044,1605500500,100.00,,
10.837888906,144851799,,rFF44,1605458910,100.00,,
10.837888906,22465175790,,instructions,1605490900,100.00,3.73,insn per cycle
10.837888906,6020618396,,cycles,1605506411,100.00,,
10.938240716,55453,,rD044,1605611473,100.00,,
10.938240716,142877951,,rFF44,1605612916,100.00,,
10.938240716,22186218249,,instructions,1605594306,100.00,3.68,insn per cycle
10.938240716,6020891913,,cycles,1605584225,100.00,,
11.038592295,55313,,rD044,1605610153,100.00,,
11.038592295,142300249,,rFF44,1605632550,100.00,,
11.038592295,22156883071,,instructions,1605653440,100.00,3.68,insn per cycle
11.038592295,6021149674,,cycles,1605647769,100.00,,
11.138943155,56447,,rD044,1605464039,100.00,,
11.138943155,145891066,,rFF44,1605433355,100.00,,
11.138943155,22605938636,,instructions,1605416645,100.00,3.75,insn per cycle
11.138943155,6020295998,,cycles,1605438436,100.00,,
11.239293344,55919,,rD044,1605654966,100.00,,
11.239293344,145318852,,rFF44,1605737240,100.00,,
11.239293344,22544953392,,instructions,1605764000,100.00,3.74,insn per cycle
11.239293344,6021575795,,cycles,1605761537,100.00,,
11.339677224,56149,,rD044,1606027836,100.00,,
11.339677224,144268058,,rFF44,1605961216,100.00,,
11.339677224,22377789760,,instructions,1605954976,100.00,3.72,insn per cycle
11.339677224,6022197404,,cycles,1605933369,100.00,,
11.440025963,56066,,rD044,1605580910,100.00,,
11.440025963,144442786,,rFF44,1605606920,100.00,,
11.440025963,22422883340,,instructions,1605585220,100.00,3.72,insn per cycle
11.440025963,6021198584,,cycles,1605668384,100.00,,
11.540406583,57260,,rD044,1606041881,100.00,,
11.540406583,148014634,,rFF44,1606065406,100.00,,
11.540406583,22891172713,,instructions,1606073506,100.00,3.80,insn per cycle
11.540406583,6022409033,,cycles,1605989272,100.00,,
11.640760742,56930,,rD044,1605623765,100.00,,
11.640760742,148170449,,rFF44,1605575220,100.00,,
11.640760742,22892536153,,instructions,1605533815,100.00,3.80,insn per cycle
11.640760742,6020668869,,cycles,1605519306,100.00,,
11.741109122,56645,,rD044,1605585339,100.00,,
11.741109122,146782356,,rFF44,1605667556,100.00,,
11.741109122,22706613666,,instructions,1605803931,100.00,3.77,insn per cycle
11.741109122,6021888439,,cycles,1605844840,100.00,,
11.841471301,56770,,rD044,1605665017,100.00,,
11.841471301,144742052,,rFF44,1605574830,100.00,,
11.841471301,22482871609,,instructions,1605455254,100.00,3.73,insn per cycle
11.841471301,6020381491,,cycles,1605453086,100.00,,
11.941828611,56401,,rD044,1605748011,100.00,,
11.941828611,147195648,,rFF44,1605776726,100.00,,
11.941828611,22750773189,,instructions,1605802232,100.00,3.78,insn per cycle
11.941828611,6021680358,,cycles,1605789850,100.00,,
12.042181920,56018,,rD044,1605759134,100.00,,
12.042181920,144779045,,rFF44,1605810809,100.00,,
12.042181920,22458065173,,instructions,1605797341,100.00,3.73,insn per cycle
12.042181920,6021647490,,cycles,1605786075,100.00,,
12.142548810,58099,,rD044,1605639083,100.00,,
12.142548810,144633775,,rFF44,1605553966,100.00,,
12.142548810,22415891202,,instructions,1605546994,100.00,3.72,insn per cycle
12.142548810,6020808666,,cycles,1605562640,100.00,,
12.242892569,57955,,rD044,1605450763,100.00,,
12.242892569,141975174,,rFF44,1605492330,100.00,,
12.242892569,22112308458,,instructions,1605508266,100.00,3.67,insn per cycle
12.242892569,6020569189,,cycles,1605498636,100.00,,
12.343244649,55622,,rD044,1605575938,100.00,,
12.343244649,142756844,,rFF44,1605539516,100.00,,
12.343244649,22221556600,,instructions,1605534300,100.00,3.69,insn per cycle
12.343244649,6020679328,,cycles,1605527250,100.00,,
12.443589478,55932,,rD044,1605469438,100.00,,
12.443589478,144700460,,rFF44,1605497830,100.00,,
12.443589478,22447129822,,instructions,1605553411,100.00,3.73,insn per cycle
12.443589478,6020818273,,cycles,1605564986,100.00,,
12.543941258,54147,,rD044,1605646805,100.00,,
12.543941258,140987968,,rFF44,1605645716,100.00,,
12.543941258,21987410899,,instructions,1605597765,100.00,3.65,insn per cycle
12.543941258,6020952280,,cycles,1605595020,100.00,,
12.644294017,57096,,rD044,1605515641,100.00,,
12.644294017,147256388,,rFF44,1605457670,100.00,,
12.644294017,22757570605,,instructions,1605491590,100.00,3.78,insn per cycle
12.644294017,6020648757,,cycles,1605519253,100.00,,
12.744640196,56293,,rD044,1605558371,100.00,,
12.744640196,147367480,,rFF44,1605609426,100.00,,
12.744640196,22783070050,,instructions,1605592586,100.00,3.78,insn per cycle
12.744640196,6020874068,,cycles,1605574483,100.00,,
12.844989056,56000,,rD044,1605536855,100.00,,
12.844989056,142112846,,rFF44,1605521980,100.00,,
12.844989056,22105363865,,instructions,1605514580,100.00,3.67,insn per cycle
12.844989056,6020644535,,cycles,1605518087,100.00,,
12.945349785,56539,,rD044,1605714230,100.00,,
12.945349785,142456700,,rFF44,1605712826,100.00,,
12.945349785,22156633814,,instructions,1605747696,100.00,3.68,insn per cycle
12.945349785,6021525163,,cycles,1605748149,100.00,,
13.045701315,55589,,rD044,1605605676,100.00,,
13.045701315,145160108,,rFF44,1605654780,100.00,,
13.045701315,22505443073,,instructions,1605664250,100.00,3.74,insn per cycle
13.045701315,6021224406,,cycles,1605676501,100.00,,
13.146079724,55008,,rD044,1606063247,100.00,,
13.146079724,140082801,,rFF44,1606084406,100.00,,
13.146079724,21903555658,,instructions,1606196836,100.00,3.64,insn per cycle
13.146079724,6023183589,,cycles,1606195255,100.00,,
13.246444464,56248,,rD044,1605663499,100.00,,
13.246444464,145654144,,rFF44,1605591530,100.00,,
13.246444464,22574113705,,instructions,1605421012,100.00,3.75,insn per cycle
13.246444464,6020266437,,cycles,1605421256,100.00,,
13.346792023,55485,,rD044,1605570896,100.00,,
13.346792023,142254112,,rFF44,1605604556,100.00,,
13.346792023,22138385162,,instructions,1605634944,100.00,3.68,insn per cycle
13.346792023,6021015811,,cycles,1605611750,100.00,,
13.447143053,56003,,rD044,1605595270,100.00,,
13.447143053,141903214,,rFF44,1605700180,100.00,,
13.447143053,22091046815,,instructions,1605666232,100.00,3.67,insn per cycle
13.447143053,6021185540,,cycles,1605662586,100.00,,
13.547503512,57608,,rD044,1605737827,100.00,,
13.547503512,147250855,,rFF44,1605648886,100.00,,
13.547503512,22789675986,,instructions,1605655014,100.00,3.78,insn per cycle
13.547503512,6021246210,,cycles,1605673060,100.00,,
13.647862202,56297,,rD044,1605664448,100.00,,
13.647862202,144083752,,rFF44,1605636099,100.00,,
13.647862202,22384176026,,instructions,1605663262,100.00,3.72,insn per cycle
13.647862202,6021175673,,cycles,1605660605,100.00,,
13.748218291,55596,,rD044,1605711268,100.00,,
13.748218291,143482901,,rFF44,1605727106,100.00,,
13.748218291,22289822727,,instructions,1605684373,100.00,3.70,insn per cycle
13.748218291,6021289885,,cycles,1605685570,100.00,,
13.848571001,54073,,rD044,1605543138,100.00,,
13.848571001,139847257,,rFF44,1605531820,100.00,,
13.848571001,21877564965,,instructions,1605541521,100.00,3.63,insn per cycle
13.848571001,6020754868,,cycles,1605551876,100.00,,
13.948926960,56087,,rD044,1605662786,100.00,,
13.948926960,144593824,,rFF44,1605681955,100.00,,
13.948926960,22451310916,,instructions,1605677064,100.00,3.73,insn per cycle
13.948926960,6021099559,,cycles,1605652209,100.00,,
14.049275720,58762,,rD044,1605430547,100.00,,
14.049275720,147293361,,rFF44,1605461948,100.00,,
14.049275720,22783556552,,instructions,1605499830,100.00,3.78,insn per cycle
14.049275720,6020416603,,cycles,1605510034,100.00,,
14.149640389,56855,,rD044,1605711217,100.00,,
14.149640389,143981435,,rFF44,1605686386,100.00,,
14.149640389,22349089511,,instructions,1605673274,100.00,3.71,insn per cycle
14.149640389,6021058965,,cycles,1605653900,100.00,,
14.249998379,57955,,rD044,1605594658,100.00,,
14.249998379,145844468,,rFF44,1605549369,100.00,,
14.249998379,22614345473,,instructions,1605522781,100.00,3.76,insn per cycle
14.249998379,6020629824,,cycles,1605541365,100.00,,
14.350350318,56458,,rD044,1605619987,100.00,,
14.350350318,144952183,,rFF44,1605613346,100.00,,
14.350350318,22507574058,,instructions,1605642364,100.00,3.74,insn per cycle
14.350350318,6021135231,,cycles,1605642970,100.00,,
14.450696698,55811,,rD044,1605488299,100.00,,
14.450696698,145162295,,rFF44,1605474070,100.00,,
14.450696698,22493929391,,instructions,1605429020,100.00,3.74,insn per cycle
14.450696698,6020232620,,cycles,1605409572,100.00,,
14.551046027,56060,,rD044,1605603663,100.00,,
14.551046027,145441636,,rFF44,1605643486,100.00,,
14.551046027,22544319693,,instructions,1605658476,100.00,3.74,insn per cycle
14.551046027,6021890524,,cycles,1605845394,100.00,,
14.651415687,55927,,rD044,1605881493,100.00,,
14.651415687,142443454,,rFF44,1605835630,100.00,,
14.651415687,22135392518,,instructions,1605846640,100.00,3.68,insn per cycle
14.651415687,6021244585,,cycles,1605672916,100.00,,
14.751764176,55280,,rD044,1605537895,100.00,,
14.751764176,140845098,,rFF44,1605600286,100.00,,
14.751764176,21982093547,,instructions,1605597936,100.00,3.65,insn per cycle
14.751764176,6020891997,,cycles,1605585020,100.00,,
14.852119226,56391,,rD044,1605646161,100.00,,
14.852119226,144301685,,rFF44,1605740310,100.00,,
14.852119226,22377143455,,instructions,1605793112,100.00,3.72,insn per cycle
14.852119226,6021679991,,cycles,1605789076,100.00,,
14.952516676,54463,,rD044,1606292235,100.00,,
14.952516676,139625846,,rFF44,1606201016,100.00,,
14.952516676,21838704842,,instructions,1606189894,100.00,3.63,insn per cycle
14.952516676,6023192534,,cycles,1606197770,100.00,,
15.052867035,55429,,rD044,1605634771,100.00,,
15.052867035,144475047,,rFF44,1605669210,100.00,,
15.052867035,22421836081,,instructions,1605649155,100.00,3.72,insn per cycle
15.052867035,6021269527,,cycles,1605679816,100.00,,
15.153229515,57088,,rD044,1605707375,100.00,,
15.153229515,147025445,,rFF44,1605670425,100.00,,
15.153229515,22724827047,,instructions,1605667210,100.00,3.77,insn per cycle
15.153229515,6021038047,,cycles,1605628939,100.00,,
15.253586344,53973,,rD044,1605653890,100.00,,
15.253586344,141844826,,rFF44,1605629180,100.00,,
15.253586344,22093113291,,instructions,1605636616,100.00,3.67,insn per cycle
15.253586344,6021133482,,cycles,1605643746,100.00,,
15.353936703,55401,,rD044,1605594064,100.00,,
15.353936703,140715088,,rFF44,1605640935,100.00,,
15.353936703,21952254168,,instructions,1605608079,100.00,3.65,insn per cycle
15.353936703,6021018036,,cycles,1605617989,100.00,,
15.389816411,201932,,rD044,515167846,100.00,,
15.389816411,22057039,,rFF44,514291225,100.00,,
15.389816411,3972456371,,instructions,513672145,100.00,2.07,insn per cycle
15.389816411,1923465019,,cycles,513040345,100.00,,
