0.100113344,4599829,,rD044,92618573,100.00,,
0.100113344,20310791,,rFF44,92624413,100.00,,
0.100113344,440584883,,instructions,92629433,100.00,1.28,insn per cycle
0.100113344,343551679,,cycles,92633933,100.00,,
0.200412519,5463077,,rD044,100265915,100.00,,
0.200412519,23865298,,rFF44,100266155,100.00,,
0.200412519,503037587,,instructions,100265695,100.00,1.34,insn per cycle
0.200412519,375958375,,cycles,100266445,100.00,,
0.300638544,5479146,,rD044,100225495,100.00,,
0.300638544,23944696,,rFF44,100225795,100.00,,
0.300638544,504488595,,instructions,100225815,100.00,1.34,insn per cycle
0.300638544,375842659,,cycles,100225195,100.00,,
0.400849559,6772063,,rD044,100210035,100.00,,
0.400849559,29068710,,rFF44,100209485,100.00,,
0.400849559,83744915,,instructions,100209595,100.00,0.22,insn per cycle
0.400849559,375783585,,cycles,100209425,100.00,,
0.501062593,6937031,,rD044,100212465,100.00,,
0.501062593,30146704,,rFF44,100212405,100.00,,
0.501062593,37562426,,instructions,100213385,100.00,0.10,insn per cycle
0.501062593,375799819,,cycles,100213785,100.00,,
0.601275968,3369756,,rD044,3395178739,100.00,,
0.601275968,313182119,,rFF44,3410393859,100.00,,
0.601275968,46757858598,,instructions,3423008048,100.00,3.63,insn per cycle
0.601275968,12878481208,,cycles,3435451578,100.00,,
0.702346772,383870,,rD044,6467407144,100.00,,
0.702346772,562325291,,rFF44,6466400810,100.00,,
0.702346772,87960374940,,instructions,6466030812,100.00,3.63,insn per cycle
0.702346772,24245849890,,cycles,6465601952,100.00,,
0.803349545,355891,,rD044,6463676829,100.00,,
0.803349545,572045854,,rFF44,6463060431,100.00,,
0.803349545,89099501429,,instructions,6462554077,100.00,3.68,insn per cycle
0.803349545,24233375120,,cycles,6462274233,100.00,,
0.904320388,343545,,rD044,6461008304,100.00,,
0.904320388,570113653,,rFF44,6460653913,100.00,,
0.904320388,88907516282,,instructions,6460503280,100.00,3.67,insn per cycle
0.904320388,24225156131,,cycles,6460262869,100.00,,
1.005268651,338923,,rD044,6460938236,100.00,,
1.005268651,564901448,,rFF44,6460729261,100.00,,
1.005268651,88249886502,,instructions,6460483829,100.00,3.64,insn per cycle
1.005268651,24226085957,,cycles,6460320037,100.00,,
1.106208404,336456,,rD044,6460313589,100.00,,
1.106208404,559061019,,rFF44,6460493077,100.00,,
1.106208404,87516603662,,instructions,6460355059,100.00,3.61,insn per cycle
1.106208404,24226268808,,cycles,6460368231,100.00,,
1.207153677,353265,,rD044,6460286540,100.00,,
1.207153677,563160395,,rFF44,6460716991,100.00,,
1.207153677,88040702378,,instructions,6461412622,100.00,3.63,insn per cycle
1.207153677,24231461571,,cycles,6461778711,100.00,,
1.308126760,344778,,rD044,6462255270,100.00,,
1.308126760,566674308,,rFF44,6462371289,100.00,,
1.308126760,88482942393,,instructions,6461950859,100.00,3.65,insn per cycle
1.308126760,24230512780,,cycles,6461524298,100.00,,
1.409081632,348451,,rD044,6460787467,100.00,,
1.409081632,571472493,,rFF44,6461071949,100.00,,
1.409081632,89056887495,,instructions,6461476398,100.00,3.68,insn per cycle
1.409081632,24231914884,,cycles,6461902193,100.00,,
1.510054905,354363,,rD044,6462138284,100.00,,
1.510054905,575482760,,rFF44,6461917490,100.00,,
1.510054905,89584290876,,instructions,6461668102,100.00,3.70,insn per cycle
1.510054905,24230408370,,cycles,6461497687,100.00,,
1.611022398,351407,,rD044,6461739987,100.00,,
1.611022398,576530227,,rFF44,6461373148,100.00,,
1.611022398,89672544664,,instructions,6461219069,100.00,3.70,insn per cycle
1.611022398,24228676600,,cycles,6461027162,100.00,,
1.711965961,342728,,rD044,6460105928,100.00,,
1.711965961,560770075,,rFF44,6459947332,100.00,,
1.711965961,87740913965,,instructions,6460029487,100.00,3.62,insn per cycle
1.711965961,24226655209,,cycles,6460487567,100.00,,
1.812922624,348885,,rD044,6461374085,100.00,,
1.812922624,565679352,,rFF44,6462035942,100.00,,
1.812922624,88366066385,,instructions,6462543190,100.00,3.65,insn per cycle
1.812922624,24233593349,,cycles,6462348530,100.00,,
1.913895367,348210,,rD044,6461958147,100.00,,
1.913895367,574049749,,rFF44,6461404046,100.00,,
1.913895367,89429384833,,instructions,6462902104,100.00,3.69,insn per cycle
1.913895367,24236124726,,cycles,6463055622,100.00,,
2.014930581,347821,,rD044,6466371891,100.00,,
2.014930581,562118739,,rFF44,6466588195,100.00,,
2.014930581,87876683926,,instructions,6464815500,100.00,3.62,insn per cycle
2.014930581,24242092995,,cycles,6464630952,100.00,,
2.115897864,348448,,rD044,6461000240,100.00,,
2.115897864,570986444,,rFF44,6459507282,100.00,,
2.115897864,88916594467,,instructions,6458263633,100.00,3.67,insn per cycle
2.115897864,24211443328,,cycles,6456456220,100.00,,
2.216750926,349796,,rD044,6453633264,100.00,,
2.216750926,560170186,,rFF44,6452859784,100.00,,
2.216750926,87623361423,,instructions,6452156084,100.00,3.62,insn per cycle
2.216750926,24195241202,,cycles,6452200396,100.00,,
2.317613677,365238,,rD044,6456432237,100.00,,
2.317613677,567797301,,rFF44,6458757777,100.00,,
2.317613677,88718819861,,instructions,6460058523,100.00,3.66,insn per cycle
2.317613677,24231019528,,cycles,6461681191,100.00,,
2.418565970,337669,,rD044,6460413292,100.00,,
2.418565970,560916856,,rFF44,6459700653,100.00,,
2.418565970,87772421085,,instructions,6459781717,100.00,3.62,insn per cycle
2.418565970,24222726132,,cycles,6459452075,100.00,,
2.519507173,350498,,rD044,6459961135,100.00,,
2.519507173,578459871,,rFF44,6460393140,100.00,,
2.519507173,89954882276,,instructions,6460719807,100.00,3.71,insn per cycle
2.519507173,24229281282,,cycles,6461206493,100.00,,
2.620458816,347459,,rD044,6460484336,100.00,,
2.620458816,563660948,,rFF44,6460203637,100.00,,
2.620458816,88104332405,,instructions,6459931397,100.00,3.64,insn per cycle
2.620458816,24221847924,,cycles,6459217832,100.00,,
2.721380048,346588,,rD044,6458779784,100.00,,
2.721380048,572802504,,rFF44,6459139150,100.00,,
2.721380048,89228214722,,instructions,6459262564,100.00,3.68,insn per cycle
2.721380048,24222496460,,cycles,6459376012,100.00,,
2.822317541,345739,,rD044,6459725510,100.00,,
2.822317541,567892609,,rFF44,6459026329,100.00,,
2.822317541,88614191263,,instructions,6459402579,100.00,3.66,insn per cycle
2.822317541,24224110861,,cycles,6459827256,100.00,,
2.923250764,340898,,rD044,6460695910,100.00,,
2.923250764,566886619,,rFF44,6463606898,100.00,,
2.923250764,88507493289,,instructions,6463089954,100.00,3.65,insn per cycle
2.923250764,24235600741,,cycles,6462892650,100.00,,
3.024242297,342449,,rD044,6462563249,100.00,,
3.024242297,562885576,,rFF44,6460183972,100.00,,
3.024242297,88008374573,,instructions,6460829520,100.00,3.63,insn per cycle
3.024242297,24228670206,,cycles,6461040252,100.00,,
3.125192600,351664,,rD044,6460864082,100.00,,
3.125192600,578545700,,rFF44,6460587421,100.00,,
3.125192600,89909316036,,instructions,6459848486,100.00,3.71,insn per cycle
3.125192600,24223374130,,cycles,6459624441,100.00,,
3.226122822,346440,,rD044,6459509538,100.00,,
3.226122822,569630265,,rFF44,6459892628,100.00,,
3.226122822,88843083986,,instructions,6460018967,100.00,3.67,insn per cycle
3.226122822,24225359820,,cycles,6460173489,100.00,,
3.327074615,341394,,rD044,6460759263,100.00,,
3.327074615,562488796,,rFF44,6461134320,100.00,,
3.327074615,87935357901,,instructions,6460745640,100.00,3.63,insn per cycle
3.327074615,24226801688,,cycles,6460592431,100.00,,
3.428024308,351674,,rD044,6460393529,100.00,,
3.428024308,568890051,,rFF44,6460596801,100.00,,
3.428024308,88728705025,,instructions,6461319910,100.00,3.66,insn per cycle
3.428024308,24229731826,,cycles,6461315102,100.00,,
3.528980291,346856,,rD044,6460816423,100.00,,
3.528980291,569958408,,rFF44,6460341425,100.00,,
3.528980291,88902377706,,instructions,6460031648,100.00,3.67,insn per cycle
3.528980291,24225452300,,cycles,6460191877,100.00,,
3.629920963,346005,,rD044,6459881760,100.00,,
3.629920963,570489607,,rFF44,6459725721,100.00,,
3.629920963,88943728734,,instructions,6460067184,100.00,3.67,insn per cycle
3.629920963,24224748358,,cycles,6459964904,100.00,,
3.730866076,345976,,rD044,6461191143,100.00,,
3.730866076,566114435,,rFF44,6461370238,100.00,,
3.730866076,88419481185,,instructions,6461311403,100.00,3.65,insn per cycle
3.730866076,24228390323,,cycles,6460939328,100.00,,
3.831858180,347348,,rD044,6461945950,100.00,,
3.831858180,567218033,,rFF44,6459579895,100.00,,
3.831858180,88406981346,,instructions,6457911057,100.00,3.65,insn per cycle
3.831858180,24214770280,,cycles,6457307547,100.00,,
3.932687151,331112,,rD044,6453091949,100.00,,
3.932687151,559602920,,rFF44,6453750089,100.00,,
3.932687151,87565087722,,instructions,6453793075,100.00,3.62,insn per cycle
3.932687151,24200759381,,cycles,6453578697,100.00,,
4.033530843,333302,,rD044,6453455982,100.00,,
4.033530843,560060061,,rFF44,6453143995,100.00,,
4.033530843,87676239653,,instructions,6456009361,100.00,3.62,insn per cycle
4.033530843,24215703760,,cycles,6457684879,100.00,,
4.134453025,365426,,rD044,6459643657,100.00,,
4.134453025,571931777,,rFF44,6461327024,100.00,,
4.134453025,89166683523,,instructions,6459546560,100.00,3.68,insn per cycle
4.134453025,24220683456,,cycles,6459035824,100.00,,
4.235384958,365618,,rD044,6459411344,100.00,,
4.235384958,577530848,,rFF44,6459112011,100.00,,
4.235384958,89831539378,,instructions,6459148549,100.00,3.71,insn per cycle
4.235384958,24221100641,,cycles,6459141810,100.00,,
4.336314380,351859,,rD044,6453493517,100.00,,
4.336314380,530178624,,rFF44,6451534011,100.00,,
4.336314380,83843096781,,instructions,6450220519,100.00,3.47,insn per cycle
4.336314380,24180830819,,cycles,6448300536,100.00,,
4.348704739,155497,,rD044,513883003,100.00,,
4.348704739,1646637,,rFF44,502932833,100.00,,
4.348704739,1489866350,,instructions,493138524,100.00,0.82,insn per cycle
4.348704739,1813212561,,cycles,483821373,100.00,,
