0.100123154,4655973,,rD044,92836831,100.00,,
0.100123154,20532730,,rFF44,92842831,100.00,,
0.100123154,445627141,,instructions,92847331,100.00,1.29,insn per cycle
0.100123154,344372867,,cycles,92851661,100.00,,
0.200413110,5492997,,rD044,100286065,100.00,,
0.200413110,23996976,,rFF44,100286165,100.00,,
0.200413110,505739248,,instructions,100286075,100.00,1.34,insn per cycle
0.200413110,376069875,,cycles,100285865,100.00,,
0.300623765,5485016,,rD044,100208995,100.00,,
0.300623765,23977203,,rFF44,100208755,100.00,,
0.300623765,505156938,,instructions,100208935,100.00,1.34,insn per cycle
0.300623765,375782413,,cycles,100209135,100.00,,
0.400833160,6801870,,rD044,100209785,100.00,,
0.400833160,28772107,,rFF44,100210155,100.00,,
0.400833160,75453876,,instructions,100209705,100.00,0.20,insn per cycle
0.400833160,375783785,,cycles,100209385,100.00,,
0.501048175,6932124,,rD044,100214854,100.00,,
0.501048175,30006785,,rFF44,100214324,100.00,,
0.501048175,37397214,,instructions,100214565,100.00,0.10,insn per cycle
0.501048175,375802466,,cycles,100214585,100.00,,
0.601255561,5698726,,rD044,914718439,100.00,,
0.601255561,89130842,,rFF44,915972344,100.00,,
0.601255561,11737431098,,instructions,916751873,100.00,3.41,insn per cycle
0.601255561,3439807402,,cycles,917562040,100.00,,
0.701731699,4537959,,rD044,1607100486,100.00,,
0.701731699,134800847,,rFF44,1606912196,100.00,,
0.701731699,21027491290,,instructions,1607157176,100.00,3.49,insn per cycle
0.701731699,6028401147,,cycles,1607578250,100.00,,
0.802215057,5145931,,rD044,1607553658,100.00,,
0.802215057,136626619,,rFF44,1607620806,100.00,,
0.802215057,21252737809,,instructions,1607864596,100.00,3.53,insn per cycle
0.802215057,6028212778,,cycles,1607542541,100.00,,
0.902688575,5094758,,rD044,1607973899,100.00,,
0.902688575,135466432,,rFF44,1607966006,100.00,,
0.902688575,21103010904,,instructions,1607516988,100.00,3.50,insn per cycle
0.902688575,6027804115,,cycles,1607422076,100.00,,
1.003144363,4885442,,rD044,1606876586,100.00,,
1.003144363,135064211,,rFF44,1606704626,100.00,,
1.003144363,21045181530,,instructions,1606594724,100.00,3.49,insn per cycle
1.003144363,6024610023,,cycles,1606571414,100.00,,
1.103566041,4930402,,rD044,1607225062,100.00,,
1.103566041,136701231,,rFF44,1607554626,100.00,,
1.103566041,21253374253,,instructions,1607683066,100.00,3.53,insn per cycle
1.103566041,6028532451,,cycles,1607627401,100.00,,
1.204035789,5464713,,rD044,1608044779,100.00,,
1.204035789,137242578,,rFF44,1608645742,100.00,,
1.204035789,21339358715,,instructions,1609390962,100.00,3.53,insn per cycle
1.204035789,6037435859,,cycles,1609989023,100.00,,
1.304661529,4952103,,rD044,1609480565,100.00,,
1.304661529,136935875,,rFF44,1608935076,100.00,,
1.304661529,21279911026,,instructions,1608285396,100.00,3.53,insn per cycle
1.304661529,6029615984,,cycles,1607906483,100.00,,
1.405161587,4954595,,rD044,1607626721,100.00,,
1.405161587,136658089,,rFF44,1607167286,100.00,,
1.405161587,21231360968,,instructions,1606967236,100.00,3.52,insn per cycle
1.405161587,6025925757,,cycles,1606928229,100.00,,
1.505593505,5455659,,rD044,1606893200,100.00,,
1.505593505,136597095,,rFF44,1607639906,100.00,,
1.505593505,21237929624,,instructions,1608202068,100.00,3.52,insn per cycle
1.505593505,6031207104,,cycles,1608329042,100.00,,
1.606114083,5086997,,rD044,1608783645,100.00,,
1.606114083,136782455,,rFF44,1608942003,100.00,,
1.606114083,21273473274,,instructions,1609099340,100.00,3.52,insn per cycle
1.606114083,6035840703,,cycles,1609575096,100.00,,
1.706698213,4957086,,rD044,1609759088,100.00,,
1.706698213,135811463,,rFF44,1609447385,100.00,,
1.706698213,21137814620,,instructions,1609048719,100.00,3.50,insn per cycle
1.706698213,6031720215,,cycles,1608489252,100.00,,
1.807246852,5285185,,rD044,1608300959,100.00,,
1.807246852,135536771,,rFF44,1608581966,100.00,,
1.807246852,21109873493,,instructions,1608674018,100.00,3.50,insn per cycle
1.807246852,6032077452,,cycles,1608676035,100.00,,
1.907825761,5106935,,rD044,1608300426,100.00,,
1.907825761,136502286,,rFF44,1607471860,100.00,,
1.907825761,21211893968,,instructions,1607101156,100.00,3.52,insn per cycle
1.907825761,6026051924,,cycles,1606955026,100.00,,
2.008261299,4907041,,rD044,1607023657,100.00,,
2.008261299,137137456,,rFF44,1607708407,100.00,,
2.008261299,21309386404,,instructions,1607851916,100.00,3.53,insn per cycle
2.008261299,6029834779,,cycles,1607963816,100.00,,
2.108741617,5345459,,rD044,1607969461,100.00,,
2.108741617,136027229,,rFF44,1607833846,100.00,,
2.108741617,21164683609,,instructions,1607843516,100.00,3.51,insn per cycle
2.108741617,6029806359,,cycles,1607965654,100.00,,
2.209248686,5453379,,rD044,1608235564,100.00,,
2.209248686,136031733,,rFF44,1608565666,100.00,,
2.209248686,21169007350,,instructions,1608764859,100.00,3.51,insn per cycle
2.209248686,6032988387,,cycles,1608803504,100.00,,
2.309822825,5190980,,rD044,1608746468,100.00,,
2.309822825,136321034,,rFF44,1608045352,100.00,,
2.309822825,21203591856,,instructions,1608234509,100.00,3.51,insn per cycle
2.309822825,6032391784,,cycles,1608642286,100.00,,
2.410341104,5226805,,rD044,1608358242,100.00,,
2.410341104,136451550,,rFF44,1608215526,100.00,,
2.410341104,21207688289,,instructions,1607688426,100.00,3.52,insn per cycle
2.410341104,6025809711,,cycles,1606894796,100.00,,
2.510760161,4984442,,rD044,1606624359,100.00,,
2.510760161,137353234,,rFF44,1606652419,100.00,,
2.510760161,21324505614,,instructions,1606619135,100.00,3.54,insn per cycle
2.510760161,6024751404,,cycles,1606619445,100.00,,
2.611176799,4778529,,rD044,1606692505,100.00,,
2.611176799,136879415,,rFF44,1606744725,100.00,,
2.611176799,21274104418,,instructions,1606971374,100.00,3.53,insn per cycle
2.611176799,6028965698,,cycles,1607735575,100.00,,
2.711679987,5380532,,rD044,1607858786,100.00,,
2.711679987,137730127,,rFF44,1607788954,100.00,,
2.711679987,21380881761,,instructions,1607530567,100.00,3.55,insn per cycle
2.711679987,6025609181,,cycles,1606837596,100.00,,
2.812099725,4895498,,rD044,1606577026,100.00,,
2.812099725,135634197,,rFF44,1607173666,100.00,,
2.812099725,21110044238,,instructions,1607421066,100.00,3.50,insn per cycle
2.812099725,6028150019,,cycles,1607533206,100.00,,
2.912576003,4781434,,rD044,1607554796,100.00,,
2.912576003,139508295,,rFF44,1606775338,100.00,,
2.912576003,21585639797,,instructions,1606526589,100.00,3.58,insn per cycle
2.912576003,6023788078,,cycles,1606359356,100.00,,
3.012961220,4988605,,rD044,1606178086,100.00,,
3.012961220,138807121,,rFF44,1606218086,100.00,,
3.012961220,21492944993,,instructions,1606227947,100.00,3.57,insn per cycle
3.012961220,6023222609,,cycles,1606200590,100.00,,
3.113376347,5318064,,rD044,1606635078,100.00,,
3.113376347,137253175,,rFF44,1606706686,100.00,,
3.113376347,21318846021,,instructions,1606802416,100.00,3.54,insn per cycle
3.113376347,6025564820,,cycles,1606825946,100.00,,
3.213779645,4904743,,rD044,1606581998,100.00,,
3.213779645,135097780,,rFF44,1606707743,100.00,,
3.213779645,21049664466,,instructions,1606658516,100.00,3.49,insn per cycle
3.213779645,6025018618,,cycles,1606679516,100.00,,
3.314200782,4450160,,rD044,1606601176,100.00,,
3.314200782,135810970,,rFF44,1606412073,100.00,,
3.314200782,21133372003,,instructions,1606361100,100.00,3.51,insn per cycle
3.314200782,6024600280,,cycles,1606567186,100.00,,
3.414609420,4716896,,rD044,1606737336,100.00,,
3.414609420,136709227,,rFF44,1606982256,100.00,,
3.414609420,21256249747,,instructions,1607163692,100.00,3.53,insn per cycle
3.414609420,6026582103,,cycles,1607096846,100.00,,
3.515061308,4722010,,rD044,1607429066,100.00,,
3.515061308,137530195,,rFF44,1607689556,100.00,,
3.515061308,21358552961,,instructions,1607651182,100.00,3.54,insn per cycle
3.515061308,6028139508,,cycles,1607511866,100.00,,
3.615548636,5365540,,rD044,1607371196,100.00,,
3.615548636,136552855,,rFF44,1606850546,100.00,,
3.615548636,21217683730,,instructions,1606725654,100.00,3.52,insn per cycle
3.615548636,6025437640,,cycles,1606799556,100.00,,
3.715950903,5231592,,rD044,1606633036,100.00,,
3.715950903,136633610,,rFF44,1606968476,100.00,,
3.715950903,21252312487,,instructions,1607113416,100.00,3.53,insn per cycle
3.715950903,6026429883,,cycles,1607055572,100.00,,
3.816428362,5099227,,rD044,1607395606,100.00,,
3.816428362,137435482,,rFF44,1607099116,100.00,,
3.816428362,21329356556,,instructions,1606954156,100.00,3.54,insn per cycle
3.816428362,6025845806,,cycles,1606910136,100.00,,
3.916822629,4534463,,rD044,1606528737,100.00,,
3.916822629,136155099,,rFF44,1607056896,100.00,,
3.916822629,21179308693,,instructions,1607377956,100.00,3.51,insn per cycle
3.916822629,6028857045,,cycles,1607702232,100.00,,
4.017313357,4529172,,rD044,1607915523,100.00,,
4.017313357,135919798,,rFF44,1607533526,100.00,,
4.017313357,21137315567,,instructions,1607157006,100.00,3.51,insn per cycle
4.017313357,6025683311,,cycles,1606857228,100.00,,
4.117733365,4880771,,rD044,1606682689,100.00,,
4.117733365,136256491,,rFF44,1606827646,100.00,,
4.117733365,21206327609,,instructions,1607000036,100.00,3.52,insn per cycle
4.117733365,6026820967,,cycles,1607158926,100.00,,
4.218188313,5021344,,rD044,1607096901,100.00,,
4.218188313,135685912,,rFF44,1606837426,100.00,,
4.218188313,21120729700,,instructions,1606647766,100.00,3.51,insn per cycle
4.218188313,6025095506,,cycles,1606700506,100.00,,
4.318598990,4397384,,rD044,1606604924,100.00,,
4.318598990,136628561,,rFF44,1606568412,100.00,,
4.318598990,21230354046,,instructions,1606679766,100.00,3.52,insn per cycle
4.318598990,6025155581,,cycles,1606714796,100.00,,
4.419022338,4270314,,rD044,1606971036,100.00,,
4.419022338,135778466,,rFF44,1607176804,100.00,,
4.419022338,21142179060,,instructions,1607430826,100.00,3.51,insn per cycle
4.419022338,6027816939,,cycles,1607426086,100.00,,
4.519502076,4194890,,rD044,1607483836,100.00,,
4.519502076,136426536,,rFF44,1607518931,100.00,,
4.519502076,21212813878,,instructions,1607388946,100.00,3.52,insn per cycle
4.519502076,6026932078,,cycles,1607191036,100.00,,
4.619937954,5001387,,rD044,1606952886,100.00,,
4.619937954,136046082,,rFF44,1606779981,100.00,,
4.619937954,21170085309,,instructions,1606590197,100.00,3.51,insn per cycle
4.619937954,6024331844,,cycles,1606499386,100.00,,
4.720344481,4457081,,rD044,1606661996,100.00,,
4.720344481,136146188,,rFF44,1607239786,100.00,,
4.720344481,21188172148,,instructions,1607564190,100.00,3.51,insn per cycle
4.720344481,6028824128,,cycles,1607699326,100.00,,
4.820827789,4473638,,rD044,1607536526,100.00,,
4.820827789,136365936,,rFF44,1607359106,100.00,,
4.820827789,21198074270,,instructions,1607179744,100.00,3.52,insn per cycle
4.820827789,6026503214,,cycles,1607079916,100.00,,
4.921268657,4455614,,rD044,1607651856,100.00,,
4.921268657,136486742,,rFF44,1607693666,100.00,,
4.921268657,21229158729,,instructions,1608072003,100.00,3.52,insn per cycle
4.921268657,6031967813,,cycles,1608530996,100.00,,
5.021806066,4953570,,rD044,1607817456,100.00,,
5.021806066,137193695,,rFF44,1607319656,100.00,,
5.021806066,21301409972,,instructions,1606882215,100.00,3.54,insn per cycle
5.021806066,6024160044,,cycles,1606456246,100.00,,
5.122212123,4944424,,rD044,1606511274,100.00,,
5.122212123,135545142,,rFF44,1606578054,100.00,,
5.122212123,21102528455,,instructions,1606760615,100.00,3.50,insn per cycle
5.122212123,6025381075,,cycles,1606810124,100.00,,
5.222638401,4477002,,rD044,1606677426,100.00,,
5.222638401,136640580,,rFF44,1606652346,100.00,,
5.222638401,21231804969,,instructions,1606371050,100.00,3.52,insn per cycle
5.222638401,6023544183,,cycles,1606298371,100.00,,
5.323041588,5304991,,rD044,1606662357,100.00,,
5.323041588,135807245,,rFF44,1606722536,100.00,,
5.323041588,21136774098,,instructions,1606757586,100.00,3.51,insn per cycle
5.323041588,6025175447,,cycles,1606721535,100.00,,
5.423456326,5739936,,rD044,1606600719,100.00,,
5.423456326,136568232,,rFF44,1606720502,100.00,,
5.423456326,21240565664,,instructions,1606934906,100.00,3.52,insn per cycle
5.423456326,6026326137,,cycles,1607039046,100.00,,
5.523899303,5533793,,rD044,1607344726,100.00,,
5.523899303,136463198,,rFF44,1608051580,100.00,,
5.523899303,21234008407,,instructions,1608301406,100.00,3.52,insn per cycle
5.523899303,6034264693,,cycles,1609150118,100.00,,
5.624515563,4766792,,rD044,1609589772,100.00,,
5.624515563,136967443,,rFF44,1608864896,100.00,,
5.624515563,21274589228,,instructions,1608522765,100.00,3.53,insn per cycle
5.624515563,6029036543,,cycles,1607780770,100.00,,
5.724978601,4816807,,rD044,1607851076,100.00,,
5.724978601,135239970,,rFF44,1608212667,100.00,,
5.724978601,21063675235,,instructions,1608285883,100.00,3.49,insn per cycle
5.724978601,6030586352,,cycles,1608164296,100.00,,
5.825482690,5060123,,rD044,1607365524,100.00,,
5.825482690,135907180,,rFF44,1606919331,100.00,,
5.825482690,21148997671,,instructions,1606749544,100.00,3.51,insn per cycle
5.825482690,6024926697,,cycles,1606720414,100.00,,
5.925910567,5499158,,rD044,1606636536,100.00,,
5.925910567,135992499,,rFF44,1606521478,100.00,,
5.925910567,21158138921,,instructions,1606504577,100.00,3.51,insn per cycle
5.925910567,6024143192,,cycles,1606445406,100.00,,
6.026311075,4876771,,rD044,1606612256,100.00,,
6.026311075,136580011,,rFF44,1606955976,100.00,,
6.026311075,21240335116,,instructions,1607160783,100.00,3.52,insn per cycle
6.026311075,6027135044,,cycles,1607244306,100.00,,
6.126764413,5607974,,rD044,1607297226,100.00,,
6.126764413,137236983,,rFF44,1607325986,100.00,,
6.126764413,21301899056,,instructions,1607334795,100.00,3.53,insn per cycle
6.126764413,6028152695,,cycles,1607514826,100.00,,
6.227239691,4819757,,rD044,1607712936,100.00,,
6.227239691,136969764,,rFF44,1607676646,100.00,,
6.227239691,21277290122,,instructions,1607630833,100.00,3.53,insn per cycle
6.227239691,6027980154,,cycles,1607468476,100.00,,
6.327699199,5323931,,rD044,1607235616,100.00,,
6.327699199,137953607,,rFF44,1607691336,100.00,,
6.327699199,21394744921,,instructions,1607886472,100.00,3.55,insn per cycle
6.327699199,6030144480,,cycles,1608046366,100.00,,
6.428206137,4446365,,rD044,1608078046,100.00,,
6.428206137,136403931,,rFF44,1607886074,100.00,,
6.428206137,21208094742,,instructions,1607891056,100.00,3.52,insn per cycle
6.428206137,6029599688,,cycles,1607901096,100.00,,
6.528702856,5241073,,rD044,1608064086,100.00,,
6.528702856,136938132,,rFF44,1607742044,100.00,,
6.528702856,21274916166,,instructions,1607446696,100.00,3.53,insn per cycle
6.528702856,6027078477,,cycles,1607229366,100.00,,
6.629150943,5400065,,rD044,1606696306,100.00,,
6.629150943,135945810,,rFF44,1606409780,100.00,,
6.629150943,21149644211,,instructions,1606326205,100.00,3.51,insn per cycle
6.629150943,6023488841,,cycles,1606278356,100.00,,
6.729553911,5553689,,rD044,1606726376,100.00,,
6.729553911,137000429,,rFF44,1607484561,100.00,,
6.729553911,21289340144,,instructions,1608038777,100.00,3.53,insn per cycle
6.729553911,6030519771,,cycles,1608146076,100.00,,
6.830053949,4854421,,rD044,1607826046,100.00,,
6.830053949,138125924,,rFF44,1607303114,100.00,,
6.830053949,21408547408,,instructions,1606833926,100.00,3.55,insn per cycle
6.830053949,6025382810,,cycles,1606793566,100.00,,
6.930496367,5384523,,rD044,1607132496,100.00,,
6.930496367,136903197,,rFF44,1607384047,100.00,,
6.930496367,21277074307,,instructions,1607516656,100.00,3.53,insn per cycle
6.930496367,6029201003,,cycles,1607794036,100.00,,
7.030981855,4794928,,rD044,1607622226,100.00,,
7.030981855,136800468,,rFF44,1607368566,100.00,,
7.030981855,21266482398,,instructions,1607545926,100.00,3.53,insn per cycle
7.030981855,6028007095,,cycles,1607476436,100.00,,
7.131439823,4721460,,rD044,1607560946,100.00,,
7.131439823,136102314,,rFF44,1607786814,100.00,,
7.131439823,21165342345,,instructions,1607798336,100.00,3.51,insn per cycle
7.131439823,6029927279,,cycles,1607987786,100.00,,
7.231943402,5058866,,rD044,1607648676,100.00,,
7.231943402,136900938,,rFF44,1607162274,100.00,,
7.231943402,21270400551,,instructions,1606745846,100.00,3.53,insn per cycle
7.231943402,6023454275,,cycles,1606263316,100.00,,
7.332331739,5060489,,rD044,1606337686,100.00,,
7.332331739,139430108,,rFF44,1606384746,100.00,,
7.332331739,21578154154,,instructions,1606378035,100.00,3.58,insn per cycle
7.332331739,6023921834,,cycles,1606386696,100.00,,
7.432727136,4731291,,rD044,1606391856,100.00,,
7.432727136,137169981,,rFF44,1606527786,100.00,,
7.432727136,21311560598,,instructions,1606553721,100.00,3.54,insn per cycle
7.432727136,6024784475,,cycles,1606617224,100.00,,
7.533178464,4789846,,rD044,1607608676,100.00,,
7.533178464,135692696,,rFF44,1607965776,100.00,,
7.533178464,21129747549,,instructions,1608455698,100.00,3.50,insn per cycle
7.533178464,6031777352,,cycles,1608481208,100.00,,
7.633675043,4853511,,rD044,1607685036,100.00,,
7.633675043,136018897,,rFF44,1608097891,100.00,,
7.633675043,21156973330,,instructions,1608152000,100.00,3.51,insn per cycle
7.633675043,6032588180,,cycles,1608704716,100.00,,
7.734240202,5023139,,rD044,1609045432,100.00,,
7.734240202,136262730,,rFF44,1608617966,100.00,,
7.734240202,21192847194,,instructions,1608205525,100.00,3.51,insn per cycle
7.734240202,6029268748,,cycles,1607828928,100.00,,
7.834733240,4732692,,rD044,1607685159,100.00,,
7.834733240,136266303,,rFF44,1607474376,100.00,,
7.834733240,21204561380,,instructions,1607756536,100.00,3.52,insn per cycle
7.834733240,6028560239,,cycles,1607625411,100.00,,
7.935201478,4676923,,rD044,1607445128,100.00,,
7.935201478,137697295,,rFF44,1607269436,100.00,,
7.935201478,21355885848,,instructions,1607059276,100.00,3.54,insn per cycle
7.935201478,6026753505,,cycles,1607141122,100.00,,
8.035646576,5471722,,rD044,1607119842,100.00,,
8.035646576,137228285,,rFF44,1607535176,100.00,,
8.035646576,21319870628,,instructions,1607638336,100.00,3.54,insn per cycle
8.035646576,6028820361,,cycles,1607693314,100.00,,
8.136130054,4658108,,rD044,1607472519,100.00,,
8.136130054,136285180,,rFF44,1606947196,100.00,,
8.136130054,21197555702,,instructions,1606622956,100.00,3.52,insn per cycle
8.136130054,6023882460,,cycles,1606383494,100.00,,
8.236544572,5256954,,rD044,1606878250,100.00,,
8.236544572,136406415,,rFF44,1607004836,100.00,,
8.236544572,21218346879,,instructions,1607034176,100.00,3.52,insn per cycle
8.236544572,6026400745,,cycles,1607048756,100.00,,
8.336968939,4983886,,rD044,1606643561,100.00,,
8.336968939,136468704,,rFF44,1606639209,100.00,,
8.336968939,21215627378,,instructions,1606615396,100.00,3.52,insn per cycle
8.336968939,6024983676,,cycles,1606674836,100.00,,
8.437391747,4949864,,rD044,1606824256,100.00,,
8.437391747,136497250,,rFF44,1606843907,100.00,,
8.437391747,21231147731,,instructions,1606919126,100.00,3.52,insn per cycle
8.437391747,6025941127,,cycles,1606925256,100.00,,
8.537821295,4542688,,rD044,1607083586,100.00,,
8.537821295,136060705,,rFF44,1607272756,100.00,,
8.537821295,21176450000,,instructions,1607330195,100.00,3.51,insn per cycle
8.537821295,6027432650,,cycles,1607329606,100.00,,
8.638275772,5020859,,rD044,1607585526,100.00,,
8.638275772,136128353,,rFF44,1607571040,100.00,,
8.638275772,21189309549,,instructions,1607571477,100.00,3.52,insn per cycle
8.638275772,6028046249,,cycles,1607486706,100.00,,
8.738747251,4613943,,rD044,1606757936,100.00,,
8.738747251,135951323,,rFF44,1606429082,100.00,,
8.738747251,21142927326,,instructions,1606271200,100.00,3.51,insn per cycle
8.738747251,6023377272,,cycles,1606241694,100.00,,
8.839135158,5148231,,rD044,1606330601,100.00,,
8.839135158,136394967,,rFF44,1606458055,100.00,,
8.839135158,21219608381,,instructions,1606526475,100.00,3.52,insn per cycle
8.839135158,6025559954,,cycles,1606839727,100.00,,
8.939574946,4997126,,rD044,1607222573,100.00,,
8.939574946,138074774,,rFF44,1607680856,100.00,,
8.939574946,21433390057,,instructions,1608166030,100.00,3.55,insn per cycle
8.939574946,6030733751,,cycles,1608202546,100.00,,
9.040086464,4572951,,rD044,1608000063,100.00,,
9.040086464,135711505,,rFF44,1607616426,100.00,,
9.040086464,21136125104,,instructions,1607093642,100.00,3.51,insn per cycle
9.040086464,6025309971,,cycles,1606758150,100.00,,
9.140519692,4561735,,rD044,1606705603,100.00,,
9.140519692,136475525,,rFF44,1606488976,100.00,,
9.140519692,21220129793,,instructions,1606511336,100.00,3.52,insn per cycle
9.140519692,6024770230,,cycles,1606612456,100.00,,
9.240922239,4741503,,rD044,1606446073,100.00,,
9.240922239,137170240,,rFF44,1606472373,100.00,,
9.240922239,21301041314,,instructions,1606616126,100.00,3.54,insn per cycle
9.240922239,6024484250,,cycles,1606537616,100.00,,
9.341331277,5263077,,rD044,1606697626,100.00,,
9.341331277,137076306,,rFF44,1606905038,100.00,,
9.341331277,21297289889,,instructions,1607017766,100.00,3.53,insn per cycle
9.341331277,6026691804,,cycles,1607125206,100.00,,
9.441810415,5481320,,rD044,1607936486,100.00,,
9.441810415,136763317,,rFF44,1607953847,100.00,,
9.441810415,21258533112,,instructions,1607720456,100.00,3.53,insn per cycle
9.441810415,6030111546,,cycles,1608035726,100.00,,
9.542279143,5145221,,rD044,1607482801,100.00,,
9.542279143,136946478,,rFF44,1608024516,100.00,,
9.542279143,21284005661,,instructions,1608123176,100.00,3.53,insn per cycle
9.542279143,6029283382,,cycles,1607818446,100.00,,
9.642767031,5270593,,rD044,1607722317,100.00,,
9.642767031,137541882,,rFF44,1607726405,100.00,,
9.642767031,21363709367,,instructions,1608065045,100.00,3.54,insn per cycle
9.642767031,6029814809,,cycles,1607988150,100.00,,
9.743268920,5194332,,rD044,1607657022,100.00,,
9.743268920,135828576,,rFF44,1607055636,100.00,,
9.743268920,21132685757,,instructions,1606579376,100.00,3.51,insn per cycle
9.743268920,6024340888,,cycles,1606520661,100.00,,
9.843685941,5387502,,rD044,1606994603,100.00,,
9.843685941,135409827,,rFF44,1607184766,100.00,,
9.843685941,21100306187,,instructions,1607301826,100.00,3.50,insn per cycle
9.843685941,6027667982,,cycles,1607430919,100.00,,
9.944154363,4735955,,rD044,1607242884,100.00,,
9.944154363,136686198,,rFF44,1607020476,100.00,,
9.944154363,21237856966,,instructions,1607099926,100.00,3.52,insn per cycle
9.944154363,6027814882,,cycles,1607423958,100.00,,
10.044619515,5284161,,rD044,1607314156,100.00,,
10.044619515,137090684,,rFF44,1607286156,100.00,,
10.044619515,21295770827,,instructions,1607051106,100.00,3.53,insn per cycle
10.044619515,6024727091,,cycles,1606602601,100.00,,
10.145034776,5034926,,rD044,1606885003,100.00,,
10.145034776,138105235,,rFF44,1607449186,100.00,,
10.145034776,21426639927,,instructions,1607826536,100.00,3.55,insn per cycle
10.145034776,6029754457,,cycles,1607947018,100.00,,
10.245545318,4517103,,rD044,1607855699,100.00,,
10.245545318,136770984,,rFF44,1607621536,100.00,,
10.245545318,21243628082,,instructions,1607507876,100.00,3.52,insn per cycle
10.245545318,6029732406,,cycles,1607934336,100.00,,
10.346043740,5615634,,rD044,1608403264,100.00,,
10.346043740,137725794,,rFF44,1608804796,100.00,,
10.346043740,21392249270,,instructions,1609186622,100.00,3.54,insn per cycle
10.346043740,6034784568,,cycles,1609285790,100.00,,
10.446623113,5429727,,rD044,1608683426,100.00,,
10.446623113,136644670,,rFF44,1608118290,100.00,,
10.446623113,21246648975,,instructions,1607544586,100.00,3.53,insn per cycle
10.446623113,6025714431,,cycles,1606865746,100.00,,
10.547036994,4698079,,rD044,1606836006,100.00,,
10.547036994,135639273,,rFF44,1606683233,100.00,,
10.547036994,21095958983,,instructions,1606623256,100.00,3.50,insn per cycle
10.547036994,6024841092,,cycles,1606631746,100.00,,
10.647454925,4814411,,rD044,1606412926,100.00,,
10.647454925,136821493,,rFF44,1606314865,100.00,,
10.647454925,21260579183,,instructions,1606358000,100.00,3.53,insn per cycle
10.647454925,6023969285,,cycles,1606399792,100.00,,
10.747856536,4931225,,rD044,1606713722,100.00,,
10.747856536,136376408,,rFF44,1606923225,100.00,,
10.747856536,21208984985,,instructions,1607119885,100.00,3.52,insn per cycle
10.747856536,6026993057,,cycles,1607213224,100.00,,
10.848307098,4834810,,rD044,1607093374,100.00,,
10.848307098,137203314,,rFF44,1606998186,100.00,,
10.848307098,21306845960,,instructions,1606758336,100.00,3.54,insn per cycle
10.848307098,6024826906,,cycles,1606628275,100.00,,
10.948724289,4693306,,rD044,1606661388,100.00,,
10.948724289,136541940,,rFF44,1606619436,100.00,,
10.948724289,21219905339,,instructions,1606620926,100.00,3.52,insn per cycle
10.948724289,6024845877,,cycles,1606633286,100.00,,
11.049145100,5018470,,rD044,1606832214,100.00,,
11.049145100,136244301,,rFF44,1607449756,100.00,,
11.049145100,21189081133,,instructions,1607958346,100.00,3.51,insn per cycle
11.049145100,6032540109,,cycles,1608683404,100.00,,
11.149699903,4868640,,rD044,1609219220,100.00,,
11.149699903,137084697,,rFF44,1609172146,100.00,,
11.149699903,21306283381,,instructions,1609302071,100.00,3.53,insn per cycle
11.149699903,6033391865,,cycles,1608915444,100.00,,
11.250276255,4921974,,rD044,1609043029,100.00,,
11.250276255,135613324,,rFF44,1608801042,100.00,,
11.250276255,21105377585,,instructions,1608343497,100.00,3.50,insn per cycle
11.250276255,6031353633,,cycles,1608366676,100.00,,
11.350768857,5224142,,rD044,1607610047,100.00,,
11.350768857,137277195,,rFF44,1607466936,100.00,,
11.350768857,21315567475,,instructions,1607414716,100.00,3.54,insn per cycle
11.350768857,6026866473,,cycles,1607175246,100.00,,
11.451211709,4902310,,rD044,1606958173,100.00,,
11.451211709,135914317,,rFF44,1606786463,100.00,,
11.451211709,21143624365,,instructions,1606895136,100.00,3.51,insn per cycle
11.451211709,6025405472,,cycles,1606782566,100.00,,
11.551639710,4490616,,rD044,1606757906,100.00,,
11.551639710,135958516,,rFF44,1606784245,100.00,,
11.551639710,21151015702,,instructions,1606700346,100.00,3.51,insn per cycle
11.551639710,6025821811,,cycles,1606892636,100.00,,
11.652076041,4396404,,rD044,1607030546,100.00,,
11.652076041,136658705,,rFF44,1607305869,100.00,,
11.652076041,21253723542,,instructions,1607976346,100.00,3.52,insn per cycle
11.652076041,6031982241,,cycles,1608536666,100.00,,
11.752613984,4831762,,rD044,1608407976,100.00,,
11.752613984,138173403,,rFF44,1607960896,100.00,,
11.752613984,21416727358,,instructions,1607136076,100.00,3.56,insn per cycle
11.752613984,6023763064,,cycles,1606344886,100.00,,
11.852995935,5282579,,rD044,1606054956,100.00,,
11.852995935,139241775,,rFF44,1606045351,100.00,,
11.852995935,21550152432,,instructions,1606064103,100.00,3.58,insn per cycle
11.852995935,6022677568,,cycles,1606065086,100.00,,
11.953379815,5529657,,rD044,1606199625,100.00,,
11.953379815,138364967,,rFF44,1606289006,100.00,,
11.953379815,21452561282,,instructions,1606480223,100.00,3.56,insn per cycle
11.953379815,6024604034,,cycles,1606568921,100.00,,
12.053791596,5035412,,rD044,1607106491,100.00,,
12.053791596,136326037,,rFF44,1607776526,100.00,,
12.053791596,21211990053,,instructions,1608334214,100.00,3.52,insn per cycle
12.053791596,6034169497,,cycles,1609117081,100.00,,
12.154381399,5562681,,rD044,1608974022,100.00,,
12.154381399,136300096,,rFF44,1608464296,100.00,,
12.154381399,21202010241,,instructions,1607929004,100.00,3.52,insn per cycle
12.154381399,6026979806,,cycles,1607204956,100.00,,
12.254816501,5334326,,rD044,1607282286,100.00,,
12.254816501,134970422,,rFF44,1607949626,100.00,,
12.254816501,21031336676,,instructions,1608402516,100.00,3.49,insn per cycle
12.254816501,6031892010,,cycles,1608512366,100.00,,
12.355347453,5361286,,rD044,1608327436,100.00,,
12.355347453,139095207,,rFF44,1607708202,100.00,,
12.355347453,21537353773,,instructions,1607293546,100.00,3.57,insn per cycle
12.355347453,6027213028,,cycles,1607264186,100.00,,
12.455803295,4989822,,rD044,1607906105,100.00,,
12.455803295,135921908,,rFF44,1608609336,100.00,,
12.455803295,21169506963,,instructions,1609383428,100.00,3.51,insn per cycle
12.455803295,6036227391,,cycles,1609668002,100.00,,
12.556409828,4926926,,rD044,1608982223,100.00,,
12.556409828,136537424,,rFF44,1608178896,100.00,,
12.556409828,21223160440,,instructions,1607239677,100.00,3.52,insn per cycle
12.556409828,6025421195,,cycles,1606787476,100.00,,
12.656830769,5434382,,rD044,1606763326,100.00,,
12.656830769,136098321,,rFF44,1606808876,100.00,,
12.656830769,21177039270,,instructions,1606752093,100.00,3.51,insn per cycle
12.656830769,6025278846,,cycles,1606748916,100.00,,
12.757254470,4652889,,rD044,1606783304,100.00,,
12.757254470,136007572,,rFF44,1607611556,100.00,,
12.757254470,21166828166,,instructions,1607788356,100.00,3.51,insn per cycle
12.757254470,6030622323,,cycles,1608180386,100.00,,
12.857814463,4997572,,rD044,1609621773,100.00,,
12.857814463,137034814,,rFF44,1609275912,100.00,,
12.857814463,21298790209,,instructions,1609385232,100.00,3.53,insn per cycle
12.857814463,6036584430,,cycles,1609770908,100.00,,
12.958395756,5006293,,rD044,1608834717,100.00,,
12.958395756,136449551,,rFF44,1608615646,100.00,,
12.958395756,21223089742,,instructions,1608588877,100.00,3.52,insn per cycle
12.958395756,6029328052,,cycles,1607832650,100.00,,
13.058883288,4863145,,rD044,1607609596,100.00,,
13.058883288,136673135,,rFF44,1607219966,100.00,,
13.058883288,21240956043,,instructions,1606940177,100.00,3.52,insn per cycle
13.058883288,6025886869,,cycles,1606913646,100.00,,
13.159314869,4831447,,rD044,1606929336,100.00,,
13.159314869,136435724,,rFF44,1607232086,100.00,,
13.159314869,21221448566,,instructions,1607284925,100.00,3.52,insn per cycle
13.159314869,6027263039,,cycles,1607278086,100.00,,
13.259756541,5050186,,rD044,1606866595,100.00,,
13.259756541,135847829,,rFF44,1606519076,100.00,,
13.259756541,21157016814,,instructions,1606463855,100.00,3.51,insn per cycle
13.259756541,6024405108,,cycles,1606519630,100.00,,
13.360178212,4901663,,rD044,1606707287,100.00,,
13.360178212,135676091,,rFF44,1606729826,100.00,,
13.360178212,21136344907,,instructions,1606808246,100.00,3.51,insn per cycle
13.360178212,6026361325,,cycles,1607076706,100.00,,
13.460609233,5239681,,rD044,1606826410,100.00,,
13.460609233,137327421,,rFF44,1607064575,100.00,,
13.460609233,21340471580,,instructions,1607101126,100.00,3.54,insn per cycle
13.460609233,6025567447,,cycles,1606842266,100.00,,
13.561042454,4906604,,rD044,1607021166,100.00,,
13.561042454,135682120,,rFF44,1606847999,100.00,,
13.561042454,21116927609,,instructions,1606777296,100.00,3.50,insn per cycle
13.561042454,6025132012,,cycles,1606723836,100.00,,
13.661463326,5222288,,rD044,1606754915,100.00,,
13.661463326,136291858,,rFF44,1606728577,100.00,,
13.661463326,21204621863,,instructions,1606662612,100.00,3.52,insn per cycle
13.661463326,6024865618,,cycles,1606665185,100.00,,
13.761883207,4837545,,rD044,1606359954,100.00,,
13.761883207,136000313,,rFF44,1606424274,100.00,,
13.761883207,21165294934,,instructions,1606487511,100.00,3.51,insn per cycle
13.761883207,6024194127,,cycles,1606505393,100.00,,
13.862302288,4577559,,rD044,1606767903,100.00,,
13.862302288,136530355,,rFF44,1606869724,100.00,,
13.862302288,21230706237,,instructions,1606880754,100.00,3.52,insn per cycle
13.862302288,6025751201,,cycles,1606904597,100.00,,
13.962741899,4651183,,rD044,1607049624,100.00,,
13.962741899,136385694,,rFF44,1607031766,100.00,,
13.962741899,21203427612,,instructions,1606964976,100.00,3.52,insn per cycle
13.962741899,6025876688,,cycles,1606908318,100.00,,
14.063174870,5110663,,rD044,1606869090,100.00,,
14.063174870,136485779,,rFF44,1606871316,100.00,,
14.063174870,21228969530,,instructions,1607150616,100.00,3.52,insn per cycle
14.063174870,6027544274,,cycles,1607352556,100.00,,
14.163632492,4563293,,rD044,1607131562,100.00,,
14.163632492,136618311,,rFF44,1606933806,100.00,,
14.163632492,21234305432,,instructions,1606671436,100.00,3.52,insn per cycle
14.163632492,6024288195,,cycles,1606485156,100.00,,
14.264039583,5020729,,rD044,1606902123,100.00,,
14.264039583,136497088,,rFF44,1607124605,100.00,,
14.264039583,21228530369,,instructions,1607280586,100.00,3.52,insn per cycle
14.264039583,6027629834,,cycles,1607375266,100.00,,
14.364515355,5642840,,rD044,1607427610,100.00,,
14.364515355,137819832,,rFF44,1607740887,100.00,,
14.364515355,21388079990,,instructions,1607959946,100.00,3.55,insn per cycle
14.364515355,6031029148,,cycles,1608281711,100.00,,
14.465024577,5300319,,rD044,1608144360,100.00,,
14.465024577,138286100,,rFF44,1607943586,100.00,,
14.465024577,21442535502,,instructions,1607684156,100.00,3.56,insn per cycle
14.465024577,6027540118,,cycles,1607352864,100.00,,
14.565508079,5055550,,rD044,1607885052,100.00,,
14.565508079,136904711,,rFF44,1607776206,100.00,,
14.565508079,21277194193,,instructions,1607820016,100.00,3.53,insn per cycle
14.565508079,6029284275,,cycles,1607817186,100.00,,
14.665965190,4835898,,rD044,1607028915,100.00,,
14.665965190,136760773,,rFF44,1607024126,100.00,,
14.665965190,21260790480,,instructions,1606910346,100.00,3.53,insn per cycle
14.665965190,6025758779,,cycles,1606876437,100.00,,
14.766403092,5145351,,rD044,1606930351,100.00,,
14.766403092,136845759,,rFF44,1606898096,100.00,,
14.766403092,21259928018,,instructions,1607009866,100.00,3.53,insn per cycle
14.766403092,6026384960,,cycles,1607057272,100.00,,
14.866881584,4982515,,rD044,1607519219,100.00,,
14.866881584,136257845,,rFF44,1607345316,100.00,,
14.866881584,21199841400,,instructions,1607327966,100.00,3.52,insn per cycle
14.866881584,6027555856,,cycles,1607355796,100.00,,
14.967301765,4823143,,rD044,1606859571,100.00,,
14.967301765,137266530,,rFF44,1607171686,100.00,,
14.967301765,21317421192,,instructions,1607183626,100.00,3.54,insn per cycle
14.967301765,6027006765,,cycles,1607208606,100.00,,
15.067755866,5289921,,rD044,1607392916,100.00,,
15.067755866,136191265,,rFF44,1607327046,100.00,,
15.067755866,21179823765,,instructions,1607180786,100.00,3.51,insn per cycle
15.067755866,6026337716,,cycles,1607031766,100.00,,
15.168191068,4724921,,rD044,1606891480,100.00,,
15.168191068,136141500,,rFF44,1606652944,100.00,,
15.168191068,21170190822,,instructions,1606710856,100.00,3.51,insn per cycle
15.168191068,6025245584,,cycles,1606740156,100.00,,
15.268612289,5065928,,rD044,1606686036,100.00,,
15.268612289,136832453,,rFF44,1607272863,100.00,,
15.268612289,21265442945,,instructions,1607850186,100.00,3.52,insn per cycle
15.268612289,6033401573,,cycles,1608909925,100.00,,
15.369207622,5001154,,rD044,1609716882,100.00,,
15.369207622,135750629,,rFF44,1610063904,100.00,,
15.369207622,21124343884,,instructions,1609769512,100.00,3.50,insn per cycle
15.369207622,6034013399,,cycles,1609082533,100.00,,
15.469756954,4992012,,rD044,1608636956,100.00,,
15.469756954,137262157,,rFF44,1607949136,100.00,,
15.469756954,21312652492,,instructions,1608055196,100.00,3.53,insn per cycle
15.469756954,6029282660,,cycles,1607816656,100.00,,
15.570230726,4489105,,rD044,1607482056,100.00,,
15.570230726,136962389,,rFF44,1607216033,100.00,,
15.570230726,21268694711,,instructions,1606929186,100.00,3.53,insn per cycle
15.570230726,6025143847,,cycles,1606713236,100.00,,
15.670653217,4906186,,rD044,1606595636,100.00,,
15.670653217,135748334,,rFF44,1606561876,100.00,,
15.670653217,21123071730,,instructions,1606328529,100.00,3.51,insn per cycle
15.670653217,6023633718,,cycles,1606309956,100.00,,
15.771044758,4797546,,rD044,1606686876,100.00,,
15.771044758,136808724,,rFF44,1607650180,100.00,,
15.771044758,21262055394,,instructions,1608031113,100.00,3.53,insn per cycle
15.771044758,6031227480,,cycles,1608342976,100.00,,
15.871580491,5121278,,rD044,1608203376,100.00,,
15.871580491,136360580,,rFF44,1607264692,100.00,,
15.871580491,21216275231,,instructions,1607135156,100.00,3.52,insn per cycle
15.871580491,6027509637,,cycles,1607342066,100.00,,
15.972033792,4832636,,rD044,1607375526,100.00,,
15.972033792,135751704,,rFF44,1607532210,100.00,,
15.972033792,21124510061,,instructions,1607586466,100.00,3.50,insn per cycle
15.972033792,6027299544,,cycles,1607288816,100.00,,
16.072496934,5390683,,rD044,1607149996,100.00,,
16.072496934,137228291,,rFF44,1607021042,100.00,,
16.072496934,21317599325,,instructions,1606933606,100.00,3.54,insn per cycle
16.072496934,6025787272,,cycles,1606884406,100.00,,
16.172916565,4666927,,rD044,1606649136,100.00,,
16.172916565,135879757,,rFF44,1606551446,100.00,,
16.172916565,21124997941,,instructions,1606382980,100.00,3.51,insn per cycle
16.172916565,6023435042,,cycles,1606257232,100.00,,
16.190332970,169559,,rD044,231152128,100.00,,
16.190332970,1579688,,rFF44,230317728,100.00,,
16.190332970,716571723,,instructions,229578948,100.00,0.84,insn per cycle
16.190332970,858132586,,cycles,228862786,100.00,,
