0.100124522,3294077,,rD044,92474984,100.00,,
0.100124522,15616019,,rFF44,92480294,100.00,,
0.100124522,342157591,,instructions,92484774,100.00,1.00,insn per cycle
0.100124522,343001956,,cycles,92489904,100.00,,
0.200391176,5490434,,rD044,100263905,100.00,,
0.200391176,23946582,,rFF44,100264715,100.00,,
0.200391176,504158121,,instructions,100264725,100.00,1.34,insn per cycle
0.200391176,375990270,,cycles,100264565,100.00,,
0.300604470,5487110,,rD044,100211985,100.00,,
0.300604470,23915773,,rFF44,100212195,100.00,,
0.300604470,503786900,,instructions,100212615,100.00,1.34,insn per cycle
0.300604470,375794701,,cycles,100212615,100.00,,
0.400818093,6477306,,rD044,100212955,100.00,,
0.400818093,27720864,,rFF44,100212385,100.00,,
0.400818093,174545803,,instructions,100211865,100.00,0.46,insn per cycle
0.400818093,375791212,,cycles,100211405,100.00,,
0.501030257,6935868,,rD044,100211825,100.00,,
0.501030257,29883159,,rFF44,100211595,100.00,,
0.501030257,37298160,,instructions,100212655,100.00,0.10,insn per cycle
0.501030257,375797261,,cycles,100213155,100.00,,
0.601240480,6287289,,rD044,1125376713,100.00,,
0.601240480,111394246,,rFF44,1131199110,100.00,,
0.601240480,14218374990,,instructions,1135594305,100.00,3.33,insn per cycle
0.601240480,4270980679,,cycles,1139460093,100.00,,
0.702044900,5049070,,rD044,3225384432,100.00,,
0.702044900,269648481,,rFF44,3225170003,100.00,,
0.702044900,41925851972,,instructions,3225319997,100.00,3.47,insn per cycle
0.702044900,12096783153,,cycles,3225842994,100.00,,
0.802857581,5420758,,rD044,3225727646,100.00,,
0.802857581,270947073,,rFF44,3225031506,100.00,,
0.802857581,42078472519,,instructions,3225108099,100.00,3.48,insn per cycle
0.802857581,12098247186,,cycles,3226224256,100.00,,
0.903700151,5729802,,rD044,3226711837,100.00,,
0.903700151,271895935,,rFF44,3226658946,100.00,,
0.903700151,42184119221,,instructions,3226113795,100.00,3.49,insn per cycle
0.903700151,12093551792,,cycles,3224962687,100.00,,
1.004460401,6067743,,rD044,3224964028,100.00,,
1.004460401,272586946,,rFF44,3225854719,100.00,,
1.004460401,42294781761,,instructions,3227876826,100.00,3.49,insn per cycle
1.004460401,12109605764,,cycles,3229262058,100.00,,
1.105385042,5672791,,rD044,3229118339,100.00,,
1.105385042,272604403,,rFF44,3227788487,100.00,,
1.105385042,42260132661,,instructions,3225437855,100.00,3.50,insn per cycle
1.105385042,12087869502,,cycles,3223452941,100.00,,
1.206111842,5650705,,rD044,3223223052,100.00,,
1.206111842,271546427,,rFF44,3224343140,100.00,,
1.206111842,42149287678,,instructions,3225332913,100.00,3.48,insn per cycle
1.206111842,12103550265,,cycles,3227629886,100.00,,
1.307021583,5816966,,rD044,3228590820,100.00,,
1.307021583,272535682,,rFF44,3227705606,100.00,,
1.307021583,42263620595,,instructions,3227351529,100.00,3.49,insn per cycle
1.307021583,12094628077,,cycles,3225276295,100.00,,
1.407774622,5682144,,rD044,3224610243,100.00,,
1.407774622,272758275,,rFF44,3225038469,100.00,,
1.407774622,42277150736,,instructions,3224606269,100.00,3.50,insn per cycle
1.407774622,12093406609,,cycles,3224924785,100.00,,
1.508556972,5588461,,rD044,3224712638,100.00,,
1.508556972,272800132,,rFF44,3224269501,100.00,,
1.508556972,42310519813,,instructions,3225067937,100.00,3.50,insn per cycle
1.508556972,12099368212,,cycles,3226516626,100.00,,
1.609397323,5774650,,rD044,3227172351,100.00,,
1.609397323,272595842,,rFF44,3227420645,100.00,,
1.609397323,42273040239,,instructions,3227002773,100.00,3.49,insn per cycle
1.609397323,12098269635,,cycles,3226239028,100.00,,
1.710205183,5882127,,rD044,3225397357,100.00,,
1.710205183,269584758,,rFF44,3225535877,100.00,,
1.710205183,41908282605,,instructions,3226292115,100.00,3.46,insn per cycle
1.710205183,12097178276,,cycles,3225958352,100.00,,
1.811022083,5917136,,rD044,3226971148,100.00,,
1.811022083,273387698,,rFF44,3228413611,100.00,,
1.811022083,42374632856,,instructions,3228168887,100.00,3.50,insn per cycle
1.811022083,12102597796,,cycles,3227375495,100.00,,
1.911859144,5934915,,rD044,3226243980,100.00,,
1.911859144,275433048,,rFF44,3224279498,100.00,,
1.911859144,42576111202,,instructions,3222298598,100.00,3.52,insn per cycle
1.911859144,12079798575,,cycles,3221317284,100.00,,
2.012537283,6134123,,rD044,3222922978,100.00,,
2.012537283,273195005,,rFF44,3224752429,100.00,,
2.012537283,42374390557,,instructions,3226857043,100.00,3.50,insn per cycle
2.012537283,12106917462,,cycles,3228525768,100.00,,
2.113439354,6009733,,rD044,3227122788,100.00,,
2.113439354,272555193,,rFF44,3225426432,100.00,,
2.113439354,42260585333,,instructions,3225169799,100.00,3.49,insn per cycle
2.113439354,12096461890,,cycles,3225736193,100.00,,
2.214250334,5297920,,rD044,3226662329,100.00,,
2.214250334,273537307,,rFF44,3226641655,100.00,,
2.214250334,42389142753,,instructions,3226248395,100.00,3.50,insn per cycle
2.214250334,12095494401,,cycles,3225484331,100.00,,
2.315036354,5556708,,rD044,3224354239,100.00,,
2.315036354,273474034,,rFF44,3223821295,100.00,,
2.315036354,42360273663,,instructions,3223168965,100.00,3.51,insn per cycle
2.315036354,12085602300,,cycles,3222841819,100.00,,
2.415747293,5619951,,rD044,3222741318,100.00,,
2.415747293,272246591,,rFF44,3223454015,100.00,,
2.415747293,42232136123,,instructions,3223827550,100.00,3.49,insn per cycle
2.415747293,12089766706,,cycles,3223961528,100.00,,
2.516517933,5405572,,rD044,3224666495,100.00,,
2.516517933,272170588,,rFF44,3224306642,100.00,,
2.516517933,42223684323,,instructions,3223990920,100.00,3.49,insn per cycle
2.516517933,12092102435,,cycles,3224590566,100.00,,
2.617274542,5292280,,rD044,3224784027,100.00,,
2.617274542,272486677,,rFF44,3225622437,100.00,,
2.617274542,42271789536,,instructions,3226791508,100.00,3.49,insn per cycle
2.617274542,12102135739,,cycles,3227269790,100.00,,
2.718143553,5687760,,rD044,3227837647,100.00,,
2.718143553,273300950,,rFF44,3227959606,100.00,,
2.718143553,42360521263,,instructions,3228022929,100.00,3.50,insn per cycle
2.718143553,12102772565,,cycles,3227422232,100.00,,
2.818983014,5510053,,rD044,3225682688,100.00,,
2.818983014,273228272,,rFF44,3224976976,100.00,,
2.818983014,42348884622,,instructions,3225012119,100.00,3.50,insn per cycle
2.818983014,12094887480,,cycles,3225317670,100.00,,
2.919780244,6016635,,rD044,3225859664,100.00,,
2.919780244,273363692,,rFF44,3225992150,100.00,,
2.919780244,42354652489,,instructions,3224783894,100.00,3.50,insn per cycle
2.919780244,12095617950,,cycles,3225519305,100.00,,
3.020623115,5503886,,rD044,3226865909,100.00,,
3.020623115,273911855,,rFF44,3226209289,100.00,,
3.020623115,42441439056,,instructions,3226682870,100.00,3.51,insn per cycle
3.020623115,12094192278,,cycles,3225142772,100.00,,
3.121359644,5494273,,rD044,3223802190,100.00,,
3.121359644,273715723,,rFF44,3224420433,100.00,,
3.121359644,42405954678,,instructions,3224309261,100.00,3.51,insn per cycle
3.121359644,12091260386,,cycles,3224350268,100.00,,
3.222132664,5192205,,rD044,3224455043,100.00,,
3.222132664,272937701,,rFF44,3224665817,100.00,,
3.222132664,42326496249,,instructions,3225706184,100.00,3.50,insn per cycle
3.222132664,12103787576,,cycles,3227698087,100.00,,
3.323036225,5868238,,rD044,3228929314,100.00,,
3.323036225,271229862,,rFF44,3228460576,100.00,,
3.323036225,42120172438,,instructions,3228724435,100.00,3.48,insn per cycle
3.323036225,12105447556,,cycles,3228154864,100.00,,
3.423876485,5900512,,rD044,3226994371,100.00,,
3.423876485,273850303,,rFF44,3227224716,100.00,,
3.423876485,42417385064,,instructions,3226143643,100.00,3.51,insn per cycle
3.423876485,12091960572,,cycles,3224563132,100.00,,
3.524638545,5772943,,rD044,3224392282,100.00,,
3.524638545,273492551,,rFF44,3224676684,100.00,,
3.524638545,42386525877,,instructions,3224854983,100.00,3.51,insn per cycle
3.524638545,12092769746,,cycles,3224824828,100.00,,
3.625429465,5725136,,rD044,3225161021,100.00,,
3.625429465,272932857,,rFF44,3225020675,100.00,,
3.625429465,42312260289,,instructions,3225084730,100.00,3.50,insn per cycle
3.625429465,12097537256,,cycles,3226088626,100.00,,
3.726219485,5513205,,rD044,3224672801,100.00,,
3.726219485,273144311,,rFF44,3224438038,100.00,,
3.726219485,42334141192,,instructions,3224191173,100.00,3.50,insn per cycle
3.726219485,12087855683,,cycles,3223508513,100.00,,
3.827014475,5585364,,rD044,3225517505,100.00,,
3.827014475,273370264,,rFF44,3225528868,100.00,,
3.827014475,42360225333,,instructions,3225128397,100.00,3.50,insn per cycle
3.827014475,12092155087,,cycles,3224590700,100.00,,
3.927745734,5568449,,rD044,3223431285,100.00,,
3.927745734,272226480,,rFF44,3223635560,100.00,,
3.927745734,42243486713,,instructions,3224641426,100.00,3.49,insn per cycle
3.927745734,12093550707,,cycles,3224968400,100.00,,
4.028537655,5659758,,rD044,3225603184,100.00,,
4.028537655,273437147,,rFF44,3225678511,100.00,,
4.028537655,42369281663,,instructions,3225512054,100.00,3.50,insn per cycle
4.028537655,12096967788,,cycles,3225905954,100.00,,
4.129337775,5788234,,rD044,3225939205,100.00,,
4.129337775,273335959,,rFF44,3226389228,100.00,,
4.129337775,42374110206,,instructions,3226603264,100.00,3.50,insn per cycle
4.129337775,12104944380,,cycles,3228010391,100.00,,
4.230225196,5851484,,rD044,3227992716,100.00,,
4.230225196,275909532,,rFF44,3227012646,100.00,,
4.230225196,42649806092,,instructions,3225277741,100.00,3.53,insn per cycle
4.230225196,12083847202,,cycles,3222391231,100.00,,
4.330894464,5682884,,rD044,3221032391,100.00,,
4.330894464,272864789,,rFF44,3221108154,100.00,,
4.330894464,42318243280,,instructions,3222264301,100.00,3.50,insn per cycle
4.330894464,12089219468,,cycles,3223805681,100.00,,
4.431655694,5737003,,rD044,3225859828,100.00,,
4.431655694,274263478,,rFF44,3227310735,100.00,,
4.431655694,42491676367,,instructions,3227507335,100.00,3.51,insn per cycle
4.431655694,12106723751,,cycles,3228472652,100.00,,
4.532563475,5689510,,rD044,3228592970,100.00,,
4.532563475,274245111,,rFF44,3228367397,100.00,,
4.532563475,42482356542,,instructions,3228517669,100.00,3.51,insn per cycle
4.532563475,12101851987,,cycles,3227204451,100.00,,
4.633411796,5849942,,rD044,3225996101,100.00,,
4.633411796,273760053,,rFF44,3225019450,100.00,,
4.633411796,42412531042,,instructions,3224338702,100.00,3.51,insn per cycle
4.633411796,12091106821,,cycles,3224318067,100.00,,
4.734169856,5638398,,rD044,3224218381,100.00,,
4.734169856,273450110,,rFF44,3224191040,100.00,,
4.734169856,42385105108,,instructions,3224977028,100.00,3.50,insn per cycle
4.734169856,12099087217,,cycles,3226454244,100.00,,
4.835017966,5590771,,rD044,3227142412,100.00,,
4.835017966,273591062,,rFF44,3226903426,100.00,,
4.835017966,42382994163,,instructions,3225884092,100.00,3.51,insn per cycle
4.835017966,12090069632,,cycles,3224035607,100.00,,
4.935737155,5774859,,rD044,3223656299,100.00,,
4.935737155,272927169,,rFF44,3224368477,100.00,,
4.935737155,42317871738,,instructions,3224969226,100.00,3.50,insn per cycle
4.935737155,12097504464,,cycles,3226013550,100.00,,
5.036557396,5528643,,rD044,3225678403,100.00,,
5.036557396,273508144,,rFF44,3225483643,100.00,,
5.036557396,42391133212,,instructions,3225842575,100.00,3.50,insn per cycle
5.036557396,12097295842,,cycles,3225973192,100.00,,
5.137368366,5696666,,rD044,3226131293,100.00,,
5.137368366,273431505,,rFF44,3225876895,100.00,,
5.137368366,42369731690,,instructions,3225177358,100.00,3.50,insn per cycle
5.137368366,12091948297,,cycles,3224541074,100.00,,
5.238146156,5655518,,rD044,3224403685,100.00,,
5.238146156,273369475,,rFF44,3224093995,100.00,,
5.238146156,42354827449,,instructions,3223632881,100.00,3.50,insn per cycle
5.238146156,12087254733,,cycles,3223290694,100.00,,
5.338866505,5841139,,rD044,3224789932,100.00,,
5.338866505,273806488,,rFF44,3225934819,100.00,,
5.338866505,42437767911,,instructions,3227353933,100.00,3.51,insn per cycle
5.338866505,12106105193,,cycles,3228310281,100.00,,
5.439761766,5628023,,rD044,3228763568,100.00,,
5.439761766,273822669,,rFF44,3229049063,100.00,,
5.439761766,42434741165,,instructions,3228945060,100.00,3.50,insn per cycle
5.439761766,12110422941,,cycles,3229460626,100.00,,
5.540672797,5491985,,rD044,3228508099,100.00,,
5.540672797,274026189,,rFF44,3228674886,100.00,,
5.540672797,42449218287,,instructions,3227710269,100.00,3.51,insn per cycle
5.540672797,12098706862,,cycles,3226352846,100.00,,
5.641500178,5851122,,rD044,3226720789,100.00,,
5.641500178,273492016,,rFF44,3226401332,100.00,,
5.641500178,42389939336,,instructions,3227338941,100.00,3.50,insn per cycle
5.641500178,12105094260,,cycles,3228060676,100.00,,
5.742410459,5571395,,rD044,3227763001,100.00,,
5.742410459,273508927,,rFF44,3227208953,100.00,,
5.742410459,42387391293,,instructions,3227142380,100.00,3.50,insn per cycle
5.742410459,12100442778,,cycles,3226799980,100.00,,
5.843239990,5626773,,rD044,3226441138,100.00,,
5.843239990,273449165,,rFF44,3225735639,100.00,,
5.843239990,42373544112,,instructions,3224522422,100.00,3.50,insn per cycle
5.843239990,12089727488,,cycles,3223941980,100.00,,
5.943969939,5624681,,rD044,3223454612,100.00,,
5.943969939,272726970,,rFF44,3223538513,100.00,,
5.943969939,42300962086,,instructions,3224710590,100.00,3.50,insn per cycle
5.943969939,12096836958,,cycles,3225839744,100.00,,
6.044789709,5833881,,rD044,3226338771,100.00,,
6.044789709,274265705,,rFF44,3226746567,100.00,,
6.044789709,42461539987,,instructions,3225635750,100.00,3.51,insn per cycle
6.044789709,12091799965,,cycles,3224503646,100.00,,
6.145531889,5913775,,rD044,3223731020,100.00,,
6.145531889,273226756,,rFF44,3223138607,100.00,,
6.145531889,42364584762,,instructions,3223909929,100.00,3.50,insn per cycle
6.145531889,12094800429,,cycles,3225294927,100.00,,
6.246337149,5580113,,rD044,3225513442,100.00,,
6.246337149,273007705,,rFF44,3225811171,100.00,,
6.246337149,42338214531,,instructions,3225646421,100.00,3.50,insn per cycle
6.246337149,12093910979,,cycles,3225055798,100.00,,
6.347132239,5273133,,rD044,3226216294,100.00,,
6.347132239,273506687,,rFF44,3226574394,100.00,,
6.347132239,42388774832,,instructions,3226361016,100.00,3.50,insn per cycle
6.347132239,12098310189,,cycles,3226234486,100.00,,
6.447929509,5590129,,rD044,3224810569,100.00,,
6.447929509,272912365,,rFF44,3224291580,100.00,,
6.447929509,42315748129,,instructions,3224233185,100.00,3.50,insn per cycle
6.447929509,12090521396,,cycles,3224188885,100.00,,
6.548700049,5388354,,rD044,3224293802,100.00,,
6.548700049,274067135,,rFF44,3224457961,100.00,,
6.548700049,42461125746,,instructions,3224896715,100.00,3.51,insn per cycle
6.548700049,12091456848,,cycles,3224403582,100.00,,
6.649454368,5683438,,rD044,3225371175,100.00,,
6.649454368,273133367,,rFF44,3227550592,100.00,,
6.649454368,42350246560,,instructions,3227085736,100.00,3.50,insn per cycle
6.649454368,12103152223,,cycles,3227537003,100.00,,
6.750340450,5547511,,rD044,3227736133,100.00,,
6.750340450,276634302,,rFF44,3226911114,100.00,,
6.750340450,42785741604,,instructions,3227787874,100.00,3.54,insn per cycle
6.750340450,12103074095,,cycles,3227503143,100.00,,
6.851199460,5513803,,rD044,3226901942,100.00,,
6.851199460,274125942,,rFF44,3225434370,100.00,,
6.851199460,42456019354,,instructions,3224555482,100.00,3.51,insn per cycle
6.851199460,12090662151,,cycles,3224193904,100.00,,
6.951931940,5686259,,rD044,3223617684,100.00,,
6.951931940,272763604,,rFF44,3223575040,100.00,,
6.951931940,42304605132,,instructions,3223956653,100.00,3.50,insn per cycle
6.951931940,12093112177,,cycles,3224855798,100.00,,
7.052725960,5519461,,rD044,3225732706,100.00,,
7.052725960,273312340,,rFF44,3226508525,100.00,,
7.052725960,42376113303,,instructions,3226249116,100.00,3.50,insn per cycle
7.052725960,12096042890,,cycles,3225630992,100.00,,
7.153530670,5559216,,rD044,3225320475,100.00,,
7.153530670,273526817,,rFF44,3224598692,100.00,,
7.153530670,42396466532,,instructions,3224352751,100.00,3.51,insn per cycle
7.153530670,12090923297,,cycles,3224271883,100.00,,
7.254258659,5581760,,rD044,3223018125,100.00,,
7.254258659,273029191,,rFF44,3223755357,100.00,,
7.254258659,42336533640,,instructions,3223881459,100.00,3.50,insn per cycle
7.254258659,12088349059,,cycles,3223597037,100.00,,
7.355009069,5475511,,rD044,3223957312,100.00,,
7.355009069,272582680,,rFF44,3223086166,100.00,,
7.355009069,42278272724,,instructions,3223577573,100.00,3.50,insn per cycle
7.355009069,12090874258,,cycles,3224248712,100.00,,
7.455769478,5607130,,rD044,3224708824,100.00,,
7.455769478,273133484,,rFF44,3226179640,100.00,,
7.455769478,42347064789,,instructions,3226242045,100.00,3.50,insn per cycle
7.455769478,12096439403,,cycles,3225780097,100.00,,
7.556595749,5552451,,rD044,3226409749,100.00,,
7.556595749,274095745,,rFF44,3225826072,100.00,,
7.556595749,42456491644,,instructions,3225281192,100.00,3.51,insn per cycle
7.556595749,12093606008,,cycles,3225011985,100.00,,
7.657373248,5763557,,rD044,3224480585,100.00,,
7.657373248,273314384,,rFF44,3224183781,100.00,,
7.657373248,42363531939,,instructions,3224299801,100.00,3.50,insn per cycle
7.657373248,12094508141,,cycles,3225326391,100.00,,
7.758175569,5335213,,rD044,3225238028,100.00,,
7.758175569,272907154,,rFF44,3224910629,100.00,,
7.758175569,42322570630,,instructions,3224980266,100.00,3.50,insn per cycle
7.758175569,12092050507,,cycles,3224593775,100.00,,
7.858937458,5560350,,rD044,3225043968,100.00,,
7.858937458,273507673,,rFF44,3224574940,100.00,,
7.858937458,42391975435,,instructions,3224525176,100.00,3.51,insn per cycle
7.858937458,12089364657,,cycles,3223853816,100.00,,
7.959671138,5477690,,rD044,3223075116,100.00,,
7.959671138,273090892,,rFF44,3223311850,100.00,,
7.959671138,42331643079,,instructions,3223333964,100.00,3.50,insn per cycle
7.959671138,12090569044,,cycles,3224165505,100.00,,
8.060449378,5604826,,rD044,3224758557,100.00,,
8.060449378,274057192,,rFF44,3225144860,100.00,,
8.060449378,42462599954,,instructions,3225339312,100.00,3.51,insn per cycle
8.060449378,12095262474,,cycles,3225420558,100.00,,
8.161233417,5359669,,rD044,3224826885,100.00,,
8.161233417,273353538,,rFF44,3224619324,100.00,,
8.161233417,42373833336,,instructions,3224063948,100.00,3.51,insn per cycle
8.161233417,12088726354,,cycles,3223674801,100.00,,
8.261988797,5513515,,rD044,3224135402,100.00,,
8.261988797,273248175,,rFF44,3224031626,100.00,,
8.261988797,42366402533,,instructions,3224584278,100.00,3.50,insn per cycle
8.261988797,12091702113,,cycles,3224469706,100.00,,
8.362731497,5661178,,rD044,3224313093,100.00,,
8.362731497,272416494,,rFF44,3225018423,100.00,,
8.362731497,42259659632,,instructions,3224998132,100.00,3.49,insn per cycle
8.362731497,12094699430,,cycles,3225277559,100.00,,
8.417527441,2146562,,rD044,1630586793,100.00,,
8.417527441,99160153,,rFF44,1625347911,100.00,,
8.417527441,16504112634,,instructions,1620956238,100.00,2.72,insn per cycle
8.417527441,6061953803,,cycles,1616589863,100.00,,
