0.100134706,4645672,,rD044,92654737,100.00,,
0.100134706,20453381,,rFF44,92661077,100.00,,
0.100134706,443596764,,instructions,92666097,100.00,1.29,insn per cycle
0.100134706,343578639,,cycles,92670347,100.00,,
0.200434455,5508399,,rD044,100295635,100.00,,
0.200434455,24016865,,rFF44,100295005,100.00,,
0.200434455,506311903,,instructions,100294965,100.00,1.35,insn per cycle
0.200434455,376103613,,cycles,100294925,100.00,,
0.300649483,5495386,,rD044,100213155,100.00,,
0.300649483,23964063,,rFF44,100213245,100.00,,
0.300649483,504476422,,instructions,100212865,100.00,1.34,insn per cycle
0.300649483,375798585,,cycles,100213505,100.00,,
0.400859250,6798144,,rD044,100209555,100.00,,
0.400859250,28934660,,rFF44,100209665,100.00,,
0.400859250,77841586,,instructions,100209715,100.00,0.21,insn per cycle
0.400859250,375851813,,cycles,100227595,100.00,,
0.501093528,6909771,,rD044,100233995,100.00,,
0.501093528,30204045,,rFF44,100234075,100.00,,
0.501093528,37668934,,instructions,100233445,100.00,0.10,insn per cycle
0.501093528,375805690,,cycles,100215325,100.00,,
0.601294916,3183736,,rD044,1760938921,100.00,,
0.601294916,165546244,,rFF44,1764792536,100.00,,
0.601294916,23771647584,,instructions,1767727713,100.00,3.58,insn per cycle
0.601294916,6637897325,,cycles,1770706790,100.00,,
0.701900788,119033,,rD044,3218958998,100.00,,
0.701900788,279702198,,rFF44,3218582879,100.00,,
0.701900788,43774619468,,instructions,3218587120,100.00,3.63,insn per cycle
0.701900788,12069433572,,cycles,3218534267,100.00,,
0.802472069,120573,,rD044,3218119428,100.00,,
0.802472069,285092160,,rFF44,3218080043,100.00,,
0.802472069,44422853102,,instructions,3218007815,100.00,3.68,insn per cycle
0.802472069,12067311180,,cycles,3217985995,100.00,,
0.903048311,114319,,rD044,3218390153,100.00,,
0.903048311,283133582,,rFF44,3218287162,100.00,,
0.903048311,44159481897,,instructions,3218177354,100.00,3.66,insn per cycle
0.903048311,12067688556,,cycles,3218067790,100.00,,
1.003606613,112262,,rD044,3217781463,100.00,,
1.003606613,282392613,,rFF44,3217789651,100.00,,
1.003606613,44109447934,,instructions,3217736859,100.00,3.66,insn per cycle
1.003606613,12066783786,,cycles,3217860665,100.00,,
1.104158834,112317,,rD044,3217559566,100.00,,
1.104158834,289846620,,rFF44,3217431612,100.00,,
1.104158834,45012299579,,instructions,3217460827,100.00,3.73,insn per cycle
1.104158834,12065257985,,cycles,3217418578,100.00,,
1.204711126,109620,,rD044,3217601195,100.00,,
1.204711126,281144313,,rFF44,3217781081,100.00,,
1.204711126,43933762753,,instructions,3217868128,100.00,3.64,insn per cycle
1.204711126,12066618953,,cycles,3217785690,100.00,,
1.305266837,110828,,rD044,3217738725,100.00,,
1.305266837,286847392,,rFF44,3217654714,100.00,,
1.305266837,44632731678,,instructions,3217534162,100.00,3.70,insn per cycle
1.305266837,12065057168,,cycles,3217368835,100.00,,
1.405809229,109510,,rD044,3217404170,100.00,,
1.405809229,284658319,,rFF44,3217531354,100.00,,
1.405809229,44356209542,,instructions,3217584493,100.00,3.68,insn per cycle
1.405809229,12066340437,,cycles,3217712130,100.00,,
1.506363630,112371,,rD044,3217562348,100.00,,
1.506363630,286209985,,rFF44,3217313021,100.00,,
1.506363630,44553791792,,instructions,3217236159,100.00,3.69,insn per cycle
1.506363630,12064385405,,cycles,3217185915,100.00,,
1.606901801,112488,,rD044,3217045588,100.00,,
1.606901801,286702376,,rFF44,3217107426,100.00,,
1.606901801,44626665824,,instructions,3217178147,100.00,3.70,insn per cycle
1.606901801,12064720650,,cycles,3217282632,100.00,,
1.707444543,110171,,rD044,3217387485,100.00,,
1.707444543,283134569,,rFF44,3217432080,100.00,,
1.707444543,44198067651,,instructions,3217462652,100.00,3.66,insn per cycle
1.707444543,12065352686,,cycles,3217447857,100.00,,
1.808022624,109783,,rD044,3218462601,100.00,,
1.808022624,281349436,,rFF44,3218472967,100.00,,
1.808022624,43952777810,,instructions,3218598414,100.00,3.64,insn per cycle
1.808022624,12069543228,,cycles,3218571769,100.00,,
1.908575366,111507,,rD044,3217757569,100.00,,
1.908575366,289127339,,rFF44,3217803548,100.00,,
1.908575366,44918224858,,instructions,3217436511,100.00,3.72,insn per cycle
1.908575366,12065034147,,cycles,3217380508,100.00,,
2.009164388,109107,,rD044,3218627715,100.00,,
2.009164388,279339438,,rFF44,3218469451,100.00,,
2.009164388,43740605682,,instructions,3218537693,100.00,3.62,insn per cycle
2.009164388,12069523475,,cycles,3218570106,100.00,,
2.109708889,111263,,rD044,3217260869,100.00,,
2.109708889,286668535,,rFF44,3217369854,100.00,,
2.109708889,44603434836,,instructions,3217649642,100.00,3.70,insn per cycle
2.109708889,12066176423,,cycles,3217668583,100.00,,
2.210259121,109396,,rD044,3217524657,100.00,,
2.210259121,279628077,,rFF44,3217419632,100.00,,
2.210259121,43701432625,,instructions,3217269062,100.00,3.62,insn per cycle
2.210259121,12064704208,,cycles,3217275803,100.00,,
2.310805482,109682,,rD044,3217588783,100.00,,
2.310805482,279826335,,rFF44,3217746994,100.00,,
2.310805482,43757761088,,instructions,3217797064,100.00,3.63,insn per cycle
2.310805482,12066438360,,cycles,3217736333,100.00,,
2.411360083,111800,,rD044,3217746538,100.00,,
2.411360083,285058683,,rFF44,3217778252,100.00,,
2.411360083,44410064155,,instructions,3217774128,100.00,3.68,insn per cycle
2.411360083,12067169350,,cycles,3217930463,100.00,,
2.511924565,112394,,rD044,3217712647,100.00,,
2.511924565,285030508,,rFF44,3217412228,100.00,,
2.511924565,44435204711,,instructions,3217447878,100.00,3.68,insn per cycle
2.511924565,12065115632,,cycles,3217387897,100.00,,
2.612462156,110948,,rD044,3217295922,100.00,,
2.612462156,282994196,,rFF44,3217427458,100.00,,
2.612462156,44157965049,,instructions,3217341546,100.00,3.66,insn per cycle
2.612462156,12065055275,,cycles,3217386519,100.00,,
2.713017568,112333,,rD044,3217486094,100.00,,
2.713017568,284086258,,rFF44,3217579131,100.00,,
2.713017568,44324697657,,instructions,3217757360,100.00,3.67,insn per cycle
2.713017568,12066255826,,cycles,3217787271,100.00,,
2.813579529,113908,,rD044,3217823458,100.00,,
2.813579529,287903425,,rFF44,3217790503,100.00,,
2.813579529,44742633482,,instructions,3217616253,100.00,3.71,insn per cycle
2.813579529,12066412374,,cycles,3217801793,100.00,,
2.914142591,113084,,rD044,3217756815,100.00,,
2.914142591,284025663,,rFF44,3217768360,100.00,,
2.914142591,44287296954,,instructions,3217692640,100.00,3.67,insn per cycle
2.914142591,12064593775,,cycles,3217285794,100.00,,
3.014687382,111699,,rD044,3217521416,100.00,,
3.014687382,285310062,,rFF44,3217588225,100.00,,
3.014687382,44450006707,,instructions,3217786381,100.00,3.68,insn per cycle
3.014687382,12067084907,,cycles,3217903991,100.00,,
3.115246974,111282,,rD044,3217739200,100.00,,
3.115246974,283429715,,rFF44,3217707334,100.00,,
3.115246974,44223590812,,instructions,3217703965,100.00,3.67,insn per cycle
3.115246974,12065952196,,cycles,3217615082,100.00,,
3.215791905,111333,,rD044,3217476911,100.00,,
3.215791905,284192921,,rFF44,3217499372,100.00,,
3.215791905,44324624230,,instructions,3217234592,100.00,3.67,insn per cycle
3.215791905,12064521231,,cycles,3217219811,100.00,,
3.316335867,111427,,rD044,3217225574,100.00,,
3.316335867,284229224,,rFF44,3217061732,100.00,,
3.316335867,44311936226,,instructions,3217177020,100.00,3.67,insn per cycle
3.316335867,12064923669,,cycles,3217335745,100.00,,
3.416898908,112706,,rD044,3218025976,100.00,,
3.416898908,282844691,,rFF44,3218035744,100.00,,
3.416898908,44145634985,,instructions,3217956256,100.00,3.66,insn per cycle
3.416898908,12067268190,,cycles,3217953934,100.00,,
3.517449350,110259,,rD044,3217454627,100.00,,
3.517449350,281767388,,rFF44,3217517312,100.00,,
3.517449350,44011239294,,instructions,3217620597,100.00,3.65,insn per cycle
3.517449350,12065445347,,cycles,3217484102,100.00,,
3.618056722,112388,,rD044,3219541929,100.00,,
3.618056722,281418003,,rFF44,3219532334,100.00,,
3.618056722,43929535031,,instructions,3219417170,100.00,3.64,insn per cycle
3.618056722,12072536353,,cycles,3219358864,100.00,,
3.718593903,110440,,rD044,3216880710,100.00,,
3.718593903,280848820,,rFF44,3216720311,100.00,,
3.718593903,43871204679,,instructions,3216713439,100.00,3.64,insn per cycle
3.718593903,12062753184,,cycles,3216756021,100.00,,
3.819160205,111290,,rD044,3218072966,100.00,,
3.819160205,279963134,,rFF44,3218088864,100.00,,
3.819160205,43752809253,,instructions,3218092965,100.00,3.63,insn per cycle
3.819160205,12066930018,,cycles,3217881543,100.00,,
3.919679916,109469,,rD044,3216565521,100.00,,
3.919679916,279912704,,rFF44,3216600592,100.00,,
3.919679916,43786042231,,instructions,3216789020,100.00,3.63,insn per cycle
3.919679916,12062776503,,cycles,3216773813,100.00,,
4.020205967,113877,,rD044,3216921601,100.00,,
4.020205967,282608703,,rFF44,3217216117,100.00,,
4.020205967,44124255250,,instructions,3217224966,100.00,3.66,insn per cycle
4.020205967,12065992951,,cycles,3217614525,100.00,,
4.120773919,113221,,rD044,3218077356,100.00,,
4.120773919,293713771,,rFF44,3218036329,100.00,,
4.120773919,45501053259,,instructions,3217926210,100.00,3.77,insn per cycle
4.120773919,12066667421,,cycles,3217805241,100.00,,
4.221322420,109864,,rD044,3217483780,100.00,,
4.221322420,280403071,,rFF44,3217407451,100.00,,
4.221322420,43853822832,,instructions,3217406696,100.00,3.63,insn per cycle
4.221322420,12064791744,,cycles,3217293482,100.00,,
4.321869212,112377,,rD044,3217634940,100.00,,
4.321869212,283237537,,rFF44,3217596885,100.00,,
4.321869212,44186478137,,instructions,3217735402,100.00,3.66,insn per cycle
4.321869212,12067021652,,cycles,3217894854,100.00,,
4.422424403,111568,,rD044,3217516216,100.00,,
4.422424403,284324053,,rFF44,3217504712,100.00,,
4.422424403,44340674278,,instructions,3217439463,100.00,3.68,insn per cycle
4.422424403,12065152031,,cycles,3217388902,100.00,,
4.522967834,113717,,rD044,3217327521,100.00,,
4.522967834,286737043,,rFF44,3217263053,100.00,,
4.522967834,44626715224,,instructions,3217181242,100.00,3.70,insn per cycle
4.522967834,12064199131,,cycles,3217142408,100.00,,
4.623506786,110818,,rD044,3217108333,100.00,,
4.623506786,278513601,,rFF44,3216927042,100.00,,
4.623506786,43609155804,,instructions,3216770710,100.00,3.62,insn per cycle
4.623506786,12062558666,,cycles,3216702317,100.00,,
4.724036047,114349,,rD044,3216940593,100.00,,
4.724036047,290912074,,rFF44,3217099780,100.00,,
4.724036047,45158636797,,instructions,3217267296,100.00,3.74,insn per cycle
4.724036047,12065292907,,cycles,3217433062,100.00,,
4.824577668,112745,,rD044,3217309747,100.00,,
4.824577668,285406031,,rFF44,3217450845,100.00,,
4.824577668,44458488173,,instructions,3217558861,100.00,3.68,insn per cycle
4.824577668,12066888673,,cycles,3217858122,100.00,,
4.925140670,110821,,rD044,3217916638,100.00,,
4.925140670,280324911,,rFF44,3217819083,100.00,,
4.925140670,43844893173,,instructions,3217827094,100.00,3.63,insn per cycle
4.925140670,12065603976,,cycles,3217531913,100.00,,
5.025680611,111854,,rD044,3217122872,100.00,,
5.025680611,282592353,,rFF44,3217028632,100.00,,
5.025680611,44121437375,,instructions,3217050942,100.00,3.66,insn per cycle
5.025680611,12063507310,,cycles,3216951570,100.00,,
5.126216983,113078,,rD044,3217162463,100.00,,
5.126216983,291820375,,rFF44,3217370832,100.00,,
5.126216983,45255450730,,instructions,3217358600,100.00,3.75,insn per cycle
5.126216983,12065195536,,cycles,3217406485,100.00,,
5.226765054,111080,,rD044,3217574062,100.00,,
5.226765054,283838974,,rFF44,3217672843,100.00,,
5.226765054,44266245543,,instructions,3217543515,100.00,3.67,insn per cycle
5.226765054,12065621726,,cycles,3217514898,100.00,,
5.327316205,112878,,rD044,3217502746,100.00,,
5.327316205,284211196,,rFF44,3217315322,100.00,,
5.327316205,44324142872,,instructions,3217375128,100.00,3.67,insn per cycle
5.327316205,12065583930,,cycles,3217511377,100.00,,
5.427870187,111925,,rD044,3217862589,100.00,,
5.427870187,283373314,,rFF44,3217820724,100.00,,
5.427870187,44198666426,,instructions,3217742667,100.00,3.66,insn per cycle
5.427870187,12065930276,,cycles,3217601742,100.00,,
5.528416468,112519,,rD044,3217341730,100.00,,
5.528416468,287171661,,rFF44,3217459592,100.00,,
5.528416468,44671067901,,instructions,3217525382,100.00,3.70,insn per cycle
5.528416468,12065926734,,cycles,3217599953,100.00,,
5.628969570,111856,,rD044,3217481286,100.00,,
5.628969570,284175779,,rFF44,3217384632,100.00,,
5.628969570,44309203224,,instructions,3217453024,100.00,3.67,insn per cycle
5.628969570,12065643727,,cycles,3217530633,100.00,,
5.729536801,112393,,rD044,3218084327,100.00,,
5.729536801,283014650,,rFF44,3218066494,100.00,,
5.729536801,44147258413,,instructions,3218024662,100.00,3.66,insn per cycle
5.729536801,12067392688,,cycles,3217999169,100.00,,
5.830083493,112247,,rD044,3217341175,100.00,,
5.830083493,278496871,,rFF44,3217447270,100.00,,
5.830083493,43579397835,,instructions,3217419419,100.00,3.61,insn per cycle
5.830083493,12064868092,,cycles,3217339785,100.00,,
5.930625844,110986,,rD044,3217329793,100.00,,
5.930625844,278928895,,rFF44,3217314650,100.00,,
5.930625844,43628707125,,instructions,3217432494,100.00,3.62,insn per cycle
5.930625844,12067166577,,cycles,3217954675,100.00,,
6.031196856,111516,,rD044,3218265449,100.00,,
6.031196856,280481771,,rFF44,3218408514,100.00,,
6.031196856,43818408510,,instructions,3218213670,100.00,3.63,insn per cycle
6.031196856,12065925359,,cycles,3217613479,100.00,,
6.131751857,111827,,rD044,3217415435,100.00,,
6.131751857,285402955,,rFF44,3217491672,100.00,,
6.131751857,44481810152,,instructions,3217495994,100.00,3.69,insn per cycle
6.131751857,12065451699,,cycles,3217491928,100.00,,
6.232301119,112697,,rD044,3217397643,100.00,,
6.232301119,285360817,,rFF44,3217181472,100.00,,
6.232301119,44462461846,,instructions,3217320660,100.00,3.69,insn per cycle
6.232301119,12065036172,,cycles,3217378756,100.00,,
6.332849210,110596,,rD044,3217420962,100.00,,
6.332849210,281696040,,rFF44,3217203588,100.00,,
6.332849210,43998007547,,instructions,3217051255,100.00,3.65,insn per cycle
6.332849210,12064066768,,cycles,3217111682,100.00,,
6.433384741,109999,,rD044,3217056092,100.00,,
6.433384741,282257823,,rFF44,3217244388,100.00,,
6.433384741,44071694374,,instructions,3217197132,100.00,3.65,insn per cycle
6.433384741,12063812934,,cycles,3217055863,100.00,,
6.533926503,109747,,rD044,3217200284,100.00,,
6.533926503,279704521,,rFF44,3217197822,100.00,,
6.533926503,43732786431,,instructions,3217395904,100.00,3.62,insn per cycle
6.533926503,12066445196,,cycles,3217747293,100.00,,
6.634490714,111779,,rD044,3217919138,100.00,,
6.634490714,283161676,,rFF44,3217929294,100.00,,
6.634490714,44206771542,,instructions,3217899862,100.00,3.66,insn per cycle
6.634490714,12065689350,,cycles,3217582779,100.00,,
6.735048776,113389,,rD044,3217481298,100.00,,
6.735048776,282892594,,rFF44,3217416412,100.00,,
6.735048776,44170830817,,instructions,3217460842,100.00,3.66,insn per cycle
6.735048776,12065393279,,cycles,3217559937,100.00,,
6.835596877,113868,,rD044,3217338192,100.00,,
6.835596877,285640111,,rFF44,3217359843,100.00,,
6.835596877,44500416027,,instructions,3217312143,100.00,3.69,insn per cycle
6.835596877,12065246666,,cycles,3217495583,100.00,,
6.936155549,115583,,rD044,3217766539,100.00,,
6.936155549,290513224,,rFF44,3217731032,100.00,,
6.936155549,45111221280,,instructions,3217641446,100.00,3.74,insn per cycle
6.936155549,12065585552,,cycles,3217530182,100.00,,
7.036704420,110928,,rD044,3217514786,100.00,,
7.036704420,285108216,,rFF44,3217801812,100.00,,
7.036704420,44444107424,,instructions,3217849140,100.00,3.68,insn per cycle
7.036704420,12066519983,,cycles,3217780080,100.00,,
7.137265942,115239,,rD044,3217469814,100.00,,
7.137265942,284089916,,rFF44,3217222573,100.00,,
7.137265942,44327886356,,instructions,3217228679,100.00,3.67,insn per cycle
7.137265942,12063747056,,cycles,3217034785,100.00,,
7.237797343,112292,,rD044,3217137551,100.00,,
7.237797343,284234024,,rFF44,3217326210,100.00,,
7.237797343,44328619656,,instructions,3217427986,100.00,3.67,insn per cycle
7.237797343,12066358074,,cycles,3217732349,100.00,,
7.338357375,111395,,rD044,3217739826,100.00,,
7.338357375,283227576,,rFF44,3217636495,100.00,,
7.338357375,44210054470,,instructions,3217564659,100.00,3.66,insn per cycle
7.338357375,12065207331,,cycles,3217421296,100.00,,
7.438906166,113336,,rD044,3217426849,100.00,,
7.438906166,289950428,,rFF44,3217430211,100.00,,
7.438906166,45032394766,,instructions,3217460086,100.00,3.73,insn per cycle
7.438906166,12065530472,,cycles,3217508872,100.00,,
7.539477828,111598,,rD044,3218318896,100.00,,
7.539477828,283763800,,rFF44,3218442225,100.00,,
7.539477828,44225372202,,instructions,3218498922,100.00,3.66,insn per cycle
7.539477828,12069355990,,cycles,3218523714,100.00,,
7.640049499,112544,,rD044,3218033668,100.00,,
7.640049499,284923718,,rFF44,3217710714,100.00,,
7.640049499,44410965388,,instructions,3217528082,100.00,3.68,insn per cycle
7.640049499,12065535987,,cycles,3217515730,100.00,,
7.740586861,111885,,rD044,3217130731,100.00,,
7.740586861,284377412,,rFF44,3217126470,100.00,,
7.740586861,44330374773,,instructions,3217044782,100.00,3.67,insn per cycle
7.740586861,12063851832,,cycles,3217055640,100.00,,
7.841119712,110757,,rD044,3216962801,100.00,,
7.841119712,279125370,,rFF44,3217154971,100.00,,
7.841119712,43687234488,,instructions,3217305540,100.00,3.62,insn per cycle
7.841119712,12064698936,,cycles,3217300745,100.00,,
7.941670813,109379,,rD044,3217621494,100.00,,
7.941670813,280216148,,rFF44,3217705303,100.00,,
7.941670813,43817754789,,instructions,3217963474,100.00,3.63,insn per cycle
7.941670813,12067280856,,cycles,3217972204,100.00,,
8.042237405,109763,,rD044,3217903790,100.00,,
8.042237405,281039046,,rFF44,3217800372,100.00,,
8.042237405,43924930913,,instructions,3217557738,100.00,3.64,insn per cycle
8.042237405,12065375478,,cycles,3217470541,100.00,,
8.099839823,241820,,rD044,1727615745,100.00,,
8.099839823,107917793,,rFF44,1724309861,100.00,,
8.099839823,18105596117,,instructions,1721550485,100.00,2.81,insn per cycle
8.099839823,6445444632,,cycles,1718817229,100.00,,
