0.100124061,4731546,,rD044,95624151,100.00,,
0.100124061,20947188,,rFF44,95630021,100.00,,
0.100124061,453747301,,instructions,95635051,100.00,1.28,insn per cycle
0.100124061,354363831,,cycles,95640701,100.00,,
0.200397404,5486587,,rD044,100270265,100.00,,
0.200397404,23972688,,rFF44,100270775,100.00,,
0.200397404,505203727,,instructions,100270315,100.00,1.34,insn per cycle
0.200397404,376009669,,cycles,100269695,100.00,,
0.300611096,5494088,,rD044,100212325,100.00,,
0.300611096,23976417,,rFF44,100212405,100.00,,
0.300611096,505207154,,instructions,100212825,100.00,1.34,insn per cycle
0.300611096,375793605,,cycles,100212105,100.00,,
0.400808029,6799907,,rD044,100183144,100.00,,
0.400808029,29284760,,rFF44,100182454,100.00,,
0.400808029,69574460,,instructions,100182214,100.00,0.19,insn per cycle
0.400808029,375657649,,cycles,100182524,100.00,,
0.501012011,6915639,,rD044,100203385,100.00,,
0.501012011,30046394,,rFF44,100203215,100.00,,
0.501012011,37533049,,instructions,100202615,100.00,0.10,insn per cycle
0.501012011,375757354,,cycles,100202435,100.00,,
0.601211013,2880915,,rD044,505413858,100.00,,
0.601211013,55856211,,rFF44,505661798,100.00,,
0.601211013,6682055331,,instructions,505845528,100.00,3.52,insn per cycle
0.601211013,1896948149,,cycles,506012018,100.00,,
0.701502246,30345,,rD044,802327960,100.00,,
0.701502246,74921861,,rFF44,802330050,100.00,,
0.701502246,11547869144,,instructions,802318630,100.00,3.84,insn per cycle
0.701502246,3008669073,,cycles,802316000,100.00,,
0.801794759,33081,,rD044,802327540,100.00,,
0.801794759,72232017,,rFF44,802314870,100.00,,
0.801794759,11210155306,,instructions,802307183,100.00,3.73,insn per cycle
0.801794759,3008596279,,cycles,802296118,100.00,,
0.902098033,28809,,rD044,802425954,100.00,,
0.902098033,74094390,,rFF44,802432588,100.00,,
0.902098033,11424883376,,instructions,802441115,100.00,3.80,insn per cycle
0.902098033,3009128900,,cycles,802438610,100.00,,
1.002385556,32260,,rD044,802287924,100.00,,
1.002385556,70001136,,rFF44,802293000,100.00,,
1.002385556,10915383306,,instructions,802292980,100.00,3.63,insn per cycle
1.002385556,3008585660,,cycles,802300150,100.00,,
1.102673839,29026,,rD044,802288380,100.00,,
1.102673839,74314951,,rFF44,802283540,100.00,,
1.102673839,11462253905,,instructions,802278950,100.00,3.81,insn per cycle
1.102673839,3008520495,,cycles,802276330,100.00,,
1.202959222,32090,,rD044,802267510,100.00,,
1.202959222,70375407,,rFF44,802270380,100.00,,
1.202959222,10966443675,,instructions,802265550,100.00,3.65,insn per cycle
1.202959222,3008466025,,cycles,802261570,100.00,,
1.303245205,29359,,rD044,802285400,100.00,,
1.303245205,74825901,,rFF44,802268760,100.00,,
1.303245205,11543064696,,instructions,802255950,100.00,3.84,insn per cycle
1.303245205,3008436833,,cycles,802253542,100.00,,
1.403523848,31376,,rD044,802214550,100.00,,
1.403523848,68862757,,rFF44,802213900,100.00,,
1.403523848,10801542881,,instructions,802234896,100.00,3.59,insn per cycle
1.403523848,3008419220,,cycles,802249406,100.00,,
1.503808702,30230,,rD044,802286511,100.00,,
1.503808702,73957621,,rFF44,802306468,100.00,,
1.503808702,11408790067,,instructions,802313992,100.00,3.79,insn per cycle
1.503808702,3008670188,,cycles,802316070,100.00,,
1.604098205,31021,,rD044,802291637,100.00,,
1.604098205,69959897,,rFF44,802251540,100.00,,
1.604098205,10943089735,,instructions,802233210,100.00,3.64,insn per cycle
1.604098205,3008313963,,cycles,802220690,100.00,,
1.704374028,33617,,rD044,802179810,100.00,,
1.704374028,73286412,,rFF44,802197990,100.00,,
1.704374028,11356335010,,instructions,802201350,100.00,3.78,insn per cycle
1.704374028,3008160403,,cycles,802199840,100.00,,
1.804654601,28969,,rD044,802180210,100.00,,
1.804654601,74636428,,rFF44,802190950,100.00,,
1.804654601,11508082923,,instructions,802199540,100.00,3.83,insn per cycle
1.804654601,3008143130,,cycles,802198450,100.00,,
1.904961274,32967,,rD044,802404920,100.00,,
1.904961274,73104696,,rFF44,802384290,100.00,,
1.904961274,11323565013,,instructions,802375470,100.00,3.76,insn per cycle
1.904961274,3008858683,,cycles,802384761,100.00,,
2.005243657,28887,,rD044,802231420,100.00,,
2.005243657,74876068,,rFF44,802234850,100.00,,
2.005243657,11540100913,,instructions,802230005,100.00,3.84,insn per cycle
2.005243657,3008283699,,cycles,802228037,100.00,,
2.105566901,33427,,rD044,802586428,100.00,,
2.105566901,73804041,,rFF44,802597908,100.00,,
2.105566901,11410588170,,instructions,802602323,100.00,3.79,insn per cycle
2.105566901,3009718140,,cycles,802600550,100.00,,
2.205851054,28426,,rD044,802257390,100.00,,
2.205851054,74609468,,rFF44,802267670,100.00,,
2.205851054,11492011437,,instructions,802315820,100.00,3.82,insn per cycle
2.205851054,3008836199,,cycles,802365850,100.00,,
2.306150657,31808,,rD044,802386810,100.00,,
2.306150657,71754827,,rFF44,802378860,100.00,,
2.306150657,11152120878,,instructions,802328600,100.00,3.71,insn per cycle
2.306150657,3008557825,,cycles,802285940,100.00,,
2.406438601,28525,,rD044,802290830,100.00,,
2.406438601,74544027,,rFF44,802300630,100.00,,
2.406438601,11478648802,,instructions,802308680,100.00,3.82,insn per cycle
2.406438601,3008593124,,cycles,802298706,100.00,,
2.506728254,29973,,rD044,802310390,100.00,,
2.506728254,68419211,,rFF44,802300184,100.00,,
2.506728254,10734133809,,instructions,802296778,100.00,3.57,insn per cycle
2.506728254,3008601257,,cycles,802298072,100.00,,
2.607010047,28132,,rD044,802249024,100.00,,
2.607010047,74205508,,rFF44,802245794,100.00,,
2.607010047,11428075426,,instructions,802235320,100.00,3.80,insn per cycle
2.607010047,3008372749,,cycles,802236450,100.00,,
2.707293030,32761,,rD044,802270104,100.00,,
2.707293030,71684093,,rFF44,802281060,100.00,,
2.707293030,11158919621,,instructions,802294850,100.00,3.71,insn per cycle
2.707293030,3008583015,,cycles,802292750,100.00,,
2.807581913,28740,,rD044,802305240,100.00,,
2.807581913,75218761,,rFF44,802300670,100.00,,
2.807581913,11586220056,,instructions,802289200,100.00,3.85,insn per cycle
2.807581913,3008576625,,cycles,802290820,100.00,,
2.907869106,33002,,rD044,802270240,100.00,,
2.907869106,73140695,,rFF44,802293880,100.00,,
2.907869106,11329025243,,instructions,802375860,100.00,3.77,insn per cycle
2.907869106,3008884035,,cycles,802378610,100.00,,
3.008165860,29034,,rD044,802331110,100.00,,
3.008165860,74653031,,rFF44,802306070,100.00,,
3.008165860,11503281243,,instructions,802238140,100.00,3.82,insn per cycle
3.008165860,3008360123,,cycles,802240778,100.00,,
3.108451993,31022,,rD044,802298570,100.00,,
3.108451993,69458686,,rFF44,802309456,100.00,,
3.108451993,10863109750,,instructions,802299928,100.00,3.61,insn per cycle
3.108451993,3008592019,,cycles,802294860,100.00,,
3.208742346,27810,,rD044,802304427,100.00,,
3.208742346,74349653,,rFF44,802296362,100.00,,
3.208742346,11462907001,,instructions,802306300,100.00,3.81,insn per cycle
3.208742346,3008628491,,cycles,802311130,100.00,,
3.309031679,32290,,rD044,802304011,100.00,,
3.309031679,71448256,,rFF44,802311590,100.00,,
3.309031679,11100876967,,instructions,802295400,100.00,3.69,insn per cycle
3.309031679,3008548091,,cycles,802283550,100.00,,
3.409318822,28554,,rD044,802292850,100.00,,
3.409318822,74755985,,rFF44,802287180,100.00,,
3.409318822,11530294072,,instructions,802300090,100.00,3.83,insn per cycle
3.409318822,3008639626,,cycles,802307900,100.00,,
3.509606886,31611,,rD044,802299740,100.00,,
3.509606886,71522205,,rFF44,802297140,100.00,,
3.509606886,11129306642,,instructions,802288150,100.00,3.70,insn per cycle
3.509606886,3008574418,,cycles,802289880,100.00,,
3.609889119,28030,,rD044,802246700,100.00,,
3.609889119,74288940,,rFF44,802470554,100.00,,
3.609889119,11459223558,,instructions,802482868,100.00,3.81,insn per cycle
3.609889119,3009325747,,cycles,802490908,100.00,,
3.710207582,32266,,rD044,802545066,100.00,,
3.710207582,72601910,,rFF44,802325544,100.00,,
3.710207582,11263140024,,instructions,802315380,100.00,3.74,insn per cycle
3.710207582,3008625245,,cycles,802307080,100.00,,
3.810493285,29510,,rD044,802238252,100.00,,
3.810493285,72290256,,rFF44,802222640,100.00,,
3.810493285,11192574044,,instructions,802226180,100.00,3.72,insn per cycle
3.810493285,3008313764,,cycles,802226540,100.00,,
3.910815599,30155,,rD044,802583390,100.00,,
3.910815599,71856576,,rFF44,802578110,100.00,,
3.910815599,11160748897,,instructions,802576920,100.00,3.71,insn per cycle
3.910815599,3009636773,,cycles,802573680,100.00,,
4.011106932,32470,,rD044,802304780,100.00,,
4.011106932,72786669,,rFF44,802317090,100.00,,
4.011106932,11273750235,,instructions,802321942,100.00,3.75,insn per cycle
4.011106932,3008682373,,cycles,802326668,100.00,,
4.111394055,27852,,rD044,802302380,100.00,,
4.111394055,74820056,,rFF44,802313088,100.00,,
4.111394055,11536729771,,instructions,802293476,100.00,3.83,insn per cycle
4.111394055,3008524450,,cycles,802276930,100.00,,
4.211676738,31940,,rD044,802256906,100.00,,
4.211676738,71642002,,rFF44,802243870,100.00,,
4.211676738,11135218167,,instructions,802251850,100.00,3.70,insn per cycle
4.211676738,3008504116,,cycles,802271550,100.00,,
4.311962751,28266,,rD044,802282872,100.00,,
4.311962751,75244873,,rFF44,802288470,100.00,,
4.311962751,11597196695,,instructions,802297770,100.00,3.85,insn per cycle
4.311962751,3008552323,,cycles,802284830,100.00,,
4.412245995,32115,,rD044,802263070,100.00,,
4.412245995,70656262,,rFF44,802267320,100.00,,
4.412245995,10997128441,,instructions,802266840,100.00,3.66,insn per cycle
4.412245995,3008508074,,cycles,802272470,100.00,,
4.512532978,28701,,rD044,802289520,100.00,,
4.512532978,74865519,,rFF44,802295070,100.00,,
4.512532978,11533415926,,instructions,802292950,100.00,3.83,insn per cycle
4.512532978,3008580672,,cycles,802292080,100.00,,
4.612817371,31415,,rD044,802254950,100.00,,
4.612817371,71452070,,rFF44,802246520,100.00,,
4.612817371,11102021659,,instructions,802251870,100.00,3.69,insn per cycle
4.612817371,3008436733,,cycles,802253856,100.00,,
4.713144785,28414,,rD044,802629736,100.00,,
4.713144785,74254382,,rFF44,802631758,100.00,,
4.713144785,11435781425,,instructions,802628738,100.00,3.80,insn per cycle
4.713144785,3009828123,,cycles,802624592,100.00,,
4.813432558,31297,,rD044,802275992,100.00,,
4.813432558,68411868,,rFF44,802274090,100.00,,
4.813432558,10726763671,,instructions,802278660,100.00,3.57,insn per cycle
4.813432558,3008515866,,cycles,802285230,100.00,,
4.913717011,27679,,rD044,802268560,100.00,,
4.913717011,74595146,,rFF44,802262950,100.00,,
4.913717011,11485919972,,instructions,802259250,100.00,3.82,insn per cycle
4.913717011,3008424980,,cycles,802250370,100.00,,
5.013998214,31378,,rD044,802236919,100.00,,
5.013998214,71899032,,rFF44,802242289,100.00,,
5.013998214,11167026453,,instructions,802243249,100.00,3.71,insn per cycle
5.013998214,3008384452,,cycles,802247039,100.00,,
5.114281847,28723,,rD044,802264990,100.00,,
5.114281847,75235137,,rFF44,802262180,100.00,,
5.114281847,11588491142,,instructions,802256850,100.00,3.85,insn per cycle
5.114281847,3008439302,,cycles,802254355,100.00,,
5.214565570,32750,,rD044,802252830,100.00,,
5.214565570,73402236,,rFF44,802247990,100.00,,
5.214565570,11351633564,,instructions,802243818,100.00,3.77,insn per cycle
5.214565570,3008418442,,cycles,802253433,100.00,,
5.314850773,27577,,rD044,802281513,100.00,,
5.314850773,74930967,,rFF44,802291738,100.00,,
5.314850773,11548706368,,instructions,802354970,100.00,3.84,insn per cycle
5.314850773,3009046404,,cycles,802416110,100.00,,
5.415153397,31897,,rD044,802403925,100.00,,
5.415153397,71183769,,rFF44,802398620,100.00,,
5.415153397,11062137144,,instructions,802340240,100.00,3.68,insn per cycle
5.415153397,3008503465,,cycles,802271840,100.00,,
5.515438430,28471,,rD044,802281040,100.00,,
5.515438430,74604187,,rFF44,802293020,100.00,,
5.515438430,11502661165,,instructions,802289890,100.00,3.82,insn per cycle
5.515438430,3008573220,,cycles,802290400,100.00,,
5.615727403,31547,,rD044,802306820,100.00,,
5.615727403,70455613,,rFF44,802293040,100.00,,
5.615727403,10965603824,,instructions,802293110,100.00,3.64,insn per cycle
5.615727403,3008575060,,cycles,802290450,100.00,,
5.716013736,28938,,rD044,802205809,100.00,,
5.716013736,74605318,,rFF44,802203139,100.00,,
5.716013736,11505058005,,instructions,802197219,100.00,3.82,insn per cycle
5.716013736,3008116723,,cycles,802195006,100.00,,
5.816305319,31325,,rD044,802321049,100.00,,
5.816305319,71230715,,rFF44,802335717,100.00,,
5.816305319,11090109408,,instructions,802341037,100.00,3.69,insn per cycle
5.816305319,3008712859,,cycles,802340250,100.00,,
5.916579422,28163,,rD044,802133004,100.00,,
5.916579422,74640685,,rFF44,802125010,100.00,,
5.916579422,11513284752,,instructions,802112640,100.00,3.83,insn per cycle
5.916579422,3007823268,,cycles,802109200,100.00,,
6.016865306,31699,,rD044,802294144,100.00,,
6.016865306,71103983,,rFF44,802300780,100.00,,
6.016865306,11073852355,,instructions,802414930,100.00,3.68,insn per cycle
6.016865306,3009098079,,cycles,802429980,100.00,,
6.117166419,28258,,rD044,802391900,100.00,,
6.117166419,73908071,,rFF44,802389300,100.00,,
6.117166419,11418212989,,instructions,802291050,100.00,3.80,insn per cycle
6.117166419,3008560662,,cycles,802286640,100.00,,
6.217450712,31969,,rD044,802274640,100.00,,
6.217450712,70833329,,rFF44,802274380,100.00,,
6.217450712,11031353825,,instructions,802281170,100.00,3.67,insn per cycle
6.217450712,3008542599,,cycles,802281980,100.00,,
6.317740475,28376,,rD044,802308950,100.00,,
6.317740475,69584933,,rFF44,802293750,100.00,,
6.317740475,10869060922,,instructions,802280213,100.00,3.61,insn per cycle
6.317740475,3008535884,,cycles,802279998,100.00,,
6.418020518,30258,,rD044,802243060,100.00,,
6.418020518,72644839,,rFF44,802252396,100.00,,
6.418020518,11267231455,,instructions,802263665,100.00,3.75,insn per cycle
6.418020518,3008447583,,cycles,802256990,100.00,,
6.518303361,31123,,rD044,802240585,100.00,,
6.518303361,72035385,,rFF44,802238772,100.00,,
6.518303361,11195235378,,instructions,802234890,100.00,3.72,insn per cycle
6.518303361,3008366415,,cycles,802234430,100.00,,
6.618585304,28244,,rD044,802260803,100.00,,
6.618585304,74554318,,rFF44,802254670,100.00,,
6.618585304,11493042233,,instructions,802251860,100.00,3.82,insn per cycle
6.618585304,3008451486,,cycles,802260250,100.00,,
6.718865888,32634,,rD044,802236630,100.00,,
6.718865888,71236094,,rFF44,802237610,100.00,,
6.718865888,11104303787,,instructions,802313600,100.00,3.69,insn per cycle
6.718865888,3008666910,,cycles,802317850,100.00,,
6.819162151,27654,,rD044,802357150,100.00,,
6.819162151,74577657,,rFF44,802363050,100.00,,
6.819162151,11492773055,,instructions,802295160,100.00,3.82,insn per cycle
6.819162151,3008547187,,cycles,802289560,100.00,,
6.919448334,31009,,rD044,802282690,100.00,,
6.919448334,70245332,,rFF44,802276090,100.00,,
6.919448334,10960852204,,instructions,802275210,100.00,3.64,insn per cycle
6.919448334,3008480026,,cycles,802268946,100.00,,
7.019736307,28420,,rD044,802296160,100.00,,
7.019736307,74359111,,rFF44,802298084,100.00,,
7.019736307,11457898294,,instructions,802298108,100.00,3.81,insn per cycle
7.019736307,3008629386,,cycles,802308312,100.00,,
7.120022320,32657,,rD044,802266184,100.00,,
7.120022320,72325932,,rFF44,802258114,100.00,,
7.120022320,11221478826,,instructions,802248060,100.00,3.73,insn per cycle
7.120022320,3008406991,,cycles,802245960,100.00,,
7.220302183,28460,,rD044,802253024,100.00,,
7.220302183,74996630,,rFF44,802257420,100.00,,
7.220302183,11548961206,,instructions,802254960,100.00,3.84,insn per cycle
7.220302183,3008420561,,cycles,802249280,100.00,,
7.320586157,31715,,rD044,802261130,100.00,,
7.320586157,73468747,,rFF44,802257100,100.00,,
7.320586157,11366499010,,instructions,802258250,100.00,3.78,insn per cycle
7.320586157,3008507960,,cycles,802272560,100.00,,
7.420872390,28013,,rD044,802294120,100.00,,
7.420872390,73857972,,rFF44,802341320,100.00,,
7.420872390,11377907163,,instructions,802386830,100.00,3.78,insn per cycle
7.420872390,3008897631,,cycles,802376740,100.00,,
7.521170543,31593,,rD044,802371250,100.00,,
7.521170543,71198898,,rFF44,802323330,100.00,,
7.521170543,11092514489,,instructions,802279620,100.00,3.69,insn per cycle
7.521170543,3008504785,,cycles,802271946,100.00,,
7.621454726,28213,,rD044,802260460,100.00,,
7.621454726,74643939,,rFF44,802277293,100.00,,
7.621454726,11500026778,,instructions,802287308,100.00,3.82,insn per cycle
7.621454726,3008588758,,cycles,802294032,100.00,,
7.721771710,31266,,rD044,802536158,100.00,,
7.721771710,69649154,,rFF44,802528655,100.00,,
7.721771710,10891598095,,instructions,802521990,100.00,3.62,insn per cycle
7.721771710,3009447462,,cycles,802523310,100.00,,
7.822092803,27442,,rD044,802547530,100.00,,
7.822092803,73520420,,rFF44,802555220,100.00,,
7.822092803,11329343459,,instructions,802570730,100.00,3.76,insn per cycle
7.822092803,3009595284,,cycles,802568860,100.00,,
7.922379016,31753,,rD044,802289970,100.00,,
7.922379016,70591393,,rFF44,802280940,100.00,,
7.922379016,11000605077,,instructions,802265550,100.00,3.66,insn per cycle
7.922379016,3008481846,,cycles,802265714,100.00,,
8.022663500,27902,,rD044,802266600,100.00,,
8.022663500,74122495,,rFF44,802270120,100.00,,
8.022663500,11424471090,,instructions,802267668,100.00,3.80,insn per cycle
8.022663500,3008494486,,cycles,802268734,100.00,,
8.122952043,30920,,rD044,802300753,100.00,,
8.122952043,70716075,,rFF44,802300068,100.00,,
8.122952043,11027968483,,instructions,802307540,100.00,3.67,insn per cycle
8.122952043,3008632249,,cycles,802306330,100.00,,
8.223240166,27621,,rD044,802300095,100.00,,
8.223240166,74502912,,rFF44,802298740,100.00,,
8.223240166,11488401456,,instructions,802294970,100.00,3.82,insn per cycle
8.223240166,3008605370,,cycles,802298540,100.00,,
8.323528089,31395,,rD044,802301140,100.00,,
8.323528089,71424063,,rFF44,802301130,100.00,,
8.323528089,11102034730,,instructions,802296170,100.00,3.69,insn per cycle
8.323528089,3008570431,,cycles,802289190,100.00,,
8.423811992,28521,,rD044,802272100,100.00,,
8.423811992,74522663,,rFF44,802269180,100.00,,
8.423811992,11495145315,,instructions,802271780,100.00,3.82,insn per cycle
8.423811992,3008541444,,cycles,802281790,100.00,,
8.524108586,31010,,rD044,802362470,100.00,,
8.524108586,70728497,,rFF44,802363950,100.00,,
8.524108586,11004744653,,instructions,802356100,100.00,3.66,insn per cycle
8.524108586,3008778168,,cycles,802344737,100.00,,
8.624392869,27937,,rD044,802265700,100.00,,
8.624392869,74361228,,rFF44,802268594,100.00,,
8.624392869,11470690143,,instructions,802281338,100.00,3.81,insn per cycle
8.624392869,3008548927,,cycles,802283311,100.00,,
8.724680752,31911,,rD044,802300955,100.00,,
8.724680752,72076706,,rFF44,802310164,100.00,,
8.724680752,11194445868,,instructions,802312080,100.00,3.72,insn per cycle
8.724680752,3008655024,,cycles,802312010,100.00,,
8.824970585,28357,,rD044,802283023,100.00,,
8.824970585,71285503,,rFF44,802262120,100.00,,
8.824970585,11076612373,,instructions,802258790,100.00,3.68,insn per cycle
8.824970585,3008467299,,cycles,802267880,100.00,,
8.925255378,31992,,rD044,802287310,100.00,,
8.925255378,73842608,,rFF44,802291400,100.00,,
8.925255378,11396589952,,instructions,802290400,100.00,3.79,insn per cycle
8.925255378,3008550244,,cycles,802283800,100.00,,
9.025538951,31449,,rD044,802254100,100.00,,
9.025538951,71740196,,rFF44,802250420,100.00,,
9.025538951,11157535873,,instructions,802245820,100.00,3.71,insn per cycle
9.025538951,3008407243,,cycles,802246190,100.00,,
9.125820094,28335,,rD044,802246050,100.00,,
9.125820094,75198402,,rFF44,802248030,100.00,,
9.125820094,11593796836,,instructions,802248710,100.00,3.85,insn per cycle
9.125820094,3008412504,,cycles,802247122,100.00,,
9.226131768,32398,,rD044,802486631,100.00,,
9.226131768,73738014,,rFF44,802498828,100.00,,
9.226131768,11404236357,,instructions,802508288,100.00,3.79,insn per cycle
9.226131768,3009405579,,cycles,802511636,100.00,,
9.326411421,28174,,rD044,802246017,100.00,,
9.326411421,74703730,,rFF44,802253950,100.00,,
9.326411421,11510343792,,instructions,802255080,100.00,3.83,insn per cycle
9.326411421,3008433901,,cycles,802253500,100.00,,
9.426698454,31770,,rD044,802300860,100.00,,
9.426698454,70701971,,rFF44,802302390,100.00,,
9.426698454,11008287889,,instructions,802288650,100.00,3.66,insn per cycle
9.426698454,3008556070,,cycles,802285110,100.00,,
9.526982237,28920,,rD044,802252640,100.00,,
9.526982237,74952939,,rFF44,802228340,100.00,,
9.526982237,11544795026,,instructions,802233720,100.00,3.84,insn per cycle
9.526982237,3008435737,,cycles,802254270,100.00,,
9.627280001,31924,,rD044,802374050,100.00,,
9.627280001,71253307,,rFF44,802382780,100.00,,
9.627280001,11088196816,,instructions,802382590,100.00,3.69,insn per cycle
9.627280001,3008844707,,cycles,802362490,100.00,,
9.727565984,28743,,rD044,802230810,100.00,,
9.727565984,75025474,,rFF44,802230410,100.00,,
9.727565984,11551410740,,instructions,802224856,100.00,3.84,insn per cycle
9.727565984,3008234854,,cycles,802226788,100.00,,
9.827854257,32524,,rD044,802211240,100.00,,
9.827854257,73576468,,rFF44,802209397,100.00,,
9.827854257,11384083594,,instructions,802245141,100.00,3.78,insn per cycle
9.827854257,3008423491,,cycles,802285349,100.00,,
9.928153820,28217,,rD044,802373547,100.00,,
9.928153820,75019166,,rFF44,802374700,100.00,,
9.928153820,11554937444,,instructions,802340390,100.00,3.84,insn per cycle
9.928153820,3008544674,,cycles,802295770,100.00,,
10.028437073,32106,,rD044,802264940,100.00,,
10.028437073,72159129,,rFF44,802279150,100.00,,
10.028437073,11210059941,,instructions,802283150,100.00,3.73,insn per cycle
10.028437073,3008565960,,cycles,802288380,100.00,,
10.128723026,30145,,rD044,802276500,100.00,,
10.128723026,74388472,,rFF44,802262410,100.00,,
10.128723026,11463002227,,instructions,802271830,100.00,3.81,insn per cycle
10.128723026,3008506954,,cycles,802275290,100.00,,
10.229007560,31707,,rD044,802267800,100.00,,
10.229007560,69593853,,rFF44,802268410,100.00,,
10.229007560,10880916720,,instructions,802263080,100.00,3.62,insn per cycle
10.229007560,3008463467,,cycles,802260793,100.00,,
10.329290183,27962,,rD044,802244120,100.00,,
10.329290183,74630558,,rFF44,802256920,100.00,,
10.329290183,11506610216,,instructions,802262398,100.00,3.82,insn per cycle
10.329290183,3008450770,,cycles,802262575,100.00,,
10.429577486,29646,,rD044,802299042,100.00,,
10.429577486,66706778,,rFF44,802286508,100.00,,
10.429577486,10527396675,,instructions,802284370,100.00,3.50,insn per cycle
10.429577486,3008560784,,cycles,802290570,100.00,,
10.529864799,28073,,rD044,802286186,100.00,,
10.529864799,74347433,,rFF44,802285980,100.00,,
10.529864799,11467169414,,instructions,802597480,100.00,3.81,insn per cycle
10.529864799,3009725964,,cycles,802597530,100.00,,
10.630179232,32175,,rD044,802444190,100.00,,
10.630179232,70668397,,rFF44,802423290,100.00,,
10.630179232,11016594918,,instructions,802101900,100.00,3.66,insn per cycle
10.630179232,3007766129,,cycles,802093010,100.00,,
10.730452155,28121,,rD044,802205500,100.00,,
10.730452155,74624125,,rFF44,802237890,100.00,,
10.730452155,11509559289,,instructions,802241700,100.00,3.83,insn per cycle
10.730452155,3008393805,,cycles,802242540,100.00,,
10.830736459,32581,,rD044,802250250,100.00,,
10.830736459,71778650,,rFF44,802239910,100.00,,
10.830736459,11149086525,,instructions,802236850,100.00,3.71,insn per cycle
10.830736459,3008359775,,cycles,802238376,100.00,,
10.931018632,27582,,rD044,802241420,100.00,,
10.931018632,74854953,,rFF44,802248912,100.00,,
10.931018632,11547679168,,instructions,802262998,100.00,3.84,insn per cycle
10.931018632,3008466448,,cycles,802261322,100.00,,
11.031304765,31662,,rD044,802299814,100.00,,
11.031304765,71777113,,rFF44,802310716,100.00,,
11.031304765,11154515143,,instructions,802301420,100.00,3.71,insn per cycle
11.031304765,3008598472,,cycles,802297050,100.00,,
11.131588608,28865,,rD044,802256704,100.00,,
11.131588608,72006636,,rFF44,802253830,100.00,,
11.131588608,11164610690,,instructions,802261820,100.00,3.71,insn per cycle
11.131588608,3008467466,,cycles,802261540,100.00,,
11.231875181,29897,,rD044,802289550,100.00,,
11.231875181,72374596,,rFF44,802325170,100.00,,
11.231875181,11239732271,,instructions,802378030,100.00,3.74,insn per cycle
11.231875181,3008950970,,cycles,802390890,100.00,,
11.332174354,31826,,rD044,802389860,100.00,,
11.332174354,70342930,,rFF44,802339520,100.00,,
11.332174354,10958342613,,instructions,802269460,100.00,3.64,insn per cycle
11.332174354,3008451827,,cycles,802257950,100.00,,
11.432456558,27764,,rD044,802256220,100.00,,
11.432456558,73820279,,rFF44,802265700,100.00,,
11.432456558,11381429192,,instructions,802276240,100.00,3.78,insn per cycle
11.432456558,3008547493,,cycles,802282777,100.00,,
11.532758641,31380,,rD044,802409350,100.00,,
11.532758641,69695103,,rFF44,802396798,100.00,,
11.532758641,10871179237,,instructions,802389958,100.00,3.61,insn per cycle
11.532758641,3008945312,,cycles,802389591,100.00,,
11.633079625,28822,,rD044,802558538,100.00,,
11.633079625,74047140,,rFF44,802574000,100.00,,
11.633079625,11415491253,,instructions,802579820,100.00,3.79,insn per cycle
11.633079625,3009649118,,cycles,802577060,100.00,,
11.733361898,32016,,rD044,802254940,100.00,,
11.733361898,72033492,,rFF44,802257820,100.00,,
11.733361898,11189002956,,instructions,802255780,100.00,3.72,insn per cycle
11.733361898,3008428181,,cycles,802252210,100.00,,
11.833650661,28586,,rD044,802289470,100.00,,
11.833650661,74834430,,rFF44,802291750,100.00,,
11.833650661,11531706422,,instructions,802295100,100.00,3.83,insn per cycle
11.833650661,3008553461,,cycles,802290700,100.00,,
11.933950084,32196,,rD044,802378020,100.00,,
11.933950084,69596924,,rFF44,802379451,100.00,,
11.933950084,10882427992,,instructions,802384848,100.00,3.62,insn per cycle
11.933950084,3008935009,,cycles,802394378,100.00,,
12.034241767,28237,,rD044,802329784,100.00,,
12.034241767,74212960,,rFF44,802320787,100.00,,
12.034241767,11430468107,,instructions,802312920,100.00,3.80,insn per cycle
12.034241767,3008646698,,cycles,802312660,100.00,,
12.134527710,30229,,rD044,802278684,100.00,,
12.134527710,67109436,,rFF44,802274580,100.00,,
12.134527710,10575933602,,instructions,802265440,100.00,3.52,insn per cycle
12.134527710,3008464607,,cycles,802260970,100.00,,
12.234814254,27949,,rD044,802270890,100.00,,
12.234814254,74978596,,rFF44,802274720,100.00,,
12.234814254,11549776008,,instructions,802293750,100.00,3.84,insn per cycle
12.234814254,3008588484,,cycles,802300510,100.00,,
12.335115507,31084,,rD044,802390540,100.00,,
12.335115507,69568174,,rFF44,802380060,100.00,,
12.335115507,10889003715,,instructions,802369510,100.00,3.62,insn per cycle
12.335115507,3008869727,,cycles,802369020,100.00,,
12.435400650,27870,,rD044,802292460,100.00,,
12.435400650,74698876,,rFF44,802297940,100.00,,
12.435400650,11502664684,,instructions,802300902,100.00,3.82,insn per cycle
12.435400650,3008625192,,cycles,802304128,100.00,,
12.535689943,32199,,rD044,802315110,100.00,,
12.535689943,69845704,,rFF44,802323598,100.00,,
12.535689943,10903408019,,instructions,802320506,100.00,3.62,insn per cycle
12.535689943,3008692696,,cycles,802321400,100.00,,
12.635980907,29265,,rD044,802305898,100.00,,
12.635980907,74668314,,rFF44,802296850,100.00,,
12.635980907,11499412225,,instructions,802302590,100.00,3.82,insn per cycle
12.635980907,3008620364,,cycles,802303090,100.00,,
12.736269720,30906,,rD044,802318200,100.00,,
12.736269720,69150463,,rFF44,802324150,100.00,,
12.736269720,10822503206,,instructions,802324740,100.00,3.60,insn per cycle
12.736269720,3008682527,,cycles,802319030,100.00,,
12.836558063,27670,,rD044,802279030,100.00,,
12.836558063,74230809,,rFF44,802279720,100.00,,
12.836558063,11434310759,,instructions,802283290,100.00,3.80,insn per cycle
12.836558063,3008514387,,cycles,802280140,100.00,,
12.936848056,30591,,rD044,802319390,100.00,,
12.936848056,69631311,,rFF44,802307180,100.00,,
12.936848056,10876319421,,instructions,802339690,100.00,3.61,insn per cycle
12.936848056,3009840102,,cycles,802628158,100.00,,
13.037173120,28483,,rD044,802590242,100.00,,
13.037173120,74629740,,rFF44,802595438,100.00,,
13.037173120,11496154769,,instructions,802549738,100.00,3.82,insn per cycle
13.037173120,3008415046,,cycles,802252260,100.00,,
13.137459723,31210,,rD044,802287996,100.00,,
13.137459723,70478711,,rFF44,802285560,100.00,,
13.137459723,10986992778,,instructions,802287610,100.00,3.65,insn per cycle
13.137459723,3008602079,,cycles,802297760,100.00,,
13.237747006,28289,,rD044,802275770,100.00,,
13.237747006,74482553,,rFF44,802276650,100.00,,
13.237747006,11478967029,,instructions,802286260,100.00,3.82,insn per cycle
13.237747006,3008540829,,cycles,802287770,100.00,,
13.338032819,31441,,rD044,802284010,100.00,,
13.338032819,70432190,,rFF44,802295020,100.00,,
13.338032819,10994010457,,instructions,802294510,100.00,3.65,insn per cycle
13.338032819,3008603605,,cycles,802297690,100.00,,
13.438350753,28784,,rD044,802537740,100.00,,
13.438350753,74905598,,rFF44,802541450,100.00,,
13.438350753,11548704175,,instructions,802535837,100.00,3.84,insn per cycle
13.438350753,3009472936,,cycles,802530398,100.00,,
13.538637316,31499,,rD044,802292582,100.00,,
13.538637316,71170376,,rFF44,802285048,100.00,,
13.538637316,11072630460,,instructions,802293401,100.00,3.68,insn per cycle
13.538637316,3008625208,,cycles,802304110,100.00,,
13.638924119,28445,,rD044,802367506,100.00,,
13.638924119,74727489,,rFF44,802360670,100.00,,
13.638924119,11524813145,,instructions,802358670,100.00,3.83,insn per cycle
13.638924119,3008758336,,cycles,802351610,100.00,,
13.739211352,32309,,rD044,802140050,100.00,,
13.739211352,71782775,,rFF44,802139030,100.00,,
13.739211352,11165739307,,instructions,802135340,100.00,3.71,insn per cycle
13.739211352,3007859504,,cycles,802123790,100.00,,
13.839483945,27978,,rD044,802127589,100.00,,
13.839483945,74123611,,rFF44,802140599,100.00,,
13.839483945,11432919833,,instructions,802147269,100.00,3.80,insn per cycle
13.839483945,3008019705,,cycles,802159219,100.00,,
13.939777188,32695,,rD044,802338620,100.00,,
13.939777188,70888554,,rFF44,802335160,100.00,,
13.939777188,11059544965,,instructions,802325540,100.00,3.68,insn per cycle
13.939777188,3008650790,,cycles,802319540,100.00,,
14.040072402,29570,,rD044,802356710,100.00,,
14.040072402,74221101,,rFF44,802376631,100.00,,
14.040072402,11459291499,,instructions,802385078,100.00,3.81,insn per cycle
14.040072402,3008936877,,cycles,802386938,100.00,,
14.140365245,30248,,rD044,802335524,100.00,,
14.140365245,70856304,,rFF44,802312787,100.00,,
14.140365245,11041432594,,instructions,802292700,100.00,3.67,insn per cycle
14.140365245,3008585106,,cycles,802293390,100.00,,
14.240647978,28473,,rD044,802247694,100.00,,
14.240647978,69543377,,rFF44,802248300,100.00,,
14.240647978,10875992272,,instructions,802267570,100.00,3.62,insn per cycle
14.240647978,3008480721,,cycles,802265380,100.00,,
14.340945551,30679,,rD044,802376040,100.00,,
14.340945551,72339271,,rFF44,802376660,100.00,,
14.340945551,11220479759,,instructions,802367990,100.00,3.73,insn per cycle
14.340945551,3008862612,,cycles,802367070,100.00,,
14.441231194,31374,,rD044,802282150,100.00,,
14.441231194,70792067,,rFF44,802261660,100.00,,
14.441231194,11035104463,,instructions,802247390,100.00,3.67,insn per cycle
14.441231194,3008430708,,cycles,802252350,100.00,,
14.541510458,28447,,rD044,802232290,100.00,,
14.541510458,74580842,,rFF44,802252430,100.00,,
14.541510458,11500037959,,instructions,802268310,100.00,3.82,insn per cycle
14.541510458,3008498352,,cycles,802270124,100.00,,
14.641800031,32459,,rD044,802295030,100.00,,
14.641800031,70795055,,rFF44,802277810,100.00,,
14.641800031,11021531477,,instructions,802278808,100.00,3.66,insn per cycle
14.641800031,3008509313,,cycles,802272744,100.00,,
14.742121944,27671,,rD044,802573528,100.00,,
14.742121944,74627702,,rFF44,802576388,100.00,,
14.742121944,11501141732,,instructions,802572940,100.00,3.82,insn per cycle
14.742121944,3009643491,,cycles,802575830,100.00,,
14.842402877,31622,,rD044,802233350,100.00,,
14.842402877,70828380,,rFF44,802236110,100.00,,
14.842402877,11028144979,,instructions,802243350,100.00,3.67,insn per cycle
14.842402877,3008381523,,cycles,802244440,100.00,,
14.942689251,28144,,rD044,802279970,100.00,,
14.942689251,73922155,,rFF44,802281780,100.00,,
14.942689251,11389572650,,instructions,802286240,100.00,3.79,insn per cycle
14.942689251,3008543447,,cycles,802285670,100.00,,
15.042973204,29639,,rD044,802267320,100.00,,
15.042973204,66243525,,rFF44,802268530,100.00,,
15.042973204,10453397776,,instructions,802264270,100.00,3.47,insn per cycle
15.042973204,3008483111,,cycles,802266010,100.00,,
15.143260817,28487,,rD044,802294290,100.00,,
15.143260817,74562433,,rFF44,802293100,100.00,,
15.143260817,11489092669,,instructions,802287316,100.00,3.82,insn per cycle
15.143260817,3008525218,,cycles,802281048,100.00,,
15.243558380,31471,,rD044,802367614,100.00,,
15.243558380,69690333,,rFF44,802362118,100.00,,
15.243558380,10897470509,,instructions,802354852,100.00,3.62,insn per cycle
15.243558380,3008811233,,cycles,802356530,100.00,,
15.343838193,27310,,rD044,802248734,100.00,,
15.343838193,74695192,,rFF44,802259030,100.00,,
15.343838193,11506135009,,instructions,802275600,100.00,3.82,insn per cycle
15.343838193,3008938541,,cycles,802387430,100.00,,
15.444139707,32126,,rD044,802391860,100.00,,
15.444139707,72502983,,rFF44,802389040,100.00,,
15.444139707,11250012475,,instructions,802378620,100.00,3.74,insn per cycle
15.444139707,3008457853,,cycles,802264510,100.00,,
15.544411450,27594,,rD044,802165950,100.00,,
15.544411450,73824378,,rFF44,802168170,100.00,,
15.544411450,11367834704,,instructions,802172190,100.00,3.78,insn per cycle
15.544411450,3008147747,,cycles,802176490,100.00,,
15.644695393,31279,,rD044,802264340,100.00,,
15.644695393,68537875,,rFF44,802254410,100.00,,
15.644695393,10739031737,,instructions,802245480,100.00,3.57,insn per cycle
15.644695393,3008395400,,cycles,802243070,100.00,,
15.744979386,29138,,rD044,802265570,100.00,,
15.744979386,74743534,,rFF44,802272200,100.00,,
15.744979386,11513648705,,instructions,802274186,100.00,3.83,insn per cycle
15.744979386,3008562260,,cycles,802286988,100.00,,
15.845264739,30639,,rD044,802270711,100.00,,
15.845264739,69252473,,rFF44,802272248,100.00,,
15.845264739,10852443293,,instructions,802277762,100.00,3.61,insn per cycle
15.845264739,3008478403,,cycles,802270420,100.00,,
15.945555402,28170,,rD044,802312047,100.00,,
15.945555402,74814163,,rFF44,802313860,100.00,,
15.945555402,11524065995,,instructions,802313570,100.00,3.83,insn per cycle
15.945555402,3008625373,,cycles,802303930,100.00,,
16.045841405,32525,,rD044,802285400,100.00,,
16.045841405,68799070,,rFF44,802281830,100.00,,
16.045841405,10788949414,,instructions,802284520,100.00,3.59,insn per cycle
16.045841405,3008837409,,cycles,802360110,100.00,,
16.146134019,28695,,rD044,802340860,100.00,,
16.146134019,75072619,,rFF44,802356530,100.00,,
16.146134019,11565427284,,instructions,802357090,100.00,3.84,insn per cycle
16.146134019,3008588984,,cycles,802294510,100.00,,
16.246423382,30760,,rD044,802310810,100.00,,
16.246423382,69832418,,rFF44,802299310,100.00,,
16.246423382,10918646497,,instructions,802290070,100.00,3.63,insn per cycle
16.246423382,3008557176,,cycles,802285844,100.00,,
16.346709615,28555,,rD044,802287280,100.00,,
16.346709615,74713187,,rFF44,802289332,100.00,,
16.346709615,11514861052,,instructions,802291118,100.00,3.83,insn per cycle
16.346709615,3008601233,,cycles,802297334,100.00,,
16.446999058,32206,,rD044,802304184,100.00,,
16.446999058,72599707,,rFF44,802299976,100.00,,
16.446999058,11266428729,,instructions,802309140,100.00,3.74,insn per cycle
16.446999058,3008671376,,cycles,802316400,100.00,,
16.547273441,28216,,rD044,802186614,100.00,,
16.547273441,74823035,,rFF44,802191200,100.00,,
16.547273441,11537845804,,instructions,802187550,100.00,3.84,insn per cycle
16.547273441,3008141347,,cycles,802175030,100.00,,
16.647565374,31725,,rD044,802336780,100.00,,
16.647565374,73545537,,rFF44,802332150,100.00,,
16.647565374,11383781388,,instructions,802336320,100.00,3.78,insn per cycle
16.647565374,3008767486,,cycles,802341950,100.00,,
16.747854378,27307,,rD044,802307900,100.00,,
16.747854378,74711639,,rFF44,802305920,100.00,,
16.747854378,11526134463,,instructions,802369880,100.00,3.83,insn per cycle
16.747854378,3009659192,,cycles,802579574,100.00,,
16.848175831,32204,,rD044,802557890,100.00,,
16.848175831,71962865,,rFF44,802565101,100.00,,
16.848175831,11157302109,,instructions,802492868,100.00,3.71,insn per cycle
16.848175831,3008510536,,cycles,802279094,100.00,,
16.948463294,27953,,rD044,802290683,100.00,,
16.948463294,73479952,,rFF44,802278347,100.00,,
16.948463294,11360759269,,instructions,802264860,100.00,3.78,insn per cycle
16.948463294,3008429123,,cycles,802251680,100.00,,
17.048745897,31530,,rD044,802254065,100.00,,
17.048745897,71180081,,rFF44,802262140,100.00,,
17.048745897,11090796722,,instructions,802274080,100.00,3.69,insn per cycle
17.048745897,3008520423,,cycles,802275560,100.00,,
17.149057261,32434,,rD044,802480250,100.00,,
17.149057261,73135183,,rFF44,802473600,100.00,,
17.149057261,11331623979,,instructions,802482200,100.00,3.77,insn per cycle
17.149057261,3009337388,,cycles,802494240,100.00,,
17.249346224,28307,,rD044,802304640,100.00,,
17.249346224,74919234,,rFF44,802313310,100.00,,
17.249346224,11552489380,,instructions,802314290,100.00,3.84,insn per cycle
17.249346224,3008687582,,cycles,802320530,100.00,,
17.349634467,30563,,rD044,802295750,100.00,,
17.349634467,68818558,,rFF44,802285470,100.00,,
17.349634467,10762900213,,instructions,802270504,100.00,3.58,insn per cycle
17.349634467,3008466944,,cycles,802261728,100.00,,
17.449919580,27901,,rD044,802325682,100.00,,
17.449919580,73959084,,rFF44,802346978,100.00,,
17.449919580,11400848921,,instructions,802359344,100.00,3.79,insn per cycle
17.449919580,3008834603,,cycles,802359600,100.00,,
17.550205784,30086,,rD044,802252176,100.00,,
17.550205784,67823523,,rFF44,802256530,100.00,,
17.550205784,10642352520,,instructions,802256410,100.00,3.54,insn per cycle
17.550205784,3008453713,,cycles,802258150,100.00,,
17.650494307,28258,,rD044,802256290,100.00,,
17.650494307,74823250,,rFF44,802225160,100.00,,
17.650494307,11531139579,,instructions,802214700,100.00,3.83,insn per cycle
17.650494307,3008247017,,cycles,802215390,100.00,,
17.750763090,32383,,rD044,802110640,100.00,,
17.750763090,71511674,,rFF44,802126760,100.00,,
17.750763090,11128328565,,instructions,802127180,100.00,3.70,insn per cycle
17.750763090,3007822267,,cycles,802112170,100.00,,
17.851050863,28602,,rD044,802192119,100.00,,
17.851050863,74426427,,rFF44,802190029,100.00,,
17.851050863,11467127241,,instructions,802198659,100.00,3.81,insn per cycle
17.851050863,3008166368,,cycles,802207589,100.00,,
17.951331876,32262,,rD044,802177820,100.00,,
17.951331876,71985677,,rFF44,802182920,100.00,,
17.951331876,11190582746,,instructions,802187190,100.00,3.72,insn per cycle
17.951331876,3008101243,,cycles,802186654,100.00,,
18.051621749,28603,,rD044,802277210,100.00,,
18.051621749,74602503,,rFF44,802282053,100.00,,
18.051621749,11488569492,,instructions,802281098,100.00,3.82,insn per cycle
18.051621749,3008505139,,cycles,802284694,100.00,,
18.151910972,32710,,rD044,802315144,100.00,,
18.151910972,72742513,,rFF44,802348194,100.00,,
18.151910972,11264999794,,instructions,802346939,100.00,3.74,insn per cycle
18.151910972,3008760850,,cycles,802353839,100.00,,
18.252212366,28776,,rD044,802126742,100.00,,
18.252212366,74979833,,rFF44,802091389,100.00,,
18.252212366,11546554439,,instructions,802092469,100.00,3.84,insn per cycle
18.252212366,3007709898,,cycles,802080179,100.00,,
18.352494549,32185,,rD044,802209820,100.00,,
18.352494549,72647013,,rFF44,802199800,100.00,,
18.352494549,11257031234,,instructions,802195950,100.00,3.74,insn per cycle
18.352494549,3008189863,,cycles,802201120,100.00,,
18.452781142,29449,,rD044,802229460,100.00,,
18.452781142,75141893,,rFF44,802239960,100.00,,
18.452781142,11579077840,,instructions,802234990,100.00,3.85,insn per cycle
18.452781142,3008326351,,cycles,802240010,100.00,,
18.553067845,32302,,rD044,802236980,100.00,,
18.553067845,71828312,,rFF44,802225780,100.00,,
18.553067845,11149631912,,instructions,802233491,100.00,3.71,insn per cycle
18.553067845,3008282714,,cycles,802224738,100.00,,
18.653350528,29962,,rD044,802220269,100.00,,
18.653350528,74749094,,rFF44,802231055,100.00,,
18.653350528,11522281581,,instructions,802221286,100.00,3.83,insn per cycle
18.653350528,3008243959,,cycles,802220249,100.00,,
18.753636951,32521,,rD044,802231276,100.00,,
18.753636951,71252950,,rFF44,802223812,100.00,,
18.753636951,11069680459,,instructions,802234370,100.00,3.68,insn per cycle
18.753636951,3008346844,,cycles,802242750,100.00,,
18.853924414,29628,,rD044,802487192,100.00,,
18.853924414,74210627,,rFF44,802493200,100.00,,
18.853924414,11444008638,,instructions,802487880,100.00,3.80,insn per cycle
18.853924414,3009229806,,cycles,802485380,100.00,,
18.954244348,31730,,rD044,802238149,100.00,,
18.954244348,69348744,,rFF44,802245999,100.00,,
18.954244348,10866800256,,instructions,802247349,100.00,3.61,insn per cycle
18.954244348,3008349013,,cycles,802242479,100.00,,
19.054565712,28121,,rD044,802517040,100.00,,
19.054565712,75037833,,rFF44,802516546,100.00,,
19.054565712,11574636762,,instructions,802519488,100.00,3.85,insn per cycle
19.054565712,3009416671,,cycles,802529128,100.00,,
19.154854665,33400,,rD044,802276146,100.00,,
19.154854665,73650350,,rFF44,802277162,100.00,,
19.154854665,11395946720,,instructions,802345350,100.00,3.79,insn per cycle
19.154854665,3008775432,,cycles,802357710,100.00,,
19.255155608,29183,,rD044,802191910,100.00,,
19.255155608,74019238,,rFF44,802177228,100.00,,
19.255155608,11419883371,,instructions,802110028,100.00,3.80,insn per cycle
19.255155608,3007739845,,cycles,802090538,100.00,,
19.355442801,32502,,rD044,802235560,100.00,,
19.355442801,72585415,,rFF44,802235060,100.00,,
19.355442801,11243131192,,instructions,802228020,100.00,3.74,insn per cycle
19.355442801,3008294667,,cycles,802228530,100.00,,
19.455715774,28909,,rD044,802119660,100.00,,
19.455715774,68971392,,rFF44,802120290,100.00,,
19.455715774,10789005691,,instructions,802124370,100.00,3.59,insn per cycle
19.455715774,3007905742,,cycles,802123990,100.00,,
19.555990577,29818,,rD044,800970163,100.00,,
19.555990577,71314911,,rFF44,800962193,100.00,,
19.555990577,11086381837,,instructions,800960933,100.00,3.69,insn per cycle
19.555990577,3003539532,,cycles,800962967,100.00,,
19.656274591,32380,,rD044,802230840,100.00,,
19.656274591,71073955,,rFF44,802232630,100.00,,
19.656274591,11055596033,,instructions,802224198,100.00,3.68,insn per cycle
19.656274591,3008262134,,cycles,802220744,100.00,,
19.756557374,28735,,rD044,802201092,100.00,,
19.756557374,74431811,,rFF44,802208748,100.00,,
19.756557374,11477380089,,instructions,802213790,100.00,3.82,insn per cycle
19.756557374,3008231152,,cycles,802213280,100.00,,
19.856842577,32226,,rD044,802215295,100.00,,
19.856842577,71097230,,rFF44,802203459,100.00,,
19.856842577,11063318552,,instructions,802200899,100.00,3.68,insn per cycle
19.856842577,3008564632,,cycles,802302599,100.00,,
19.957139030,29248,,rD044,802310670,100.00,,
19.957139030,75141901,,rFF44,802315980,100.00,,
19.957139030,11582440176,,instructions,802332180,100.00,3.85,insn per cycle
19.957139030,3008325980,,cycles,802237020,100.00,,
20.057426373,32672,,rD044,802240110,100.00,,
20.057426373,72679193,,rFF44,802238920,100.00,,
20.057426373,11264392947,,instructions,802224390,100.00,3.74,insn per cycle
20.057426373,3008255531,,cycles,802217920,100.00,,
20.157710546,29703,,rD044,802227370,100.00,,
20.157710546,75035017,,rFF44,802240260,100.00,,
20.157710546,11560115125,,instructions,802242310,100.00,3.84,insn per cycle
20.157710546,3008315172,,cycles,802236314,100.00,,
20.257996239,33226,,rD044,802081669,100.00,,
20.257996239,73492319,,rFF44,802069799,100.00,,
20.257996239,11369054176,,instructions,802068267,100.00,3.78,insn per cycle
20.257996239,3007663110,,cycles,802072663,100.00,,
20.358281163,29379,,rD044,802222543,100.00,,
20.358281163,74090874,,rFF44,802238418,100.00,,
20.358281163,11410529533,,instructions,802244610,100.00,3.79,insn per cycle
20.358281163,3008372502,,cycles,802249240,100.00,,
20.458569106,31797,,rD044,802249894,100.00,,
20.458569106,71041509,,rFF44,802237119,100.00,,
20.458569106,11053319128,,instructions,802239999,100.00,3.67,insn per cycle
20.458569106,3008322047,,cycles,802235899,100.00,,
20.558842649,28214,,rD044,802115590,100.00,,
20.558842649,74750787,,rFF44,802128650,100.00,,
20.558842649,11513724709,,instructions,802134010,100.00,3.83,insn per cycle
20.558842649,3008870478,,cycles,802382430,100.00,,
20.659155842,33195,,rD044,802440760,100.00,,
20.659155842,72120229,,rFF44,802424460,100.00,,
20.659155842,11194475654,,instructions,802409000,100.00,3.72,insn per cycle
20.659155842,3008039851,,cycles,802161830,100.00,,
20.759440125,28329,,rD044,802228749,100.00,,
20.759440125,74375293,,rFF44,802238839,100.00,,
20.759440125,11461281334,,instructions,802248169,100.00,3.81,insn per cycle
20.759440125,3008378248,,cycles,802252267,100.00,,
20.859740059,33189,,rD044,802335010,100.00,,
20.859740059,70025339,,rFF44,802327178,100.00,,
20.859740059,10920411718,,instructions,802326388,100.00,3.63,insn per cycle
20.859740059,3008683110,,cycles,802332320,100.00,,
20.960026242,28486,,rD044,802215398,100.00,,
20.960026242,73324393,,rFF44,802217740,100.00,,
20.960026242,11298254704,,instructions,802217120,100.00,3.76,insn per cycle
20.960026242,3008233915,,cycles,802215590,100.00,,
21.060310075,32277,,rD044,802228589,100.00,,
21.060310075,71016166,,rFF44,802232849,100.00,,
21.060310075,11038272524,,instructions,802228449,100.00,3.67,insn per cycle
21.060310075,3008268117,,cycles,802221419,100.00,,
21.160595078,28620,,rD044,802239120,100.00,,
21.160595078,73985248,,rFF44,802235010,100.00,,
21.160595078,11404445590,,instructions,802235570,100.00,3.79,insn per cycle
21.160595078,3008316266,,cycles,802234340,100.00,,
21.260884381,32361,,rD044,802108210,100.00,,
21.260884381,70217696,,rFF44,802223450,100.00,,
21.260884381,10948801727,,instructions,802220460,100.00,3.64,insn per cycle
21.260884381,3008208537,,cycles,802216733,100.00,,
21.361182135,27978,,rD044,802317499,100.00,,
21.361182135,74354799,,rFF44,802201769,100.00,,
21.361182135,11466030593,,instructions,802209796,100.00,3.81,insn per cycle
21.361182135,3008264692,,cycles,802220604,100.00,,
21.461466558,31208,,rD044,802223942,100.00,,
21.461466558,68622061,,rFF44,802218148,100.00,,
21.461466558,10762846374,,instructions,802209891,100.00,3.58,insn per cycle
21.461466558,3008220720,,cycles,802208190,100.00,,
21.561737421,28748,,rD044,802108214,100.00,,
21.561737421,74817710,,rFF44,802116450,100.00,,
21.561737421,11539818102,,instructions,802123460,100.00,3.84,insn per cycle
21.561737421,3007895179,,cycles,802121960,100.00,,
21.662023394,32713,,rD044,802188192,100.00,,
21.662023394,72225387,,rFF44,802178500,100.00,,
21.662023394,11200952082,,instructions,802175180,100.00,3.72,insn per cycle
21.662023394,3008054715,,cycles,802180290,100.00,,
21.762306887,29392,,rD044,802179460,100.00,,
21.762306887,75435242,,rFF44,802194410,100.00,,
21.762306887,11637968818,,instructions,802196840,100.00,3.87,insn per cycle
21.762306887,3008058579,,cycles,802191760,100.00,,
21.862593320,32882,,rD044,802212509,100.00,,
21.862593320,71628534,,rFF44,802205309,100.00,,
21.862593320,11133329484,,instructions,802203379,100.00,3.70,insn per cycle
21.862593320,3008158160,,cycles,802197439,100.00,,
21.962877653,30251,,rD044,802188730,100.00,,
21.962877653,71490041,,rFF44,802235040,100.00,,
21.962877653,11113247659,,instructions,802261260,100.00,3.69,insn per cycle
21.962877653,3008386197,,cycles,802265328,100.00,,
22.063167996,31636,,rD044,802271670,100.00,,
22.063167996,73755527,,rFF44,802232105,100.00,,
22.063167996,11406199939,,instructions,802202838,100.00,3.79,insn per cycle
22.063167996,3008190806,,cycles,802200600,100.00,,
22.163452510,33012,,rD044,802229755,100.00,,
22.163452510,73084157,,rFF44,802215203,100.00,,
22.163452510,11314707986,,instructions,802213830,100.00,3.76,insn per cycle
22.163452510,3008232271,,cycles,802212660,100.00,,
22.263736163,28488,,rD044,802058692,100.00,,
22.263736163,73842230,,rFF44,802073209,100.00,,
22.263736163,11383385936,,instructions,802077089,100.00,3.78,insn per cycle
22.263736163,3007700755,,cycles,802078569,100.00,,
22.364018996,30422,,rD044,802212530,100.00,,
22.364018996,67602938,,rFF44,802205540,100.00,,
22.364018996,10613949045,,instructions,802204850,100.00,3.53,insn per cycle
22.364018996,3008219923,,cycles,802209000,100.00,,
22.464303609,28743,,rD044,802216610,100.00,,
22.464303609,74642881,,rFF44,802211010,100.00,,
22.464303609,11503406957,,instructions,802208990,100.00,3.82,insn per cycle
22.464303609,3008210408,,cycles,802206200,100.00,,
22.564573532,32619,,rD044,802101020,100.00,,
22.564573532,70635875,,rFF44,802113900,100.00,,
22.564573532,10984041145,,instructions,802120530,100.00,3.65,insn per cycle
22.564573532,3007880763,,cycles,802117880,100.00,,
22.664857885,28822,,rD044,802232228,100.00,,
22.664857885,74814420,,rFF44,802230768,100.00,,
22.664857885,11527584410,,instructions,802309174,100.00,3.83,insn per cycle
22.664857885,3008634342,,cycles,802319816,100.00,,
22.765168779,32425,,rD044,802432944,100.00,,
22.765168779,71262585,,rFF44,802427828,100.00,,
22.765168779,11076813819,,instructions,802342672,100.00,3.68,insn per cycle
22.765168779,3008682623,,cycles,802332630,100.00,,
22.865455782,29395,,rD044,802227654,100.00,,
22.865455782,73940619,,rFF44,802240540,100.00,,
22.865455782,11388569446,,instructions,802248950,100.00,3.79,insn per cycle
22.865455782,3008366368,,cycles,802248790,100.00,,
22.965744165,31470,,rD044,802243450,100.00,,
22.965744165,71278971,,rFF44,802222950,100.00,,
22.965744165,11063954406,,instructions,802216600,100.00,3.68,insn per cycle
22.965744165,3008229308,,cycles,802215200,100.00,,
23.066026738,29373,,rD044,802198379,100.00,,
23.066026738,74258298,,rFF44,802219919,100.00,,
23.066026738,11434648593,,instructions,802232919,100.00,3.80,insn per cycle
23.066026738,3008327164,,cycles,802238399,100.00,,
23.166323541,32124,,rD044,802320980,100.00,,
23.166323541,69771709,,rFF44,802305970,100.00,,
23.166323541,10877036239,,instructions,802292750,100.00,3.62,insn per cycle
23.166323541,3008501583,,cycles,802287418,100.00,,
23.266612724,28014,,rD044,802110520,100.00,,
23.266612724,74417968,,rFF44,802112116,100.00,,
23.266612724,11461822373,,instructions,802112958,100.00,3.81,insn per cycle
23.266612724,3007847916,,cycles,802120110,100.00,,
23.366902568,30967,,rD044,802283496,100.00,,
23.366902568,68021121,,rFF44,802317541,100.00,,
23.366902568,10690726014,,instructions,802317349,100.00,3.55,insn per cycle
23.366902568,3008617576,,cycles,802316569,100.00,,
23.467194811,28992,,rD044,802249651,100.00,,
23.467194811,74082859,,rFF44,802219020,100.00,,
23.467194811,11410862119,,instructions,802218840,100.00,3.79,insn per cycle
23.467194811,3008208508,,cycles,802209290,100.00,,
23.567466114,32207,,rD044,802114510,100.00,,
23.567466114,69792466,,rFF44,802122020,100.00,,
23.567466114,10913264736,,instructions,802129310,100.00,3.63,insn per cycle
23.567466114,3007970888,,cycles,802144040,100.00,,
23.667758107,29371,,rD044,802285319,100.00,,
23.667758107,74647364,,rFF44,802274659,100.00,,
23.667758107,11500530255,,instructions,802277779,100.00,3.82,insn per cycle
23.667758107,3008420837,,cycles,802267369,100.00,,
23.768054430,32588,,rD044,802298800,100.00,,
23.768054430,68910385,,rFF44,802295580,100.00,,
23.768054430,10799919347,,instructions,802285514,100.00,3.59,insn per cycle
23.768054430,3008523896,,cycles,802291328,100.00,,
23.868337964,28284,,rD044,802210760,100.00,,
23.868337964,73358781,,rFF44,802215508,100.00,,
23.868337964,11305437180,,instructions,802217624,100.00,3.76,insn per cycle
23.868337964,3008218784,,cycles,802209640,100.00,,
23.968624057,33127,,rD044,802225396,100.00,,
23.968624057,72473424,,rFF44,802230869,100.00,,
23.968624057,11243655713,,instructions,802239359,100.00,3.74,insn per cycle
23.968624057,3008331183,,cycles,802241409,100.00,,
24.068914280,28690,,rD044,802309551,100.00,,
24.068914280,74347079,,rFF44,802323820,100.00,,
24.068914280,11459753454,,instructions,802311050,100.00,3.81,insn per cycle
24.068914280,3008591522,,cycles,802307450,100.00,,
24.169206113,31793,,rD044,802224070,100.00,,
24.169206113,70995663,,rFF44,802206910,100.00,,
24.169206113,11059284603,,instructions,802211280,100.00,3.68,insn per cycle
24.169206113,3008269669,,cycles,802222370,100.00,,
24.269492636,28662,,rD044,802094909,100.00,,
24.269492636,75061456,,rFF44,802090729,100.00,,
24.269492636,11577453071,,instructions,802088809,100.00,3.85,insn per cycle
24.269492636,3007699412,,cycles,802077539,100.00,,
24.369779799,33103,,rD044,802249760,100.00,,
24.369779799,72467283,,rFF44,802245860,100.00,,
24.369779799,11230925271,,instructions,802241506,100.00,3.73,insn per cycle
24.369779799,3008358977,,cycles,802249558,100.00,,
24.470072953,28869,,rD044,802274702,100.00,,
24.470072953,74805887,,rFF44,802269518,100.00,,
24.470072953,11539872024,,instructions,802271142,100.00,3.84,insn per cycle
24.470072953,3008455919,,cycles,802271470,100.00,,
24.570376345,33564,,rD044,802376706,100.00,,
24.570376345,73348625,,rFF44,802391190,100.00,,
24.570376345,11365162488,,instructions,802387410,100.00,3.78,insn per cycle
24.570376345,3008880410,,cycles,802387040,100.00,,
24.670660746,29636,,rD044,802209400,100.00,,
24.670660746,71683848,,rFF44,802199290,100.00,,
24.670660746,11113788618,,instructions,802197750,100.00,3.69,insn per cycle
24.670660746,3008128396,,cycles,802183740,100.00,,
24.770965867,31914,,rD044,802396460,100.00,,
24.770965867,73047590,,rFF44,802393590,100.00,,
24.770965867,11293575484,,instructions,802406080,100.00,3.75,insn per cycle
24.770965867,3009016487,,cycles,802421611,100.00,,
24.871249509,32930,,rD044,802218300,100.00,,
24.871249509,71103645,,rFF44,802217630,100.00,,
24.871249509,11074484835,,instructions,802214656,100.00,3.68,insn per cycle
24.871249509,3008262221,,cycles,802219847,100.00,,
24.971535320,28371,,rD044,802228301,100.00,,
24.971535320,74411582,,rFF44,802238558,100.00,,
24.971535320,11474748090,,instructions,802244952,100.00,3.81,insn per cycle
24.971535320,3008356971,,cycles,802245070,100.00,,
25.071820051,31236,,rD044,802204527,100.00,,
25.071820051,67305521,,rFF44,802197470,100.00,,
25.071820051,10587290372,,instructions,802195700,100.00,3.52,insn per cycle
25.071820051,3008137645,,cycles,802188570,100.00,,
25.172113323,27935,,rD044,802186210,100.00,,
25.172113323,73879573,,rFF44,802190240,100.00,,
25.172113323,11389784836,,instructions,802176790,100.00,3.79,insn per cycle
25.172113323,3008071352,,cycles,802171510,100.00,,
25.272395894,32436,,rD044,802180818,100.00,,
25.272395894,70830770,,rFF44,802167008,100.00,,
25.272395894,11034153166,,instructions,802169848,100.00,3.67,insn per cycle
25.272395894,3008047071,,cycles,802167788,100.00,,
25.372679815,28898,,rD044,802212310,100.00,,
25.372679815,73965480,,rFF44,802224490,100.00,,
25.372679815,11399077313,,instructions,802226910,100.00,3.79,insn per cycle
25.372679815,3008291625,,cycles,802228220,100.00,,
25.472961426,31022,,rD044,802192679,100.00,,
25.472961426,68574009,,rFF44,802189219,100.00,,
25.472961426,10728821467,,instructions,802187231,100.00,3.57,insn per cycle
25.472961426,3008137237,,cycles,802186547,100.00,,
25.573229227,28509,,rD044,802077550,100.00,,
25.573229227,74411379,,rFF44,802085850,100.00,,
25.573229227,11464482274,,instructions,802094396,100.00,3.81,insn per cycle
25.573229227,3007794439,,cycles,802095000,100.00,,
25.673509168,33810,,rD044,802152921,100.00,,
25.673509168,71379661,,rFF44,802152148,100.00,,
25.673509168,11109782830,,instructions,802149680,100.00,3.69,insn per cycle
25.673509168,3007970706,,cycles,802157320,100.00,,
25.773786260,29194,,rD044,802116935,100.00,,
25.773786260,74703538,,rFF44,802106279,100.00,,
25.773786260,11506793504,,instructions,802096729,100.00,3.83,insn per cycle
25.773786260,3007686419,,cycles,802090509,100.00,,
25.874078781,33481,,rD044,802280951,100.00,,
25.874078781,71564876,,rFF44,802286800,100.00,,
25.874078781,11137319341,,instructions,802290090,100.00,3.70,insn per cycle
25.874078781,3008510022,,cycles,802292570,100.00,,
25.974371092,29109,,rD044,802260620,100.00,,
25.974371092,75289476,,rFF44,802273210,100.00,,
25.974371092,11593184779,,instructions,802284510,100.00,3.85,insn per cycle
25.974371092,3008495993,,cycles,802290420,100.00,,
26.074660983,32446,,rD044,802250700,100.00,,
26.074660983,72017986,,rFF44,802245380,100.00,,
26.074660983,11174731857,,instructions,802241310,100.00,3.71,insn per cycle
26.074660983,3008297700,,cycles,802232062,100.00,,
26.174945255,28392,,rD044,802227260,100.00,,
26.174945255,74755698,,rFF44,802225180,100.00,,
26.174945255,11515030261,,instructions,802217247,100.00,3.83,insn per cycle
26.174945255,3008285085,,cycles,802225916,100.00,,
26.275231376,32344,,rD044,802084622,100.00,,
26.275231376,71649559,,rFF44,802084078,100.00,,
26.275231376,11142767991,,instructions,802091531,100.00,3.70,insn per cycle
26.275231376,3007823629,,cycles,802112770,100.00,,
26.375523777,29613,,rD044,802264786,100.00,,
26.375523777,74160303,,rFF44,802266370,100.00,,
26.375523777,11430231161,,instructions,802263440,100.00,3.80,insn per cycle
26.375523777,3008323503,,cycles,802241070,100.00,,
26.475825759,32777,,rD044,802371230,100.00,,
26.475825759,71086075,,rFF44,802375010,100.00,,
26.475825759,11076920545,,instructions,802381150,100.00,3.68,insn per cycle
26.475825759,3008978916,,cycles,802410740,100.00,,
26.576116080,29873,,rD044,802246640,100.00,,
26.576116080,75040937,,rFF44,802235870,100.00,,
26.576116080,11568077425,,instructions,802230590,100.00,3.85,insn per cycle
26.576116080,3008176241,,cycles,802196680,100.00,,
26.676397651,33717,,rD044,802219120,100.00,,
26.676397651,73009910,,rFF44,802232870,100.00,,
26.676397651,11306422992,,instructions,802225301,100.00,3.76,insn per cycle
26.676397651,3008251267,,cycles,802219408,100.00,,
26.776683822,29117,,rD044,802227210,100.00,,
26.776683822,74197228,,rFF44,802228146,100.00,,
26.776683822,11443210770,,instructions,802237457,100.00,3.80,insn per cycle
26.776683822,3008335684,,cycles,802241680,100.00,,
26.876970514,31891,,rD044,802244476,100.00,,
26.876970514,69295981,,rFF44,802238732,100.00,,
26.876970514,10821023101,,instructions,802232550,100.00,3.60,insn per cycle
26.876970514,3008295850,,cycles,802234320,100.00,,
26.977257735,28043,,rD044,802239622,100.00,,
26.977257735,73423307,,rFF44,802230450,100.00,,
26.977257735,11324490554,,instructions,802233310,100.00,3.76,insn per cycle
26.977257735,3008362127,,cycles,802246190,100.00,,
27.077546346,31458,,rD044,802241269,100.00,,
27.077546346,67090212,,rFF44,802248339,100.00,,
27.077546346,10564136567,,instructions,802250169,100.00,3.51,insn per cycle
27.077546346,3008300373,,cycles,802235199,100.00,,
27.177831367,28738,,rD044,802238290,100.00,,
27.177831367,74664026,,rFF44,802246970,100.00,,
27.177831367,11518260937,,instructions,802245180,100.00,3.83,insn per cycle
27.177831367,3008670925,,cycles,802332533,100.00,,
27.278135749,32587,,rD044,802209230,100.00,,
27.278135749,72747632,,rFF44,802193860,100.00,,
27.278135749,11273393522,,instructions,802193707,100.00,3.75,insn per cycle
27.278135749,3007812333,,cycles,802109325,100.00,,
27.378422610,29496,,rD044,802248313,100.00,,
27.378422610,73515239,,rFF44,802264148,100.00,,
27.378422610,11379813256,,instructions,802267031,100.00,3.78,insn per cycle
27.378422610,3008452459,,cycles,802272890,100.00,,
27.478709921,31855,,rD044,802236885,100.00,,
27.478709921,72626459,,rFF44,802228450,100.00,,
27.478709921,11260899272,,instructions,802229190,100.00,3.74,insn per cycle
27.478709921,3008297273,,cycles,802229190,100.00,,
27.578989862,32527,,rD044,802175770,100.00,,
27.578989862,70160265,,rFF44,802168900,100.00,,
27.578989862,10915911283,,instructions,802169570,100.00,3.63,insn per cycle
27.578989862,3008058122,,cycles,802165580,100.00,,
27.679272384,29625,,rD044,802223160,100.00,,
27.679272384,73648631,,rFF44,802235810,100.00,,
27.679272384,11354631607,,instructions,802234840,100.00,3.77,insn per cycle
27.679272384,3008298099,,cycles,802228560,100.00,,
27.779558895,31903,,rD044,802234329,100.00,,
27.779558895,68098950,,rFF44,802231009,100.00,,
27.779558895,10705161279,,instructions,802221499,100.00,3.56,insn per cycle
27.779558895,3008250990,,cycles,802217749,100.00,,
27.879844986,28588,,rD044,802256330,100.00,,
27.879844986,74699565,,rFF44,802266030,100.00,,
27.879844986,11516678320,,instructions,802333026,100.00,3.83,insn per cycle
27.879844986,3009035301,,cycles,802426618,100.00,,
27.980149078,32284,,rD044,802358484,100.00,,
27.980149078,70045356,,rFF44,802338938,100.00,,
27.980149078,10928671149,,instructions,802279982,100.00,3.63,insn per cycle
27.980149078,3008190979,,cycles,802200350,100.00,,
28.080434459,27913,,rD044,802215733,100.00,,
28.080434459,74136061,,rFF44,802227089,100.00,,
28.080434459,11426297315,,instructions,802230069,100.00,3.80,insn per cycle
28.080434459,3008273456,,cycles,802226559,100.00,,
28.180718820,32752,,rD044,802105799,100.00,,
28.180718820,72894087,,rFF44,802101399,100.00,,
28.180718820,11291929228,,instructions,802096119,100.00,3.75,insn per cycle
28.180718820,3007744206,,cycles,802083789,100.00,,
28.281006841,29916,,rD044,802225119,100.00,,
28.281006841,74325597,,rFF44,802230669,100.00,,
28.281006841,11450190833,,instructions,802239129,100.00,3.81,insn per cycle
28.281006841,3008343012,,cycles,802248319,100.00,,
28.381307793,33018,,rD044,802354429,100.00,,
28.381307793,72359983,,rFF44,802350509,100.00,,
28.381307793,11220065627,,instructions,802347941,100.00,3.73,insn per cycle
28.381307793,3008768271,,cycles,802355197,100.00,,
28.481597544,29310,,rD044,802259670,100.00,,
28.481597544,74923591,,rFF44,802251908,100.00,,
28.481597544,11537937361,,instructions,802243996,100.00,3.84,insn per cycle
28.481597544,3008329612,,cycles,802240740,100.00,,
28.581877565,32000,,rD044,802185245,100.00,,
28.581877565,70532597,,rFF44,802247250,100.00,,
28.581877565,11006101734,,instructions,802376140,100.00,3.66,insn per cycle
28.581877565,3008820438,,cycles,802368620,100.00,,
28.682182697,30070,,rD044,802385083,100.00,,
28.682182697,74724350,,rFF44,802335880,100.00,,
28.682182697,11506312964,,instructions,802207300,100.00,3.82,insn per cycle
28.682182697,3008219092,,cycles,802208640,100.00,,
28.782469128,32349,,rD044,802236390,100.00,,
28.782469128,70329172,,rFF44,802234110,100.00,,
28.782469128,10954350438,,instructions,802237480,100.00,3.64,insn per cycle
28.782469128,3008343348,,cycles,802241780,100.00,,
28.882755799,28621,,rD044,802233930,100.00,,
28.882755799,74460988,,rFF44,802223270,100.00,,
28.882755799,11468689376,,instructions,802216500,100.00,3.81,insn per cycle
28.882755799,3008193891,,cycles,802202620,100.00,,
28.983036650,30910,,rD044,802195480,100.00,,
28.983036650,67449967,,rFF44,802194830,100.00,,
28.983036650,10626504954,,instructions,802203895,100.00,3.53,insn per cycle
28.983036650,3008238678,,cycles,802214238,100.00,,
29.083322342,28910,,rD044,802219310,100.00,,
29.083322342,74199509,,rFF44,802222398,100.00,,
29.083322342,11432567943,,instructions,802215283,100.00,3.80,insn per cycle
29.083322342,3008233994,,cycles,802215600,100.00,,
29.183608983,31949,,rD044,802232248,100.00,,
29.183608983,70242865,,rFF44,802222610,100.00,,
29.183608983,10944522874,,instructions,802223320,100.00,3.64,insn per cycle
29.183608983,3008252098,,cycles,802216630,100.00,,
29.283894484,28777,,rD044,802095640,100.00,,
29.283894484,74408498,,rFF44,802140210,100.00,,
29.283894484,11465576292,,instructions,802137780,100.00,3.81,insn per cycle
29.283894484,3007943118,,cycles,802143370,100.00,,
29.384183665,32134,,rD044,802243720,100.00,,
29.384183665,71104628,,rFF44,802208230,100.00,,
29.384183665,11068665983,,instructions,802209400,100.00,3.68,insn per cycle
29.384183665,3008211825,,cycles,802207430,100.00,,
29.484468907,28765,,rD044,802231840,100.00,,
29.484468907,74015019,,rFF44,802228890,100.00,,
29.484468907,11409798842,,instructions,802222280,100.00,3.79,insn per cycle
29.484468907,3008234249,,cycles,802213850,100.00,,
29.584749768,32804,,rD044,802198279,100.00,,
29.584749768,72191935,,rFF44,802204259,100.00,,
29.584749768,11207310266,,instructions,802210830,100.00,3.73,insn per cycle
29.584749768,3008248769,,cycles,802219957,100.00,,
29.685035009,29641,,rD044,802175479,100.00,,
29.685035009,74509033,,rFF44,802163424,100.00,,
29.685035009,11490975389,,instructions,802171466,100.00,3.82,insn per cycle
29.685035009,3008048336,,cycles,802178449,100.00,,
29.785306120,31983,,rD044,802097693,100.00,,
29.785306120,69993699,,rFF44,802110703,100.00,,
29.785306120,10946038930,,instructions,802111310,100.00,3.64,insn per cycle
29.785306120,3007775327,,cycles,802110440,100.00,,
29.885592001,28363,,rD044,802257895,100.00,,
29.885592001,73857438,,rFF44,802252190,100.00,,
29.885592001,11391919162,,instructions,802241110,100.00,3.79,insn per cycle
29.885592001,3008318290,,cycles,802233520,100.00,,
29.921029375,185124,,rD044,258962530,100.00,,
29.921029375,9721068,,rFF44,258724650,100.00,,
29.921029375,1793002568,,instructions,258562040,100.00,1.85,insn per cycle
29.921029375,968930724,,cycles,258408180,100.00,,
