0.100131423,4657227,,rD044,92787775,100.00,,
0.100131423,20450976,,rFF44,92793765,100.00,,
0.100131423,443733031,,instructions,92798705,100.00,1.29,insn per cycle
0.100131423,343986150,,cycles,92803625,100.00,,
0.200408557,5490016,,rD044,100272775,100.00,,
0.200408557,23968351,,rFF44,100273105,100.00,,
0.200408557,504953081,,instructions,100273005,100.00,1.34,insn per cycle
0.200408557,376021758,,cycles,100272965,100.00,,
0.300622311,5481171,,rD044,100212885,100.00,,
0.300622311,23961243,,rFF44,100212995,100.00,,
0.300622311,505202089,,instructions,100212725,100.00,1.34,insn per cycle
0.300622311,375796820,,cycles,100212965,100.00,,
0.400854135,6778682,,rD044,100231185,100.00,,
0.400854135,29426371,,rFF44,100230275,100.00,,
0.400854135,78947352,,instructions,100230405,100.00,0.21,insn per cycle
0.400854135,375860340,,cycles,100229915,100.00,,
0.501073968,6920842,,rD044,100218404,100.00,,
0.501073968,30240486,,rFF44,100218925,100.00,,
0.501073968,37783982,,instructions,100218455,100.00,0.10,insn per cycle
0.501073968,375816741,,cycles,100218285,100.00,,
0.601292302,3285383,,rD044,3515010575,100.00,,
0.601292302,319759936,,rFF44,3532364409,100.00,,
0.601292302,47993773682,,instructions,3546721187,100.00,3.60,insn per cycle
0.601292302,13346153499,,cycles,3560148652,100.00,,
0.702452816,410452,,rD044,6473116586,100.00,,
0.702452816,566418256,,rFF44,6470795903,100.00,,
0.702452816,88380033911,,instructions,6469004256,100.00,3.64,insn per cycle
0.702452816,24255728098,,cycles,6468238042,100.00,,
0.803503029,354823,,rD044,6466087124,100.00,,
0.803503029,565125921,,rFF44,6464899585,100.00,,
0.803503029,88221303881,,instructions,6464918673,100.00,3.64,insn per cycle
0.803503029,24242906677,,cycles,6464831763,100.00,,
0.904511201,370111,,rD044,6464372967,100.00,,
0.904511201,570359753,,rFF44,6464319817,100.00,,
0.904511201,88887664353,,instructions,6463850525,100.00,3.67,insn per cycle
0.904511201,24238370227,,cycles,6463749785,100.00,,
1.005502304,354040,,rD044,6463011862,100.00,,
1.005502304,571888108,,rFF44,6463184905,100.00,,
1.005502304,89069636082,,instructions,6462889684,100.00,3.68,insn per cycle
1.005502304,24234370586,,cycles,6462668212,100.00,,
1.106491266,361966,,rD044,6463548017,100.00,,
1.106491266,584257058,,rFF44,6464743924,100.00,,
1.106491266,90662225443,,instructions,6466016241,100.00,3.74,insn per cycle
1.106491266,24247764077,,cycles,6466192170,100.00,,
1.207529368,350865,,rD044,6466062489,100.00,,
1.207529368,571030768,,rFF44,6464920408,100.00,,
1.207529368,88947636681,,instructions,6463997133,100.00,3.67,insn per cycle
1.207529368,24240441720,,cycles,6464173106,100.00,,
1.308531441,351909,,rD044,6464245327,100.00,,
1.308531441,569336610,,rFF44,6464347852,100.00,,
1.308531441,88732187063,,instructions,6464448913,100.00,3.66,insn per cycle
1.308531441,24240737818,,cycles,6464236142,100.00,,
1.409534023,341495,,rD044,6463908757,100.00,,
1.409534023,562692762,,rFF44,6463572414,100.00,,
1.409534023,87938216108,,instructions,6463029349,100.00,3.63,insn per cycle
1.409534023,24234033737,,cycles,6462467995,100.00,,
1.510508505,353141,,rD044,6462524345,100.00,,
1.510508505,571670937,,rFF44,6463002102,100.00,,
1.510508505,89082017545,,instructions,6463446346,100.00,3.68,insn per cycle
1.510508505,24239469852,,cycles,6463892479,100.00,,
1.611519038,352660,,rD044,6464799901,100.00,,
1.611519038,580089881,,rFF44,6466828373,100.00,,
1.611519038,90163371826,,instructions,6467650919,100.00,3.72,insn per cycle
1.611519038,24254205927,,cycles,6467956450,100.00,,
1.712570640,350329,,rD044,6465435421,100.00,,
1.712570640,564973289,,rFF44,6464025935,100.00,,
1.712570640,88202327770,,instructions,6464312148,100.00,3.64,insn per cycle
1.712570640,24239116055,,cycles,6463815740,100.00,,
1.813584353,375140,,rD044,6465915811,100.00,,
1.813584353,564425609,,rFF44,6465617367,100.00,,
1.813584353,88107092213,,instructions,6464822532,100.00,3.63,insn per cycle
1.813584353,24242905273,,cycles,6464805858,100.00,,
1.914591615,361098,,rD044,6464322466,100.00,,
1.914591615,564025036,,rFF44,6464135532,100.00,,
1.914591615,88069993072,,instructions,6464136999,100.00,3.63,insn per cycle
1.914591615,24241903990,,cycles,6464569493,100.00,,
2.015667489,336755,,rD044,6468295994,100.00,,
2.015667489,570641141,,rFF44,6467522099,100.00,,
2.015667489,88942228526,,instructions,6467163918,100.00,3.67,insn per cycle
2.015667489,24251578302,,cycles,6467139286,100.00,,
2.116669961,343721,,rD044,6464145809,100.00,,
2.116669961,569736234,,rFF44,6464599052,100.00,,
2.116669961,88798602937,,instructions,6464184257,100.00,3.66,insn per cycle
2.116669961,24239844543,,cycles,6464006884,100.00,,
2.217664573,351662,,rD044,6463525300,100.00,,
2.217664573,575148943,,rFF44,6463893085,100.00,,
2.217664573,89493229533,,instructions,6464680563,100.00,3.69,insn per cycle
2.217664573,24241907015,,cycles,6464569974,100.00,,
2.318683266,348798,,rD044,6465067140,100.00,,
2.318683266,573920174,,rFF44,6464940485,100.00,,
2.318683266,89332314251,,instructions,6464614843,100.00,3.68,insn per cycle
2.318683266,24243062033,,cycles,6464882095,100.00,,
2.419687318,356288,,rD044,6464203566,100.00,,
2.419687318,562171405,,rFF44,6464111752,100.00,,
2.419687318,87840161983,,instructions,6464420144,100.00,3.62,insn per cycle
2.419687318,24241092430,,cycles,6464344734,100.00,,
2.520694710,355350,,rD044,6464087894,100.00,,
2.520694710,569080630,,rFF44,6463945902,100.00,,
2.520694710,88703007637,,instructions,6463676519,100.00,3.66,insn per cycle
2.520694710,24238967669,,cycles,6463761580,100.00,,
2.621687972,351439,,rD044,6463873187,100.00,,
2.621687972,569808636,,rFF44,6463697217,100.00,,
2.621687972,88803491428,,instructions,6463166503,100.00,3.66,insn per cycle
2.621687972,24234643238,,cycles,6462615375,100.00,,
2.722669045,348502,,rD044,6462443747,100.00,,
2.722669045,570700260,,rFF44,6462066694,100.00,,
2.722669045,88924209240,,instructions,6462557659,100.00,3.67,insn per cycle
2.722669045,24234829461,,cycles,6462691534,100.00,,
2.823644997,351021,,rD044,6463464924,100.00,,
2.823644997,560934567,,rFF44,6465393978,100.00,,
2.823644997,87681860296,,instructions,6465555508,100.00,3.62,insn per cycle
2.823644997,24246322371,,cycles,6465745379,100.00,,
2.924675079,346811,,rD044,6465055611,100.00,,
2.924675079,561347248,,rFF44,6464154760,100.00,,
2.924675079,87720637134,,instructions,6464267174,100.00,3.62,insn per cycle
2.924675079,24240711406,,cycles,6464227955,100.00,,
3.025684092,349029,,rD044,6464488736,100.00,,
3.025684092,562588007,,rFF44,6464567627,100.00,,
3.025684092,87878169954,,instructions,6465034698,100.00,3.62,insn per cycle
3.025684092,24245013160,,cycles,6465385678,100.00,,
3.126717944,345489,,rD044,6465482532,100.00,,
3.126717944,575067235,,rFF44,6464868608,100.00,,
3.126717944,89485055606,,instructions,6464228703,100.00,3.69,insn per cycle
3.126717944,24240035594,,cycles,6464135163,100.00,,
3.227717217,353965,,rD044,6464101302,100.00,,
3.227717217,572317122,,rFF44,6464309069,100.00,,
3.227717217,89151356117,,instructions,6464323623,100.00,3.68,insn per cycle
3.227717217,24240650141,,cycles,6464212295,100.00,,
3.328716629,359385,,rD044,6464137490,100.00,,
3.328716629,573372094,,rFF44,6464354458,100.00,,
3.328716629,89245115539,,instructions,6463955963,100.00,3.68,insn per cycle
3.328716629,24238341775,,cycles,6463588049,100.00,,
3.429713051,349010,,rD044,6463329424,100.00,,
3.429713051,561619019,,rFF44,6463397058,100.00,,
3.429713051,87808389242,,instructions,6464062989,100.00,3.62,insn per cycle
3.429713051,24241034806,,cycles,6464310640,100.00,,
3.530721574,351100,,rD044,6464613428,100.00,,
3.530721574,562602354,,rFF44,6464314004,100.00,,
3.530721574,87869236939,,instructions,6463783755,100.00,3.63,insn per cycle
3.530721574,24237521580,,cycles,6463378813,100.00,,
3.631711416,351777,,rD044,6463196682,100.00,,
3.631711416,568568084,,rFF44,6462603325,100.00,,
3.631711416,88567525058,,instructions,6462237520,100.00,3.66,insn per cycle
3.631711416,24230366686,,cycles,6461491941,100.00,,
3.732659918,347154,,rD044,6459891281,100.00,,
3.732659918,561793764,,rFF44,6458402317,100.00,,
3.732659918,87721033273,,instructions,6457327621,100.00,3.62,insn per cycle
3.732659918,24212086470,,cycles,6456607247,100.00,,
3.833572979,351349,,rD044,6458742014,100.00,,
3.833572979,560778112,,rFF44,6459088961,100.00,,
3.833572979,87644886689,,instructions,6458752889,100.00,3.62,insn per cycle
3.833572979,24219539380,,cycles,6458595481,100.00,,
3.934447460,350643,,rD044,6455431212,100.00,,
3.934447460,560992654,,rFF44,6456192733,100.00,,
3.934447460,87818439852,,instructions,6460456629,100.00,3.62,insn per cycle
3.934447460,24234636466,,cycles,6462595327,100.00,,
4.035451182,381250,,rD044,6465374076,100.00,,
4.035451182,567503932,,rFF44,6466495110,100.00,,
4.035451182,88540318804,,instructions,6464158626,100.00,3.65,insn per cycle
4.035451182,24239490782,,cycles,6463932610,100.00,,
4.136449605,352852,,rD044,6463987358,100.00,,
4.136449605,579245165,,rFF44,6464301113,100.00,,
4.136449605,90033321560,,instructions,6464661415,100.00,3.71,insn per cycle
4.136449605,24242565307,,cycles,6464814575,100.00,,
4.237472467,346166,,rD044,6463031736,100.00,,
4.237472467,563555799,,rFF44,6462723243,100.00,,
4.237472467,88000238966,,instructions,6462398213,100.00,3.63,insn per cycle
4.237472467,24234310575,,cycles,6462543379,100.00,,
4.338476969,365908,,rD044,6458366646,100.00,,
4.338476969,533239378,,rFF44,6455380832,100.00,,
4.338476969,84009847487,,instructions,6453228266,100.00,3.47,insn per cycle
4.338476969,24191541220,,cycles,6451157265,100.00,,
4.350244119,146520,,rD044,478490807,100.00,,
4.350244119,2590697,,rFF44,467101495,100.00,,
4.350244119,1371804324,,instructions,457036370,100.00,0.82,insn per cycle
4.350244119,1674328452,,cycles,446695667,100.00,,
