0.100124826,4642866,,rD044,92433372,100.00,,
0.100124826,20433096,,rFF44,92439392,100.00,,
0.100124826,443486709,,instructions,92444332,100.00,1.29,insn per cycle
0.100124826,342807740,,cycles,92449312,100.00,,
0.200389403,5494689,,rD044,100278605,100.00,,
0.200389403,23972001,,rFF44,100278575,100.00,,
0.200389403,505217972,,instructions,100278515,100.00,1.34,insn per cycle
0.200389403,376044483,,cycles,100278815,100.00,,
0.300621469,5472710,,rD044,100212555,100.00,,
0.300621469,23902727,,rFF44,100211815,100.00,,
0.300621469,503801152,,instructions,100211885,100.00,1.34,insn per cycle
0.300621469,375789753,,cycles,100211085,100.00,,
0.400830876,6749648,,rD044,100209424,100.00,,
0.400830876,29268599,,rFF44,100209924,100.00,,
0.400830876,80101618,,instructions,100209525,100.00,0.21,insn per cycle
0.400830876,375786311,,cycles,100210165,100.00,,
0.501045302,6903870,,rD044,100198805,100.00,,
0.501045302,29946631,,rFF44,100198525,100.00,,
0.501045302,37374396,,instructions,100198584,100.00,0.10,insn per cycle
0.501045302,375714900,,cycles,100197614,100.00,,
0.601257638,4124067,,rD044,490632781,100.00,,
0.601257638,53226381,,rFF44,490907451,100.00,,
0.601257638,6171193885,,instructions,491106528,100.00,3.35,insn per cycle
0.601257638,1841816625,,cycles,491295839,100.00,,
0.701591746,1345532,,rD044,802524297,100.00,,
0.701591746,72290050,,rFF44,802492548,100.00,,
0.701591746,11140259591,,instructions,802495571,100.00,3.70,insn per cycle
0.701591746,3009361990,,cycles,802500960,100.00,,
0.801893844,1360410,,rD044,802411481,100.00,,
0.801893844,69090652,,rFF44,802401390,100.00,,
0.801893844,10774360766,,instructions,802389360,100.00,3.58,insn per cycle
0.801893844,3008925789,,cycles,802383940,100.00,,
0.902192581,1646095,,rD044,802430000,100.00,,
0.902192581,72853432,,rFF44,802424330,100.00,,
0.902192581,11230516408,,instructions,802419840,100.00,3.73,insn per cycle
0.902192581,3009028798,,cycles,802411690,100.00,,
1.002496048,1819295,,rD044,802375200,100.00,,
1.002496048,69137911,,rFF44,802378620,100.00,,
1.002496048,10777826478,,instructions,802384816,100.00,3.58,insn per cycle
1.002496048,3008965302,,cycles,802394698,100.00,,
1.102794736,1375895,,rD044,802379013,100.00,,
1.102794736,72385753,,rFF44,802373768,100.00,,
1.102794736,11157551538,,instructions,802365102,100.00,3.71,insn per cycle
1.102794736,3008808937,,cycles,802352960,100.00,,
1.203089913,1652135,,rD044,802436685,100.00,,
1.203089913,68450050,,rFF44,802479900,100.00,,
1.203089913,10695765154,,instructions,802498850,100.00,3.55,insn per cycle
1.203089913,3009377559,,cycles,802504460,100.00,,
1.303410111,1632361,,rD044,802544530,100.00,,
1.303410111,72482673,,rFF44,802537490,100.00,,
1.303410111,11173184491,,instructions,802529740,100.00,3.71,insn per cycle
1.303410111,3009444167,,cycles,802522921,100.00,,
1.403719128,1650741,,rD044,802460040,100.00,,
1.403719128,67927393,,rFF44,802426852,100.00,,
1.403719128,10624923982,,instructions,802415298,100.00,3.53,insn per cycle
1.403719128,3009075487,,cycles,802423657,100.00,,
1.504023066,1832892,,rD044,802409527,100.00,,
1.504023066,72922837,,rFF44,802426516,100.00,,
1.504023066,11243723410,,instructions,802438890,100.00,3.74,insn per cycle
1.504023066,3009153044,,cycles,802451340,100.00,,
1.604332813,1600992,,rD044,802563901,100.00,,
1.604332813,70747365,,rFF44,802695800,100.00,,
1.604332813,10969149569,,instructions,802689960,100.00,3.64,insn per cycle
1.604332813,3010014612,,cycles,802674620,100.00,,
1.704668081,2113256,,rD044,802522720,100.00,,
1.704668081,72929010,,rFF44,802367950,100.00,,
1.704668081,11244600367,,instructions,802355672,100.00,3.74,insn per cycle
1.704668081,3008831374,,cycles,802358938,100.00,,
1.804964078,1681288,,rD044,802434923,100.00,,
1.804964078,70227814,,rFF44,802512208,100.00,,
1.804964078,10907065073,,instructions,802527506,100.00,3.62,insn per cycle
1.804964078,3009429651,,cycles,802518160,100.00,,
1.905278036,1731450,,rD044,802487455,100.00,,
1.905278036,72742439,,rFF44,802434300,100.00,,
1.905278036,11216548255,,instructions,802439220,100.00,3.73,insn per cycle
1.905278036,3009300555,,cycles,802484160,100.00,,
2.005639624,1905208,,rD044,802825870,100.00,,
2.005639624,70798241,,rFF44,802792300,100.00,,
2.005639624,10972077332,,instructions,802771624,100.00,3.64,insn per cycle
2.005639624,3010241574,,cycles,802734848,100.00,,
2.105929941,1737393,,rD044,802337111,100.00,,
2.105929941,72384451,,rFF44,802359398,100.00,,
2.105929941,11161646113,,instructions,802396934,100.00,3.71,insn per cycle
2.105929941,3009044688,,cycles,802416050,100.00,,
2.206239369,1689180,,rD044,802534687,100.00,,
2.206239369,69918306,,rFF44,802617700,100.00,,
2.206239369,10854647689,,instructions,802608550,100.00,3.61,insn per cycle
2.206239369,3009711734,,cycles,802592810,100.00,,
2.306577556,1782715,,rD044,802609640,100.00,,
2.306577556,72513537,,rFF44,802507020,100.00,,
2.306577556,11178962532,,instructions,802490370,100.00,3.71,insn per cycle
2.306577556,3009267742,,cycles,802481844,100.00,,
2.406873584,1674523,,rD044,802404970,100.00,,
2.406873584,67210217,,rFF44,802430046,100.00,,
2.406873584,10536599460,,instructions,802428978,100.00,3.50,insn per cycle
2.406873584,3009125740,,cycles,802437484,100.00,,
2.507179991,1781616,,rD044,802420868,100.00,,
2.507179991,72560685,,rFF44,802425892,100.00,,
2.507179991,11186292920,,instructions,802436910,100.00,3.72,insn per cycle
2.507179991,3009008543,,cycles,802425530,100.00,,
2.607487829,1744382,,rD044,802390530,100.00,,
2.607487829,70071119,,rFF44,802356390,100.00,,
2.607487829,10897500184,,instructions,802347600,100.00,3.62,insn per cycle
2.607487829,3008800306,,cycles,802355670,100.00,,
2.707784306,1432937,,rD044,802370660,100.00,,
2.707784306,72681262,,rFF44,802377240,100.00,,
2.707784306,11203882213,,instructions,802383580,100.00,3.72,insn per cycle
2.707784306,3008908420,,cycles,802383701,100.00,,
2.808082103,1316727,,rD044,802385470,100.00,,
2.808082103,69645658,,rFF44,802395061,100.00,,
2.808082103,10831952013,,instructions,802372878,100.00,3.60,insn per cycle
2.808082103,3008871219,,cycles,802369727,100.00,,
2.908377451,1269912,,rD044,802421286,100.00,,
2.908377451,72095367,,rFF44,802435827,100.00,,
2.908377451,11110972900,,instructions,802445230,100.00,3.69,insn per cycle
2.908377451,3009214492,,cycles,802461200,100.00,,
3.008686898,1335959,,rD044,802406892,100.00,,
3.008686898,67320108,,rFF44,802386240,100.00,,
3.008686898,10549656137,,instructions,802385190,100.00,3.51,insn per cycle
3.008686898,3008857041,,cycles,802365650,100.00,,
3.108983226,1442286,,rD044,802382750,100.00,,
3.108983226,72482439,,rFF44,802398200,100.00,,
3.108983226,11172066609,,instructions,802412320,100.00,3.71,insn per cycle
3.108983226,3009081054,,cycles,802425670,100.00,,
3.209286183,1610186,,rD044,802397890,100.00,,
3.209286183,68974320,,rFF44,802391930,100.00,,
3.209286183,10754877749,,instructions,802377985,100.00,3.57,insn per cycle
3.209286183,3008947373,,cycles,802389588,100.00,,
3.309596840,1813522,,rD044,802500077,100.00,,
3.309596840,72580900,,rFF44,802511148,100.00,,
3.309596840,11187631104,,instructions,802523993,100.00,3.72,insn per cycle
3.309596840,3009383000,,cycles,802506120,100.00,,
3.409900428,1484934,,rD044,802410911,100.00,,
3.409900428,70453914,,rFF44,802395360,100.00,,
3.409900428,10932935993,,instructions,802389890,100.00,3.63,insn per cycle
3.409900428,3008937224,,cycles,802386840,100.00,,
3.510195295,1316617,,rD044,802310350,100.00,,
3.510195295,71224962,,rFF44,802299620,100.00,,
3.510195295,11017422198,,instructions,802295480,100.00,3.66,insn per cycle
3.510195295,3008590767,,cycles,802300920,100.00,,
3.610486542,1339535,,rD044,802335290,100.00,,
3.610486542,70643919,,rFF44,802333330,100.00,,
3.610486542,10959946408,,instructions,802341690,100.00,3.64,insn per cycle
3.610486542,3008794705,,cycles,802348868,100.00,,
3.710784190,1932525,,rD044,802408170,100.00,,
3.710784190,70245904,,rFF44,802420228,100.00,,
3.710784190,10908062836,,instructions,802415178,100.00,3.63,insn per cycle
3.710784190,3008972359,,cycles,802396830,100.00,,
3.811083197,1914476,,rD044,802418688,100.00,,
3.811083197,72880400,,rFF44,802423160,100.00,,
3.811083197,11233320993,,instructions,802419610,100.00,3.73,insn per cycle
3.811083197,3009064641,,cycles,802421080,100.00,,
3.911438935,1780791,,rD044,802780110,100.00,,
3.911438935,71606975,,rFF44,802766420,100.00,,
3.911438935,11077893310,,instructions,802767860,100.00,3.68,insn per cycle
3.911438935,3010407807,,cycles,802779164,100.00,,
4.011731872,1343994,,rD044,802399730,100.00,,
4.011731872,72715527,,rFF44,802446046,100.00,,
4.011731872,11203703982,,instructions,802454898,100.00,3.72,insn per cycle
4.011731872,3009131109,,cycles,802438664,100.00,,
4.112040580,1446316,,rD044,802410298,100.00,,
4.112040580,67061143,,rFF44,802365642,100.00,,
4.112040580,10525373902,,instructions,802355120,100.00,3.50,insn per cycle
4.112040580,3008871183,,cycles,802369570,100.00,,
4.212336237,1485050,,rD044,802396700,100.00,,
4.212336237,72493299,,rFF44,802504910,100.00,,
4.212336237,11169276307,,instructions,802555440,100.00,3.71,insn per cycle
4.212336237,3009551046,,cycles,802556710,100.00,,
4.312661845,1652692,,rD044,802487080,100.00,,
4.312661845,70040779,,rFF44,802382880,100.00,,
4.312661845,10886526763,,instructions,802324220,100.00,3.62,insn per cycle
4.312661845,3008579307,,cycles,802316556,100.00,,
4.412957682,2093828,,rD044,802376220,100.00,,
4.412957682,72697613,,rFF44,802493408,100.00,,
4.412957682,11199316850,,instructions,802540718,100.00,3.72,insn per cycle
4.412957682,3009589944,,cycles,802562232,100.00,,
4.513284710,1566070,,rD044,802609458,100.00,,
4.513284710,70788154,,rFF44,802521700,100.00,,
4.513284710,10979381505,,instructions,802497660,100.00,3.65,insn per cycle
4.513284710,3009492545,,cycles,802555800,100.00,,
4.613610718,1557120,,rD044,802739030,100.00,,
4.613610718,72745039,,rFF44,802807290,100.00,,
4.613610718,11204070095,,instructions,802848237,100.00,3.72,insn per cycle
4.613610718,3010421505,,cycles,802782858,100.00,,
4.713954025,1429512,,rD044,802546336,100.00,,
4.713954025,70425069,,rFF44,802476648,100.00,,
4.713954025,10927079531,,instructions,802426301,100.00,3.63,insn per cycle
4.713954025,3009009950,,cycles,802406410,100.00,,
4.814253863,1903360,,rD044,802406592,100.00,,
4.814253863,72787644,,rFF44,802384920,100.00,,
4.814253863,11211425603,,instructions,802377800,100.00,3.73,insn per cycle
4.814253863,3008925215,,cycles,802384290,100.00,,
4.914564760,1407202,,rD044,802451659,100.00,,
4.914564760,70379168,,rFF44,802446049,100.00,,
4.914564760,10918815067,,instructions,802444829,100.00,3.63,insn per cycle
4.914564760,3009119725,,cycles,802442009,100.00,,
5.014864558,1635953,,rD044,802380660,100.00,,
5.014864558,72937196,,rFF44,802384910,100.00,,
5.014864558,11231119422,,instructions,802385637,100.00,3.73,insn per cycle
5.014864558,3008900891,,cycles,802377458,100.00,,
5.115162835,1507272,,rD044,802372904,100.00,,
5.115162835,70892110,,rFF44,802372548,100.00,,
5.115162835,10982499098,,instructions,802368771,100.00,3.65,insn per cycle
5.115162835,3008907284,,cycles,802379050,100.00,,
5.215457462,1050067,,rD044,802341194,100.00,,
5.215457462,72636798,,rFF44,802335890,100.00,,
5.215457462,11183689516,,instructions,802347710,100.00,3.72,insn per cycle
5.215457462,3008818000,,cycles,802355510,100.00,,
5.315756860,1522877,,rD044,802552570,100.00,,
5.315756860,68455690,,rFF44,802584670,100.00,,
5.315756860,10698908770,,instructions,802582110,100.00,3.55,insn per cycle
5.315756860,3009617885,,cycles,802568610,100.00,,
5.416086598,1500224,,rD044,802500360,100.00,,
5.416086598,72466637,,rFF44,802471911,100.00,,
5.416086598,11160298885,,instructions,802465098,100.00,3.71,insn per cycle
5.416086598,3009295139,,cycles,802483518,100.00,,
5.516384565,1563430,,rD044,802386707,100.00,,
5.516384565,70883756,,rFF44,802395597,100.00,,
5.516384565,10988294006,,instructions,802403860,100.00,3.65,insn per cycle
5.516384565,3008966617,,cycles,802407570,100.00,,
5.616692222,1385841,,rD044,802437221,100.00,,
5.616692222,72506002,,rFF44,802442240,100.00,,
5.616692222,11167405336,,instructions,802463210,100.00,3.71,insn per cycle
5.616692222,3009208698,,cycles,802459500,100.00,,
5.717002100,1699361,,rD044,802430840,100.00,,
5.717002100,68901705,,rFF44,802414270,100.00,,
5.717002100,10754827238,,instructions,802387940,100.00,3.57,insn per cycle
5.717002100,3008888306,,cycles,802374130,100.00,,
5.817312647,1786333,,rD044,802778415,100.00,,
5.817312647,72703742,,rFF44,803029808,100.00,,
5.817312647,11200625219,,instructions,803059618,100.00,3.72,insn per cycle
5.817312647,3011551717,,cycles,803088608,100.00,,
5.917682035,1436530,,rD044,802678643,100.00,,
5.917682035,70015433,,rFF44,802435900,100.00,,
5.917682035,10875683441,,instructions,802413310,100.00,3.61,insn per cycle
5.917682035,3008981405,,cycles,802398870,100.00,,
6.017985333,1159813,,rD044,802387170,100.00,,
6.017985333,72601649,,rFF44,802380300,100.00,,
6.017985333,11185532234,,instructions,802386820,100.00,3.72,insn per cycle
6.017985333,3008900507,,cycles,802377337,100.00,,
6.118281360,1450308,,rD044,802369640,100.00,,
6.118281360,70384690,,rFF44,802348414,100.00,,
6.118281360,10917562241,,instructions,802324988,100.00,3.63,insn per cycle
6.118281360,3008678450,,cycles,802318201,100.00,,
6.218583658,1539575,,rD044,802414908,100.00,,
6.218583658,72814004,,rFF44,802432544,100.00,,
6.218583658,11218094586,,instructions,802445650,100.00,3.73,insn per cycle
6.218583658,3009235368,,cycles,802466610,100.00,,
6.318882505,1236632,,rD044,802458220,100.00,,
6.318882505,65915385,,rFF44,802450520,100.00,,
6.318882505,10379988586,,instructions,802435560,100.00,3.45,insn per cycle
6.318882505,3009065025,,cycles,802421410,100.00,,
6.419185672,1840250,,rD044,802432600,100.00,,
6.419185672,72839495,,rFF44,802454130,100.00,,
6.419185672,11223972301,,instructions,802468130,100.00,3.73,insn per cycle
6.419185672,3009264711,,cycles,802474016,100.00,,
6.519495000,1316381,,rD044,802369860,100.00,,
6.519495000,68152141,,rFF44,802362315,100.00,,
6.519495000,10653281031,,instructions,802375918,100.00,3.54,insn per cycle
6.519495000,3008888649,,cycles,802380052,100.00,,
6.619793017,1564857,,rD044,802478958,100.00,,
6.619793017,72973743,,rFF44,802529103,100.00,,
6.619793017,11243671758,,instructions,802511200,100.00,3.74,insn per cycle
6.619793017,3009367622,,cycles,802501940,100.00,,
6.720109995,1230004,,rD044,802435520,100.00,,
6.720109995,69693849,,rFF44,802385800,100.00,,
6.720109995,10837982076,,instructions,802389260,100.00,3.60,insn per cycle
6.720109995,3008988991,,cycles,802400510,100.00,,
6.820409982,1749777,,rD044,802429850,100.00,,
6.820409982,72661320,,rFF44,802416750,100.00,,
6.820409982,11197662504,,instructions,802414350,100.00,3.72,insn per cycle
6.820409982,3008988855,,cycles,802408256,100.00,,
6.920713020,1545024,,rD044,802453720,100.00,,
6.920713020,69412676,,rFF44,802482658,100.00,,
6.920713020,10801021011,,instructions,802487818,100.00,3.59,insn per cycle
6.920713020,3009256720,,cycles,802472402,100.00,,
7.021022987,1547515,,rD044,802412938,100.00,,
7.021022987,72735556,,rFF44,802383350,100.00,,
7.021022987,11211073172,,instructions,802383310,100.00,3.73,insn per cycle
7.021022987,3008986010,,cycles,802400090,100.00,,
7.121326315,1252087,,rD044,802498330,100.00,,
7.121326315,71379387,,rFF44,802616590,100.00,,
7.121326315,11049644134,,instructions,802795740,100.00,3.67,insn per cycle
7.121326315,3010492130,,cycles,802807645,100.00,,
7.221670642,1604031,,rD044,802739180,100.00,,
7.221670642,72523529,,rFF44,802753678,100.00,,
7.221670642,11177126402,,instructions,802580538,100.00,3.71,insn per cycle
7.221670642,3009623707,,cycles,802570083,100.00,,
7.321993874,1723923,,rD044,802528158,100.00,,
7.321993874,68616096,,rFF44,802425110,100.00,,
7.321993874,10711910371,,instructions,802427310,100.00,3.56,insn per cycle
7.321993874,3009007478,,cycles,802406310,100.00,,
7.422293620,1694757,,rD044,802372570,100.00,,
7.422293620,72609744,,rFF44,802352820,100.00,,
7.422293620,11193043692,,instructions,802336370,100.00,3.72,insn per cycle
7.422293620,3008996654,,cycles,802410900,100.00,,
7.522606477,1683208,,rD044,802445150,100.00,,
7.522606477,71226981,,rFF44,802440820,100.00,,
7.522606477,11019911319,,instructions,802456282,100.00,3.66,insn per cycle
7.522606477,3008905528,,cycles,802393108,100.00,,
7.622902573,1858642,,rD044,802448623,100.00,,
7.622902573,72675695,,rFF44,802461708,100.00,,
7.622902573,11206040463,,instructions,802452736,100.00,3.72,insn per cycle
7.622902573,3009204490,,cycles,802458470,100.00,,
7.723254700,1569813,,rD044,802768845,100.00,,
7.723254700,70540900,,rFF44,802815380,100.00,,
7.723254700,10949106105,,instructions,802831850,100.00,3.64,insn per cycle
7.723254700,3010875283,,cycles,802904070,100.00,,
7.823586667,1681176,,rD044,802610300,100.00,,
7.823586667,72562790,,rFF44,802545060,100.00,,
7.823586667,11188228540,,instructions,802533168,100.00,3.72,insn per cycle
7.823586667,3009190243,,cycles,802454678,100.00,,
7.923882403,1214300,,rD044,802368725,100.00,,
7.923882403,69329104,,rFF44,802380688,100.00,,
7.923882403,10786150666,,instructions,802363310,100.00,3.58,insn per cycle
7.923882403,3008846621,,cycles,802362890,100.00,,
8.024180339,1686488,,rD044,802381793,100.00,,
8.024180339,72877456,,rFF44,802415940,100.00,,
8.024180339,11238403479,,instructions,802453120,100.00,3.73,insn per cycle
8.024180339,3009196776,,cycles,802456510,100.00,,
8.124490166,1416176,,rD044,802506060,100.00,,
8.124490166,70044413,,rFF44,802464870,100.00,,
8.124490166,10884832327,,instructions,802432670,100.00,3.62,insn per cycle
8.124490166,3009115405,,cycles,802434240,100.00,,
8.224794642,1591467,,rD044,802384210,100.00,,
8.224794642,73032807,,rFF44,802395220,100.00,,
8.224794642,11261562558,,instructions,802418026,100.00,3.74,insn per cycle
8.224794642,3009064635,,cycles,802421408,100.00,,
8.325097999,1669859,,rD044,802403676,100.00,,
8.325097999,70401115,,rFF44,802409118,100.00,,
8.325097999,10914307982,,instructions,802382792,100.00,3.63,insn per cycle
8.325097999,3008784285,,cycles,802372210,100.00,,
8.425401885,1884034,,rD044,802373342,100.00,,
8.425401885,72734254,,rFF44,802368040,100.00,,
8.425401885,11211876125,,instructions,802387480,100.00,3.73,insn per cycle
8.425401885,3008947634,,cycles,802390000,100.00,,
8.525702191,1924945,,rD044,802335970,100.00,,
8.525702191,71004390,,rFF44,802392900,100.00,,
8.525702191,10993632136,,instructions,802399150,100.00,3.65,insn per cycle
8.525702191,3008933031,,cycles,802407010,100.00,,
8.626010328,1716702,,rD044,802492790,100.00,,
8.626010328,72193658,,rFF44,802439240,100.00,,
8.626010328,11126776808,,instructions,802416356,100.00,3.70,insn per cycle
8.626010328,3009011605,,cycles,802407118,100.00,,
8.726311614,1639084,,rD044,802429055,100.00,,
8.726311614,70212717,,rFF44,802439718,100.00,,
8.726311614,10909541552,,instructions,802543592,100.00,3.62,insn per cycle
8.726311614,3009621206,,cycles,802569570,100.00,,
8.826632541,1827883,,rD044,802480753,100.00,,
8.826632541,71630166,,rFF44,802444360,100.00,,
8.826632541,11074547975,,instructions,802345270,100.00,3.68,insn per cycle
8.826632541,3008692558,,cycles,802321940,100.00,,
8.926925847,1477169,,rD044,802426160,100.00,,
8.926925847,72314897,,rFF44,802454330,100.00,,
8.926925847,11156963116,,instructions,802462030,100.00,3.71,insn per cycle
8.926925847,3009244412,,cycles,802468640,100.00,,
9.027231894,1556758,,rD044,802355370,100.00,,
9.027231894,67385561,,rFF44,802337880,100.00,,
9.027231894,10561319719,,instructions,802338666,100.00,3.51,insn per cycle
9.027231894,3008754668,,cycles,802338928,100.00,,
9.127542480,1800549,,rD044,802500337,100.00,,
9.127542480,71290116,,rFF44,802514728,100.00,,
9.127542480,11025325346,,instructions,802503562,100.00,3.66,insn per cycle
9.127542480,3009350307,,cycles,802497040,100.00,,
9.227844276,1598727,,rD044,802402191,100.00,,
9.227844276,70279528,,rFF44,802393000,100.00,,
9.227844276,10917778056,,instructions,802397320,100.00,3.63,insn per cycle
9.227844276,3008981368,,cycles,802399290,100.00,,
9.328140493,1812581,,rD044,802489500,100.00,,
9.328140493,72698215,,rFF44,802680430,100.00,,
9.328140493,11205839067,,instructions,802851747,100.00,3.72,insn per cycle
9.328140493,3010887215,,cycles,802906028,100.00,,
9.428508740,1715393,,rD044,802808948,100.00,,
9.428508740,71061546,,rFF44,802612258,100.00,,
9.428508740,11004672700,,instructions,802441541,100.00,3.66,insn per cycle
9.428508740,3008919126,,cycles,802383150,100.00,,
9.528803786,1819956,,rD044,802385560,100.00,,
9.528803786,72898217,,rFF44,802433970,100.00,,
9.528803786,11231605702,,instructions,802439610,100.00,3.73,insn per cycle
9.528803786,3009146533,,cycles,802449690,100.00,,
9.629133083,1637408,,rD044,802586030,100.00,,
9.629133083,70957055,,rFF44,802536730,100.00,,
9.629133083,11006621404,,instructions,802531980,100.00,3.66,insn per cycle
9.629133083,3009456171,,cycles,802526435,100.00,,
9.729427769,1729162,,rD044,802352730,100.00,,
9.729427769,73012583,,rFF44,802381494,100.00,,
9.729427769,11247540247,,instructions,802396058,100.00,3.74,insn per cycle
9.729427769,3008921410,,cycles,802382923,100.00,,
9.829725856,1691393,,rD044,802376748,100.00,,
9.829725856,71184310,,rFF44,802349884,100.00,,
9.829725856,11016614546,,instructions,802335290,100.00,3.66,insn per cycle
9.829725856,3008779466,,cycles,802345330,100.00,,
9.930022742,1948713,,rD044,802464960,100.00,,
9.930022742,72594297,,rFF44,802548820,100.00,,
9.930022742,11180555922,,instructions,802546220,100.00,3.72,insn per cycle
9.930022742,3009566553,,cycles,802554900,100.00,,
10.030321258,1459275,,rD044,802368050,100.00,,
10.030321258,69266423,,rFF44,802302650,100.00,,
10.030321258,10783916090,,instructions,802391470,100.00,3.58,insn per cycle
10.030321258,3008882947,,cycles,802372633,100.00,,
10.130636035,1564358,,rD044,802599321,100.00,,
10.130636035,72521563,,rFF44,802658488,100.00,,
10.130636035,11171728559,,instructions,802683848,100.00,3.71,insn per cycle
10.130636035,3010184960,,cycles,802719815,100.00,,
10.230982602,1274414,,rD044,802648377,100.00,,
10.230982602,68469251,,rFF44,802568140,100.00,,
10.230982602,10691365449,,instructions,802450400,100.00,3.55,insn per cycle
10.230982602,3009080427,,cycles,802425710,100.00,,
10.331285368,1448085,,rD044,802369660,100.00,,
10.331285368,72530279,,rFF44,802384920,100.00,,
10.331285368,11172049958,,instructions,802399860,100.00,3.71,insn per cycle
10.331285368,3009032826,,cycles,802412341,100.00,,
10.431609015,1512603,,rD044,802731302,100.00,,
10.431609015,69198971,,rFF44,802790858,100.00,,
10.431609015,10780338964,,instructions,802805318,100.00,3.58,insn per cycle
10.431609015,3010474928,,cycles,802797327,100.00,,
10.531936941,1493903,,rD044,802496755,100.00,,
10.531936941,72460133,,rFF44,802445009,100.00,,
10.531936941,11156101818,,instructions,802424919,100.00,3.71,insn per cycle
10.531936941,3009061870,,cycles,802433479,100.00,,
10.632246928,1407214,,rD044,802452260,100.00,,
10.632246928,67994825,,rFF44,802455680,100.00,,
10.632246928,10644734440,,instructions,802447870,100.00,3.54,insn per cycle
10.632246928,3009087927,,cycles,802427060,100.00,,
10.732564474,1699163,,rD044,802485100,100.00,,
10.732564474,72669284,,rFF44,802465091,100.00,,
10.732564474,11190155092,,instructions,802474038,100.00,3.72,insn per cycle
10.732564474,3009272748,,cycles,802476848,100.00,,
10.832859631,1146448,,rD044,802382736,100.00,,
10.832859631,70852272,,rFF44,802420917,100.00,,
10.832859631,10978800508,,instructions,802485980,100.00,3.65,insn per cycle
10.832859631,3009331274,,cycles,802503390,100.00,,
10.933177027,1676152,,rD044,802622872,100.00,,
10.933177027,72759099,,rFF44,802593500,100.00,,
10.933177027,11204844038,,instructions,802523980,100.00,3.72,insn per cycle
10.933177027,3009400774,,cycles,802513790,100.00,,
11.033487784,1458629,,rD044,802367790,100.00,,
11.033487784,70504522,,rFF44,802351390,100.00,,
11.033487784,10941234556,,instructions,802352660,100.00,3.64,insn per cycle
11.033487784,3008815296,,cycles,802354933,100.00,,
11.133787030,1417447,,rD044,802439310,100.00,,
11.133787030,72553144,,rFF44,802471256,100.00,,
11.133787030,11175369479,,instructions,802489468,100.00,3.71,insn per cycle
11.133787030,3009344438,,cycles,802495505,100.00,,
11.234099396,1826079,,rD044,802489258,100.00,,
11.234099396,69488726,,rFF44,802464012,100.00,,
11.234099396,10834067677,,instructions,802444780,100.00,3.60,insn per cycle
11.234099396,3009121042,,cycles,802435820,100.00,,
11.334415303,1569791,,rD044,802482300,100.00,,
11.334415303,72762558,,rFF44,802492240,100.00,,
11.334415303,11209030745,,instructions,802496860,100.00,3.72,insn per cycle
11.334415303,3009301912,,cycles,802485010,100.00,,
11.434731479,1623204,,rD044,802581470,100.00,,
11.434731479,71189139,,rFF44,802644682,100.00,,
11.434731479,11016079774,,instructions,802644088,100.00,3.66,insn per cycle
11.434731479,3009935547,,cycles,802653028,100.00,,
11.535044636,1783128,,rD044,802406847,100.00,,
11.535044636,72397768,,rFF44,802329336,100.00,,
11.535044636,11157610723,,instructions,802325750,100.00,3.71,insn per cycle
11.535044636,3008670945,,cycles,802327630,100.00,,
11.635344872,1254858,,rD044,802378921,100.00,,
11.635344872,66861908,,rFF44,802426340,100.00,,
11.635344872,10493695471,,instructions,802472740,100.00,3.49,insn per cycle
11.635344872,3009255904,,cycles,802472210,100.00,,
11.735647679,2004354,,rD044,802524700,100.00,,
11.735647679,72755108,,rFF44,802535940,100.00,,
11.735647679,11211132928,,instructions,802494680,100.00,3.73,insn per cycle
11.735647679,3009345360,,cycles,802495964,100.00,,
11.835964605,1491101,,rD044,802430620,100.00,,
11.835964605,71054475,,rFF44,802379423,100.00,,
11.835964605,11002713440,,instructions,802370018,100.00,3.66,insn per cycle
11.835964605,3008858360,,cycles,802366124,100.00,,
11.936263082,1636221,,rD044,802380457,100.00,,
11.936263082,72447031,,rFF44,802388475,100.00,,
11.936263082,11162732743,,instructions,802402240,100.00,3.71,insn per cycle
11.936263082,3008998351,,cycles,802403470,100.00,,
12.036573668,1389424,,rD044,802472761,100.00,,
12.036573668,69366257,,rFF44,802455240,100.00,,
12.036573668,10806715602,,instructions,802449560,100.00,3.59,insn per cycle
12.036573668,3009241884,,cycles,802468330,100.00,,
12.136872054,1716998,,rD044,802477730,100.00,,
12.136872054,72937586,,rFF44,802486660,100.00,,
12.136872054,11241324394,,instructions,802479280,100.00,3.74,insn per cycle
12.136872054,3009216242,,cycles,802461553,100.00,,
12.237180201,1543166,,rD044,802446260,100.00,,
12.237180201,70949662,,rFF44,802466847,100.00,,
12.237180201,11000046572,,instructions,802492048,100.00,3.66,insn per cycle
12.237180201,3009335967,,cycles,802493135,100.00,,
12.337491067,1707695,,rD044,802314658,100.00,,
12.337491067,72599621,,rFF44,802301581,100.00,,
12.337491067,11191120083,,instructions,802291040,100.00,3.72,insn per cycle
12.337491067,3008454962,,cycles,802284650,100.00,,
12.437784184,1562197,,rD044,802342000,100.00,,
12.437784184,71072234,,rFF44,802342020,100.00,,
12.437784184,11010053511,,instructions,802317380,100.00,3.66,insn per cycle
12.437784184,3008633878,,cycles,802309820,100.00,,
12.538071160,1945274,,rD044,802233560,100.00,,
12.538071160,72546202,,rFF44,802221890,100.00,,
12.538071160,11184126775,,instructions,802233910,100.00,3.72,insn per cycle
12.538071160,3008276154,,cycles,802247710,100.00,,
12.638368836,1611517,,rD044,802363060,100.00,,
12.638368836,70170540,,rFF44,802403480,100.00,,
12.638368836,10896078061,,instructions,802404334,100.00,3.62,insn per cycle
12.638368836,3009002579,,cycles,802411478,100.00,,
12.738674743,1654902,,rD044,802426862,100.00,,
12.738674743,72567362,,rFF44,802409858,100.00,,
12.738674743,11188931520,,instructions,802408214,100.00,3.72,insn per cycle
12.738674743,3008985655,,cycles,802400090,100.00,,
12.838973019,1429524,,rD044,802481406,100.00,,
12.838973019,68891969,,rFF44,802484300,100.00,,
12.838973019,10732783514,,instructions,802485030,100.00,3.57,insn per cycle
12.838973019,3009271195,,cycles,802475900,100.00,,
12.939284025,1498051,,rD044,802367120,100.00,,
12.939284025,72860051,,rFF44,802343170,100.00,,
12.939284025,11235306812,,instructions,802357900,100.00,3.73,insn per cycle
12.939284025,3008840783,,cycles,802361520,100.00,,
13.039590932,1470885,,rD044,802484090,100.00,,
13.039590932,69371135,,rFF44,802486970,100.00,,
13.039590932,10811293557,,instructions,802460974,100.00,3.59,insn per cycle
13.039590932,3009224104,,cycles,802463578,100.00,,
13.139890048,1978228,,rD044,802419464,100.00,,
13.139890048,72832474,,rFF44,802424718,100.00,,
13.139890048,11230815439,,instructions,802424954,100.00,3.73,insn per cycle
13.139890048,3009031588,,cycles,802412140,100.00,,
13.240190435,1510672,,rD044,802449974,100.00,,
13.240190435,70677535,,rFF44,802506270,100.00,,
13.240190435,10960013765,,instructions,802537000,100.00,3.64,insn per cycle
13.240190435,3009647877,,cycles,802576490,100.00,,
13.340560792,1993316,,rD044,802865330,100.00,,
13.340560792,72352121,,rFF44,802826690,100.00,,
13.340560792,11156173208,,instructions,802816037,100.00,3.71,insn per cycle
13.340560792,3010478920,,cycles,802798288,100.00,,
13.440864108,1293177,,rD044,802377744,100.00,,
13.440864108,68257130,,rFF44,802376368,100.00,,
13.440864108,10656847905,,instructions,802381571,100.00,3.54,insn per cycle
13.440864108,3008856085,,cycles,802373070,100.00,,
13.541165084,1605772,,rD044,802450944,100.00,,
13.541165084,72518952,,rFF44,802463950,100.00,,
13.541165084,11181511655,,instructions,802441520,100.00,3.72,insn per cycle
13.541165084,3009136091,,cycles,802439780,100.00,,
13.641468351,1370745,,rD044,802376520,100.00,,
13.641468351,69087234,,rFF44,802334240,100.00,,
13.641468351,10764827943,,instructions,802338990,100.00,3.58,insn per cycle
13.641468351,3008759499,,cycles,802339820,100.00,,
13.741761227,1860026,,rD044,802410800,100.00,,
13.741761227,73038118,,rFF44,802440060,100.00,,
13.741761227,11261025061,,instructions,802447294,100.00,3.74,insn per cycle
13.741761227,3009182792,,cycles,802453118,100.00,,
13.842070984,1494506,,rD044,802468624,100.00,,
13.842070984,71286661,,rFF44,802482598,100.00,,
13.842070984,11041461637,,instructions,802494464,100.00,3.67,insn per cycle
13.842070984,3009328298,,cycles,802491030,100.00,,
13.942380350,1707130,,rD044,802553604,100.00,,
13.942380350,72647258,,rFF44,802643410,100.00,,
13.942380350,11198244083,,instructions,802629310,100.00,3.72,insn per cycle
13.942380350,3009810836,,cycles,802620380,100.00,,
14.042699557,1546017,,rD044,802424920,100.00,,
14.042699557,70844343,,rFF44,802334870,100.00,,
14.042699557,10989195016,,instructions,802347770,100.00,3.65,insn per cycle
14.042699557,3008828604,,cycles,802357712,100.00,,
14.143002013,1517594,,rD044,802381270,100.00,,
14.143002013,71387440,,rFF44,802332390,100.00,,
14.143002013,11047912236,,instructions,802321308,100.00,3.67,insn per cycle
14.143002013,3008664916,,cycles,802319906,100.00,,
14.243293929,1359486,,rD044,802334404,100.00,,
14.243293929,68809892,,rFF44,802338398,100.00,,
14.243293929,10736342967,,instructions,802348780,100.00,3.57,insn per cycle
14.243293929,3008987134,,cycles,802400320,100.00,,
14.343602366,1723169,,rD044,802444084,100.00,,
14.343602366,71323859,,rFF44,802438800,100.00,,
14.343602366,11039933369,,instructions,802428070,100.00,3.67,insn per cycle
14.343602366,3008919884,,cycles,802382560,100.00,,
14.443892922,1382717,,rD044,802347270,100.00,,
14.443892922,69775564,,rFF44,802365270,100.00,,
14.443892922,10840543572,,instructions,802375310,100.00,3.60,insn per cycle
14.443892922,3008863046,,cycles,802367420,100.00,,
14.544190958,1457263,,rD044,802331850,100.00,,
14.544190958,70288744,,rFF44,802314150,100.00,,
14.544190958,10903327778,,instructions,802300910,100.00,3.62,insn per cycle
14.544190958,3008620322,,cycles,802309716,100.00,,
14.644483685,1626614,,rD044,802358430,100.00,,
14.644483685,72515182,,rFF44,802419767,100.00,,
14.644483685,11191938935,,instructions,802421248,100.00,3.72,insn per cycle
14.644483685,3009039063,,cycles,802414082,100.00,,
14.744794091,1697147,,rD044,802474138,100.00,,
14.744794091,71001168,,rFF44,802412271,100.00,,
14.744794091,11002144861,,instructions,802403150,100.00,3.66,insn per cycle
14.744794091,3009000521,,cycles,802403750,100.00,,
14.845088157,1682757,,rD044,802338120,100.00,,
14.845088157,72724248,,rFF44,802350880,100.00,,
14.845088157,11207193079,,instructions,802363410,100.00,3.72,insn per cycle
14.845088157,3008833621,,cycles,802359840,100.00,,
14.945383664,1464335,,rD044,802444470,100.00,,
14.945383664,68916412,,rFF44,802458220,100.00,,
14.945383664,10748096566,,instructions,802448850,100.00,3.57,insn per cycle
14.945383664,3009123678,,cycles,802436792,100.00,,
15.045685740,1740024,,rD044,802403530,100.00,,
15.045685740,72523845,,rFF44,802406634,100.00,,
15.045685740,11175084291,,instructions,802415608,100.00,3.71,insn per cycle
15.045685740,3009075776,,cycles,802427886,100.00,,
15.146018787,1586242,,rD044,802639428,100.00,,
15.146018787,69990866,,rFF44,802635314,100.00,,
15.146018787,10882287897,,instructions,802624410,100.00,3.62,insn per cycle
15.146018787,3009822185,,cycles,802628700,100.00,,
15.246322223,1240347,,rD044,802407920,100.00,,
15.246322223,72664214,,rFF44,802399210,100.00,,
15.246322223,11194942204,,instructions,802469640,100.00,3.72,insn per cycle
15.246322223,3009287476,,cycles,802480530,100.00,,
15.346633020,1053570,,rD044,802482490,100.00,,
15.346633020,69917278,,rFF44,802486060,100.00,,
15.346633020,10865114353,,instructions,802427795,100.00,3.61,insn per cycle
15.346633020,3009041008,,cycles,802419268,100.00,,
15.446934456,1617250,,rD044,802457665,100.00,,
15.446934456,72824019,,rFF44,802543478,100.00,,
15.446934456,11216311426,,instructions,802537473,100.00,3.73,insn per cycle
15.446934456,3009406811,,cycles,802519450,100.00,,
15.547252042,1197620,,rD044,802499643,100.00,,
15.547252042,64433943,,rFF44,802421350,100.00,,
15.547252042,10210043422,,instructions,802425530,100.00,3.39,insn per cycle
15.547252042,3009132700,,cycles,802438970,100.00,,
15.647572079,2020277,,rD044,802570410,100.00,,
15.647572079,72683107,,rFF44,802572660,100.00,,
15.647572079,11197279873,,instructions,802575040,100.00,3.72,insn per cycle
15.647572079,3009664175,,cycles,802588207,100.00,,
15.747887176,1694173,,rD044,802430140,100.00,,
15.747887176,71027519,,rFF44,802407857,100.00,,
15.747887176,10994666469,,instructions,802395688,100.00,3.65,insn per cycle
15.747887176,3008910996,,cycles,802380061,100.00,,
15.848179322,1785891,,rD044,802353008,100.00,,
15.848179322,72725889,,rFF44,802354201,100.00,,
15.848179322,11202918873,,instructions,802365940,100.00,3.72,insn per cycle
15.848179322,3008923384,,cycles,802383570,100.00,,
15.948481788,1281746,,rD044,802386350,100.00,,
15.948481788,70038689,,rFF44,802384900,100.00,,
15.948481788,10890610038,,instructions,802381710,100.00,3.62,insn per cycle
15.948481788,3008913852,,cycles,802380250,100.00,,
16.048782145,1414898,,rD044,802406780,100.00,,
16.048782145,72535105,,rFF44,802421150,100.00,,
16.048782145,11170888265,,instructions,802421560,100.00,3.71,insn per cycle
16.048782145,3009009587,,cycles,802407060,100.00,,
16.149082341,1697758,,rD044,802419750,100.00,,
16.149082341,68727809,,rFF44,802446763,100.00,,
16.149082341,10719976419,,instructions,802452618,100.00,3.56,insn per cycle
16.149082341,3009178664,,cycles,802451388,100.00,,
16.249387347,1287861,,rD044,802505778,100.00,,
16.249387347,72571169,,rFF44,802466455,100.00,,
16.249387347,11177833592,,instructions,802455580,100.00,3.71,insn per cycle
16.249387347,3009192255,,cycles,802455280,100.00,,
16.349695194,1493446,,rD044,802448810,100.00,,
16.349695194,70142365,,rFF44,802576550,100.00,,
16.349695194,10909401348,,instructions,802586440,100.00,3.62,insn per cycle
16.349695194,3009610670,,cycles,802592350,100.00,,
16.450031821,1488986,,rD044,802438490,100.00,,
16.450031821,72879916,,rFF44,802312020,100.00,,
16.450031821,11220499986,,instructions,802304973,100.00,3.73,insn per cycle
16.450031821,3008565728,,cycles,802307128,100.00,,
16.550332877,1727327,,rD044,802408052,100.00,,
16.550332877,71087669,,rFF44,802412438,100.00,,
16.550332877,11010488121,,instructions,802601365,100.00,3.66,insn per cycle
16.550332877,3009704046,,cycles,802591840,100.00,,
16.650652734,1848407,,rD044,802559646,100.00,,
16.650652734,72864521,,rFF44,802560370,100.00,,
16.650652734,11221100422,,instructions,802365850,100.00,3.73,insn per cycle
16.650652734,3008810387,,cycles,802353130,100.00,,
16.750946300,1541073,,rD044,802383260,100.00,,
16.750946300,70715649,,rFF44,802408910,100.00,,
16.750946300,10963796651,,instructions,802422190,100.00,3.64,insn per cycle
16.750946300,3009123089,,cycles,802436650,100.00,,
16.851252036,1147449,,rD044,802390330,100.00,,
16.851252036,72455392,,rFF44,802354540,100.00,,
16.851252036,11159332253,,instructions,802348264,100.00,3.71,insn per cycle
16.851252036,3008835518,,cycles,802360068,100.00,,
16.951593203,1595854,,rD044,802735748,100.00,,
16.951593203,68672763,,rFF44,802757538,100.00,,
16.951593203,10720079298,,instructions,802770824,100.00,3.56,insn per cycle
16.951593203,3010341740,,cycles,802761650,100.00,,
17.051892199,1546742,,rD044,802375890,100.00,,
17.051892199,72740599,,rFF44,802354820,100.00,,
17.051892199,11205161175,,instructions,802335060,100.00,3.72,insn per cycle
17.051892199,3008721985,,cycles,802330190,100.00,,
17.152189036,1523274,,rD044,802366790,100.00,,
17.152189036,69334224,,rFF44,802372860,100.00,,
17.152189036,10797177561,,instructions,802377390,100.00,3.59,insn per cycle
17.152189036,3008901629,,cycles,802376923,100.00,,
17.252486102,1531404,,rD044,802386710,100.00,,
17.252486102,72725133,,rFF44,802392573,100.00,,
17.252486102,11202345949,,instructions,802408078,100.00,3.72,insn per cycle
17.252486102,3009035159,,cycles,802413785,100.00,,
17.352787358,1014499,,rD044,802389058,100.00,,
17.352787358,67469616,,rFF44,802374295,100.00,,
17.352787358,10558831039,,instructions,802352140,100.00,3.51,insn per cycle
17.352787358,3008778691,,cycles,802344180,100.00,,
17.453081385,1412446,,rD044,802396070,100.00,,
17.453081385,72636388,,rFF44,802413000,100.00,,
17.453081385,11191810613,,instructions,802416390,100.00,3.72,insn per cycle
17.453081385,3009067317,,cycles,802422370,100.00,,
17.553383641,1420455,,rD044,802436240,100.00,,
17.553383641,67683997,,rFF44,802458130,100.00,,
17.553383641,10590718792,,instructions,802475260,100.00,3.52,insn per cycle
17.553383641,3009216428,,cycles,802476043,100.00,,
17.653699728,1585519,,rD044,802394050,100.00,,
17.653699728,72407370,,rFF44,802355831,100.00,,
17.653699728,11156378097,,instructions,802341118,100.00,3.71,insn per cycle
17.653699728,3008730910,,cycles,802332065,100.00,,
17.753992394,1388164,,rD044,802454448,100.00,,
17.753992394,68502821,,rFF44,802500537,100.00,,
17.753992394,10690568569,,instructions,802510380,100.00,3.55,insn per cycle
17.753992394,3009422819,,cycles,802539530,100.00,,
17.854315751,1957522,,rD044,802492120,100.00,,
17.854315751,72784166,,rFF44,802478360,100.00,,
17.854315751,11216028139,,instructions,802586070,100.00,3.73,insn per cycle
17.854315751,3009704404,,cycles,802591670,100.00,,
17.954635667,1532089,,rD044,802507450,100.00,,
17.954635667,70364536,,rFF44,802514080,100.00,,
17.954635667,10930222553,,instructions,802395741,100.00,3.63,insn per cycle
17.954635667,3008838875,,cycles,802361588,100.00,,
18.054919683,1822388,,rD044,802250040,100.00,,
18.054919683,72373338,,rFF44,802224603,100.00,,
18.054919683,11152876545,,instructions,802239567,100.00,3.71,insn per cycle
18.054919683,3008416527,,cycles,802247860,100.00,,
18.155218710,1569541,,rD044,802479328,100.00,,
18.155218710,70707458,,rFF44,802515215,100.00,,
18.155218710,10970371069,,instructions,802501590,100.00,3.65,insn per cycle
18.155218710,3009375949,,cycles,802504150,100.00,,
18.255548366,1811979,,rD044,802546160,100.00,,
18.255548366,72589057,,rFF44,802513100,100.00,,
18.255548366,11188679391,,instructions,802525640,100.00,3.72,insn per cycle
18.255548366,3009485475,,cycles,802533300,100.00,,
18.355851373,1416077,,rD044,802468990,100.00,,
18.355851373,70208962,,rFF44,802505730,100.00,,
18.355851373,10896426759,,instructions,802488344,100.00,3.62,insn per cycle
18.355851373,3009241828,,cycles,802468168,100.00,,
18.456158749,1297675,,rD044,802398572,100.00,,
18.456158749,72531586,,rFF44,802398648,100.00,,
18.456158749,11180240305,,instructions,802426664,100.00,3.72,insn per cycle
18.456158749,3009084946,,cycles,802434590,100.00,,
18.556464296,1304180,,rD044,802416936,100.00,,
18.556464296,66927277,,rFF44,802361000,100.00,,
18.556464296,10506677379,,instructions,802329810,100.00,3.49,insn per cycle
18.556464296,3008681098,,cycles,802318740,100.00,,
18.656755262,1664577,,rD044,802337600,100.00,,
18.656755262,72656043,,rFF44,802391140,100.00,,
18.656755262,11200323251,,instructions,802417750,100.00,3.72,insn per cycle
18.656755262,3009125607,,cycles,802437290,100.00,,
18.757062668,1369843,,rD044,802442680,100.00,,
18.757062668,70981735,,rFF44,802389610,100.00,,
18.757062668,10999751515,,instructions,802400260,100.00,3.66,insn per cycle
18.757062668,3008954654,,cycles,802391898,100.00,,
18.857375135,1578836,,rD044,802572365,100.00,,
18.857375135,72464861,,rFF44,802734998,100.00,,
18.857375135,11170103780,,instructions,802716218,100.00,3.71,insn per cycle
18.857375135,3010190668,,cycles,802721380,100.00,,
18.957698381,1406214,,rD044,802630893,100.00,,
18.957698381,68602840,,rFF44,802537370,100.00,,
18.957698381,10708166864,,instructions,802597390,100.00,3.56,insn per cycle
18.957698381,3010073478,,cycles,802690260,100.00,,
19.058041598,1470873,,rD044,802621000,100.00,,
19.058041598,72664895,,rFF44,802561890,100.00,,
19.058041598,11201126826,,instructions,802492044,100.00,3.72,insn per cycle
19.058041598,3008975924,,cycles,802397348,100.00,,
19.158336644,1520693,,rD044,802346631,100.00,,
19.158336644,67736403,,rFF44,802375508,100.00,,
19.158336644,10604265792,,instructions,802459394,100.00,3.52,insn per cycle
19.158336644,3009162661,,cycles,802453770,100.00,,
19.258644241,1732587,,rD044,802516357,100.00,,
19.258644241,72564673,,rFF44,802552790,100.00,,
19.258644241,11186108649,,instructions,802491570,100.00,3.72,insn per cycle
19.258644241,3009331593,,cycles,802493790,100.00,,
19.358958797,1452717,,rD044,802450490,100.00,,
19.358958797,71314517,,rFF44,802386370,100.00,,
19.358958797,11034220909,,instructions,802370330,100.00,3.67,insn per cycle
19.358958797,3008864966,,cycles,802367860,100.00,,
19.459253934,1385838,,rD044,802333840,100.00,,
19.459253934,72385672,,rFF44,802323700,100.00,,
19.459253934,11161187889,,instructions,802315551,100.00,3.71,insn per cycle
19.459253934,3008650735,,cycles,802316448,100.00,,
19.559559970,1355059,,rD044,802624067,100.00,,
19.559559970,67119509,,rFF44,802664438,100.00,,
19.559559970,10531594831,,instructions,802677637,100.00,3.50,insn per cycle
19.559559970,3010125508,,cycles,802704320,100.00,,
19.659890677,1764335,,rD044,802539021,100.00,,
19.659890677,72947205,,rFF44,802523980,100.00,,
19.659890677,11249556620,,instructions,802540340,100.00,3.74,insn per cycle
19.659890677,3009479845,,cycles,802531620,100.00,,
19.760205883,2019125,,rD044,802446540,100.00,,
19.760205883,71582763,,rFF44,802424960,100.00,,
19.760205883,11073097204,,instructions,802400540,100.00,3.68,insn per cycle
19.760205883,3008926207,,cycles,802384836,100.00,,
19.860510290,1856762,,rD044,802561844,100.00,,
19.860510290,72800405,,rFF44,802648388,100.00,,
19.860510290,11226114720,,instructions,802668138,100.00,3.73,insn per cycle
19.860510290,3010048340,,cycles,802684532,100.00,,
19.960838656,1312303,,rD044,802481564,100.00,,
19.960838656,70495419,,rFF44,802384230,100.00,,
19.960838656,10923828523,,instructions,802342230,100.00,3.63,insn per cycle
19.960838656,3008706412,,cycles,802325540,100.00,,
20.061129543,1334760,,rD044,802479780,100.00,,
20.061129543,72427654,,rFF44,802527950,100.00,,
20.061129543,11166941996,,instructions,802555380,100.00,3.71,insn per cycle
20.061129543,3009555073,,cycles,802551830,100.00,,
20.161448729,1312028,,rD044,802392650,100.00,,
20.161448729,65996209,,rFF44,802351610,100.00,,
20.161448729,10376224155,,instructions,802336617,100.00,3.45,insn per cycle
20.161448729,3008754269,,cycles,802338798,100.00,,
20.261742736,1824904,,rD044,802403426,100.00,,
20.261742736,72602424,,rFF44,802428538,100.00,,
20.261742736,11195265508,,instructions,802433511,100.00,3.72,insn per cycle
20.261742736,3009136942,,cycles,802440040,100.00,,
20.362030632,1577038,,rD044,802218631,100.00,,
20.362030632,70458319,,rFF44,802213899,100.00,,
20.362030632,10936101203,,instructions,802208339,100.00,3.64,insn per cycle
20.362030632,3008126334,,cycles,802201269,100.00,,
20.462335008,1675535,,rD044,802469560,100.00,,
20.462335008,72856278,,rFF44,802610270,100.00,,
20.462335008,11230780304,,instructions,802626480,100.00,3.73,insn per cycle
20.462335008,3009851203,,cycles,802638251,100.00,,
20.562662325,1823817,,rD044,802458380,100.00,,
20.562662325,70449572,,rFF44,802292920,100.00,,
20.562662325,10931995878,,instructions,802281025,100.00,3.63,insn per cycle
20.562662325,3008480197,,cycles,802270107,100.00,,
20.662986631,1707142,,rD044,802818518,100.00,,
20.662986631,72573580,,rFF44,802992798,100.00,,
20.662986631,11184812918,,instructions,803003443,100.00,3.71,insn per cycle
20.662986631,3011305037,,cycles,803018450,100.00,,
20.763334788,1771498,,rD044,802577020,100.00,,
20.763334788,70089308,,rFF44,802481660,100.00,,
20.763334788,10899695045,,instructions,802579352,100.00,3.62,insn per cycle
20.763334788,3009652925,,cycles,802581358,100.00,,
20.863654745,1478160,,rD044,802526610,100.00,,
20.863654745,71792334,,rFF44,802449367,100.00,,
20.863654745,11082795388,,instructions,802338436,100.00,3.68,insn per cycle
20.863654745,3008709296,,cycles,802326390,100.00,,
20.963948281,1622678,,rD044,802378118,100.00,,
20.963948281,71058208,,rFF44,802419781,100.00,,
20.963948281,11008033202,,instructions,802427120,100.00,3.66,insn per cycle
20.963948281,3009071167,,cycles,802422650,100.00,,
21.064250828,1927154,,rD044,802421030,100.00,,
21.064250828,71600173,,rFF44,802412230,100.00,,
21.064250828,11071059061,,instructions,802411660,100.00,3.68,insn per cycle
21.064250828,3009003105,,cycles,802404640,100.00,,
21.164563814,1565935,,rD044,802475560,100.00,,
21.164563814,72596613,,rFF44,802450140,100.00,,
21.164563814,11186724652,,instructions,802438440,100.00,3.72,insn per cycle
21.164563814,3009176644,,cycles,802450726,100.00,,
21.264861160,1332666,,rD044,802365010,100.00,,
21.264861160,68387734,,rFF44,802368795,100.00,,
21.264861160,10678476574,,instructions,802380548,100.00,3.55,insn per cycle
21.264861160,3008906526,,cycles,802379352,100.00,,
21.365158827,1593181,,rD044,802381848,100.00,,
21.365158827,72990102,,rFF44,802391633,100.00,,
21.365158827,11246812072,,instructions,802385280,100.00,3.74,insn per cycle
21.365158827,3008909351,,cycles,802379880,100.00,,
21.465457793,1883909,,rD044,802359620,100.00,,
21.465457793,70410713,,rFF44,802356290,100.00,,
21.465457793,10930396177,,instructions,802360740,100.00,3.63,insn per cycle
21.465457793,3008805024,,cycles,802358190,100.00,,
21.565755719,1764551,,rD044,802381500,100.00,,
21.565755719,72616622,,rFF44,802368730,100.00,,
21.565755719,11187787875,,instructions,802371250,100.00,3.72,insn per cycle
21.565755719,3008887367,,cycles,802373010,100.00,,
21.666051956,1698750,,rD044,802389160,100.00,,
21.666051956,71802984,,rFF44,802398450,100.00,,
21.666051956,11099148623,,instructions,802387545,100.00,3.69,insn per cycle
21.666051956,3008897163,,cycles,802377148,100.00,,
21.766351502,1807764,,rD044,802374483,100.00,,
21.766351502,72615249,,rFF44,802644748,100.00,,
21.766351502,11185156551,,instructions,802650053,100.00,3.72,insn per cycle
21.766351502,3009982757,,cycles,802666150,100.00,,
21.866681009,1507987,,rD044,802616105,100.00,,
21.866681009,71348422,,rFF44,802333450,100.00,,
21.866681009,11041136900,,instructions,802324190,100.00,3.67,insn per cycle
21.866681009,3008674438,,cycles,802316620,100.00,,
21.966972425,1876031,,rD044,802358540,100.00,,
21.966972425,72538525,,rFF44,802407480,100.00,,
21.966972425,11172555474,,instructions,802417990,100.00,3.71,insn per cycle
21.966972425,3009052610,,cycles,802418090,100.00,,
22.067254751,1688757,,rD044,802386970,100.00,,
22.067254751,70466634,,rFF44,802398651,100.00,,
22.067254751,10934680373,,instructions,802418728,100.00,3.63,insn per cycle
22.067254751,3009123529,,cycles,802436558,100.00,,
22.167587958,1562941,,rD044,802489558,100.00,,
22.167587958,72424448,,rFF44,802425247,100.00,,
22.167587958,11152118686,,instructions,802397160,100.00,3.71,insn per cycle
22.167587958,3008926294,,cycles,802384550,100.00,,
22.267879644,1520105,,rD044,802332810,100.00,,
22.267879644,70636788,,rFF44,802338530,100.00,,
22.267879644,10951729996,,instructions,802336250,100.00,3.64,insn per cycle
22.267879644,3008718217,,cycles,802328930,100.00,,
22.368169740,1754734,,rD044,802515230,100.00,,
22.368169740,72651484,,rFF44,802595200,100.00,,
22.368169740,11188939818,,instructions,802609870,100.00,3.72,insn per cycle
22.368169740,3009755598,,cycles,802610502,100.00,,
22.468498267,1514797,,rD044,802403439,100.00,,
22.468498267,70789466,,rFF44,802324039,100.00,,
22.468498267,10978320196,,instructions,802307817,100.00,3.65,insn per cycle
22.468498267,3008602237,,cycles,802304605,100.00,,
22.568815994,1748014,,rD044,802607508,100.00,,
22.568815994,72609273,,rFF44,802613698,100.00,,
22.568815994,11184131169,,instructions,802623120,100.00,3.72,insn per cycle
22.568815994,3010055537,,cycles,802685030,100.00,,
22.669127870,972965,,rD044,802510630,100.00,,
22.669127870,65910287,,rFF44,802520500,100.00,,
22.669127870,10376388736,,instructions,802513760,100.00,3.45,insn per cycle
22.669127870,3009196239,,cycles,802456740,100.00,,
22.769433036,1337152,,rD044,802340780,100.00,,
22.769433036,72756850,,rFF44,802316640,100.00,,
22.769433036,11207995896,,instructions,802326210,100.00,3.73,insn per cycle
22.769433036,3008707827,,cycles,802326076,100.00,,
22.869727063,1700824,,rD044,802360310,100.00,,
22.869727063,70394967,,rFF44,802392647,100.00,,
22.869727063,10926281447,,instructions,802390628,100.00,3.63,insn per cycle
22.869727063,3008945195,,cycles,802394312,100.00,,
22.970028389,1531512,,rD044,802418528,100.00,,
22.970028389,72704577,,rFF44,802412611,100.00,,
22.970028389,11198848290,,instructions,802415490,100.00,3.72,insn per cycle
22.970028389,3009014052,,cycles,802408060,100.00,,
23.070330976,1703882,,rD044,802433410,100.00,,
23.070330976,70759137,,rFF44,802454910,100.00,,
23.070330976,10979533323,,instructions,802545380,100.00,3.65,insn per cycle
23.070330976,3009540921,,cycles,802548020,100.00,,
23.170648312,1904213,,rD044,802495030,100.00,,
23.170648312,72856574,,rFF44,802509750,100.00,,
23.170648312,11224441721,,instructions,802453303,100.00,3.73,insn per cycle
23.170648312,3009248931,,cycles,802470328,100.00,,
23.270957319,1433317,,rD044,802526014,100.00,,
23.270957319,70604948,,rFF44,802562898,100.00,,
23.270957319,10950892986,,instructions,802668375,100.00,3.64,insn per cycle
23.270957319,3010063007,,cycles,802686930,100.00,,
23.371297995,1520456,,rD044,802694884,100.00,,
23.371297995,72781763,,rFF44,802611920,100.00,,
23.371297995,11212846676,,instructions,802475220,100.00,3.73,insn per cycle
23.371297995,3009425341,,cycles,802525680,100.00,,
23.471612882,1655626,,rD044,802464710,100.00,,
23.471612882,70093157,,rFF44,802489570,100.00,,
23.471612882,10893474093,,instructions,802484780,100.00,3.62,insn per cycle
23.471612882,3008972179,,cycles,802402368,100.00,,
23.571913158,1763564,,rD044,802391120,100.00,,
23.571913158,72591859,,rFF44,802364207,100.00,,
23.571913158,11188079957,,instructions,802369658,100.00,3.72,insn per cycle
23.571913158,3008914670,,cycles,802381060,100.00,,
23.672212755,1394285,,rD044,802469238,100.00,,
23.672212755,70600883,,rFF44,802534151,100.00,,
23.672212755,10944005951,,instructions,802544530,100.00,3.64,insn per cycle
23.672212755,3009489406,,cycles,802539320,100.00,,
23.772536221,1984125,,rD044,802670230,100.00,,
23.772536221,72425647,,rFF44,802675200,100.00,,
23.772536221,11164272883,,instructions,802703550,100.00,3.71,insn per cycle
23.772536221,3010221323,,cycles,802729707,100.00,,
23.872873378,1400994,,rD044,802518660,100.00,,
23.872873378,69300044,,rFF44,802445346,100.00,,
23.872873378,10791614718,,instructions,802394248,100.00,3.59,insn per cycle
23.872873378,3008828544,,cycles,802358281,100.00,,
23.973168214,1526089,,rD044,802431608,100.00,,
23.973168214,72359059,,rFF44,802469712,100.00,,
23.973168214,11155505480,,instructions,802548970,100.00,3.71,insn per cycle
23.973168214,3009572808,,cycles,802562970,100.00,,
24.073486721,1851381,,rD044,802474640,100.00,,
24.073486721,69456484,,rFF44,802457160,100.00,,
24.073486721,10806355635,,instructions,802418270,100.00,3.59,insn per cycle
24.073486721,3009047566,,cycles,802416570,100.00,,
24.173790397,1535208,,rD044,802442040,100.00,,
24.173790397,72719406,,rFF44,802438150,100.00,,
24.173790397,11210225298,,instructions,802414490,100.00,3.73,insn per cycle
24.173790397,3008994471,,cycles,802402588,100.00,,
24.274091404,1344539,,rD044,802360691,100.00,,
24.274091404,67880374,,rFF44,802354898,100.00,,
24.274091404,10620911236,,instructions,802346698,100.00,3.53,insn per cycle
24.274091404,3008700648,,cycles,802352380,100.00,,
24.374417350,1540956,,rD044,802527167,100.00,,
24.374417350,72372363,,rFF44,802517810,100.00,,
24.374417350,11156442909,,instructions,802519120,100.00,3.71,insn per cycle
24.374417350,3009438133,,cycles,802520790,100.00,,
24.474713937,1667797,,rD044,802287140,100.00,,
24.474713937,69152677,,rFF44,802288440,100.00,,
24.474713937,10780510349,,instructions,802278510,100.00,3.58,insn per cycle
24.474713937,3008417288,,cycles,802274720,100.00,,
24.575001503,1622972,,rD044,802309420,100.00,,
24.575001503,72560760,,rFF44,802341820,100.00,,
24.575001503,11186920423,,instructions,802370110,100.00,3.72,insn per cycle
24.575001503,3008902744,,cycles,802377548,100.00,,
24.675304669,1320981,,rD044,802383850,100.00,,
24.675304669,70885304,,rFF44,802333255,100.00,,
24.675304669,10975542994,,instructions,802309458,100.00,3.65,insn per cycle
24.675304669,3009035907,,cycles,802413710,100.00,,
24.775626676,1474416,,rD044,802612388,100.00,,
24.775626676,72579578,,rFF44,802637763,100.00,,
24.775626676,11191094841,,instructions,802654860,100.00,3.72,insn per cycle
24.775626676,3009621344,,cycles,802569870,100.00,,
24.875934882,1770111,,rD044,802650100,100.00,,
24.875934882,70159160,,rFF44,802734020,100.00,,
24.875934882,10904577286,,instructions,802765981,100.00,3.62,insn per cycle
24.875934882,3010850374,,cycles,802896138,100.00,,
24.976311329,1751454,,rD044,803011878,100.00,,
24.976311329,72857217,,rFF44,802996488,100.00,,
24.976311329,11233869244,,instructions,802998477,100.00,3.73,insn per cycle
24.976311329,3010767184,,cycles,802875960,100.00,,
25.076653986,1664927,,rD044,802553120,100.00,,
25.076653986,71236868,,rFF44,802478330,100.00,,
25.076653986,11021683538,,instructions,802432390,100.00,3.66,insn per cycle
25.076653986,3008964845,,cycles,802394560,100.00,,
25.176954193,1462225,,rD044,802356260,100.00,,
25.176954193,72567644,,rFF44,802357820,100.00,,
25.176954193,11187377845,,instructions,802362276,100.00,3.72,insn per cycle
25.176954193,3008862865,,cycles,802367908,100.00,,
25.277252579,1504268,,rD044,802366293,100.00,,
25.277252579,68818097,,rFF44,802353838,100.00,,
25.277252579,10733719650,,instructions,802343032,100.00,3.57,insn per cycle
25.277252579,3008798386,,cycles,802349490,100.00,,
25.377566336,1387579,,rD044,802559325,100.00,,
25.377566336,72800410,,rFF44,802575130,100.00,,
25.377566336,11223171052,,instructions,802572710,100.00,3.73,insn per cycle
25.377566336,3009602766,,cycles,802565000,100.00,,
25.477870292,1476277,,rD044,802409140,100.00,,
25.477870292,70940837,,rFF44,802423700,100.00,,
25.477870292,11002898903,,instructions,802431280,100.00,3.66,insn per cycle
25.477870292,3009106786,,cycles,802439660,100.00,,
25.578174248,1750663,,rD044,802460010,100.00,,
25.578174248,72727987,,rFF44,802468843,100.00,,
25.578174248,11211491666,,instructions,802479738,100.00,3.73,insn per cycle
25.578174248,3009261523,,cycles,802473318,100.00,,
25.678483315,1844915,,rD044,802448917,100.00,,
25.678483315,68507857,,rFF44,802451285,100.00,,
25.678483315,10700298448,,instructions,802452060,100.00,3.56,insn per cycle
25.678483315,3009178823,,cycles,802452010,100.00,,
25.778791151,1915045,,rD044,802438391,100.00,,
25.778791151,72888975,,rFF44,802410480,100.00,,
25.778791151,11235473645,,instructions,802406720,100.00,3.73,insn per cycle
25.778791151,3008996299,,cycles,802402660,100.00,,
25.879093798,1737411,,rD044,802383870,100.00,,
25.879093798,70943353,,rFF44,802381270,100.00,,
25.879093798,10995916891,,instructions,802370350,100.00,3.65,insn per cycle
25.879093798,3008847987,,cycles,802363100,100.00,,
25.979390244,1969490,,rD044,802466060,100.00,,
25.979390244,71425985,,rFF44,802452222,100.00,,
25.979390244,11060302478,,instructions,802455478,100.00,3.68,insn per cycle
25.979390244,3009236875,,cycles,802470658,100.00,,
26.079701160,1977811,,rD044,802389648,100.00,,
26.079701160,72726991,,rFF44,802471536,100.00,,
26.079701160,11208433748,,instructions,802508880,100.00,3.72,insn per cycle
26.079701160,3009457500,,cycles,802525950,100.00,,
26.180014147,1410850,,rD044,802484420,100.00,,
26.180014147,69819987,,rFF44,802423630,100.00,,
26.180014147,10849884053,,instructions,802384800,100.00,3.61,insn per cycle
26.180014147,3008858573,,cycles,802365690,100.00,,
26.280341894,1412068,,rD044,802612750,100.00,,
26.280341894,72491884,,rFF44,802659280,100.00,,
26.280341894,11171571143,,instructions,802711617,100.00,3.71,insn per cycle
26.280341894,3010160565,,cycles,802713818,100.00,,
26.380651080,1365258,,rD044,802527515,100.00,,
26.380651080,65444240,,rFF44,802501528,100.00,,
26.380651080,10308825508,,instructions,802447181,100.00,3.43,insn per cycle
26.380651080,3009167483,,cycles,802448260,100.00,,
26.480961217,1871201,,rD044,802399873,100.00,,
26.480961217,72923269,,rFF44,802359240,100.00,,
26.480961217,11235942266,,instructions,802363770,100.00,3.73,insn per cycle
26.480961217,3008819055,,cycles,802362640,100.00,,
26.581257373,1504570,,rD044,802385100,100.00,,
26.581257373,70801636,,rFF44,802413120,100.00,,
26.581257373,10977118986,,instructions,802414330,100.00,3.65,insn per cycle
26.581257373,3009030219,,cycles,802411680,100.00,,
26.681577999,1685777,,rD044,802529000,100.00,,
26.681577999,72462442,,rFF44,802514040,100.00,,
26.681577999,11163869606,,instructions,802515588,100.00,3.71,insn per cycle
26.681577999,3009378983,,cycles,802505078,100.00,,
26.781871806,1556986,,rD044,802348115,100.00,,
26.781871806,68478119,,rFF44,802347418,100.00,,
26.781871806,10696880160,,instructions,802342980,100.00,3.56,insn per cycle
26.781871806,3008795660,,cycles,802349610,100.00,,
26.882166982,1547729,,rD044,802557763,100.00,,
26.882166982,72704040,,rFF44,802597980,100.00,,
26.882166982,11200600111,,instructions,802614760,100.00,3.72,insn per cycle
26.882166982,3009882394,,cycles,802638590,100.00,,
26.982499349,1275351,,rD044,802457800,100.00,,
26.982499349,67565821,,rFF44,802416640,100.00,,
26.982499349,10576786905,,instructions,802399410,100.00,3.52,insn per cycle
26.982499349,3008900739,,cycles,802377832,100.00,,
27.082795235,1695338,,rD044,802365580,100.00,,
27.082795235,72808320,,rFF44,802368412,100.00,,
27.082795235,11219323647,,instructions,802374548,100.00,3.73,insn per cycle
27.082795235,3008912479,,cycles,802380736,100.00,,
27.183095531,1508056,,rD044,802401327,100.00,,
27.183095531,68581656,,rFF44,802426936,100.00,,
27.183095531,10706060428,,instructions,802439190,100.00,3.56,insn per cycle
27.183095531,3009108801,,cycles,802432850,100.00,,
27.283428318,1800406,,rD044,802634571,100.00,,
27.283428318,73025973,,rFF44,802607270,100.00,,
27.283428318,11247782160,,instructions,802591780,100.00,3.74,insn per cycle
27.283428318,3009703520,,cycles,802591460,100.00,,
27.383722934,1849926,,rD044,802404990,100.00,,
27.383722934,70466791,,rFF44,802436560,100.00,,
27.383722934,10945557417,,instructions,802445590,100.00,3.64,insn per cycle
27.383722934,3009165225,,cycles,802447648,100.00,,
27.484031741,1607483,,rD044,802387130,100.00,,
27.484031741,72467664,,rFF44,802351178,100.00,,
27.484031741,11161550854,,instructions,802337878,100.00,3.71,insn per cycle
27.484031741,3008685392,,cycles,802336710,100.00,,
27.584325867,1246734,,rD044,802390618,100.00,,
27.584325867,69162108,,rFF44,802393950,100.00,,
27.584325867,10777509797,,instructions,802493450,100.00,3.58,insn per cycle
27.584325867,3009296000,,cycles,802482990,100.00,,
27.684637944,1881831,,rD044,802475580,100.00,,
27.684637944,72611391,,rFF44,802491310,100.00,,
27.684637944,11182251068,,instructions,802407960,100.00,3.72,insn per cycle
27.684637944,3009131806,,cycles,802438950,100.00,,
27.784943440,1437168,,rD044,802453340,100.00,,
27.784943440,70214412,,rFF44,802462290,100.00,,
27.784943440,10904012187,,instructions,802447061,100.00,3.62,insn per cycle
27.784943440,3009077142,,cycles,802424518,100.00,,
27.885247526,1697565,,rD044,802392050,100.00,,
27.885247526,72680179,,rFF44,802374788,100.00,,
27.885247526,11191380613,,instructions,802376627,100.00,3.72,insn per cycle
27.885247526,3008911877,,cycles,802380090,100.00,,
27.985560073,1331180,,rD044,802449088,100.00,,
27.985560073,70326638,,rFF44,802446850,100.00,,
27.985560073,10922510924,,instructions,802450260,100.00,3.63,insn per cycle
27.985560073,3009085572,,cycles,802439690,100.00,,
28.085886170,2042933,,rD044,802740300,100.00,,
28.085886170,72634174,,rFF44,802817280,100.00,,
28.085886170,11185837330,,instructions,802858373,100.00,3.72,insn per cycle
28.085886170,3010776077,,cycles,802877468,100.00,,
28.186215156,1368194,,rD044,802493281,100.00,,
28.186215156,68958735,,rFF44,802411368,100.00,,
28.186215156,10767674045,,instructions,802367595,100.00,3.58,insn per cycle
28.186215156,3008830846,,cycles,802358140,100.00,,
28.286528093,1668466,,rD044,802443937,100.00,,
28.286528093,72666542,,rFF44,802453510,100.00,,
28.286528093,11190711959,,instructions,802449470,100.00,3.72,insn per cycle
28.286528093,3009109670,,cycles,802460460,100.00,,
28.386824849,1713733,,rD044,802329260,100.00,,
28.386824849,70729703,,rFF44,802315170,100.00,,
28.386824849,10966546951,,instructions,802306200,100.00,3.65,insn per cycle
28.386824849,3008554507,,cycles,802284660,100.00,,
28.487116865,1557806,,rD044,802336800,100.00,,
28.487116865,72527537,,rFF44,802356680,100.00,,
28.487116865,11170569468,,instructions,802361780,100.00,3.71,insn per cycle
28.487116865,3008804540,,cycles,802364686,100.00,,
28.587425062,1431065,,rD044,802420800,100.00,,
28.587425062,68635407,,rFF44,802397517,100.00,,
28.587425062,10709258617,,instructions,802405258,100.00,3.56,insn per cycle
28.587425062,3009227198,,cycles,802464192,100.00,,
28.687729288,1549215,,rD044,802481388,100.00,,
28.687729288,72836875,,rFF44,802495451,100.00,,
28.687729288,11218393517,,instructions,802488360,100.00,3.73,insn per cycle
28.687729288,3009115657,,cycles,802435300,100.00,,
28.788034305,1467590,,rD044,802416230,100.00,,
28.788034305,71567097,,rFF44,802419230,100.00,,
28.788034305,11069702559,,instructions,802405990,100.00,3.68,insn per cycle
28.788034305,3008982768,,cycles,802399540,100.00,,
28.888333801,1823138,,rD044,802365630,100.00,,
28.888333801,72824697,,rFF44,802365950,100.00,,
28.888333801,11223373946,,instructions,802481911,100.00,3.73,insn per cycle
28.888333801,3009334962,,cycles,802492738,100.00,,
28.988642707,1571531,,rD044,802451470,100.00,,
28.988642707,71549689,,rFF44,802445027,100.00,,
28.988642707,11071323949,,instructions,802353227,100.00,3.68,insn per cycle
28.988642707,3008726675,,cycles,802336380,100.00,,
29.088937984,1699367,,rD044,802363248,100.00,,
29.088937984,72291579,,rFF44,802352921,100.00,,
29.088937984,11140841438,,instructions,802349150,100.00,3.70,insn per cycle
29.088937984,3008868833,,cycles,802369290,100.00,,
29.189234790,1507624,,rD044,802428970,100.00,,
29.189234790,70189093,,rFF44,802465450,100.00,,
29.189234790,10892306879,,instructions,802445910,100.00,3.62,insn per cycle
29.189234790,3009128770,,cycles,802437210,100.00,,
29.289548957,1606178,,rD044,802444360,100.00,,
29.289548957,72680141,,rFF44,802420230,100.00,,
29.289548957,11202621371,,instructions,802458290,100.00,3.72,insn per cycle
29.289548957,3009209630,,cycles,802460345,100.00,,
29.389846123,1421476,,rD044,802402590,100.00,,
29.389846123,68642565,,rFF44,802382834,100.00,,
29.389846123,10705944213,,instructions,802353628,100.00,3.56,insn per cycle
29.389846123,3008834732,,cycles,802359713,100.00,,
29.490142909,1544469,,rD044,802579188,100.00,,
29.490142909,72592317,,rFF44,802693504,100.00,,
29.490142909,11189979981,,instructions,802728880,100.00,3.72,insn per cycle
29.490142909,3010299217,,cycles,802756050,100.00,,
29.590490526,1541780,,rD044,802518860,100.00,,
29.590490526,70658689,,rFF44,802412030,100.00,,
29.590490526,10956218063,,instructions,802391790,100.00,3.64,insn per cycle
29.590490526,3008818290,,cycles,802355680,100.00,,
29.690783612,1716568,,rD044,802348490,100.00,,
29.690783612,72605326,,rFF44,802355610,100.00,,
29.690783612,11191698322,,instructions,802346742,100.00,3.72,insn per cycle
29.690783612,3008832559,,cycles,802358968,100.00,,
29.791079549,1596141,,rD044,802408892,100.00,,
29.791079549,70878445,,rFF44,802420938,100.00,,
29.791079549,10994982618,,instructions,802433676,100.00,3.65,insn per cycle
29.791079549,3009130971,,cycles,802438940,100.00,,
29.891387355,1127009,,rD044,802520566,100.00,,
29.891387355,72209681,,rFF44,802505570,100.00,,
29.891387355,11130472025,,instructions,802503100,100.00,3.70,insn per cycle
29.891387355,3009333110,,cycles,802492730,100.00,,
29.991724352,1728489,,rD044,802619640,100.00,,
29.991724352,67091455,,rFF44,802642930,100.00,,
29.991724352,10527335121,,instructions,802637890,100.00,3.50,insn per cycle
29.991724352,3009860184,,cycles,802633395,100.00,,
30.092036608,1741970,,rD044,802489130,100.00,,
30.092036608,72326129,,rFF44,802466038,100.00,,
30.092036608,11149594873,,instructions,802463978,100.00,3.71,insn per cycle
30.092036608,3009202934,,cycles,802458673,100.00,,
30.192334805,1880346,,rD044,802422908,100.00,,
30.192334805,69991294,,rFF44,802486280,100.00,,
30.192334805,10866878290,,instructions,802516270,100.00,3.61,insn per cycle
30.192334805,3009443254,,cycles,802521990,100.00,,
30.292651791,1730614,,rD044,802472410,100.00,,
30.292651791,73103042,,rFF44,802408390,100.00,,
30.292651791,11273125560,,instructions,802389260,100.00,3.75,insn per cycle
30.292651791,3008961432,,cycles,802393710,100.00,,
30.392952448,1265700,,rD044,802370830,100.00,,
30.392952448,71669578,,rFF44,802390970,100.00,,
30.392952448,11081631365,,instructions,802393710,100.00,3.68,insn per cycle
30.392952448,3008945631,,cycles,802389508,100.00,,
30.493253954,1907180,,rD044,802388130,100.00,,
30.493253954,72540049,,rFF44,802380398,100.00,,
30.493253954,11185099695,,instructions,802375678,100.00,3.72,insn per cycle
30.493253954,3008869940,,cycles,802377210,100.00,,
30.530376603,426616,,rD044,272736399,100.00,,
30.530376603,13764250,,rFF44,272500901,100.00,,
30.530376603,2334747653,,instructions,272302761,100.00,2.29,insn per cycle
30.530376603,1020359971,,cycles,272113911,100.00,,
