0.100130778,4652198,,rD044,92612056,100.00,,
0.100130778,20460840,,rFF44,92618106,100.00,,
0.100130778,444072603,,instructions,92622506,100.00,1.29,insn per cycle
0.100130778,343404185,,cycles,92627406,100.00,,
0.200409878,5492828,,rD044,100275265,100.00,,
0.200409878,24006516,,rFF44,100275275,100.00,,
0.200409878,505924735,,instructions,100275225,100.00,1.35,insn per cycle
0.200409878,376028605,,cycles,100274775,100.00,,
0.300626396,5493144,,rD044,100215515,100.00,,
0.300626396,23959777,,rFF44,100216045,100.00,,
0.300626396,505059553,,instructions,100216125,100.00,1.34,insn per cycle
0.300626396,375808100,,cycles,100216095,100.00,,
0.400831225,6779144,,rD044,100203785,100.00,,
0.400831225,29045280,,rFF44,100204045,100.00,,
0.400831225,77236653,,instructions,100204245,100.00,0.21,insn per cycle
0.400831225,375762624,,cycles,100204675,100.00,,
0.501049121,6912018,,rD044,100217705,100.00,,
0.501049121,30193178,,rFF44,100217145,100.00,,
0.501049121,37682230,,instructions,100216925,100.00,0.10,insn per cycle
0.501049121,375809483,,cycles,100216215,100.00,,
0.601258887,3077423,,rD044,1799853896,100.00,,
0.601258887,166882478,,rFF44,1803425140,100.00,,
0.601258887,24077459550,,instructions,1806284578,100.00,3.55,insn per cycle
0.601258887,6782944008,,cycles,1809424096,100.00,,
0.701858038,123374,,rD044,3218937352,100.00,,
0.701858038,292011417,,rFF44,3218896510,100.00,,
0.701858038,45314277910,,instructions,3218734460,100.00,3.75,insn per cycle
0.701858038,12068785104,,cycles,3218359946,100.00,,
0.802424638,117690,,rD044,3218048734,100.00,,
0.802424638,279921701,,rFF44,3218123436,100.00,,
0.802424638,43810116772,,instructions,3218167446,100.00,3.63,insn per cycle
0.802424638,12067927851,,cycles,3218134536,100.00,,
0.902988778,117595,,rD044,3218060013,100.00,,
0.902988778,290948264,,rFF44,3217947670,100.00,,
0.902988778,45163889863,,instructions,3217931672,100.00,3.74,insn per cycle
0.902988778,12067212463,,cycles,3217940020,100.00,,
1.003548578,114611,,rD044,3217753263,100.00,,
1.003548578,285137010,,rFF44,3217348812,100.00,,
1.003548578,44440505036,,instructions,3217294444,100.00,3.68,insn per cycle
1.003548578,12065163488,,cycles,3217392879,100.00,,
1.104094737,112670,,rD044,3217341096,100.00,,
1.104094737,287132941,,rFF44,3217483383,100.00,,
1.104094737,44731469155,,instructions,3217629790,100.00,3.71,insn per cycle
1.104094737,12066125312,,cycles,3217671056,100.00,,
1.204645077,112093,,rD044,3217641509,100.00,,
1.204645077,287703904,,rFF44,3217757934,100.00,,
1.204645077,44781013105,,instructions,3217847195,100.00,3.71,insn per cycle
1.204645077,12066414679,,cycles,3217725822,100.00,,
1.305200417,111051,,rD044,3217763543,100.00,,
1.305200417,286459225,,rFF44,3217911182,100.00,,
1.305200417,44624787293,,instructions,3217844287,100.00,3.70,insn per cycle
1.305200417,12066896147,,cycles,3217860034,100.00,,
1.405764397,112114,,rD044,3218033383,100.00,,
1.405764397,288210752,,rFF44,3217762520,100.00,,
1.405764397,44863890352,,instructions,3217466809,100.00,3.72,insn per cycle
1.405764397,12065063772,,cycles,3217367012,100.00,,
1.506299977,113178,,rD044,3217031795,100.00,,
1.506299977,290988404,,rFF44,3217138696,100.00,,
1.506299977,45168816285,,instructions,3217390732,100.00,3.74,insn per cycle
1.506299977,12066273930,,cycles,3217698169,100.00,,
1.606852716,110894,,rD044,3217657168,100.00,,
1.606852716,283722004,,rFF44,3217435692,100.00,,
1.606852716,44278413232,,instructions,3217180515,100.00,3.67,insn per cycle
1.606852716,12062740592,,cycles,3216751577,100.00,,
1.707379526,109342,,rD044,3216981445,100.00,,
1.707379526,280714724,,rFF44,3217140434,100.00,,
1.707379526,43851798775,,instructions,3217317421,100.00,3.63,insn per cycle
1.707379526,12064918800,,cycles,3217330497,100.00,,
1.807921276,112479,,rD044,3217230066,100.00,,
1.807921276,284928182,,rFF44,3217281972,100.00,,
1.807921276,44431058403,,instructions,3217295898,100.00,3.68,insn per cycle
1.807921276,12065105718,,cycles,3217380419,100.00,,
1.908466765,111493,,rD044,3217445480,100.00,,
1.908466765,282200478,,rFF44,3218174349,100.00,,
1.908466765,44081634651,,instructions,3218155788,100.00,3.65,insn per cycle
1.908466765,12069013764,,cycles,3218450349,100.00,,
2.009067906,113875,,rD044,3218859471,100.00,,
2.009067906,283798722,,rFF44,3217964957,100.00,,
2.009067906,44290469968,,instructions,3217978164,100.00,3.67,insn per cycle
2.009067906,12066621231,,cycles,3217870137,100.00,,
2.109609076,114105,,rD044,3217063714,100.00,,
2.109609076,288513723,,rFF44,3217026391,100.00,,
2.109609076,44874258598,,instructions,3217017151,100.00,3.72,insn per cycle
2.109609076,12063488004,,cycles,3217042581,100.00,,
2.210158615,111489,,rD044,3217604391,100.00,,
2.210158615,282243889,,rFF44,3217800132,100.00,,
2.210158615,44112722837,,instructions,3217821771,100.00,3.66,insn per cycle
2.210158615,12066262009,,cycles,3217723912,100.00,,
2.310728145,111417,,rD044,3218026683,100.00,,
2.310728145,284084663,,rFF44,3218088884,100.00,,
2.310728145,44313810352,,instructions,3218168443,100.00,3.67,insn per cycle
2.310728145,12067685578,,cycles,3218079092,100.00,,
2.411272855,114597,,rD044,3217456841,100.00,,
2.411272855,289760824,,rFF44,3217457772,100.00,,
2.411272855,45059376312,,instructions,3217386122,100.00,3.73,insn per cycle
2.411272855,12066476473,,cycles,3217760163,100.00,,
2.511833025,113877,,rD044,3217653144,100.00,,
2.511833025,289431721,,rFF44,3217580996,100.00,,
2.511833025,44959882630,,instructions,3217530973,100.00,3.73,insn per cycle
2.511833025,12064237260,,cycles,3217171832,100.00,,
2.612377915,113148,,rD044,3217290733,100.00,,
2.612377915,281479437,,rFF44,3217213359,100.00,,
2.612377915,43991978635,,instructions,3217313182,100.00,3.65,insn per cycle
2.612377915,12064666523,,cycles,3217272383,100.00,,
2.712913574,119121,,rD044,3217150794,100.00,,
2.712913574,287184074,,rFF44,3217239452,100.00,,
2.712913574,44743251922,,instructions,3217141732,100.00,3.71,insn per cycle
2.712913574,12064675570,,cycles,3217275123,100.00,,
2.813463904,113017,,rD044,3217788401,100.00,,
2.813463904,285491534,,rFF44,3218830814,100.00,,
2.813463904,44506212820,,instructions,3218816094,100.00,3.69,insn per cycle
2.813463904,12070341759,,cycles,3218786575,100.00,,
2.914054204,111553,,rD044,3218565299,100.00,,
2.914054204,279717886,,rFF44,3217624671,100.00,,
2.914054204,43791268235,,instructions,3217665558,100.00,3.63,insn per cycle
2.914054204,12066501574,,cycles,3217773780,100.00,,
3.014610354,111634,,rD044,3217551106,100.00,,
3.014610354,279761093,,rFF44,3217389689,100.00,,
3.014610354,43768418790,,instructions,3217426767,100.00,3.63,insn per cycle
3.014610354,12064365134,,cycles,3217192796,100.00,,
3.115144734,112334,,rD044,3217064040,100.00,,
3.115144734,287128524,,rFF44,3217109257,100.00,,
3.115144734,44697725936,,instructions,3217211806,100.00,3.70,insn per cycle
3.115144734,12064761389,,cycles,3217309530,100.00,,
3.215701164,113156,,rD044,3217827405,100.00,,
3.215701164,288018411,,rFF44,3217899510,100.00,,
3.215701164,44817365059,,instructions,3217747539,100.00,3.71,insn per cycle
3.215701164,12066164523,,cycles,3217671974,100.00,,
3.316248163,110281,,rD044,3217409105,100.00,,
3.316248163,281433041,,rFF44,3217221795,100.00,,
3.316248163,43977105633,,instructions,3217194436,100.00,3.64,insn per cycle
3.316248163,12065460967,,cycles,3217485281,100.00,,
3.416794863,113043,,rD044,3217313971,100.00,,
3.416794863,281402611,,rFF44,3217446798,100.00,,
3.416794863,43998253663,,instructions,3217375860,100.00,3.65,insn per cycle
3.416794863,12064316097,,cycles,3217192042,100.00,,
3.517341643,113103,,rD044,3217292264,100.00,,
3.517341643,285670065,,rFF44,3217374917,100.00,,
3.517341643,44489899856,,instructions,3217669541,100.00,3.69,insn per cycle
3.517341643,12066342003,,cycles,3217721439,100.00,,
3.617895933,113805,,rD044,3217729829,100.00,,
3.617895933,284165689,,rFF44,3217600332,100.00,,
3.617895933,44335896827,,instructions,3217454580,100.00,3.67,insn per cycle
3.617895933,12065406245,,cycles,3217475886,100.00,,
3.718444632,112867,,rD044,3217479564,100.00,,
3.718444632,282865652,,rFF44,3217871982,100.00,,
3.718444632,44183121049,,instructions,3218844696,100.00,3.66,insn per cycle
3.718444632,12070395741,,cycles,3218803164,100.00,,
3.819083353,112975,,rD044,3220376013,100.00,,
3.819083353,284597584,,rFF44,3220041484,100.00,,
3.819083353,44373701980,,instructions,3218972083,100.00,3.68,insn per cycle
3.819083353,12070809656,,cycles,3218915368,100.00,,
3.919637463,116444,,rD044,3217596109,100.00,,
3.919637463,290783925,,rFF44,3217597713,100.00,,
3.919637463,45155473235,,instructions,3217676723,100.00,3.74,insn per cycle
3.919637463,12065992478,,cycles,3217644707,100.00,,
4.020186143,110984,,rD044,3217472047,100.00,,
4.020186143,279247887,,rFF44,3217502774,100.00,,
4.020186143,43725601669,,instructions,3217549143,100.00,3.62,insn per cycle
4.020186143,12066308914,,cycles,3217710373,100.00,,
4.120748173,110129,,rD044,3217817433,100.00,,
4.120748173,279738948,,rFF44,3217709181,100.00,,
4.120748173,43772355822,,instructions,3217611472,100.00,3.63,insn per cycle
4.120748173,12065136996,,cycles,3217405742,100.00,,
4.221284382,114241,,rD044,3217282772,100.00,,
4.221284382,286596523,,rFF44,3217368454,100.00,,
4.221284382,44639832220,,instructions,3217350993,100.00,3.70,insn per cycle
4.221284382,12066271893,,cycles,3217702342,100.00,,
4.321853262,113481,,rD044,3218006240,100.00,,
4.321853262,284336113,,rFF44,3218019842,100.00,,
4.321853262,44344599874,,instructions,3218031392,100.00,3.67,insn per cycle
4.321853262,12066632532,,cycles,3217797031,100.00,,
4.422404892,112055,,rD044,3217613966,100.00,,
4.422404892,283440156,,rFF44,3217827969,100.00,,
4.422404892,44222493498,,instructions,3217924474,100.00,3.66,insn per cycle
4.422404892,12067008659,,cycles,3217904255,100.00,,
4.522968272,113650,,rD044,3217727275,100.00,,
4.522968272,288309419,,rFF44,3217360386,100.00,,
4.522968272,44835752837,,instructions,3217264281,100.00,3.72,insn per cycle
4.522968272,12064251183,,cycles,3217169804,100.00,,
4.623502622,113357,,rD044,3217006323,100.00,,
4.623502622,286586952,,rFF44,3217037362,100.00,,
4.623502622,44624923048,,instructions,3217122133,100.00,3.70,insn per cycle
4.623502622,12064640822,,cycles,3217274761,100.00,,
4.724044061,114574,,rD044,3217458779,100.00,,
4.724044061,285862138,,rFF44,3217663267,100.00,,
4.724044061,44542654848,,instructions,3217398303,100.00,3.69,insn per cycle
4.724044061,12064610041,,cycles,3217262200,100.00,,
4.824597421,113516,,rD044,3217495099,100.00,,
4.824597421,282178169,,rFF44,3217259379,100.00,,
4.824597421,44066057710,,instructions,3217544423,100.00,3.65,insn per cycle
4.824597421,12066173127,,cycles,3217678346,100.00,,
4.925149641,117297,,rD044,3217675937,100.00,,
4.925149641,294060885,,rFF44,3218029860,100.00,,
4.925149641,45560920977,,instructions,3218092383,100.00,3.78,insn per cycle
4.925149641,12067508348,,cycles,3218035588,100.00,,
5.025739501,113087,,rD044,3218747154,100.00,,
5.025739501,280572484,,rFF44,3218635586,100.00,,
5.025739501,43886576978,,instructions,3218588423,100.00,3.64,insn per cycle
5.025739501,12069241453,,cycles,3218502998,100.00,,
5.126291371,112893,,rD044,3217388302,100.00,,
5.126291371,287511008,,rFF44,3217233901,100.00,,
5.126291371,44762845209,,instructions,3217273203,100.00,3.71,insn per cycle
5.126291371,12065850735,,cycles,3217596212,100.00,,
5.226843181,114115,,rD044,3217753199,100.00,,
5.226843181,290053704,,rFF44,3217831675,100.00,,
5.226843181,45062817001,,instructions,3217631332,100.00,3.74,insn per cycle
5.226843181,12064652036,,cycles,3217268774,100.00,,
5.327385731,117171,,rD044,3217233836,100.00,,
5.327385731,285773209,,rFF44,3217222300,100.00,,
5.327385731,44521970147,,instructions,3217394693,100.00,3.69,insn per cycle
5.327385731,12064574811,,cycles,3217250501,100.00,,
5.427921120,117050,,rD044,3217071817,100.00,,
5.427921120,287282986,,rFF44,3217195405,100.00,,
5.427921120,44748396395,,instructions,3217161762,100.00,3.71,insn per cycle
5.427921120,12065496699,,cycles,3217496701,100.00,,
5.528482990,111370,,rD044,3217845319,100.00,,
5.528482990,283034193,,rFF44,3217855993,100.00,,
5.528482990,44184329789,,instructions,3217696704,100.00,3.66,insn per cycle
5.528482990,12065618033,,cycles,3217529255,100.00,,
5.629028530,114965,,rD044,3217191511,100.00,,
5.629028530,292532848,,rFF44,3216960619,100.00,,
5.629028530,45366921258,,instructions,3217048481,100.00,3.76,insn per cycle
5.629028530,12063770438,,cycles,3217040016,100.00,,
5.729576610,115034,,rD044,3217751447,100.00,,
5.729576610,290263071,,rFF44,3217639755,100.00,,
5.729576610,45090673329,,instructions,3217620551,100.00,3.74,insn per cycle
5.729576610,12066316528,,cycles,3217711239,100.00,,
5.830123600,113113,,rD044,3217234329,100.00,,
5.830123600,286619184,,rFF44,3217305391,100.00,,
5.830123600,44626527962,,instructions,3217177855,100.00,3.70,insn per cycle
5.830123600,12063880093,,cycles,3217069013,100.00,,
5.930659739,118057,,rD044,3217077865,100.00,,
5.930659739,287897268,,rFF44,3217152525,100.00,,
5.930659739,44780689052,,instructions,3217258076,100.00,3.71,insn per cycle
5.930659739,12065108835,,cycles,3217441083,100.00,,
6.031212769,115663,,rD044,3217297090,100.00,,
6.031212769,289581671,,rFF44,3217248786,100.00,,
6.031212769,44994125629,,instructions,3217251339,100.00,3.73,insn per cycle
6.031212769,12064644920,,cycles,3217351781,100.00,,
6.131773079,113976,,rD044,3217738741,100.00,,
6.131773079,280070488,,rFF44,3217764389,100.00,,
6.131773079,43803509089,,instructions,3217737882,100.00,3.63,insn per cycle
6.131773079,12065536290,,cycles,3217569122,100.00,,
6.232311239,117963,,rD044,3217184752,100.00,,
6.232311239,295607334,,rFF44,3217143011,100.00,,
6.232311239,45792141872,,instructions,3217244339,100.00,3.80,insn per cycle
6.232311239,12065180415,,cycles,3217416603,100.00,,
6.332863018,114189,,rD044,3217641333,100.00,,
6.332863018,288504199,,rFF44,3217810533,100.00,,
6.332863018,44861812916,,instructions,3217732015,100.00,3.72,insn per cycle
6.332863018,12065774767,,cycles,3217571241,100.00,,
6.433423648,111457,,rD044,3217816469,100.00,,
6.433423648,281423993,,rFF44,3218013642,100.00,,
6.433423648,43992571054,,instructions,3218125032,100.00,3.65,insn per cycle
6.433423648,12068469401,,cycles,3218290684,100.00,,
6.533996018,114720,,rD044,3218027266,100.00,,
6.533996018,288842197,,rFF44,3217566003,100.00,,
6.533996018,44895370989,,instructions,3217466913,100.00,3.72,insn per cycle
6.533996018,12064998199,,cycles,3217368801,100.00,,
6.634534328,110993,,rD044,3217338366,100.00,,
6.634534328,279475610,,rFF44,3217495972,100.00,,
6.634534328,43726573622,,instructions,3217479013,100.00,3.62,insn per cycle
6.634534328,12065058686,,cycles,3217380704,100.00,,
6.735082058,112805,,rD044,3217335720,100.00,,
6.735082058,281463537,,rFF44,3217374013,100.00,,
6.735082058,44001070825,,instructions,3217441573,100.00,3.65,insn per cycle
6.735082058,12065549032,,cycles,3217511801,100.00,,
6.835633048,115131,,rD044,3217493897,100.00,,
6.835633048,288528496,,rFF44,3217523902,100.00,,
6.835633048,44878161206,,instructions,3217584462,100.00,3.72,insn per cycle
6.835633048,12066206647,,cycles,3217685214,100.00,,
6.936198038,112690,,rD044,3218102947,100.00,,
6.936198038,278595508,,rFF44,3218199871,100.00,,
6.936198038,43642738089,,instructions,3218083482,100.00,3.62,insn per cycle
6.936198038,12067066909,,cycles,3217913867,100.00,,
7.036760528,113019,,rD044,3217784958,100.00,,
7.036760528,289735905,,rFF44,3217621114,100.00,,
7.036760528,45033513565,,instructions,3217800574,100.00,3.73,insn per cycle
7.036760528,12067303856,,cycles,3217980068,100.00,,
7.137312717,113683,,rD044,3217591468,100.00,,
7.137312717,284766602,,rFF44,3217593025,100.00,,
7.137312717,44414920168,,instructions,3217512302,100.00,3.68,insn per cycle
7.137312717,12065408559,,cycles,3217478482,100.00,,
7.237863097,113615,,rD044,3217542772,100.00,,
7.237863097,284296532,,rFF44,3217400331,100.00,,
7.237863097,44314411697,,instructions,3217173352,100.00,3.67,insn per cycle
7.237863097,12063252705,,cycles,3216895251,100.00,,
7.338391167,111816,,rD044,3216935982,100.00,,
7.338391167,283110957,,rFF44,3217233382,100.00,,
7.338391167,44179277030,,instructions,3217520464,100.00,3.66,insn per cycle
7.338391167,12066269541,,cycles,3217701105,100.00,,
7.438949097,113177,,rD044,3217645525,100.00,,
7.438949097,281022673,,rFF44,3217595994,100.00,,
7.438949097,43936947990,,instructions,3217514552,100.00,3.64,insn per cycle
7.438949097,12065610908,,cycles,3217527825,100.00,,
7.539540837,114169,,rD044,3218917353,100.00,,
7.539540837,286106545,,rFF44,3218888831,100.00,,
7.539540837,44570648914,,instructions,3219010744,100.00,3.69,insn per cycle
7.539540837,12071416409,,cycles,3219076201,100.00,,
7.640103057,114872,,rD044,3217581467,100.00,,
7.640103057,284417675,,rFF44,3217296604,100.00,,
7.640103057,44320686286,,instructions,3216925361,100.00,3.67,insn per cycle
7.640103057,12063117527,,cycles,3216861254,100.00,,
7.740633056,119548,,rD044,3216997233,100.00,,
7.740633056,291633136,,rFF44,3217024682,100.00,,
7.740633056,45283561558,,instructions,3217164954,100.00,3.75,insn per cycle
7.740633056,12063872147,,cycles,3217061401,100.00,,
7.841169656,113984,,rD044,3217261487,100.00,,
7.841169656,286238060,,rFF44,3217629467,100.00,,
7.841169656,44568664464,,instructions,3217795032,100.00,3.69,insn per cycle
7.841169656,12067051204,,cycles,3217912306,100.00,,
7.941777946,113823,,rD044,3219451563,100.00,,
7.941777946,281498789,,rFF44,3219424753,100.00,,
7.941777946,43988116720,,instructions,3219379003,100.00,3.64,insn per cycle
7.941777946,12072250603,,cycles,3219296909,100.00,,
8.042330796,133974,,rD044,3213274223,100.00,,
8.042330796,259824417,,rFF44,3212738219,100.00,,
8.042330796,41257823748,,instructions,3212404143,100.00,3.42,insn per cycle
8.042330796,12046302274,,cycles,3212385055,100.00,,
8.054670580,165598,,rD044,280211162,100.00,,
8.054670580,1465894,,rFF44,277286971,100.00,,
8.054670580,839742706,,instructions,274848480,100.00,0.82,insn per cycle
8.054670580,1020556956,,cycles,272149118,100.00,,
