0.100123477,4631056,,rD044,92691246,100.00,,
0.100123477,20439163,,rFF44,92696646,100.00,,
0.100123477,443722934,,instructions,92701396,100.00,1.29,insn per cycle
0.100123477,343788486,,cycles,92705866,100.00,,
0.200399772,5489058,,rD044,100275445,100.00,,
0.200399772,23970814,,rFF44,100276605,100.00,,
0.200399772,505062456,,instructions,100276305,100.00,1.34,insn per cycle
0.200399772,376033278,,cycles,100276075,100.00,,
0.300609889,5490200,,rD044,100210775,100.00,,
0.300609889,23946271,,rFF44,100209655,100.00,,
0.300609889,503956696,,instructions,100209605,100.00,1.34,insn per cycle
0.300609889,375784277,,cycles,100209835,100.00,,
0.400818185,6759958,,rD044,100209885,100.00,,
0.400818185,28940021,,rFF44,100209705,100.00,,
0.400818185,79694339,,instructions,100209645,100.00,0.21,insn per cycle
0.400818185,375785631,,cycles,100209915,100.00,,
0.501033491,6913659,,rD044,100216225,100.00,,
0.501033491,30024795,,rFF44,100216615,100.00,,
0.501033491,37485323,,instructions,100217865,100.00,0.10,insn per cycle
0.501033491,375816581,,cycles,100218095,100.00,,
0.601239188,5665634,,rD044,915252291,100.00,,
0.601239188,89791347,,rFF44,916395491,100.00,,
0.601239188,11782426407,,instructions,917243664,100.00,3.42,insn per cycle
0.601239188,3441252230,,cycles,918054537,100.00,,
0.701697832,5229968,,rD044,1607019666,100.00,,
0.701697832,136935605,,rFF44,1607174106,100.00,,
0.701697832,21294980911,,instructions,1607670955,100.00,3.53,insn per cycle
0.701697832,6029682628,,cycles,1607961466,100.00,,
0.802200216,4597057,,rD044,1607898386,100.00,,
0.802200216,137588663,,rFF44,1607463536,100.00,,
0.802200216,21344041449,,instructions,1606870607,100.00,3.54,insn per cycle
0.802200216,6024265854,,cycles,1606487806,100.00,,
0.902600311,5509157,,rD044,1607223126,100.00,,
0.902600311,139043358,,rFF44,1608074701,100.00,,
0.902600311,21549042495,,instructions,1609278749,100.00,3.57,insn per cycle
0.902600311,6038118332,,cycles,1610170745,100.00,,
1.003249374,4790416,,rD044,1609599708,100.00,,
1.003249374,137920072,,rFF44,1608929977,100.00,,
1.003249374,21394357271,,instructions,1607890496,100.00,3.55,insn per cycle
1.003249374,6027437106,,cycles,1607327144,100.00,,
1.103703969,4930587,,rD044,1607623628,100.00,,
1.103703969,136834131,,rFF44,1607578276,100.00,,
1.103703969,21267352758,,instructions,1607418546,100.00,3.53,insn per cycle
1.103703969,6026654696,,cycles,1607122512,100.00,,
1.204136553,4496034,,rD044,1606822251,100.00,,
1.204136553,136136853,,rFF44,1606807356,100.00,,
1.204136553,21177862757,,instructions,1606848566,100.00,3.51,insn per cycle
1.204136553,6025552781,,cycles,1606822413,100.00,,
1.304561451,4598112,,rD044,1606974903,100.00,,
1.304561451,138170386,,rFF44,1607856416,100.00,,
1.304561451,21434743115,,instructions,1608323296,100.00,3.55,insn per cycle
1.304561451,6033409548,,cycles,1608913622,100.00,,
1.405131967,4560461,,rD044,1608875746,100.00,,
1.405131967,137904789,,rFF44,1608326806,100.00,,
1.405131967,21375726830,,instructions,1607751063,100.00,3.55,insn per cycle
1.405131967,6026797603,,cycles,1607157186,100.00,,
1.505567701,5352844,,rD044,1607310126,100.00,,
1.505567701,138288491,,rFF44,1607863722,100.00,,
1.505567701,21459308797,,instructions,1608560375,100.00,3.56,insn per cycle
1.505567701,6033751188,,cycles,1609006706,100.00,,
1.606141517,4681736,,rD044,1608876868,100.00,,
1.606141517,137343932,,rFF44,1608109696,100.00,,
1.606141517,21320700011,,instructions,1607521806,100.00,3.54,insn per cycle
1.606141517,6026414993,,cycles,1607067736,100.00,,
1.706571631,4619840,,rD044,1606859165,100.00,,
1.706571631,136952086,,rFF44,1607341816,100.00,,
1.706571631,21303804676,,instructions,1607951776,100.00,3.53,insn per cycle
1.706571631,6031468301,,cycles,1608396812,100.00,,
1.807102786,5100076,,rD044,1608506293,100.00,,
1.807102786,136002084,,rFF44,1608457976,100.00,,
1.807102786,21173835347,,instructions,1608162626,100.00,3.51,insn per cycle
1.807102786,6029749532,,cycles,1607943216,100.00,,
1.907606861,4920435,,rD044,1607742424,100.00,,
1.907606861,136498960,,rFF44,1607054196,100.00,,
1.907606861,21222890598,,instructions,1606642816,100.00,3.52,insn per cycle
1.907606861,6024595893,,cycles,1606566132,100.00,,
2.008054526,4395626,,rD044,1607606056,100.00,,
2.008054526,138779756,,rFF44,1608494267,100.00,,
2.008054526,21510215136,,instructions,1608937552,100.00,3.56,insn per cycle
2.008054526,6033884811,,cycles,1609044070,100.00,,
2.108579531,4892523,,rD044,1608598736,100.00,,
2.108579531,136321280,,rFF44,1608350448,100.00,,
2.108579531,21200279200,,instructions,1608159236,100.00,3.52,insn per cycle
2.108579531,6030298440,,cycles,1608087306,100.00,,
2.209080496,4840949,,rD044,1608011951,100.00,,
2.209080496,138315510,,rFF44,1608117679,100.00,,
2.209080496,21440635111,,instructions,1608348406,100.00,3.55,insn per cycle
2.209080496,6032103645,,cycles,1608569456,100.00,,
2.309623991,4585403,,rD044,1608543775,100.00,,
2.309623991,135866541,,rFF44,1608612186,100.00,,
2.309623991,21135115917,,instructions,1608514934,100.00,3.50,insn per cycle
2.309623991,6032248949,,cycles,1608606362,100.00,,
2.410158577,4872713,,rD044,1608603978,100.00,,
2.410158577,136481894,,rFF44,1608425257,100.00,,
2.410158577,21231361023,,instructions,1608367234,100.00,3.52,insn per cycle
2.410158577,6030022308,,cycles,1608014756,100.00,,
2.510661153,4365049,,rD044,1607527866,100.00,,
2.510661153,137775442,,rFF44,1607135803,100.00,,
2.510661153,21363079396,,instructions,1606884876,100.00,3.54,insn per cycle
2.510661153,6026602494,,cycles,1607105246,100.00,,
2.611122097,5104816,,rD044,1607805446,100.00,,
2.611122097,136584449,,rFF44,1607992583,100.00,,
2.611122097,21224890415,,instructions,1608100675,100.00,3.52,insn per cycle
2.611122097,6029371921,,cycles,1607851855,100.00,,
2.711596842,4610481,,rD044,1607200625,100.00,,
2.711596842,136604956,,rFF44,1607008835,100.00,,
2.711596842,21218662853,,instructions,1607021876,100.00,3.52,insn per cycle
2.711596842,6025713449,,cycles,1606865226,100.00,,
2.812025116,4974866,,rD044,1606843956,100.00,,
2.812025116,137233035,,rFF44,1606860468,100.00,,
2.812025116,21308846598,,instructions,1606910296,100.00,3.54,insn per cycle
2.812025116,6026126891,,cycles,1606998716,100.00,,
2.912473771,4572490,,rD044,1607481776,100.00,,
2.912473771,138296219,,rFF44,1607597952,100.00,,
2.912473771,21425951873,,instructions,1607476586,100.00,3.55,insn per cycle
2.912473771,6027710418,,cycles,1607404506,100.00,,
3.012932085,4755986,,rD044,1606862986,100.00,,
3.012932085,136791775,,rFF44,1606858416,100.00,,
3.012932085,21240404640,,instructions,1606923656,100.00,3.52,insn per cycle
3.012932085,6027263872,,cycles,1607277746,100.00,,
3.113405500,4820503,,rD044,1607611026,100.00,,
3.113405500,137072524,,rFF44,1607598031,100.00,,
3.113405500,21273747826,,instructions,1607651116,100.00,3.53,insn per cycle
3.113405500,6028083048,,cycles,1607496716,100.00,,
3.213873065,4791794,,rD044,1608015271,100.00,,
3.213873065,136878426,,rFF44,1608594074,100.00,,
3.213873065,21263169797,,instructions,1608749256,100.00,3.52,insn per cycle
3.213873065,6033057329,,cycles,1608823076,100.00,,
3.314417720,5427475,,rD044,1607963562,100.00,,
3.314417720,138001839,,rFF44,1607344046,100.00,,
3.314417720,21412878273,,instructions,1607453346,100.00,3.55,insn per cycle
3.314417720,6028394741,,cycles,1607593901,100.00,,
3.414898355,5239766,,rD044,1607878721,100.00,,
3.414898355,138754903,,rFF44,1607890196,100.00,,
3.414898355,21503154484,,instructions,1607554206,100.00,3.57,insn per cycle
3.414898355,6028080585,,cycles,1607496797,100.00,,
3.515400730,4505489,,rD044,1607847226,100.00,,
3.515400730,136825876,,rFF44,1607883906,100.00,,
3.515400730,21252205217,,instructions,1608027669,100.00,3.53,insn per cycle
3.515400730,6028928967,,cycles,1607722406,100.00,,
3.615843164,4478726,,rD044,1607329386,100.00,,
3.615843164,136478029,,rFF44,1607403716,100.00,,
3.615843164,21210523968,,instructions,1607561907,100.00,3.52,insn per cycle
3.615843164,6030412785,,cycles,1608130006,100.00,,
3.716372500,4508547,,rD044,1608044506,100.00,,
3.716372500,137476420,,rFF44,1607602926,100.00,,
3.716372500,21319507437,,instructions,1607117566,100.00,3.54,insn per cycle
3.716372500,6024186257,,cycles,1606458906,100.00,,
3.816791034,4625114,,rD044,1606669316,100.00,,
3.816791034,139459585,,rFF44,1606669466,100.00,,
3.816791034,21571442564,,instructions,1606688962,100.00,3.58,insn per cycle
3.816791034,6024991826,,cycles,1606671844,100.00,,
3.917171627,5062530,,rD044,1606249513,100.00,,
3.917171627,138881557,,rFF44,1606250076,100.00,,
3.917171627,21493575008,,instructions,1606242986,100.00,3.57,insn per cycle
3.917171627,6023528969,,cycles,1606282412,100.00,,
4.017563531,4719283,,rD044,1606186773,100.00,,
4.017563531,136182394,,rFF44,1606247079,100.00,,
4.017563531,21184039322,,instructions,1606310396,100.00,3.52,insn per cycle
4.017563531,6023859150,,cycles,1606379876,100.00,,
4.117970915,5193999,,rD044,1607032217,100.00,,
4.117970915,136957909,,rFF44,1607774203,100.00,,
4.117970915,21269490046,,instructions,1607938516,100.00,3.53,insn per cycle
4.117970915,6029996856,,cycles,1608006636,100.00,,
4.218473690,4694525,,rD044,1607614825,100.00,,
4.218473690,137069077,,rFF44,1607028712,100.00,,
4.218473690,21268608307,,instructions,1606926496,100.00,3.53,insn per cycle
4.218473690,6026079423,,cycles,1606961606,100.00,,
4.318916415,4499087,,rD044,1606959556,100.00,,
4.318916415,137128118,,rFF44,1606838885,100.00,,
4.318916415,21286641327,,instructions,1606725436,100.00,3.53,insn per cycle
4.318916415,6024495373,,cycles,1606541086,100.00,,
4.419347569,4521761,,rD044,1606722126,100.00,,
4.419347569,136588979,,rFF44,1606657975,100.00,,
4.419347569,21219939732,,instructions,1606678514,100.00,3.52,insn per cycle
4.419347569,6025254605,,cycles,1606757306,100.00,,
4.519747593,5094130,,rD044,1607140446,100.00,,
4.519747593,137202340,,rFF44,1608112712,100.00,,
4.519747593,21309740726,,instructions,1608335278,100.00,3.53,insn per cycle
4.519747593,6032210094,,cycles,1608617506,100.00,,
4.620291938,4679988,,rD044,1607981715,100.00,,
4.620291938,138357963,,rFF44,1607281437,100.00,,
4.620291938,21441440286,,instructions,1607270595,100.00,3.56,insn per cycle
4.620291938,6026665549,,cycles,1607145855,100.00,,
4.720748423,4914555,,rD044,1607585476,100.00,,
4.720748423,138313988,,rFF44,1607773994,100.00,,
4.720748423,21444255684,,instructions,1607895516,100.00,3.56,insn per cycle
4.720748423,6030427928,,cycles,1608143206,100.00,,
4.821274938,5333445,,rD044,1607951780,100.00,,
4.821274938,137976035,,rFF44,1607711626,100.00,,
4.821274938,21391906511,,instructions,1607465356,100.00,3.55,insn per cycle
4.821274938,6026379975,,cycles,1607051866,100.00,,
4.921695092,4570796,,rD044,1606832792,100.00,,
4.921695092,137435539,,rFF44,1606877135,100.00,,
4.921695092,21324763379,,instructions,1606953626,100.00,3.54,insn per cycle
4.921695092,6026695951,,cycles,1607125906,100.00,,
5.022146876,5006972,,rD044,1607623428,100.00,,
5.022146876,138270017,,rFF44,1607559897,100.00,,
5.022146876,21447383220,,instructions,1607563116,100.00,3.56,insn per cycle
5.022146876,6028299043,,cycles,1607553026,100.00,,
5.122614651,4210947,,rD044,1607015874,100.00,,
5.122614651,136282270,,rFF44,1607046504,100.00,,
5.122614651,21193502380,,instructions,1607069096,100.00,3.52,insn per cycle
5.122614651,6025913461,,cycles,1606919756,100.00,,
5.223049965,4789520,,rD044,1607170476,100.00,,
5.223049965,136449423,,rFF44,1607108510,100.00,,
5.223049965,21221520076,,instructions,1607221726,100.00,3.52,insn per cycle
5.223049965,6027028399,,cycles,1607214876,100.00,,
5.323509020,4707369,,rD044,1607468417,100.00,,
5.323509020,136908922,,rFF44,1607823984,100.00,,
5.323509020,21268296856,,instructions,1607655906,100.00,3.53,insn per cycle
5.323509020,6029080397,,cycles,1607763336,100.00,,
5.423988945,5011626,,rD044,1607425255,100.00,,
5.423988945,138025128,,rFF44,1606956363,100.00,,
5.423988945,21391644527,,instructions,1606826556,100.00,3.55,insn per cycle
5.423988945,6025325213,,cycles,1606770126,100.00,,
5.524410069,4952124,,rD044,1606531586,100.00,,
5.524410069,138931305,,rFF44,1606451123,100.00,,
5.524410069,21501994718,,instructions,1606440450,100.00,3.57,insn per cycle
5.524410069,6023711388,,cycles,1606330436,100.00,,
5.624802713,4446129,,rD044,1606738916,100.00,,
5.624802713,137420323,,rFF44,1607281196,100.00,,
5.624802713,21328398977,,instructions,1607477029,100.00,3.54,insn per cycle
5.624802713,6028544691,,cycles,1607630896,100.00,,
5.725327648,5253614,,rD044,1608211626,100.00,,
5.725327648,135879061,,rFF44,1607728768,100.00,,
5.725327648,21156680575,,instructions,1607596619,100.00,3.51,insn per cycle
5.725327648,6028415960,,cycles,1607590666,100.00,,
5.825766392,4578560,,rD044,1606746406,100.00,,
5.825766392,138015531,,rFF44,1606885614,100.00,,
5.825766392,21409398935,,instructions,1606887358,100.00,3.55,insn per cycle
5.825766392,6025787427,,cycles,1606883556,100.00,,
5.926197986,4819468,,rD044,1606949506,100.00,,
5.926197986,136057448,,rFF44,1606762856,100.00,,
5.926197986,21172517094,,instructions,1606681728,100.00,3.51,insn per cycle
5.926197986,6024692030,,cycles,1606593212,100.00,,
6.026603510,5126935,,rD044,1606598462,100.00,,
6.026603510,137398386,,rFF44,1606968026,100.00,,
6.026603510,21332048053,,instructions,1607278076,100.00,3.54,insn per cycle
6.026603510,6028982183,,cycles,1607737459,100.00,,
6.127098395,5305107,,rD044,1608154940,100.00,,
6.127098395,140264227,,rFF44,1608133616,100.00,,
6.127098395,21682509453,,instructions,1607827860,100.00,3.60,insn per cycle
6.127098395,6027525446,,cycles,1607350347,100.00,,
6.227543670,4921962,,rD044,1606891146,100.00,,
6.227543670,137523865,,rFF44,1606862436,100.00,,
6.227543670,21347553189,,instructions,1607201096,100.00,3.54,insn per cycle
6.227543670,6028617086,,cycles,1607637736,100.00,,
6.328028075,5512054,,rD044,1608157356,100.00,,
6.328028075,138825440,,rFF44,1608497191,100.00,,
6.328028075,21501836871,,instructions,1608230768,100.00,3.57,insn per cycle
6.328028075,6029473155,,cycles,1607874106,100.00,,
6.428524109,4752198,,rD044,1607534366,100.00,,
6.428524109,138444093,,rFF44,1607188502,100.00,,
6.428524109,21460302357,,instructions,1607492376,100.00,3.56,insn per cycle
6.428524109,6028872542,,cycles,1607714146,100.00,,
6.528998274,4520394,,rD044,1607588626,100.00,,
6.528998274,136642875,,rFF44,1607487670,100.00,,
6.528998274,21231191682,,instructions,1607190896,100.00,3.52,insn per cycle
6.528998274,6026190336,,cycles,1606996366,100.00,,
6.629434268,4578949,,rD044,1606829966,100.00,,
6.629434268,136644381,,rFF44,1607124882,100.00,,
6.629434268,21231901768,,instructions,1607258026,100.00,3.52,insn per cycle
6.629434268,6027590373,,cycles,1607380486,100.00,,
6.729908923,4005610,,rD044,1608024226,100.00,,
6.729908923,137495741,,rFF44,1607971088,100.00,,
6.729908923,21325850482,,instructions,1608481976,100.00,3.53,insn per cycle
6.729908923,6033100872,,cycles,1608835221,100.00,,
6.830465039,4684756,,rD044,1608326983,100.00,,
6.830465039,138541841,,rFF44,1607999139,100.00,,
6.830465039,21455931902,,instructions,1607383726,100.00,3.56,insn per cycle
6.830465039,6026445190,,cycles,1607060851,100.00,,
6.930902763,4624828,,rD044,1607341157,100.00,,
6.930902763,137412692,,rFF44,1607344396,100.00,,
6.930902763,21332550123,,instructions,1607238576,100.00,3.54,insn per cycle
6.930902763,6026201226,,cycles,1606994586,100.00,,
7.031345788,4617865,,rD044,1606639478,100.00,,
7.031345788,137640841,,rFF44,1606459700,100.00,,
7.031345788,21368108027,,instructions,1606413546,100.00,3.55,insn per cycle
7.031345788,6023782704,,cycles,1606349756,100.00,,
7.131728431,4393581,,rD044,1606838226,100.00,,
7.131728431,137019859,,rFF44,1607411398,100.00,,
7.131728431,21277733642,,instructions,1607607366,100.00,3.53,insn per cycle
7.131728431,6029616601,,cycles,1607902116,100.00,,
7.232231056,4288301,,rD044,1607390606,100.00,,
7.232231056,137938205,,rFF44,1606889886,100.00,,
7.232231056,21403171993,,instructions,1606774236,100.00,3.55,insn per cycle
7.232231056,6024420301,,cycles,1606523076,100.00,,
7.332635970,5529409,,rD044,1606886126,100.00,,
7.332635970,137909349,,rFF44,1607314708,100.00,,
7.332635970,21402367072,,instructions,1607490776,100.00,3.55,insn per cycle
7.332635970,6028024022,,cycles,1607480756,100.00,,
7.433103345,4426582,,rD044,1607500296,100.00,,
7.433103345,138880100,,rFF44,1607545429,100.00,,
7.433103345,21516566821,,instructions,1607674716,100.00,3.57,insn per cycle
7.433103345,6029257079,,cycles,1607809276,100.00,,
7.533616910,5160887,,rD044,1607981406,100.00,,
7.533616910,137669303,,rFF44,1607587721,100.00,,
7.533616910,21360779311,,instructions,1607245986,100.00,3.54,insn per cycle
7.533616910,6026534175,,cycles,1607084416,100.00,,
7.634032004,4691615,,rD044,1606794286,100.00,,
7.634032004,137329695,,rFF44,1607679377,100.00,,
7.634032004,21321316225,,instructions,1608267146,100.00,3.53,insn per cycle
7.634032004,6032338720,,cycles,1608638016,100.00,,
7.734578890,4528385,,rD044,1608554343,100.00,,
7.734578890,138517253,,rFF44,1607822349,100.00,,
7.734578890,21460415110,,instructions,1607307606,100.00,3.56,insn per cycle
7.734578890,6026927561,,cycles,1607187816,100.00,,
7.835035364,4550187,,rD044,1607384556,100.00,,
7.835035364,138535644,,rFF44,1607699026,100.00,,
7.835035364,21483358130,,instructions,1608046226,100.00,3.56,insn per cycle
7.835035364,6030000877,,cycles,1608008685,100.00,,
7.935531629,4787920,,rD044,1607572070,100.00,,
7.935531629,137839557,,rFF44,1607137806,100.00,,
7.935531629,21390005797,,instructions,1606738226,100.00,3.55,insn per cycle
7.935531629,6024305752,,cycles,1606501487,100.00,,
8.035945353,4460759,,rD044,1607069553,100.00,,
8.035945353,136763817,,rFF44,1607091506,100.00,,
8.035945353,21238819867,,instructions,1607067076,100.00,3.52,insn per cycle
8.035945353,6027135706,,cycles,1607243756,100.00,,
8.136393227,4666247,,rD044,1606953540,100.00,,
8.136393227,136395695,,rFF44,1607040706,100.00,,
8.136393227,21206450060,,instructions,1607165496,100.00,3.52,insn per cycle
8.136393227,6026426500,,cycles,1607054936,100.00,,
8.236833632,4268846,,rD044,1606828774,100.00,,
8.236833632,135943236,,rFF44,1606642728,100.00,,
8.236833632,21151228286,,instructions,1606506016,100.00,3.51,insn per cycle
8.236833632,6024186578,,cycles,1606457536,100.00,,
8.337233426,4328477,,rD044,1606494056,100.00,,
8.337233426,136706633,,rFF44,1607041893,100.00,,
8.337233426,21254716780,,instructions,1607863456,100.00,3.52,insn per cycle
8.337233426,6033169028,,cycles,1608872901,100.00,,
8.437818822,4752389,,rD044,1609209267,100.00,,
8.437818822,137535020,,rFF44,1609095557,100.00,,
8.437818822,21352469609,,instructions,1608527516,100.00,3.54,insn per cycle
8.437818822,6028347009,,cycles,1607618368,100.00,,
8.538256046,5258918,,rD044,1606884431,100.00,,
8.538256046,138790877,,rFF44,1606638476,100.00,,
8.538256046,21498403576,,instructions,1606737676,100.00,3.57,insn per cycle
8.538256046,6025922543,,cycles,1606949349,100.00,,
8.638715660,4924084,,rD044,1607331266,100.00,,
8.638715660,138656160,,rFF44,1607445365,100.00,,
8.638715660,21489955955,,instructions,1607270575,100.00,3.57,insn per cycle
8.638715660,6026269208,,cycles,1607058645,100.00,,
8.739166395,4842427,,rD044,1607326826,100.00,,
8.739166395,137131516,,rFF44,1607177246,100.00,,
8.739166395,21290742669,,instructions,1607045476,100.00,3.53,insn per cycle
8.739166395,6026149296,,cycles,1606984666,100.00,,
8.839601659,4550551,,rD044,1606933514,100.00,,
8.839601659,138357229,,rFF44,1607600606,100.00,,
8.839601659,21450812617,,instructions,1607704366,100.00,3.56,insn per cycle
8.839601659,6030174958,,cycles,1608053502,100.00,,
8.940120424,4994014,,rD044,1608530235,100.00,,
8.940120424,137409542,,rFF44,1607952386,100.00,,
8.940120424,21324992776,,instructions,1607810866,100.00,3.54,insn per cycle
8.940120424,6028734310,,cycles,1607670563,100.00,,
9.040579929,5201898,,rD044,1606925243,100.00,,
9.040579929,138566089,,rFF44,1606922256,100.00,,
9.040579929,21476197098,,instructions,1607048486,100.00,3.56,insn per cycle
9.040579929,6027437301,,cycles,1607322215,100.00,,
9.141046314,4992763,,rD044,1607860560,100.00,,
9.141046314,136691487,,rFF44,1607956246,100.00,,
9.141046314,21239143859,,instructions,1607963806,100.00,3.52,insn per cycle
9.141046314,6028093995,,cycles,1607502680,100.00,,
9.241513088,5461590,,rD044,1607128366,100.00,,
9.241513088,137903162,,rFF44,1606972426,100.00,,
9.241513088,21396652692,,instructions,1606966876,100.00,3.55,insn per cycle
9.241513088,6029020459,,cycles,1607742586,100.00,,
9.342047274,5163218,,rD044,1609568894,100.00,,
9.342047274,137518818,,rFF44,1610137822,100.00,,
9.342047274,21343656395,,instructions,1610347692,100.00,3.54,insn per cycle
9.342047274,6036125735,,cycles,1609644879,100.00,,
9.442634190,5099035,,rD044,1608423474,100.00,,
9.442634190,138760553,,rFF44,1607831386,100.00,,
9.442634190,21495211133,,instructions,1607756386,100.00,3.56,insn per cycle
9.442634190,6030042345,,cycles,1608018448,100.00,,
9.543101064,4740911,,rD044,1607752237,100.00,,
9.543101064,136798823,,rFF44,1607931046,100.00,,
9.543101064,21257863518,,instructions,1607961465,100.00,3.53,insn per cycle
9.543101064,6028563670,,cycles,1607626247,100.00,,
9.643575859,4850477,,rD044,1607255816,100.00,,
9.643575859,137650269,,rFF44,1607257646,100.00,,
9.643575859,21353083923,,instructions,1607105692,100.00,3.54,insn per cycle
9.643575859,6027453508,,cycles,1607332856,100.00,,
9.744054344,4529593,,rD044,1607572186,100.00,,
9.744054344,136412642,,rFF44,1607650406,100.00,,
9.744054344,21205738508,,instructions,1607781225,100.00,3.52,insn per cycle
9.744054344,6028369128,,cycles,1607574286,100.00,,
9.844515448,4658442,,rD044,1607523276,100.00,,
9.844515448,138860818,,rFF44,1607666418,100.00,,
9.844515448,21513886527,,instructions,1607905988,100.00,3.57,insn per cycle
9.844515448,6031145152,,cycles,1608311916,100.00,,
9.945037704,4787990,,rD044,1608463669,100.00,,
9.945037704,135813717,,rFF44,1608764550,100.00,,
9.945037704,21112973809,,instructions,1608652456,100.00,3.50,insn per cycle
9.945037704,6032828831,,cycles,1608761324,100.00,,
10.045604159,4835986,,rD044,1608601879,100.00,,
10.045604159,138323628,,rFF44,1607787936,100.00,,
10.045604159,21445184386,,instructions,1607389266,100.00,3.56,insn per cycle
10.045604159,6025736877,,cycles,1606873318,100.00,,
10.146004643,4797735,,rD044,1606930630,100.00,,
10.146004643,137990719,,rFF44,1607195976,100.00,,
10.146004643,21414785842,,instructions,1607507286,100.00,3.55,insn per cycle
10.146004643,6028348751,,cycles,1607567221,100.00,,
10.246480058,4967098,,rD044,1607181523,100.00,,
10.246480058,138503978,,rFF44,1607384836,100.00,,
10.246480058,21475492284,,instructions,1607793239,100.00,3.56,insn per cycle
10.246480058,6031838942,,cycles,1608496027,100.00,,
10.347036933,4795733,,rD044,1608689515,100.00,,
10.347036933,138651128,,rFF44,1608065056,100.00,,
10.347036933,21470575852,,instructions,1607340403,100.00,3.56,insn per cycle
10.347036933,6024948579,,cycles,1606663586,100.00,,
10.447426767,4579045,,rD044,1606226452,100.00,,
10.447426767,139198924,,rFF44,1606266566,100.00,,
10.447426767,21539359767,,instructions,1606262596,100.00,3.58,insn per cycle
10.447426767,6022859426,,cycles,1606103690,100.00,,
10.547811631,4901614,,rD044,1606532184,100.00,,
10.547811631,137570126,,rFF44,1606945756,100.00,,
10.547811631,21345480969,,instructions,1607524916,100.00,3.54,insn per cycle
10.547811631,6030377236,,cycles,1608105504,100.00,,
10.648342686,4693901,,rD044,1608315388,100.00,,
10.648342686,138419328,,rFF44,1608303116,100.00,,
10.648342686,21454228558,,instructions,1607835116,100.00,3.56,insn per cycle
10.648342686,6027601411,,cycles,1607381256,100.00,,
10.748787331,4387466,,rD044,1607367374,100.00,,
10.748787331,137787853,,rFF44,1607774486,100.00,,
10.748787331,21383942354,,instructions,1607926320,100.00,3.55,insn per cycle
10.748787331,6029740625,,cycles,1607945604,100.00,,
10.849285556,4828112,,rD044,1607690042,100.00,,
10.849285556,136361656,,rFF44,1607278186,100.00,,
10.849285556,21202120675,,instructions,1607422638,100.00,3.52,insn per cycle
10.849285556,6027906745,,cycles,1607448526,100.00,,
10.949750770,5047820,,rD044,1607953016,100.00,,
10.949750770,138412561,,rFF44,1608326200,100.00,,
10.949750770,21452631597,,instructions,1608401886,100.00,3.56,insn per cycle
10.949750770,6033682444,,cycles,1608987906,100.00,,
11.050349176,4637758,,rD044,1609131274,100.00,,
11.050349176,135785473,,rFF44,1608624788,100.00,,
11.050349176,21135532118,,instructions,1608175816,100.00,3.51,insn per cycle
11.050349176,6028682323,,cycles,1607657436,100.00,,
11.150788121,4629080,,rD044,1607062672,100.00,,
11.150788121,135955163,,rFF44,1607059866,100.00,,
11.150788121,21143839217,,instructions,1607447146,100.00,3.51,insn per cycle
11.150788121,6027864695,,cycles,1607439486,100.00,,
11.251277996,4802381,,rD044,1607507268,100.00,,
11.251277996,138767584,,rFF44,1607344856,100.00,,
11.251277996,21498354233,,instructions,1607081536,100.00,3.57,insn per cycle
11.251277996,6026567873,,cycles,1607092946,100.00,,
11.351706960,4797207,,rD044,1607050834,100.00,,
11.351706960,138228050,,rFF44,1607591806,100.00,,
11.351706960,21428421106,,instructions,1607774146,100.00,3.55,insn per cycle
11.351706960,6028313297,,cycles,1607558856,100.00,,
11.452172074,4718578,,rD044,1607628258,100.00,,
11.452172074,135298838,,rFF44,1607547456,100.00,,
11.452172074,21050928609,,instructions,1607301976,100.00,3.49,insn per cycle
11.452172074,6027407952,,cycles,1607316396,100.00,,
11.552632299,4477838,,rD044,1607353928,100.00,,
11.552632299,136732539,,rFF44,1607102166,100.00,,
11.552632299,21244297616,,instructions,1607173346,100.00,3.52,insn per cycle
11.552632299,6027055933,,cycles,1607222356,100.00,,
11.653085903,4571723,,rD044,1607088253,100.00,,
11.653085903,137641244,,rFF44,1607277076,100.00,,
11.653085903,21367236976,,instructions,1607266046,100.00,3.55,insn per cycle
11.653085903,6027368624,,cycles,1607311756,100.00,,
11.753544498,5083596,,rD044,1607657038,100.00,,
11.753544498,137860063,,rFF44,1607839316,100.00,,
11.753544498,21397507018,,instructions,1607849866,100.00,3.55,insn per cycle
11.753544498,6029372041,,cycles,1607840551,100.00,,
11.854033443,4646410,,rD044,1607606607,100.00,,
11.854033443,138945007,,rFF44,1607646316,100.00,,
11.854033443,21511677469,,instructions,1608018351,100.00,3.57,insn per cycle
11.854033443,6030773665,,cycles,1608219417,100.00,,
11.954548958,4522368,,rD044,1608154154,100.00,,
11.954548958,136964364,,rFF44,1607681376,100.00,,
11.954548958,21278167854,,instructions,1607411145,100.00,3.53,insn per cycle
11.954548958,6028001976,,cycles,1607473296,100.00,,
12.055019343,4785451,,rD044,1607630556,100.00,,
12.055019343,135881069,,rFF44,1607581446,100.00,,
12.055019343,21135908743,,instructions,1607653273,100.00,3.51,insn per cycle
12.055019343,6028027775,,cycles,1607482646,100.00,,
12.155485477,4451845,,rD044,1607452116,100.00,,
12.155485477,137951285,,rFF44,1607473546,100.00,,
12.155485477,21394546776,,instructions,1607170463,100.00,3.55,insn per cycle
12.155485477,6026311583,,cycles,1607025166,100.00,,
12.255924442,5017063,,rD044,1607796056,100.00,,
12.255924442,137505323,,rFF44,1608233067,100.00,,
12.255924442,21336795090,,instructions,1608377024,100.00,3.54,insn per cycle
12.255924442,6031834836,,cycles,1608496846,100.00,,
12.356451247,4927484,,rD044,1607279246,100.00,,
12.356451247,138561223,,rFF44,1606881509,100.00,,
12.356451247,21476014257,,instructions,1606975136,100.00,3.56,insn per cycle
12.356451247,6026114895,,cycles,1606971796,100.00,,
12.456894861,5214004,,rD044,1607059696,100.00,,
12.456894861,138546066,,rFF44,1607035972,100.00,,
12.456894861,21453028391,,instructions,1606774483,100.00,3.56,insn per cycle
12.456894861,6024732288,,cycles,1606646306,100.00,,
12.557310665,5770246,,rD044,1606516076,100.00,,
12.557310665,139123981,,rFF44,1606495376,100.00,,
12.557310665,21548539729,,instructions,1606808036,100.00,3.58,insn per cycle
12.557310665,6025935794,,cycles,1606929656,100.00,,
12.657751000,4663330,,rD044,1607214276,100.00,,
12.657751000,138451254,,rFF44,1607305056,100.00,,
12.657751000,21462302409,,instructions,1607229825,100.00,3.56,insn per cycle
12.657751000,6027070414,,cycles,1607264946,100.00,,
12.758210074,4415573,,rD044,1607176756,100.00,,
12.758210074,138381280,,rFF44,1607524236,100.00,,
12.758210074,21439130306,,instructions,1607766523,100.00,3.56,insn per cycle
12.758210074,6030368763,,cycles,1608106636,100.00,,
12.858738050,4756531,,rD044,1608652076,100.00,,
12.858738050,135880840,,rFF44,1608323283,100.00,,
12.858738050,21137970093,,instructions,1607904703,100.00,3.51,insn per cycle
12.858738050,6027959849,,cycles,1607463866,100.00,,
12.959196074,5611491,,rD044,1606981256,100.00,,
12.959196074,136900174,,rFF44,1606676329,100.00,,
12.959196074,21275558644,,instructions,1606694549,100.00,3.53,insn per cycle
12.959196074,6025258887,,cycles,1606743976,100.00,,
13.059644429,5204176,,rD044,1607251096,100.00,,
13.059644429,137589201,,rFF44,1607709191,100.00,,
13.059644429,21364562539,,instructions,1608184303,100.00,3.54,insn per cycle
13.059644429,6031167469,,cycles,1608327116,100.00,,
13.160160124,5051705,,rD044,1608453691,100.00,,
13.160160124,136224249,,rFF44,1608611357,100.00,,
13.160160124,21191450775,,instructions,1608304046,100.00,3.51,insn per cycle
13.160160124,6030493298,,cycles,1608138106,100.00,,
13.260640288,5048435,,rD044,1607390473,100.00,,
13.260640288,138971643,,rFF44,1607017136,100.00,,
13.260640288,21531513170,,instructions,1606846686,100.00,3.57,insn per cycle
13.260640288,6025522720,,cycles,1606814126,100.00,,
13.361067583,5595715,,rD044,1607641021,100.00,,
13.361067583,137674757,,rFF44,1607908506,100.00,,
13.361067583,21382769743,,instructions,1608003456,100.00,3.55,insn per cycle
13.361067583,6031001821,,cycles,1608274142,100.00,,
13.461589558,4712335,,rD044,1607532667,100.00,,
13.461589558,137042987,,rFF44,1607166126,100.00,,
13.461589558,21299446060,,instructions,1607118616,100.00,3.53,insn per cycle
13.461589558,6025434116,,cycles,1606791170,100.00,,
13.562008182,4620005,,rD044,1606860753,100.00,,
13.562008182,136560326,,rFF44,1607560126,100.00,,
13.562008182,21244656644,,instructions,1608241589,100.00,3.52,insn per cycle
13.562008182,6033960458,,cycles,1609063042,100.00,,
13.662593868,5186436,,rD044,1609812397,100.00,,
13.662593868,136452774,,rFF44,1609422916,100.00,,
13.662593868,21232110622,,instructions,1608793729,100.00,3.52,insn per cycle
13.662593868,6032260347,,cycles,1608615956,100.00,,
13.763137223,5269429,,rD044,1608406663,100.00,,
13.763137223,138622916,,rFF44,1608310832,100.00,,
13.763137223,21483221499,,instructions,1608458696,100.00,3.56,insn per cycle
13.763137223,6029739840,,cycles,1607940797,100.00,,
13.863618438,4887347,,rD044,1607438666,100.00,,
13.863618438,138698831,,rFF44,1607322296,100.00,,
13.863618438,21480467810,,instructions,1607281726,100.00,3.56,insn per cycle
13.863618438,6027058604,,cycles,1607224275,100.00,,
13.964069293,4211641,,rD044,1607187754,100.00,,
13.964069293,137060378,,rFF44,1607278306,100.00,,
13.964069293,21271666340,,instructions,1607101816,100.00,3.53,insn per cycle
13.964069293,6026363599,,cycles,1607057306,100.00,,
14.064508417,4762894,,rD044,1607196687,100.00,,
14.064508417,136478495,,rFF44,1607341246,100.00,,
14.064508417,21234862398,,instructions,1607422466,100.00,3.52,insn per cycle
14.064508417,6028015631,,cycles,1607495486,100.00,,
14.164977452,4564799,,rD044,1607537597,100.00,,
14.164977452,136201931,,rFF44,1607282646,100.00,,
14.164977452,21196034207,,instructions,1607344056,100.00,3.52,insn per cycle
14.164977452,6027882578,,cycles,1607443366,100.00,,
14.265441006,4605830,,rD044,1607743347,100.00,,
14.265441006,138388730,,rFF44,1608670436,100.00,,
14.265441006,21463973091,,instructions,1609020779,100.00,3.56,insn per cycle
14.265441006,6034318230,,cycles,1609158852,100.00,,
14.366026752,4567089,,rD044,1608813064,100.00,,
14.366026752,136590694,,rFF44,1607766096,100.00,,
14.366026752,21233497014,,instructions,1607491205,100.00,3.52,insn per cycle
14.366026752,6027935434,,cycles,1607457386,100.00,,
14.466482507,4771304,,rD044,1607128736,100.00,,
14.466482507,137444989,,rFF44,1607378889,100.00,,
14.466482507,21335240427,,instructions,1607523340,100.00,3.54,insn per cycle
14.466482507,6027898129,,cycles,1607447416,100.00,,
14.566961091,5121708,,rD044,1607861556,100.00,,
14.566961091,136499856,,rFF44,1607941571,100.00,,
14.566961091,21223592973,,instructions,1608020296,100.00,3.52,insn per cycle
14.566961091,6031390939,,cycles,1608392267,100.00,,
14.667495527,4951236,,rD044,1608513003,100.00,,
14.667495527,136481421,,rFF44,1608381004,100.00,,
14.667495527,21216302830,,instructions,1607821136,100.00,3.52,insn per cycle
14.667495527,6027046707,,cycles,1607230235,100.00,,
14.767928441,4820119,,rD044,1606768650,100.00,,
14.767928441,137895522,,rFF44,1606745906,100.00,,
14.767928441,21400882249,,instructions,1606937976,100.00,3.55,insn per cycle
14.767928441,6026641514,,cycles,1607122886,100.00,,
14.868417866,5623133,,rD044,1608152793,100.00,,
14.868417866,136924728,,rFF44,1608558076,100.00,,
14.868417866,21284560600,,instructions,1608426636,100.00,3.53,insn per cycle
14.868417866,6030885311,,cycles,1608256954,100.00,,
14.968890251,4706932,,rD044,1607538500,100.00,,
14.968890251,136344168,,rFF44,1607272496,100.00,,
14.968890251,21215015487,,instructions,1607591446,100.00,3.52,insn per cycle
14.968890251,6029483404,,cycles,1607868614,100.00,,
15.069392656,4536835,,rD044,1607733040,100.00,,
15.069392656,136078886,,rFF44,1607347676,100.00,,
15.069392656,21166743397,,instructions,1607050696,100.00,3.51,insn per cycle
15.069392656,6026100869,,cycles,1606967381,100.00,,
15.169821330,4968343,,rD044,1606735361,100.00,,
15.169821330,136288815,,rFF44,1606796536,100.00,,
15.169821330,21196159919,,instructions,1606773196,100.00,3.52,insn per cycle
15.169821330,6024774317,,cycles,1606614915,100.00,,
15.270236484,5645947,,rD044,1606719159,100.00,,
15.270236484,137823904,,rFF44,1607013736,100.00,,
15.270236484,21391023138,,instructions,1607128686,100.00,3.55,insn per cycle
15.270236484,6026590123,,cycles,1607099686,100.00,,
15.370676428,4992743,,rD044,1607332797,100.00,,
15.370676428,136610461,,rFF44,1607376486,100.00,,
15.370676428,21211242076,,instructions,1607435846,100.00,3.52,insn per cycle
15.370676428,6027885899,,cycles,1607443756,100.00,,
15.471143633,4603397,,rD044,1607282234,100.00,,
15.471143633,136778339,,rFF44,1607048156,100.00,,
15.471143633,21246442257,,instructions,1606928536,100.00,3.53,insn per cycle
15.471143633,6025682368,,cycles,1606856596,100.00,,
15.571573477,4769781,,rD044,1607174395,100.00,,
15.571573477,137203285,,rFF44,1607537216,100.00,,
15.571573477,21304243695,,instructions,1608023836,100.00,3.53,insn per cycle
15.571573477,6033728789,,cycles,1609000021,100.00,,
15.672141953,4891649,,rD044,1609003490,100.00,,
15.672141953,136133099,,rFF44,1608574226,100.00,,
15.672141953,21163842086,,instructions,1608226360,100.00,3.51,insn per cycle
15.672141953,6027722842,,cycles,1607407237,100.00,,
15.772598837,5090587,,rD044,1607277836,100.00,,
15.772598837,135930087,,rFF44,1607563696,100.00,,
15.772598837,21149291501,,instructions,1607492408,100.00,3.51,insn per cycle
15.772598837,6027497487,,cycles,1607341356,100.00,,
15.873059612,4802131,,rD044,1607149826,100.00,,
15.873059612,136867263,,rFF44,1606985576,100.00,,
15.873059612,21260091441,,instructions,1606991870,100.00,3.53,insn per cycle
15.873059612,6026138942,,cycles,1606978484,100.00,,
15.973495556,5007514,,rD044,1607006801,100.00,,
15.973495556,136869030,,rFF44,1607833656,100.00,,
15.973495556,21268558434,,instructions,1608337602,100.00,3.52,insn per cycle
15.973495556,6034513058,,cycles,1609216568,100.00,,
16.074107492,4764919,,rD044,1609400751,100.00,,
16.074107492,138983374,,rFF44,1608392778,100.00,,
16.074107492,21508618884,,instructions,1607756766,100.00,3.57,insn per cycle
16.074107492,6025871273,,cycles,1606911676,100.00,,
16.092103332,180072,,rD044,234504645,100.00,,
16.092103332,1566104,,rFF44,233561613,100.00,,
16.092103332,728029435,,instructions,232796219,100.00,0.84,insn per cycle
16.092103332,870182294,,cycles,232070309,100.00,,
