0.100126414,3677570,,rD044,92197837,100.00,,
0.100126414,17097074,,rFF44,92203337,100.00,,
0.100126414,373341389,,instructions,92208367,100.00,1.09,insn per cycle
0.100126414,341903887,,cycles,92212777,100.00,,
0.200427890,5499776,,rD044,100297955,100.00,,
0.200427890,23987706,,rFF44,100299575,100.00,,
0.200427890,505165641,,instructions,100298695,100.00,1.34,insn per cycle
0.200427890,376120829,,cycles,100299285,100.00,,
0.300641365,5480003,,rD044,100212235,100.00,,
0.300641365,23965242,,rFF44,100211395,100.00,,
0.300641365,505178604,,instructions,100211285,100.00,1.34,insn per cycle
0.300641365,375786288,,cycles,100211075,100.00,,
0.400881321,6593723,,rD044,100240125,100.00,,
0.400881321,28238284,,rFF44,100239705,100.00,,
0.400881321,143439609,,instructions,100239965,100.00,0.38,insn per cycle
0.400881321,375896179,,cycles,100240305,100.00,,
0.501094936,6929091,,rD044,100212625,100.00,,
0.501094936,30201621,,rFF44,100212235,100.00,,
0.501094936,37634438,,instructions,100212495,100.00,0.10,insn per cycle
0.501094936,375794460,,cycles,100212335,100.00,,
0.601313492,11966238,,rD044,2563092902,100.00,,
0.601313492,206656073,,rFF44,2585494914,100.00,,
0.601313492,29684970056,,instructions,2605050582,100.00,3.02,insn per cycle
0.601313492,9838801858,,cycles,2624882405,100.00,,
0.702849031,20412328,,rD044,6496076156,100.00,,
0.702849031,496335599,,rFF44,6494446288,100.00,,
0.702849031,76893706517,,instructions,6494781241,100.00,3.16,insn per cycle
0.702849031,24350411097,,cycles,6493537812,100.00,,
0.804296920,20527844,,rD044,6491634139,100.00,,
0.804296920,493676921,,rFF44,6491147957,100.00,,
0.804296920,76607348345,,instructions,6489072671,100.00,3.15,insn per cycle
0.804296920,24330958556,,cycles,6488582500,100.00,,
0.905677758,19651969,,rD044,6484717091,100.00,,
0.905677758,495322747,,rFF44,6478227105,100.00,,
0.905677758,76773392569,,instructions,6476219003,100.00,3.16,insn per cycle
0.905677758,24287398595,,cycles,6476674535,100.00,,
1.006879494,20645628,,rD044,6479426230,100.00,,
1.006879494,499059509,,rFF44,6486291197,100.00,,
1.006879494,77459846081,,instructions,6490179304,100.00,3.18,insn per cycle
1.006879494,24332645781,,cycles,6488786559,100.00,,
1.108263503,20742230,,rD044,6489363309,100.00,,
1.108263503,501339439,,rFF44,6489235028,100.00,,
1.108263503,77613067903,,instructions,6486836617,100.00,3.19,insn per cycle
1.108263503,24324597477,,cycles,6486598960,100.00,,
1.209612530,19996710,,rD044,6485365488,100.00,,
1.209612530,502943909,,rFF44,6483793646,100.00,,
1.209612530,77816274584,,instructions,6483966976,100.00,3.20,insn per cycle
1.209612530,24317552401,,cycles,6484715998,100.00,,
1.310938628,21099594,,rD044,6485057156,100.00,,
1.310938628,502115603,,rFF44,6485143810,100.00,,
1.310938628,77723854161,,instructions,6485133021,100.00,3.20,insn per cycle
1.310938628,24313961764,,cycles,6483756046,100.00,,
1.412243035,19718392,,rD044,6483229673,100.00,,
1.412243035,503015794,,rFF44,6484066239,100.00,,
1.412243035,77836147561,,instructions,6484565352,100.00,3.20,insn per cycle
1.412243035,24308403240,,cycles,6482279246,100.00,,
1.513488502,20646800,,rD044,6480157455,100.00,,
1.513488502,501704647,,rFF44,6479398353,100.00,,
1.513488502,77657206227,,instructions,6478739423,100.00,3.19,insn per cycle
1.513488502,24306179987,,cycles,6481701069,100.00,,
1.614807509,20861585,,rD044,6484855234,100.00,,
1.614807509,502228204,,rFF44,6486568943,100.00,,
1.614807509,77759716002,,instructions,6488439436,100.00,3.20,insn per cycle
1.614807509,24336663287,,cycles,6489864797,100.00,,
1.716230878,20588776,,rD044,6489850275,100.00,,
1.716230878,501532947,,rFF44,6489601546,100.00,,
1.716230878,77677408929,,instructions,6489684147,100.00,3.19,insn per cycle
1.716230878,24332662004,,cycles,6488831712,100.00,,
1.817616956,20608884,,rD044,6489209713,100.00,,
1.817616956,502275801,,rFF44,6488320342,100.00,,
1.817616956,77736571523,,instructions,6486349350,100.00,3.20,insn per cycle
1.817616956,24330259827,,cycles,6488113410,100.00,,
1.919019674,20761617,,rD044,6488838032,100.00,,
1.919019674,502792871,,rFF44,6488775399,100.00,,
1.919019674,77813028343,,instructions,6489134887,100.00,3.20,insn per cycle
1.919019674,24321342387,,cycles,6485737639,100.00,,
2.020313581,20716692,,rD044,6483914491,100.00,,
2.020313581,502217734,,rFF44,6484227478,100.00,,
2.020313581,77740336956,,instructions,6484208654,100.00,3.20,insn per cycle
2.020313581,24322434813,,cycles,6486076623,100.00,,
2.121698420,21220567,,rD044,6488050753,100.00,,
2.121698420,502016347,,rFF44,6488053684,100.00,,
2.121698420,77728767102,,instructions,6488654469,100.00,3.19,insn per cycle
2.121698420,24333472409,,cycles,6488976967,100.00,,
2.223077078,20756650,,rD044,6487593809,100.00,,
2.223077078,503096866,,rFF44,6487509993,100.00,,
2.223077078,77842154818,,instructions,6486745579,100.00,3.20,insn per cycle
2.223077078,24322511593,,cycles,6486036027,100.00,,
2.324423015,21135644,,rD044,6486544814,100.00,,
2.324423015,502431278,,rFF44,6486447784,100.00,,
2.324423015,77778135790,,instructions,6486926531,100.00,3.20,insn per cycle
2.324423015,24326492233,,cycles,6487103948,100.00,,
2.425776233,20210775,,rD044,6485825841,100.00,,
2.425776233,502970670,,rFF44,6485042471,100.00,,
2.425776233,77771093213,,instructions,6481946462,100.00,3.20,insn per cycle
2.425776233,24290506541,,cycles,6477503178,100.00,,
2.526991098,21149567,,rD044,6478584698,100.00,,
2.526991098,502065539,,rFF44,6480856920,100.00,,
2.526991098,77756148620,,instructions,6484190105,100.00,3.20,insn per cycle
2.526991098,24334844615,,cycles,6489365390,100.00,,
2.628405246,20324760,,rD044,6490630086,100.00,,
2.628405246,501659463,,rFF44,6489521757,100.00,,
2.628405246,77687465572,,instructions,6490007231,100.00,3.19,insn per cycle
2.628405246,24333504004,,cycles,6489014150,100.00,,
2.729785622,20585344,,rD044,6487158478,100.00,,
2.729785622,503050178,,rFF44,6486584546,100.00,,
2.729785622,77838500125,,instructions,6486900431,100.00,3.20,insn per cycle
2.729785622,24337355314,,cycles,6490017549,100.00,,
2.831198680,20663465,,rD044,6490366336,100.00,,
2.831198680,502283935,,rFF44,6490936117,100.00,,
2.831198680,77745336598,,instructions,6489163783,100.00,3.20,insn per cycle
2.831198680,24320558515,,cycles,6485537724,100.00,,
2.932528676,21550576,,rD044,6485454920,100.00,,
2.932528676,502869027,,rFF44,6483203836,100.00,,
2.932528676,77727916219,,instructions,6481855410,100.00,3.20,insn per cycle
2.932528676,24322415295,,cycles,6486015048,100.00,,
3.033875092,20665283,,rD044,6486541255,100.00,,
3.033875092,502457735,,rFF44,6488383060,100.00,,
3.033875092,77854213929,,instructions,6490408365,100.00,3.20,insn per cycle
3.033875092,24321675276,,cycles,6485857514,100.00,,
3.135217529,20980590,,rD044,6485941367,100.00,,
3.135217529,502158809,,rFF44,6487203454,100.00,,
3.135217529,77744754555,,instructions,6487638040,100.00,3.20,insn per cycle
3.135217529,24333195060,,cycles,6488892297,100.00,,
3.236621276,20418746,,rD044,6488660378,100.00,,
3.236621276,503080237,,rFF44,6486385925,100.00,,
3.236621276,77828738650,,instructions,6485430271,100.00,3.20,insn per cycle
3.236621276,24321723913,,cycles,6485833356,100.00,,
3.337943572,21086277,,rD044,6484376286,100.00,,
3.337943572,502171245,,rFF44,6484810252,100.00,,
3.337943572,77754389670,,instructions,6486572162,100.00,3.20,insn per cycle
3.337943572,24324632230,,cycles,6486596026,100.00,,
3.439303169,20546949,,rD044,6485430285,100.00,,
3.439303169,501836635,,rFF44,6481386267,100.00,,
3.439303169,77651940955,,instructions,6479806448,100.00,3.20,insn per cycle
3.439303169,24299278285,,cycles,6479855292,100.00,,
3.540560634,20945140,,rD044,6481804145,100.00,,
3.540560634,503132526,,rFF44,6486877438,100.00,,
3.540560634,77878030306,,instructions,6488294255,100.00,3.20,insn per cycle
3.540560634,24329611943,,cycles,6487948075,100.00,,
3.641926431,20741314,,rD044,6488101064,100.00,,
3.641926431,502196190,,rFF44,6487893931,100.00,,
3.641926431,77727074492,,instructions,6486983995,100.00,3.20,insn per cycle
3.641926431,24321610886,,cycles,6485819893,100.00,,
3.743267227,20976390,,rD044,6486222988,100.00,,
3.743267227,502942036,,rFF44,6487389450,100.00,,
3.743267227,77820991367,,instructions,6486727054,100.00,3.20,insn per cycle
3.743267227,24329259621,,cycles,6487843731,100.00,,
3.844709755,21287023,,rD044,6491358896,100.00,,
3.844709755,502405087,,rFF44,6489420072,100.00,,
3.844709755,77791185324,,instructions,6490363446,100.00,3.20,insn per cycle
3.844709755,24339936764,,cycles,6490683217,100.00,,
3.946068362,20559457,,rD044,6487551631,100.00,,
3.946068362,502442803,,rFF44,6491172461,100.00,,
3.946068362,77799834848,,instructions,6492390907,100.00,3.20,insn per cycle
3.946068362,24345023939,,cycles,6492060706,100.00,,
4.047497599,20707632,,rD044,6491713031,100.00,,
4.047497599,503615672,,rFF44,6488568850,100.00,,
4.047497599,77897079483,,instructions,6487437362,100.00,3.20,insn per cycle
4.047497599,24328828248,,cycles,6487730697,100.00,,
4.148871166,20510066,,rD044,6487600920,100.00,,
4.148871166,502519542,,rFF44,6487839485,100.00,,
4.148871166,77771276775,,instructions,6487271880,100.00,3.20,insn per cycle
4.148871166,24324178768,,cycles,6486491154,100.00,,
4.250224102,20198941,,rD044,6486006009,100.00,,
4.250224102,502964342,,rFF44,6485461273,100.00,,
4.250224102,77827342852,,instructions,6485529932,100.00,3.20,insn per cycle
4.250224102,24323256410,,cycles,6486238937,100.00,,
4.351570339,20783811,,rD044,6485811723,100.00,,
4.351570339,502338833,,rFF44,6485569624,100.00,,
4.351570339,77752813481,,instructions,6485093417,100.00,3.20,insn per cycle
4.351570339,24317411230,,cycles,6484677912,100.00,,
4.452892405,21318786,,rD044,6486033186,100.00,,
4.452892405,500424006,,rFF44,6487308845,100.00,,
4.452892405,77529061025,,instructions,6487914911,100.00,3.19,insn per cycle
4.452892405,24327011062,,cycles,6487235058,100.00,,
4.554263842,20925555,,rD044,6486860580,100.00,,
4.554263842,503100830,,rFF44,6486426504,100.00,,
4.554263842,77844744220,,instructions,6486163634,100.00,3.20,insn per cycle
4.554263842,24324712034,,cycles,6486775406,100.00,,
4.655630418,21077486,,rD044,6486585186,100.00,,
4.655630418,501581818,,rFF44,6486045983,100.00,,
4.655630418,77655368029,,instructions,6486155862,100.00,3.19,insn per cycle
4.655630418,24329014937,,cycles,6487839017,100.00,,
4.757005675,20722070,,rD044,6487423137,100.00,,
4.757005675,500581279,,rFF44,6487351320,100.00,,
4.757005675,77534891035,,instructions,6487252863,100.00,3.19,insn per cycle
4.757005675,24320686228,,cycles,6485778139,100.00,,
4.858336501,18344455,,rD044,6476845698,100.00,,
4.858336501,445937906,,rFF44,6469843006,100.00,,
4.858336501,70902310912,,instructions,6463137044,100.00,2.93,insn per cycle
4.858336501,24210116373,,cycles,6456155844,100.00,,
4.867008547,94445,,rD044,277865605,100.00,,
4.867008547,960996,,rFF44,265492426,100.00,,
4.867008547,735111188,,instructions,254397906,100.00,0.80,insn per cycle
4.867008547,913318350,,cycles,243693886,100.00,,
