0.100127923,4336809,,rD044,92720738,100.00,,
0.100127923,19512238,,rFF44,92726858,100.00,,
0.100127923,423987140,,instructions,92731678,100.00,1.23,insn per cycle
0.100127923,343878378,,cycles,92737108,100.00,,
0.200397788,5496978,,rD044,100263525,100.00,,
0.200397788,24016756,,rFF44,100263525,100.00,,
0.200397788,506345639,,instructions,100263615,100.00,1.35,insn per cycle
0.200397788,375985749,,cycles,100263145,100.00,,
0.300610712,5494936,,rD044,100212375,100.00,,
0.300610712,23984162,,rFF44,100212885,100.00,,
0.300610712,505443791,,instructions,100212265,100.00,1.35,insn per cycle
0.300610712,375790374,,cycles,100211255,100.00,,
0.400843796,6752962,,rD044,100232125,100.00,,
0.400843796,28568905,,rFF44,100231815,100.00,,
0.400843796,95063126,,instructions,100232125,100.00,0.25,insn per cycle
0.400843796,375870192,,cycles,100232535,100.00,,
0.501055841,6938778,,rD044,100211594,100.00,,
0.501055841,30029599,,rFF44,100211534,100.00,,
0.501055841,37518765,,instructions,100211654,100.00,0.10,insn per cycle
0.501055841,375791197,,cycles,100212304,100.00,,
0.601281225,6264173,,rD044,1640432158,100.00,,
0.601281225,151413830,,rFF44,1645625153,100.00,,
0.601281225,21186771483,,instructions,1649949440,100.00,3.42,insn per cycle
0.601281225,6203267556,,cycles,1654781180,100.00,,
0.702089785,5713420,,rD044,3227062942,100.00,,
0.702089785,270820436,,rFF44,3228939691,100.00,,
0.702089785,42092673293,,instructions,3230447633,100.00,3.47,insn per cycle
0.702089785,12117010524,,cycles,3231217450,100.00,,
0.803090288,5678049,,rD044,3230460178,100.00,,
0.803090288,270879768,,rFF44,3228133333,100.00,,
0.803090288,42062168786,,instructions,3226682808,100.00,3.48,insn per cycle
0.803090288,12095356264,,cycles,3225460002,100.00,,
0.903876999,5562759,,rD044,3225100373,100.00,,
0.903876999,270278864,,rFF44,3225162523,100.00,,
0.903876999,42000869881,,instructions,3224859525,100.00,3.47,insn per cycle
0.903876999,12092648914,,cycles,3224722260,100.00,,
1.004658029,5510680,,rD044,3224928470,100.00,,
1.004658029,272468130,,rFF44,3225408810,100.00,,
1.004658029,42269975887,,instructions,3225362392,100.00,3.50,insn per cycle
1.004658029,12093752551,,cycles,3225046900,100.00,,
1.105418079,5675942,,rD044,3224980225,100.00,,
1.105418079,271753515,,rFF44,3224249763,100.00,,
1.105418079,42181112673,,instructions,3224341948,100.00,3.49,insn per cycle
1.105418079,12091842603,,cycles,3224507268,100.00,,
1.206181019,5822967,,rD044,3223733102,100.00,,
1.206181019,272830586,,rFF44,3223809196,100.00,,
1.206181019,42305147252,,instructions,3223945985,100.00,3.50,insn per cycle
1.206181019,12090639593,,cycles,3224185432,100.00,,
1.306968320,5558414,,rD044,3225629307,100.00,,
1.306968320,272295045,,rFF44,3226335923,100.00,,
1.306968320,42237479158,,instructions,3226633126,100.00,3.49,insn per cycle
1.306968320,12100636334,,cycles,3226852386,100.00,,
1.407792670,5562094,,rD044,3226382240,100.00,,
1.407792670,271805777,,rFF44,3225864132,100.00,,
1.407792670,42192970214,,instructions,3225823585,100.00,3.49,insn per cycle
1.407792670,12096119010,,cycles,3225654603,100.00,,
1.508578321,5795186,,rD044,3224451409,100.00,,
1.508578321,272395166,,rFF44,3224619288,100.00,,
1.508578321,42255205779,,instructions,3224466837,100.00,3.49,insn per cycle
1.508578321,12091747215,,cycles,3224551597,100.00,,
1.609364141,5433149,,rD044,3225211893,100.00,,
1.609364141,271245989,,rFF44,3225151895,100.00,,
1.609364141,42117488362,,instructions,3224824603,100.00,3.48,insn per cycle
1.609364141,12092644919,,cycles,3224718937,100.00,,
1.710127581,5598320,,rD044,3224383837,100.00,,
1.710127581,272352482,,rFF44,3223764796,100.00,,
1.710127581,42258663856,,instructions,3223968392,100.00,3.50,insn per cycle
1.710127581,12088981590,,cycles,3223743703,100.00,,
1.810885471,5549122,,rD044,3224769704,100.00,,
1.810885471,272627721,,rFF44,3225908939,100.00,,
1.810885471,42298071017,,instructions,3226376878,100.00,3.50,insn per cycle
1.810885471,12098677061,,cycles,3226330914,100.00,,
1.911690562,5512384,,rD044,3225383002,100.00,,
1.911690562,272058331,,rFF44,3224893114,100.00,,
1.911690562,42216589946,,instructions,3224347363,100.00,3.49,insn per cycle
1.911690562,12092534043,,cycles,3224694970,100.00,,
2.012517813,5280743,,rD044,3226143350,100.00,,
2.012517813,271467381,,rFF44,3225934319,100.00,,
2.012517813,42162470305,,instructions,3226244205,100.00,3.49,insn per cycle
2.012517813,12097588349,,cycles,3226065182,100.00,,
2.113284473,5152407,,rD044,3224347917,100.00,,
2.113284473,271155775,,rFF44,3224178121,100.00,,
2.113284473,42115263655,,instructions,3224076735,100.00,3.48,insn per cycle
2.113284473,12089912232,,cycles,3223998934,100.00,,
2.214045313,5141007,,rD044,3224422293,100.00,,
2.214045313,273040668,,rFF44,3224679997,100.00,,
2.214045313,42351083630,,instructions,3224786093,100.00,3.50,insn per cycle
2.214045313,12093472126,,cycles,3224941756,100.00,,
2.314832854,5599840,,rD044,3225129700,100.00,,
2.314832854,271549568,,rFF44,3224786083,100.00,,
2.314832854,42154904744,,instructions,3224113368,100.00,3.49,insn per cycle
2.314832854,12088961762,,cycles,3223742101,100.00,,
2.415562413,5508319,,rD044,3225191579,100.00,,
2.415562413,272636134,,rFF44,3226306466,100.00,,
2.415562413,42300028663,,instructions,3226616253,100.00,3.49,insn per cycle
2.415562413,12103726205,,cycles,3227683185,100.00,,
2.516427825,5307159,,rD044,3225013788,100.00,,
2.516427825,274533604,,rFF44,3222598504,100.00,,
2.516427825,42469047293,,instructions,3221294196,100.00,3.52,insn per cycle
2.516427825,12071348607,,cycles,3219051668,100.00,,
2.617012323,5424835,,rD044,3219860274,100.00,,
2.617012323,261325722,,rFF44,3221185814,100.00,,
2.617012323,40948303377,,instructions,3222031728,100.00,3.39,insn per cycle
2.617012323,12086772571,,cycles,3223152125,100.00,,
2.717736893,5657175,,rD044,3223257154,100.00,,
2.717736893,273015842,,rFF44,3224337242,100.00,,
2.717736893,42345741396,,instructions,3225387689,100.00,3.50,insn per cycle
2.717736893,12097524935,,cycles,3226021715,100.00,,
2.818551493,5588965,,rD044,3225700335,100.00,,
2.818551493,271923770,,rFF44,3225121638,100.00,,
2.818551493,42208010609,,instructions,3224980450,100.00,3.49,insn per cycle
2.818551493,12098462811,,cycles,3226266789,100.00,,
2.919390594,5296612,,rD044,3226547497,100.00,,
2.919390594,272136672,,rFF44,3226032316,100.00,,
2.919390594,42231076441,,instructions,3225201896,100.00,3.49,insn per cycle
2.919390594,12088643572,,cycles,3223687081,100.00,,
3.020119584,5365331,,rD044,3223604269,100.00,,
3.020119584,271054880,,rFF44,3223738206,100.00,,
3.020119584,42096573531,,instructions,3223936484,100.00,3.48,insn per cycle
3.020119584,12088587959,,cycles,3223649017,100.00,,
3.120856784,5646834,,rD044,3223240597,100.00,,
3.120856784,270897675,,rFF44,3223533402,100.00,,
3.120856784,42087232654,,instructions,3224138708,100.00,3.48,insn per cycle
3.120856784,12089998001,,cycles,3224043543,100.00,,
3.221612844,5707164,,rD044,3224194671,100.00,,
3.221612844,273105696,,rFF44,3223815885,100.00,,
3.221612844,42336934119,,instructions,3223071338,100.00,3.50,insn per cycle
3.221612844,12086527923,,cycles,3223115243,100.00,,
3.322347064,5696804,,rD044,3224015260,100.00,,
3.322347064,272181288,,rFF44,3224486288,100.00,,
3.322347064,42242181637,,instructions,3224826347,100.00,3.49,insn per cycle
3.322347064,12095379679,,cycles,3225451725,100.00,,
3.423127704,5296438,,rD044,3224622738,100.00,,
3.423127704,272787038,,rFF44,3224535732,100.00,,
3.423127704,42312662389,,instructions,3224360263,100.00,3.50,insn per cycle
3.423127704,12090080935,,cycles,3224035146,100.00,,
3.523894764,5432326,,rD044,3224327492,100.00,,
3.523894764,271473221,,rFF44,3224021873,100.00,,
3.523894764,42148092946,,instructions,3223835087,100.00,3.49,insn per cycle
3.523894764,12089363523,,cycles,3223866813,100.00,,
3.624638354,5540589,,rD044,3223866453,100.00,,
3.624638354,271603647,,rFF44,3224033015,100.00,,
3.624638354,42180656082,,instructions,3224285064,100.00,3.49,insn per cycle
3.624638354,12089611063,,cycles,3223919036,100.00,,
3.725376954,5400515,,rD044,3223543496,100.00,,
3.725376954,272483068,,rFF44,3223376796,100.00,,
3.725376954,42279287336,,instructions,3223347622,100.00,3.50,insn per cycle
3.725376954,12089012967,,cycles,3223751833,100.00,,
3.826130854,5625033,,rD044,3224169862,100.00,,
3.826130854,272677255,,rFF44,3224467276,100.00,,
3.826130854,42303829012,,instructions,3224928794,100.00,3.50,insn per cycle
3.826130854,12092994953,,cycles,3224911757,100.00,,
3.926910704,5446260,,rD044,3224358776,100.00,,
3.926910704,271726278,,rFF44,3223886824,100.00,,
3.926910704,42189685548,,instructions,3223650302,100.00,3.49,insn per cycle
3.926910704,12088596741,,cycles,3223683192,100.00,,
4.027661544,5421876,,rD044,3224169141,100.00,,
4.027661544,272048842,,rFF44,3225859530,100.00,,
4.027661544,42235882984,,instructions,3226077883,100.00,3.49,insn per cycle
4.027661544,12097875353,,cycles,3226188117,100.00,,
4.128493315,5153580,,rD044,3226694669,100.00,,
4.128493315,272793516,,rFF44,3225271508,100.00,,
4.128493315,42323475629,,instructions,3225460204,100.00,3.50,insn per cycle
4.128493315,12096716108,,cycles,3225805993,100.00,,
4.229295846,5527412,,rD044,3225232840,100.00,,
4.229295846,272427455,,rFF44,3224946237,100.00,,
4.229295846,42267910975,,instructions,3224428992,100.00,3.50,insn per cycle
4.229295846,12090279798,,cycles,3224109392,100.00,,
4.330055256,5243826,,rD044,3225044513,100.00,,
4.330055256,272824935,,rFF44,3226838871,100.00,,
4.330055256,42335066402,,instructions,3227155870,100.00,3.50,insn per cycle
4.330055256,12102231783,,cycles,3227275461,100.00,,
4.430911497,5562659,,rD044,3227087905,100.00,,
4.430911497,275955286,,rFF44,3225536460,100.00,,
4.430911497,42679655847,,instructions,3224853594,100.00,3.53,insn per cycle
4.430911497,12088480546,,cycles,3223614798,100.00,,
4.531619007,5415626,,rD044,3222214071,100.00,,
4.531619007,271122716,,rFF44,3222386744,100.00,,
4.531619007,42125311858,,instructions,3223000907,100.00,3.48,insn per cycle
4.531619007,12090433242,,cycles,3224128562,100.00,,
4.632394757,5414487,,rD044,3224895977,100.00,,
4.632394757,271712206,,rFF44,3224517875,100.00,,
4.632394757,42185055257,,instructions,3223812063,100.00,3.49,insn per cycle
4.632394757,12089824934,,cycles,3223970173,100.00,,
4.733162687,5381421,,rD044,3225253334,100.00,,
4.733162687,272560052,,rFF44,3226043503,100.00,,
4.733162687,42310562067,,instructions,3227205000,100.00,3.50,insn per cycle
4.733162687,12101972129,,cycles,3227206541,100.00,,
4.834026358,5288861,,rD044,3226810444,100.00,,
4.834026358,272734795,,rFF44,3226608486,100.00,,
4.834026358,42308344477,,instructions,3226178113,100.00,3.50,insn per cycle
4.834026358,12096809864,,cycles,3225832562,100.00,,
4.934806929,5554101,,rD044,3225676502,100.00,,
4.934806929,272366159,,rFF44,3225629609,100.00,,
4.934806929,42262169144,,instructions,3225655973,100.00,3.49,insn per cycle
4.934806929,12096680393,,cycles,3225796764,100.00,,
5.035607639,5221594,,rD044,3224890391,100.00,,
5.035607639,266107768,,rFF44,3224891910,100.00,,
5.035607639,41509261353,,instructions,3224574125,100.00,3.43,insn per cycle
5.035607639,12090596917,,cycles,3224189366,100.00,,
5.136367959,5372936,,rD044,3224463561,100.00,,
5.136367959,271841361,,rFF44,3224064168,100.00,,
5.136367959,42201798360,,instructions,3224111135,100.00,3.49,insn per cycle
5.136367959,12092547374,,cycles,3224696243,100.00,,
5.237125210,5343918,,rD044,3224730989,100.00,,
5.237125210,272027609,,rFF44,3224880043,100.00,,
5.237125210,42225336428,,instructions,3224779962,100.00,3.49,insn per cycle
5.237125210,12094505194,,cycles,3225211722,100.00,,
5.337981351,5493024,,rD044,3226466514,100.00,,
5.337981351,272872707,,rFF44,3226120011,100.00,,
5.337981351,42347466663,,instructions,3227206964,100.00,3.50,insn per cycle
5.337981351,12104419578,,cycles,3227864621,100.00,,
5.438800661,5496412,,rD044,3227224709,100.00,,
5.438800661,272934145,,rFF44,3227846196,100.00,,
5.438800661,42336032359,,instructions,3226931410,100.00,3.50,insn per cycle
5.438800661,12098083474,,cycles,3226176633,100.00,,
5.539636512,5650924,,rD044,3226084267,100.00,,
5.539636512,272848706,,rFF44,3226191272,100.00,,
5.539636512,42323065972,,instructions,3226157016,100.00,3.50,insn per cycle
5.539636512,12094116273,,cycles,3225124330,100.00,,
5.640404223,5491480,,rD044,3224398762,100.00,,
5.640404223,272859170,,rFF44,3224177507,100.00,,
5.640404223,42334001422,,instructions,3225241898,100.00,3.50,insn per cycle
5.640404223,12096226714,,cycles,3225678703,100.00,,
5.741249344,5419980,,rD044,3226870681,100.00,,
5.741249344,272668317,,rFF44,3227116711,100.00,,
5.741249344,42305659952,,instructions,3226548614,100.00,3.50,insn per cycle
5.741249344,12100675097,,cycles,3226864236,100.00,,
5.842072625,5529103,,rD044,3226475557,100.00,,
5.842072625,272582405,,rFF44,3225553568,100.00,,
5.842072625,42283839397,,instructions,3224718452,100.00,3.50,insn per cycle
5.842072625,12091063682,,cycles,3224302586,100.00,,
5.942837295,5611047,,rD044,3224419418,100.00,,
5.942837295,272345691,,rFF44,3225067292,100.00,,
5.942837295,42278003523,,instructions,3225943851,100.00,3.49,insn per cycle
5.942837295,12097312720,,cycles,3225980764,100.00,,
6.043614045,5233230,,rD044,3224922143,100.00,,
6.043614045,272324313,,rFF44,3225174926,100.00,,
6.043614045,42264000030,,instructions,3224828611,100.00,3.49,insn per cycle
6.043614045,12094688034,,cycles,3225263152,100.00,,
6.144415915,5173224,,rD044,3225217431,100.00,,
6.144415915,271833679,,rFF44,3224869578,100.00,,
6.144415915,42206060707,,instructions,3224500501,100.00,3.49,insn per cycle
6.144415915,12090116459,,cycles,3224094371,100.00,,
6.245177596,5392908,,rD044,3224803254,100.00,,
6.245177596,272596251,,rFF44,3225212032,100.00,,
6.245177596,42296750682,,instructions,3225259339,100.00,3.50,insn per cycle
6.245177596,12094932124,,cycles,3225339872,100.00,,
6.345989556,5439277,,rD044,3226782121,100.00,,
6.345989556,272930135,,rFF44,3227687505,100.00,,
6.345989556,42369416183,,instructions,3229436837,100.00,3.50,insn per cycle
6.345989556,12111229618,,cycles,3229712887,100.00,,
6.446912328,5586550,,rD044,3227622495,100.00,,
6.446912328,275513915,,rFF44,3225144069,100.00,,
6.446912328,42595308548,,instructions,3222335953,100.00,3.53,insn per cycle
6.446912328,12076449296,,cycles,3220413294,100.00,,
6.547513587,5241060,,rD044,3219814684,100.00,,
6.547513587,271956746,,rFF44,3220829364,100.00,,
6.547513587,42233744503,,instructions,3222125940,100.00,3.49,insn per cycle
6.547513587,12088989693,,cycles,3223744474,100.00,,
6.648289517,5654673,,rD044,3224806847,100.00,,
6.648289517,271472420,,rFF44,3224484752,100.00,,
6.648289517,42162965533,,instructions,3224051560,100.00,3.49,insn per cycle
6.648289517,12088774452,,cycles,3223713962,100.00,,
6.749036427,5272602,,rD044,3224041943,100.00,,
6.749036427,269837591,,rFF44,3224726098,100.00,,
6.749036427,41962566936,,instructions,3224882978,100.00,3.47,insn per cycle
6.749036427,12096493706,,cycles,3225745101,100.00,,
6.849839307,5472857,,rD044,3225409798,100.00,,
6.849839307,272631207,,rFF44,3224968815,100.00,,
6.849839307,42300374007,,instructions,3225159535,100.00,3.50,insn per cycle
6.849839307,12091832357,,cycles,3224504693,100.00,,
6.950628628,5613844,,rD044,3225318811,100.00,,
6.950628628,272860522,,rFF44,3225929481,100.00,,
6.950628628,42328567479,,instructions,3225804533,100.00,3.50,insn per cycle
6.950628628,12095745279,,cycles,3225556459,100.00,,
7.051405078,5746028,,rD044,3224705129,100.00,,
7.051405078,272588819,,rFF44,3223996877,100.00,,
7.051405078,42288464488,,instructions,3223738909,100.00,3.50,insn per cycle
7.051405078,12090189934,,cycles,3224074911,100.00,,
7.152152178,5407202,,rD044,3223976789,100.00,,
7.152152178,271580962,,rFF44,3224633901,100.00,,
7.152152178,42180981373,,instructions,3225548901,100.00,3.49,insn per cycle
7.152152178,12097240363,,cycles,3225953498,100.00,,
7.252981329,5265827,,rD044,3226371825,100.00,,
7.252981329,272610214,,rFF44,3225981822,100.00,,
7.252981329,42294699329,,instructions,3225514925,100.00,3.50,insn per cycle
7.252981329,12094264828,,cycles,3225166478,100.00,,
7.353753169,5712789,,rD044,3224951286,100.00,,
7.353753169,273350539,,rFF44,3225091362,100.00,,
7.353753169,42386131989,,instructions,3225109036,100.00,3.50,insn per cycle
7.353753169,12093537153,,cycles,3224959490,100.00,,
7.454533300,5532663,,rD044,3224774689,100.00,,
7.454533300,272191977,,rFF44,3224738228,100.00,,
7.454533300,42241871749,,instructions,3224720381,100.00,3.49,insn per cycle
7.454533300,12090761603,,cycles,3224220149,100.00,,
7.555307120,5617026,,rD044,3224600735,100.00,,
7.555307120,271245265,,rFF44,3224379901,100.00,,
7.555307120,42128393002,,instructions,3224942164,100.00,3.48,insn per cycle
7.555307120,12100989009,,cycles,3226942921,100.00,,
7.656141011,5554199,,rD044,3226614527,100.00,,
7.656141011,272185599,,rFF44,3227429913,100.00,,
7.656141011,42228571780,,instructions,3226392380,100.00,3.49,insn per cycle
7.656141011,12092963001,,cycles,3224807007,100.00,,
7.756919441,5641968,,rD044,3225303101,100.00,,
7.756919441,272632246,,rFF44,3224680201,100.00,,
7.756919441,42306109868,,instructions,3225322207,100.00,3.50,insn per cycle
7.756919441,12096374028,,cycles,3225747381,100.00,,
7.857737842,5624088,,rD044,3226597990,100.00,,
7.857737842,272732409,,rFF44,3227609485,100.00,,
7.857737842,42293594281,,instructions,3227075650,100.00,3.50,insn per cycle
7.857737842,12100463351,,cycles,3226887431,100.00,,
7.958571523,5560208,,rD044,3225397805,100.00,,
7.958571523,272106512,,rFF44,3224919400,100.00,,
7.958571523,42232420892,,instructions,3225614700,100.00,3.49,insn per cycle
7.958571523,12095275239,,cycles,3225512270,100.00,,
8.059359993,5720529,,rD044,3225320473,100.00,,
8.059359993,270902123,,rFF44,3224831349,100.00,,
8.059359993,42080472907,,instructions,3224366887,100.00,3.48,insn per cycle
8.059359993,12092018196,,cycles,3224609346,100.00,,
8.160135533,5472069,,rD044,3225382884,100.00,,
8.160135533,273228224,,rFF44,3226704845,100.00,,
8.160135533,42383856548,,instructions,3227667793,100.00,3.50,insn per cycle
8.160135533,12104232443,,cycles,3227809335,100.00,,
8.261016495,5501844,,rD044,3227469147,100.00,,
8.261016495,272530167,,rFF44,3225872378,100.00,,
8.261016495,42284051567,,instructions,3225393160,100.00,3.50,insn per cycle
8.261016495,12095496253,,cycles,3225487245,100.00,,
8.361842116,5147290,,rD044,3226854060,100.00,,
8.361842116,273062904,,rFF44,3226988778,100.00,,
8.361842116,42346797840,,instructions,3226238538,100.00,3.50,insn per cycle
8.361842116,12096082404,,cycles,3225640250,100.00,,
8.429496241,2851185,,rD044,2043033800,100.00,,
8.429496241,135452946,,rFF44,2038303179,100.00,,
8.429496241,22103657917,,instructions,2034436792,100.00,2.90,insn per cycle
8.429496241,7613146588,,cycles,2030219376,100.00,,
