0.100131168,4633686,,rD044,92423539,100.00,,
0.100131168,20415543,,rFF44,92429419,100.00,,
0.100131168,443429606,,instructions,92434129,100.00,1.29,insn per cycle
0.100131168,342667051,,cycles,92438929,100.00,,
0.200432067,5487234,,rD044,100297515,100.00,,
0.200432067,23933687,,rFF44,100298755,100.00,,
0.200432067,503843075,,instructions,100298825,100.00,1.34,insn per cycle
0.200432067,376111471,,cycles,100298525,100.00,,
0.300676276,5488421,,rD044,100242705,100.00,,
0.300676276,23959198,,rFF44,100241105,100.00,,
0.300676276,505197872,,instructions,100241015,100.00,1.34,insn per cycle
0.300676276,375902522,,cycles,100241155,100.00,,
0.400887264,6761579,,rD044,100211095,100.00,,
0.400887264,28987090,,rFF44,100211385,100.00,,
0.400887264,79751819,,instructions,100212725,100.00,0.21,insn per cycle
0.400887264,375795059,,cycles,100212505,100.00,,
0.501101823,6929078,,rD044,100213585,100.00,,
0.501101823,29774850,,rFF44,100214355,100.00,,
0.501101823,37172586,,instructions,100213115,100.00,0.10,insn per cycle
0.501101823,375800833,,cycles,100214045,100.00,,
0.601310361,3160285,,rD044,903722749,100.00,,
0.601310361,93541628,,rFF44,904805279,100.00,,
0.601310361,12391121476,,instructions,905476569,100.00,3.65,insn per cycle
0.601310361,3396683669,,cycles,906127177,100.00,,
0.701712242,63492,,rD044,1606293196,100.00,,
0.701712242,148752125,,rFF44,1606177566,100.00,,
0.701712242,22987242509,,instructions,1606301896,100.00,3.82,insn per cycle
0.701712242,6023513750,,cycles,1606279698,100.00,,
0.802094753,61901,,rD044,1606026340,100.00,,
0.802094753,147100244,,rFF44,1605924550,100.00,,
0.802094753,22747390741,,instructions,1605741809,100.00,3.78,insn per cycle
0.802094753,6021540230,,cycles,1605758176,100.00,,
0.902450563,59025,,rD044,1605608960,100.00,,
0.902450563,146416587,,rFF44,1605514426,100.00,,
0.902450563,22681586553,,instructions,1605488507,100.00,3.77,insn per cycle
0.902450563,6020371215,,cycles,1605442440,100.00,,
1.002790433,56772,,rD044,1605502236,100.00,,
1.002790433,143532150,,rFF44,1605596230,100.00,,
1.002790433,22334948319,,instructions,1605603810,100.00,3.71,insn per cycle
1.002790433,6021001332,,cycles,1605609096,100.00,,
1.103143203,57804,,rD044,1605593646,100.00,,
1.103143203,147977891,,rFF44,1605544506,100.00,,
1.103143203,22874725956,,instructions,1605573206,100.00,3.80,insn per cycle
1.103143203,6020874610,,cycles,1605573830,100.00,,
1.203484743,56928,,rD044,1605461320,100.00,,
1.203484743,146697672,,rFF44,1605451810,100.00,,
1.203484743,22719046165,,instructions,1605445660,100.00,3.77,insn per cycle
1.203484743,6020350283,,cycles,1605438949,100.00,,
1.303840263,57056,,rD044,1605646441,100.00,,
1.303840263,145788013,,rFF44,1605670216,100.00,,
1.303840263,22581597921,,instructions,1605709446,100.00,3.75,insn per cycle
1.303840263,6021477533,,cycles,1605735357,100.00,,
1.404188503,55831,,rD044,1605583875,100.00,,
1.404188503,144304990,,rFF44,1605541060,100.00,,
1.404188503,22428250584,,instructions,1605491850,100.00,3.73,insn per cycle
1.404188503,6020498178,,cycles,1605481735,100.00,,
1.504531243,57113,,rD044,1605475490,100.00,,
1.504531243,146134673,,rFF44,1605486732,100.00,,
1.504531243,22648183482,,instructions,1605459296,100.00,3.76,insn per cycle
1.504531243,6020344393,,cycles,1605440691,100.00,,
1.604871283,62392,,rD044,1605417356,100.00,,
1.604871283,144960960,,rFF44,1605464584,100.00,,
1.604871283,22505631704,,instructions,1605480720,100.00,3.74,insn per cycle
1.604871283,6020482916,,cycles,1605469190,100.00,,
1.705215273,56307,,rD044,1605486960,100.00,,
1.705215273,145670846,,rFF44,1605429540,100.00,,
1.705215273,22574491683,,instructions,1605441635,100.00,3.75,insn per cycle
1.705215273,6020478162,,cycles,1605469426,100.00,,
1.805550293,56450,,rD044,1605275491,100.00,,
1.805550293,146391376,,rFF44,1605316796,100.00,,
1.805550293,22675089382,,instructions,1605305251,100.00,3.77,insn per cycle
1.805550293,6019667644,,cycles,1605274070,100.00,,
1.905887153,55549,,rD044,1605365815,100.00,,
1.905887153,142408730,,rFF44,1605352950,100.00,,
1.905887153,22170189019,,instructions,1605331520,100.00,3.68,insn per cycle
1.905887153,6020043808,,cycles,1605353083,100.00,,
2.006245973,56130,,rD044,1605742467,100.00,,
2.006245973,145311693,,rFF44,1605713446,100.00,,
2.006245973,22561615012,,instructions,1605753926,100.00,3.75,insn per cycle
2.006245973,6021724582,,cycles,1605800953,100.00,,
2.106593423,58320,,rD044,1605596369,100.00,,
2.106593423,148977273,,rFF44,1605673130,100.00,,
2.106593423,23015426304,,instructions,1605659850,100.00,3.82,insn per cycle
2.106593423,6021017206,,cycles,1605611925,100.00,,
2.206995574,56452,,rD044,1606384976,100.00,,
2.206995574,145388861,,rFF44,1606376816,100.00,,
2.206995574,22548266652,,instructions,1606432886,100.00,3.74,insn per cycle
2.206995574,6024231889,,cycles,1606469181,100.00,,
2.307344134,54713,,rD044,1605530220,100.00,,
2.307344134,139908625,,rFF44,1605483880,100.00,,
2.307344134,21858767293,,instructions,1605440382,100.00,3.63,insn per cycle
2.307344134,6020283588,,cycles,1605417066,100.00,,
2.407679864,55935,,rD044,1605372289,100.00,,
2.407679864,143008574,,rFF44,1605374226,100.00,,
2.407679864,22249058170,,instructions,1605373544,100.00,3.70,insn per cycle
2.407679864,6020438218,,cycles,1605458120,100.00,,
2.508022994,56798,,rD044,1605483607,100.00,,
2.508022994,142791999,,rFF44,1605494540,100.00,,
2.508022994,22226799623,,instructions,1605473580,100.00,3.69,insn per cycle
2.508022994,6020063646,,cycles,1605370475,100.00,,
2.608366624,57278,,rD044,1605493714,100.00,,
2.608366624,145492190,,rFF44,1605506896,100.00,,
2.608366624,22571661186,,instructions,1605547466,100.00,3.75,insn per cycle
2.608366624,6020831817,,cycles,1605563251,100.00,,
2.708715034,57965,,rD044,1605616842,100.00,,
2.708715034,147714284,,rFF44,1605679330,100.00,,
2.708715034,22858465041,,instructions,1605766830,100.00,3.80,insn per cycle
2.708715034,6021559946,,cycles,1605756934,100.00,,
2.809071204,56878,,rD044,1605550501,100.00,,
2.809071204,148327038,,rFF44,1605482126,100.00,,
2.809071204,22932966882,,instructions,1605363176,100.00,3.81,insn per cycle
2.809071204,6019862028,,cycles,1605317572,100.00,,
2.909410514,55841,,rD044,1605426175,100.00,,
2.909410514,144556842,,rFF44,1605418990,100.00,,
2.909410514,22448565440,,instructions,1605418470,100.00,3.73,insn per cycle
2.909410514,6020423414,,cycles,1605454410,100.00,,
3.009750214,55438,,rD044,1605470020,100.00,,
3.009750214,143179140,,rFF44,1605614701,100.00,,
3.009750214,22283234039,,instructions,1605631136,100.00,3.70,insn per cycle
3.009750214,6021075030,,cycles,1605634216,100.00,,
3.110106324,55758,,rD044,1605659006,100.00,,
3.110106324,145311844,,rFF44,1605537725,100.00,,
3.110106324,22569132036,,instructions,1605526000,100.00,3.75,insn per cycle
3.110106324,6020667965,,cycles,1605519080,100.00,,
3.210451284,55599,,rD044,1605481610,100.00,,
3.210451284,143112753,,rFF44,1605408770,100.00,,
3.210451284,22261858909,,instructions,1605396545,100.00,3.70,insn per cycle
3.210451284,6020287672,,cycles,1605423876,100.00,,
3.310789894,56680,,rD044,1605455373,100.00,,
3.310789894,145717834,,rFF44,1605533856,100.00,,
3.310789894,22589701381,,instructions,1605540851,100.00,3.75,insn per cycle
3.310789894,6020618249,,cycles,1605505610,100.00,,
3.411135584,55868,,rD044,1605421273,100.00,,
3.411135584,143480707,,rFF44,1605318730,100.00,,
3.411135584,22297761967,,instructions,1605280250,100.00,3.70,insn per cycle
3.411135584,6019732897,,cycles,1605270016,100.00,,
3.511466354,56983,,rD044,1605330694,100.00,,
3.511466354,145157531,,rFF44,1605391766,100.00,,
3.511466354,22494447477,,instructions,1605445336,100.00,3.74,insn per cycle
3.511466354,6020474697,,cycles,1605475200,100.00,,
3.611817234,58157,,rD044,1605864342,100.00,,
3.611817234,145652915,,rFF44,1606230780,100.00,,
3.611817234,22589553249,,instructions,1606235981,100.00,3.75,insn per cycle
3.611817234,6023332748,,cycles,1606235756,100.00,,
3.712196625,57686,,rD044,1605733268,100.00,,
3.712196625,145718698,,rFF44,1605429145,100.00,,
3.712196625,22592569456,,instructions,1605404894,100.00,3.75,insn per cycle
3.712196625,6020129825,,cycles,1605415669,100.00,,
3.812546385,57365,,rD044,1605389485,100.00,,
3.812546385,146716755,,rFF44,1605344618,100.00,,
3.812546385,22713189776,,instructions,1605378548,100.00,3.77,insn per cycle
3.812546385,6019964571,,cycles,1605378214,100.00,,
3.912949426,57929,,rD044,1606362166,100.00,,
3.912949426,147469350,,rFF44,1606359976,100.00,,
3.912949426,22809750570,,instructions,1606349666,100.00,3.79,insn per cycle
3.912949426,6023825384,,cycles,1606392720,100.00,,
4.013294386,56957,,rD044,1605555590,100.00,,
4.013294386,148303252,,rFF44,1605587982,100.00,,
4.013294386,22905072822,,instructions,1605552456,100.00,3.80,insn per cycle
4.013294386,6020547085,,cycles,1605486406,100.00,,
4.113638376,57350,,rD044,1605481823,100.00,,
4.113638376,145170834,,rFF44,1605458374,100.00,,
4.113638376,22527978634,,instructions,1605479380,100.00,3.74,insn per cycle
4.113638376,6020559755,,cycles,1605490500,100.00,,
4.213992786,62790,,rD044,1605663693,100.00,,
4.213992786,144344587,,rFF44,1605713950,100.00,,
4.213992786,22440136180,,instructions,1605736033,100.00,3.73,insn per cycle
4.213992786,6021591409,,cycles,1605765916,100.00,,
4.314344546,55264,,rD044,1605608542,100.00,,
4.314344546,143970243,,rFF44,1605533776,100.00,,
4.314344546,22378116738,,instructions,1605506263,100.00,3.72,insn per cycle
4.314344546,6020440973,,cycles,1605459040,100.00,,
4.414685556,54852,,rD044,1605390344,100.00,,
4.414685556,141668488,,rFF44,1605369570,100.00,,
4.414685556,22071493746,,instructions,1605365910,100.00,3.67,insn per cycle
4.414685556,6020684333,,cycles,1605522456,100.00,,
4.515029276,55247,,rD044,1605569066,100.00,,
4.515029276,141240804,,rFF44,1605617956,100.00,,
4.515029276,22044807433,,instructions,1605664166,100.00,3.66,insn per cycle
4.515029276,6020692565,,cycles,1605526910,100.00,,
4.615377696,56592,,rD044,1605551450,100.00,,
4.615377696,143401544,,rFF44,1605541040,100.00,,
4.615377696,22301519285,,instructions,1605485480,100.00,3.70,insn per cycle
4.615377696,6020450430,,cycles,1605460681,100.00,,
4.715718936,57067,,rD044,1605498481,100.00,,
4.715718936,144363340,,rFF44,1605573636,100.00,,
4.715718936,22417491242,,instructions,1605709066,100.00,3.72,insn per cycle
4.715718936,6021419479,,cycles,1605728705,100.00,,
4.816070056,56599,,rD044,1605463535,100.00,,
4.816070056,146342333,,rFF44,1605358830,100.00,,
4.816070056,22674780930,,instructions,1605276380,100.00,3.77,insn per cycle
4.816070056,6019724694,,cycles,1605281061,100.00,,
4.916409316,55588,,rD044,1605424310,100.00,,
4.916409316,145528592,,rFF44,1605399545,100.00,,
4.916409316,22593420183,,instructions,1605365176,100.00,3.75,insn per cycle
4.916409316,6020087924,,cycles,1605365195,100.00,,
5.016746516,54588,,rD044,1605340956,100.00,,
5.016746516,142961920,,rFF44,1605389201,100.00,,
5.016746516,22257345573,,instructions,1605459130,100.00,3.70,insn per cycle
5.016746516,6020561830,,cycles,1605490280,100.00,,
5.117090666,55106,,rD044,1605548600,100.00,,
5.117090666,144911923,,rFF44,1605510000,100.00,,
5.117090666,22492279917,,instructions,1605407529,100.00,3.74,insn per cycle
5.117090666,6020037756,,cycles,1605351166,100.00,,
5.217429956,55814,,rD044,1605464819,100.00,,
5.217429956,143915365,,rFF44,1605544446,100.00,,
5.217429956,22363373606,,instructions,1605554307,100.00,3.71,insn per cycle
5.217429956,6020862067,,cycles,1605570970,100.00,,
5.317778356,57348,,rD044,1605566747,100.00,,
5.317778356,147167910,,rFF44,1605612340,100.00,,
5.317778356,22786010837,,instructions,1605624873,100.00,3.78,insn per cycle
5.317778356,6021111427,,cycles,1605639526,100.00,,
5.418132586,56113,,rD044,1605575736,100.00,,
5.418132586,142179465,,rFF44,1605481686,100.00,,
5.418132586,22174159615,,instructions,1605498933,100.00,3.68,insn per cycle
5.418132586,6020505067,,cycles,1605475320,100.00,,
5.518471076,56757,,rD044,1605441740,100.00,,
5.518471076,145260682,,rFF44,1605449230,100.00,,
5.518471076,22547419098,,instructions,1605433980,100.00,3.75,insn per cycle
5.518471076,6020457160,,cycles,1605462809,100.00,,
5.618813126,56677,,rD044,1605587590,100.00,,
5.618813126,145151707,,rFF44,1605940856,100.00,,
5.618813126,22517239464,,instructions,1605969446,100.00,3.74,insn per cycle
5.618813126,6022491510,,cycles,1606005347,100.00,,
5.719238037,55810,,rD044,1606725716,100.00,,
5.719238037,143561691,,rFF44,1606393951,100.00,,
5.719238037,22297364206,,instructions,1606374966,100.00,3.70,insn per cycle
5.719238037,6023620900,,cycles,1606309916,100.00,,
5.819583957,54606,,rD044,1605330874,100.00,,
5.819583957,142529894,,rFF44,1605319745,100.00,,
5.819583957,22204454593,,instructions,1605333570,100.00,3.69,insn per cycle
5.819583957,6019864972,,cycles,1605341820,100.00,,
5.919937757,57570,,rD044,1605620632,100.00,,
5.919937757,146166117,,rFF44,1605550740,100.00,,
5.919937757,22669466133,,instructions,1605533149,100.00,3.77,insn per cycle
5.919937757,6020713953,,cycles,1605531476,100.00,,
6.020268437,57212,,rD044,1605288936,100.00,,
6.020268437,147587004,,rFF44,1605291186,100.00,,
6.020268437,22851798148,,instructions,1605283557,100.00,3.80,insn per cycle
6.020268437,6019840349,,cycles,1605298080,100.00,,
6.120604817,56772,,rD044,1605391170,100.00,,
6.120604817,147880790,,rFF44,1605414990,100.00,,
6.120604817,22847878365,,instructions,1605412960,100.00,3.80,insn per cycle
6.120604817,6020122845,,cycles,1605373986,100.00,,
6.220953817,57335,,rD044,1605608940,100.00,,
6.220953817,145748402,,rFF44,1605640226,100.00,,
6.220953817,22603069262,,instructions,1605660956,100.00,3.75,insn per cycle
6.220953817,6021251291,,cycles,1605679230,100.00,,
6.321298537,55576,,rD044,1605470976,100.00,,
6.321298537,143356237,,rFF44,1605444310,100.00,,
6.321298537,22278480736,,instructions,1605454920,100.00,3.70,insn per cycle
6.321298537,6020434264,,cycles,1605457430,100.00,,
6.421637477,55631,,rD044,1605409470,100.00,,
6.421637477,141738384,,rFF44,1605397284,100.00,,
6.421637477,22066262998,,instructions,1605368936,100.00,3.67,insn per cycle
6.421637477,6020088727,,cycles,1605367756,100.00,,
6.521980697,56031,,rD044,1605473336,100.00,,
6.521980697,142817630,,rFF44,1605512732,100.00,,
6.521980697,22224668502,,instructions,1605536450,100.00,3.69,insn per cycle
6.521980697,6020732341,,cycles,1605536120,100.00,,
6.622322327,55252,,rD044,1605540450,100.00,,
6.622322327,140818050,,rFF44,1605612040,100.00,,
6.622322327,21961993172,,instructions,1605624424,100.00,3.65,insn per cycle
6.622322327,6021187874,,cycles,1605658486,100.00,,
6.722678397,56494,,rD044,1605606844,100.00,,
6.722678397,143695675,,rFF44,1605548206,100.00,,
6.722678397,22337851628,,instructions,1605544782,100.00,3.71,insn per cycle
6.722678397,6021251448,,cycles,1605688100,100.00,,
6.823034298,55467,,rD044,1605665972,100.00,,
6.823034298,142958826,,rFF44,1605649840,100.00,,
6.823034298,22235284885,,instructions,1605667142,100.00,3.69,insn per cycle
6.823034298,6020709356,,cycles,1605538096,100.00,,
6.923383718,56359,,rD044,1605518271,100.00,,
6.923383718,143992976,,rFF44,1605448606,100.00,,
6.923383718,22337922953,,instructions,1605397964,100.00,3.71,insn per cycle
6.923383718,6020069936,,cycles,1605359370,100.00,,
7.023714748,56002,,rD044,1605339375,100.00,,
7.023714748,143292669,,rFF44,1605445390,100.00,,
7.023714748,22278291395,,instructions,1605588292,100.00,3.70,insn per cycle
7.023714748,6020927845,,cycles,1605589266,100.00,,
7.124065748,55875,,rD044,1605610964,100.00,,
7.124065748,142186740,,rFF44,1605609826,100.00,,
7.124065748,22143531774,,instructions,1605487884,100.00,3.68,insn per cycle
7.124065748,6020434420,,cycles,1605456820,100.00,,
7.224412168,54429,,rD044,1605536272,100.00,,
7.224412168,139827675,,rFF44,1605554050,100.00,,
7.224412168,21835361331,,instructions,1605604570,100.00,3.63,insn per cycle
7.224412168,6021097384,,cycles,1605633341,100.00,,
7.324764588,56520,,rD044,1605640182,100.00,,
7.324764588,144151821,,rFF44,1605715656,100.00,,
7.324764588,22404869183,,instructions,1605670816,100.00,3.72,insn per cycle
7.324764588,6021325955,,cycles,1605694785,100.00,,
7.425117138,57278,,rD044,1605561984,100.00,,
7.425117138,147411628,,rFF44,1605331840,100.00,,
7.425117138,22795569965,,instructions,1605288560,100.00,3.79,insn per cycle
7.425117138,6019667952,,cycles,1605254970,100.00,,
7.525447608,60791,,rD044,1605317220,100.00,,
7.525447608,143677704,,rFF44,1605406156,100.00,,
7.525447608,22337927074,,instructions,1605431556,100.00,3.71,insn per cycle
7.525447608,6020416893,,cycles,1605454066,100.00,,
7.625802978,60977,,rD044,1605793706,100.00,,
7.625802978,143075808,,rFF44,1606230770,100.00,,
7.625802978,22261048233,,instructions,1606226820,100.00,3.70,insn per cycle
7.625802978,6023214686,,cycles,1606209309,100.00,,
7.726177059,57492,,rD044,1605751239,100.00,,
7.726177059,144864907,,rFF44,1605340322,100.00,,
7.726177059,22482217457,,instructions,1605390385,100.00,3.73,insn per cycle
7.726177059,6020172894,,cycles,1605419636,100.00,,
7.826528229,58064,,rD044,1605469416,100.00,,
7.826528229,146623570,,rFF44,1605414163,100.00,,
7.826528229,22708660570,,instructions,1605370740,100.00,3.77,insn per cycle
7.826528229,6019895017,,cycles,1605373340,100.00,,
7.926877909,57561,,rD044,1605518100,100.00,,
7.926877909,145449819,,rFF44,1605553659,100.00,,
7.926877909,22566601457,,instructions,1605514326,100.00,3.75,insn per cycle
7.926877909,6020429354,,cycles,1605478896,100.00,,
8.027209689,55981,,rD044,1605304466,100.00,,
8.027209689,143872520,,rFF44,1605257757,100.00,,
8.027209689,22358328893,,instructions,1605305340,100.00,3.71,insn per cycle
8.027209689,6020002638,,cycles,1605341540,100.00,,
8.127549679,58574,,rD044,1605425210,100.00,,
8.127549679,148863119,,rFF44,1605448950,100.00,,
8.127549679,23010983286,,instructions,1605445508,100.00,3.82,insn per cycle
8.127549679,6020334769,,cycles,1605430116,100.00,,
8.227890159,56795,,rD044,1605397007,100.00,,
8.227890159,144702800,,rFF44,1605355726,100.00,,
8.227890159,22476127424,,instructions,1605346698,100.00,3.73,insn per cycle
8.227890159,6020050316,,cycles,1605354830,100.00,,
8.328227498,57970,,rD044,1605437429,100.00,,
8.328227498,145108763,,rFF44,1605489170,100.00,,
8.328227498,22519402145,,instructions,1605475680,100.00,3.74,insn per cycle
8.328227498,6020522675,,cycles,1605486530,100.00,,
8.428567398,56504,,rD044,1605356890,100.00,,
8.428567398,142552512,,rFF44,1605351312,100.00,,
8.428567398,22192326991,,instructions,1605410266,100.00,3.69,insn per cycle
8.428567398,6020184229,,cycles,1605390996,100.00,,
8.528902308,58045,,rD044,1605378526,100.00,,
8.528902308,143814905,,rFF44,1605372674,100.00,,
8.528902308,22353506321,,instructions,1605313490,100.00,3.71,insn per cycle
8.528902308,6019788829,,cycles,1605288690,100.00,,
8.629235178,57559,,rD044,1605322290,100.00,,
8.629235178,146715414,,rFF44,1605328810,100.00,,
8.629235178,22724853354,,instructions,1605340832,100.00,3.77,insn per cycle
8.629235178,6020080251,,cycles,1605365996,100.00,,
8.729577498,56335,,rD044,1605514661,100.00,,
8.729577498,143965998,,rFF44,1605566036,100.00,,
8.729577498,22377079560,,instructions,1605572514,100.00,3.72,insn per cycle
8.729577498,6020798799,,cycles,1605558310,100.00,,
8.829923238,58005,,rD044,1605441775,100.00,,
8.829923238,146162899,,rFF44,1605457440,100.00,,
8.829923238,22650457595,,instructions,1605475435,100.00,3.76,insn per cycle
8.829923238,6020475407,,cycles,1605484706,100.00,,
8.930271698,57296,,rD044,1605574157,100.00,,
8.930271698,144373432,,rFF44,1605595826,100.00,,
8.930271698,22407957995,,instructions,1605599361,100.00,3.72,insn per cycle
8.930271698,6020976221,,cycles,1605600720,100.00,,
9.030622998,56232,,rD044,1605594679,100.00,,
9.030622998,143018116,,rFF44,1605562110,100.00,,
9.030622998,22244699786,,instructions,1605534720,100.00,3.69,insn per cycle
9.030622998,6020693916,,cycles,1605526505,100.00,,
9.130970769,56812,,rD044,1605502912,100.00,,
9.130970769,145853847,,rFF44,1605431826,100.00,,
9.130970769,22614091750,,instructions,1605459256,100.00,3.76,insn per cycle
9.130970769,6020586405,,cycles,1605497211,100.00,,
9.231315429,57257,,rD044,1605564714,100.00,,
9.231315429,144225306,,rFF44,1605607220,100.00,,
9.231315429,22385253857,,instructions,1605591580,100.00,3.72,insn per cycle
9.231315429,6020781079,,cycles,1605552747,100.00,,
9.331663699,55488,,rD044,1605584330,100.00,,
9.331663699,141128555,,rFF44,1605629336,100.00,,
9.331663699,22026031086,,instructions,1605622176,100.00,3.66,insn per cycle
9.331663699,6021391194,,cycles,1605712129,100.00,,
9.432061609,58900,,rD044,1606334976,100.00,,
9.432061609,146006469,,rFF44,1606338660,100.00,,
9.432061609,22637336486,,instructions,1606346287,100.00,3.76,insn per cycle
9.432061609,6023500166,,cycles,1606274726,100.00,,
9.532415589,55574,,rD044,1605646509,100.00,,
9.532415589,139990773,,rFF44,1605606706,100.00,,
9.532415589,21862266878,,instructions,1605593839,100.00,3.63,insn per cycle
9.532415589,6020846082,,cycles,1605566430,100.00,,
9.632758769,57549,,rD044,1605505767,100.00,,
9.632758769,142334567,,rFF44,1606040050,100.00,,
9.632758769,22142759292,,instructions,1606068405,100.00,3.68,insn per cycle
9.632758769,6022725428,,cycles,1606067546,100.00,,
9.733141450,57872,,rD044,1606057362,100.00,,
9.733141450,142101704,,rFF44,1605529125,100.00,,
9.733141450,22134471974,,instructions,1605534570,100.00,3.68,insn per cycle
9.733141450,6020721928,,cycles,1605548939,100.00,,
9.833490740,58628,,rD044,1605555873,100.00,,
9.833490740,144055400,,rFF44,1605550460,100.00,,
9.833490740,22379252114,,instructions,1605531470,100.00,3.72,insn per cycle
9.833490740,6020660540,,cycles,1605530026,100.00,,
9.933838860,57908,,rD044,1605453469,100.00,,
9.933838860,145229430,,rFF44,1605414796,100.00,,
9.933838860,22509151861,,instructions,1605421586,100.00,3.74,insn per cycle
9.933838860,6020320811,,cycles,1605438330,100.00,,
10.034183190,57369,,rD044,1605431377,100.00,,
10.034183190,145171289,,rFF44,1605450200,100.00,,
10.034183190,22521056351,,instructions,1605427250,100.00,3.74,insn per cycle
10.034183190,6020193634,,cycles,1605407814,100.00,,
10.134526500,60694,,rD044,1605425822,100.00,,
10.134526500,147333573,,rFF44,1605406105,100.00,,
10.134526500,22780627664,,instructions,1605416735,100.00,3.78,insn per cycle
10.134526500,6020338367,,cycles,1605448971,100.00,,
10.234874610,57975,,rD044,1605558983,100.00,,
10.234874610,143061929,,rFF44,1605605330,100.00,,
10.234874610,22268046497,,instructions,1605592850,100.00,3.70,insn per cycle
10.234874610,6020768402,,cycles,1605548757,100.00,,
10.335222790,58083,,rD044,1605582710,100.00,,
10.335222790,146643862,,rFF44,1605579426,100.00,,
10.335222790,22704412377,,instructions,1605589126,100.00,3.77,insn per cycle
10.335222790,6020953945,,cycles,1605596609,100.00,,
10.435573180,59458,,rD044,1605559136,100.00,,
10.435573180,144004373,,rFF44,1605508420,100.00,,
10.435573180,22368766204,,instructions,1605505150,100.00,3.72,insn per cycle
10.435573180,6020607881,,cycles,1605504960,100.00,,
10.535918480,59564,,rD044,1605476480,100.00,,
10.535918480,144941581,,rFF44,1605435926,100.00,,
10.535918480,22462929601,,instructions,1605447186,100.00,3.73,insn per cycle
10.535918480,6020458776,,cycles,1605463176,100.00,,
10.636254550,57205,,rD044,1605390766,100.00,,
10.636254550,140620595,,rFF44,1605456800,100.00,,
10.636254550,21931312946,,instructions,1605436490,100.00,3.64,insn per cycle
10.636254550,6020397915,,cycles,1605447530,100.00,,
10.736596480,56214,,rD044,1605487920,100.00,,
10.736596480,140346061,,rFF44,1605519320,100.00,,
10.736596480,21928178372,,instructions,1605511211,100.00,3.64,insn per cycle
10.736596480,6020371911,,cycles,1605440366,100.00,,
10.836944200,63101,,rD044,1605574892,100.00,,
10.836944200,142740389,,rFF44,1605575696,100.00,,
10.836944200,22227449155,,instructions,1605589885,100.00,3.69,insn per cycle
10.836944200,6021086984,,cycles,1605645400,100.00,,
10.937292031,57435,,rD044,1605437764,100.00,,
10.937292031,142213896,,rFF44,1605377920,100.00,,
10.937292031,22137456541,,instructions,1605401673,100.00,3.68,insn per cycle
10.937292031,6020173608,,cycles,1605399786,100.00,,
11.037629720,57939,,rD044,1605339943,100.00,,
11.037629720,142901083,,rFF44,1605372865,100.00,,
11.037629720,22252003424,,instructions,1605345482,100.00,3.70,insn per cycle
11.037629720,6019916382,,cycles,1605333199,100.00,,
11.137973521,58571,,rD044,1605249122,100.00,,
11.137973521,144306492,,rFF44,1605213650,100.00,,
11.137973521,22418756514,,instructions,1605196960,100.00,3.72,insn per cycle
11.137973521,6019544878,,cycles,1605235575,100.00,,
11.238311731,56787,,rD044,1605394690,100.00,,
11.238311731,145196753,,rFF44,1605400310,100.00,,
11.238311731,22523062628,,instructions,1605418006,100.00,3.74,insn per cycle
11.238311731,6020096132,,cycles,1605381201,100.00,,
11.338694481,58304,,rD044,1606182505,100.00,,
11.338694481,147065727,,rFF44,1606281095,100.00,,
11.338694481,22773563879,,instructions,1606355930,100.00,3.78,insn per cycle
11.338694481,6023906986,,cycles,1606394375,100.00,,
11.439054151,58525,,rD044,1605610805,100.00,,
11.439054151,145374258,,rFF44,1605573166,100.00,,
11.439054151,22540069424,,instructions,1605542295,100.00,3.74,insn per cycle
11.439054151,6020557034,,cycles,1605501500,100.00,,
11.539396841,57685,,rD044,1605377661,100.00,,
11.539396841,147089489,,rFF44,1605300030,100.00,,
11.539396841,22771336938,,instructions,1605251920,100.00,3.78,insn per cycle
11.539396841,6019649590,,cycles,1605263055,100.00,,
11.639728601,58886,,rD044,1605229050,100.00,,
11.639728601,144015490,,rFF44,1605293339,100.00,,
11.639728601,22375485835,,instructions,1605765816,100.00,3.72,insn per cycle
11.639728601,6021406824,,cycles,1605753611,100.00,,
11.740092891,57683,,rD044,1605761156,100.00,,
11.740092891,144260292,,rFF44,1605792027,100.00,,
11.740092891,22406650165,,instructions,1605340510,100.00,3.72,insn per cycle
11.740092891,6019958177,,cycles,1605358793,100.00,,
11.840445001,58838,,rD044,1605536950,100.00,,
11.840445001,146294438,,rFF44,1605590105,100.00,,
11.840445001,22668872217,,instructions,1605619086,100.00,3.77,insn per cycle
11.840445001,6020915182,,cycles,1605643523,100.00,,
11.940815112,58669,,rD044,1605800515,100.00,,
11.940815112,145758979,,rFF44,1605685490,100.00,,
11.940815112,22611403470,,instructions,1605639649,100.00,3.76,insn per cycle
11.940815112,6020873417,,cycles,1605617797,100.00,,
12.041162042,59155,,rD044,1605406180,100.00,,
12.041162042,146385720,,rFF44,1605410573,100.00,,
12.041162042,22683501824,,instructions,1605416456,100.00,3.77,insn per cycle
12.041162042,6020221758,,cycles,1605414798,100.00,,
12.141503942,58642,,rD044,1605413585,100.00,,
12.141503942,144267815,,rFF44,1605453952,100.00,,
12.141503942,22407718476,,instructions,1605472899,100.00,3.72,insn per cycle
12.141503942,6020612657,,cycles,1605516459,100.00,,
12.241850452,58133,,rD044,1605296910,100.00,,
12.241850452,144231463,,rFF44,1605243351,100.00,,
12.241850452,22403119783,,instructions,1605198316,100.00,3.72,insn per cycle
12.241850452,6019312074,,cycles,1605180426,100.00,,
12.342192952,57776,,rD044,1605436946,100.00,,
12.342192952,146138365,,rFF44,1605437115,100.00,,
12.342192952,22635260190,,instructions,1605448080,100.00,3.76,insn per cycle
12.342192952,6020225148,,cycles,1605413570,100.00,,
12.442536462,57122,,rD044,1605469759,100.00,,
12.442536462,142529934,,rFF44,1605532829,100.00,,
12.442536462,22189647542,,instructions,1605536080,100.00,3.69,insn per cycle
12.442536462,6020688750,,cycles,1605536635,100.00,,
12.542879162,57446,,rD044,1605365949,100.00,,
12.542879162,143151311,,rFF44,1605262236,100.00,,
12.542879162,22271360802,,instructions,1605273525,100.00,3.70,insn per cycle
12.542879162,6019687063,,cycles,1605269920,100.00,,
12.643213992,57040,,rD044,1605343627,100.00,,
12.643213992,142476832,,rFF44,1605418330,100.00,,
12.643213992,22180123934,,instructions,1605448280,100.00,3.68,insn per cycle
12.643213992,6020395295,,cycles,1605457363,100.00,,
12.743560642,58451,,rD044,1605508502,100.00,,
12.743560642,140485668,,rFF44,1605543236,100.00,,
12.743560642,21938471470,,instructions,1605492366,100.00,3.64,insn per cycle
12.743560642,6020443036,,cycles,1605471203,100.00,,
12.843905812,56850,,rD044,1605431263,100.00,,
12.843905812,141312287,,rFF44,1605391749,100.00,,
12.843905812,22037229032,,instructions,1605422649,100.00,3.66,insn per cycle
12.843905812,6020331457,,cycles,1605444222,100.00,,
12.944249962,56145,,rD044,1605411360,100.00,,
12.944249962,139655663,,rFF44,1605394889,100.00,,
12.944249962,21845504953,,instructions,1605395846,100.00,3.63,insn per cycle
12.944249962,6020183833,,cycles,1605409963,100.00,,
13.044592602,58511,,rD044,1605440936,100.00,,
13.044592602,145988263,,rFF44,1605437307,100.00,,
13.044592602,22622767285,,instructions,1605432460,100.00,3.76,insn per cycle
13.044592602,6020140062,,cycles,1605392020,100.00,,
13.144965992,57803,,rD044,1605743039,100.00,,
13.144965992,145022125,,rFF44,1605744499,100.00,,
13.144965992,22498362093,,instructions,1605740795,100.00,3.74,insn per cycle
13.144965992,6021448413,,cycles,1605742055,100.00,,
13.245303732,57542,,rD044,1605403736,100.00,,
13.245303732,142862553,,rFF44,1605423816,100.00,,
13.245303732,22235716738,,instructions,1605420830,100.00,3.69,insn per cycle
13.245303732,6020401982,,cycles,1605461230,100.00,,
13.345652582,56703,,rD044,1605535229,100.00,,
13.345652582,141021800,,rFF44,1605578302,100.00,,
13.345652582,21994825321,,instructions,1605600955,100.00,3.65,insn per cycle
13.345652582,6021239521,,cycles,1605684595,100.00,,
13.446015663,58249,,rD044,1605739186,100.00,,
13.446015663,143558517,,rFF44,1605723563,100.00,,
13.446015663,22320740278,,instructions,1605741440,100.00,3.71,insn per cycle
13.446015663,6021173232,,cycles,1605667740,100.00,,
13.546367283,56689,,rD044,1605530860,100.00,,
13.546367283,141529187,,rFF44,1605468141,100.00,,
13.546367283,22075922611,,instructions,1605432846,100.00,3.67,insn per cycle
13.546367283,6020181557,,cycles,1605400896,100.00,,
13.646705323,58299,,rD044,1605341112,100.00,,
13.646705323,143906593,,rFF44,1605399874,100.00,,
13.646705323,22344927520,,instructions,1605520429,100.00,3.71,insn per cycle
13.646705323,6022015675,,cycles,1605891479,100.00,,
13.747078903,58807,,rD044,1605906653,100.00,,
13.747078903,144141290,,rFF44,1605846880,100.00,,
13.747078903,22368615539,,instructions,1605743066,100.00,3.72,insn per cycle
13.747078903,6020139863,,cycles,1605391596,100.00,,
13.847423613,58231,,rD044,1605505845,100.00,,
13.847423613,143780648,,rFF44,1605587146,100.00,,
13.847423613,22351641591,,instructions,1605577210,100.00,3.71,insn per cycle
13.847423613,6020772762,,cycles,1605563530,100.00,,
13.947777913,58719,,rD044,1605656161,100.00,,
13.947777913,145139428,,rFF44,1605697631,100.00,,
13.947777913,22498776678,,instructions,1605683326,100.00,3.74,insn per cycle
13.947777913,6021221676,,cycles,1605679046,100.00,,
14.048134803,57911,,rD044,1605561284,100.00,,
14.048134803,143376928,,rFF44,1605528594,100.00,,
14.048134803,22287296037,,instructions,1605564419,100.00,3.70,insn per cycle
14.048134803,6020756504,,cycles,1605560199,100.00,,
14.148482864,56494,,rD044,1605368080,100.00,,
14.148482864,142554453,,rFF44,1605273429,100.00,,
14.148482864,22197451446,,instructions,1605243409,100.00,3.69,insn per cycle
14.148482864,6019606770,,cycles,1605250215,100.00,,
14.248820563,57021,,rD044,1605480251,100.00,,
14.248820563,140084207,,rFF44,1605527556,100.00,,
14.248820563,21892153550,,instructions,1605529476,100.00,3.64,insn per cycle
14.248820563,6020734254,,cycles,1605549360,100.00,,
14.349175744,59734,,rD044,1605526795,100.00,,
14.349175744,142912564,,rFF44,1605530190,100.00,,
14.349175744,22239477501,,instructions,1605537594,100.00,3.69,insn per cycle
14.349175744,6020592163,,cycles,1605512746,100.00,,
14.449525914,58672,,rD044,1605563938,100.00,,
14.449525914,141201684,,rFF44,1605581356,100.00,,
14.449525914,22016380461,,instructions,1605569312,100.00,3.66,insn per cycle
14.449525914,6020811601,,cycles,1605572750,100.00,,
14.549870714,57129,,rD044,1605382157,100.00,,
14.549870714,140344166,,rFF44,1605310059,100.00,,
14.549870714,21929549689,,instructions,1605343009,100.00,3.64,insn per cycle
14.549870714,6020019180,,cycles,1605357580,100.00,,
14.650210654,56997,,rD044,1605441070,100.00,,
14.650210654,140739584,,rFF44,1605472136,100.00,,
14.650210654,21970030092,,instructions,1605450726,100.00,3.65,insn per cycle
14.650210654,6020332808,,cycles,1605440975,100.00,,
14.750552654,58004,,rD044,1605387366,100.00,,
14.750552654,144165874,,rFF44,1605379120,100.00,,
14.750552654,22405841558,,instructions,1605389170,100.00,3.72,insn per cycle
14.750552654,6020149115,,cycles,1605396180,100.00,,
14.850893154,56514,,rD044,1605415100,100.00,,
14.850893154,139594994,,rFF44,1605444676,100.00,,
14.850893154,21823679306,,instructions,1605416786,100.00,3.63,insn per cycle
14.850893154,6020127240,,cycles,1605388886,100.00,,
14.951276194,57625,,rD044,1606085316,100.00,,
14.951276194,143376203,,rFF44,1606060240,100.00,,
14.951276194,22286711517,,instructions,1606049860,100.00,3.70,insn per cycle
14.951276194,6022678833,,cycles,1606067784,100.00,,
15.051620924,56764,,rD044,1605373970,100.00,,
15.051620924,141504086,,rFF44,1605334950,100.00,,
15.051620924,22051865493,,instructions,1605342106,100.00,3.66,insn per cycle
15.051620924,6019950728,,cycles,1605341612,100.00,,
15.151966894,58106,,rD044,1605300994,100.00,,
15.151966894,146896582,,rFF44,1605249484,100.00,,
15.151966894,22726765729,,instructions,1605232658,100.00,3.78,insn per cycle
15.151966894,6019659184,,cycles,1605264968,100.00,,
15.252298914,57161,,rD044,1605336789,100.00,,
15.252298914,141324294,,rFF44,1605449229,100.00,,
15.252298914,22026020467,,instructions,1605502843,100.00,3.66,insn per cycle
15.252298914,6020557873,,cycles,1605501075,100.00,,
15.352644154,217394,,rD044,1601411971,100.00,,
15.352644154,121616582,,rFF44,1601364145,100.00,,
15.352644154,19482817231,,instructions,1601302011,100.00,3.24,insn per cycle
15.352644154,6004560993,,cycles,1601240739,100.00,,
15.356853563,23807,,rD044,16087785,100.00,,
15.356853563,159918,,rFF44,15302121,100.00,,
15.356853563,38675147,,instructions,14726741,100.00,0.73,insn per cycle
15.356853563,52829815,,cycles,14154991,100.00,,
