0.100133131,4586775,,rD044,92612516,100.00,,
0.100133131,20251648,,rFF44,92618506,100.00,,
0.100133131,439520808,,instructions,92623036,100.00,1.28,insn per cycle
0.100133131,343469535,,cycles,92627136,100.00,,
0.200432634,5492093,,rD044,100281025,100.00,,
0.200432634,24000416,,rFF44,100281045,100.00,,
0.200432634,506214880,,instructions,100281065,100.00,1.35,insn per cycle
0.200432634,376031265,,cycles,100281115,100.00,,
0.300641875,5493005,,rD044,100207375,100.00,,
0.300641875,23996854,,rFF44,100206885,100.00,,
0.300641875,505219383,,instructions,100206945,100.00,1.34,insn per cycle
0.300641875,375774686,,cycles,100207065,100.00,,
0.400853317,6765974,,rD044,100210614,100.00,,
0.400853317,29217366,,rFF44,100211294,100.00,,
0.400853317,81341987,,instructions,100211054,100.00,0.22,insn per cycle
0.400853317,375789375,,cycles,100211185,100.00,,
0.501063309,6935910,,rD044,100208865,100.00,,
0.501063309,30314040,,rFF44,100209095,100.00,,
0.501063309,37845771,,instructions,100209845,100.00,0.10,insn per cycle
0.501063309,375787799,,cycles,100210564,100.00,,
0.601360711,24190779,,rD044,6539333533,100.00,,
0.601360711,379817323,,rFF44,6665362237,100.00,,
0.601360711,58598619706,,instructions,6780067772,100.00,2.27,insn per cycle
0.601360711,25828433806,,cycles,6890314264,100.00,,
0.705570767,38618416,,rD044,13333368154,100.00,,
0.705570767,784613432,,rFF44,13324435733,100.00,,
0.705570767,121950122770,,instructions,13318059447,100.00,2.44,insn per cycle
0.705570767,49918785313,,cycles,13311799604,100.00,,
0.809481330,39171609,,rD044,13290376242,100.00,,
0.809481330,779499046,,rFF44,13282463919,100.00,,
0.809481330,121082776751,,instructions,13280031447,100.00,2.43,insn per cycle
0.809481330,49784688067,,cycles,13276076811,100.00,,
0.913200660,39928850,,rD044,13283261800,100.00,,
0.913200660,783632786,,rFF44,13286851496,100.00,,
0.913200660,121632511066,,instructions,13283810769,100.00,2.44,insn per cycle
0.913200660,49792392014,,cycles,13278116635,100.00,,
1.016970811,39334356,,rD044,13258509959,100.00,,
1.016970811,783279022,,rFF44,13237851127,100.00,,
1.016970811,121555776471,,instructions,13242498917,100.00,2.45,insn per cycle
1.016970811,49690743904,,cycles,13251030323,100.00,,
1.120468629,39983772,,rD044,13265054882,100.00,,
1.120468629,786586746,,rFF44,13282412730,100.00,,
1.120468629,121857788453,,instructions,13276742257,100.00,2.45,insn per cycle
1.120468629,49785458052,,cycles,13276259547,100.00,,
1.224236650,39553476,,rD044,13285101559,100.00,,
1.224236650,786520509,,rFF44,13292325183,100.00,,
1.224236650,122001246704,,instructions,13295367287,100.00,2.45,insn per cycle
1.224236650,49862066724,,cycles,13296648192,100.00,,
1.328079462,39657792,,rD044,13290603946,100.00,,
1.328079462,785784721,,rFF44,13279421547,100.00,,
1.328079462,121804597481,,instructions,13275385763,100.00,2.45,insn per cycle
1.328079462,49684289232,,cycles,13249296692,100.00,,
1.431575960,39148325,,rD044,13244451856,100.00,,
1.431575960,784245308,,rFF44,13249386807,100.00,,
1.431575960,121624354536,,instructions,13249835028,100.00,2.44,insn per cycle
1.431575960,49765344131,,cycles,13271003543,100.00,,
1.535312181,40558962,,rD044,13284049970,100.00,,
1.535312181,785051626,,rFF44,13287914109,100.00,,
1.535312181,121808984819,,instructions,13286643894,100.00,2.44,insn per cycle
1.535312181,49827797534,,cycles,13287566209,100.00,,
1.639118303,39489852,,rD044,13278688911,100.00,,
1.639118303,785460677,,rFF44,13263518532,100.00,,
1.639118303,121668960857,,instructions,13255223648,100.00,2.45,insn per cycle
1.639118303,49699788307,,cycles,13253383087,100.00,,
1.742689171,40277161,,rD044,13270702683,100.00,,
1.742689171,785365620,,rFF44,13284936482,100.00,,
1.742689171,121868036260,,instructions,13290895686,100.00,2.45,insn per cycle
1.742689171,49838446228,,cycles,13290386493,100.00,,
1.846484103,40152351,,rD044,13272879723,100.00,,
1.846484103,781174245,,rFF44,13235993794,100.00,,
1.846484103,121308760273,,instructions,13243929775,100.00,2.44,insn per cycle
1.846484103,49693625558,,cycles,13251809111,100.00,,
1.950011161,40311507,,rD044,13254713464,100.00,,
1.950011161,788637975,,rFF44,13298379975,100.00,,
1.950011161,122144732635,,instructions,13291172902,100.00,2.45,insn per cycle
1.950011161,49807444967,,cycles,13282212278,100.00,,
2.053852023,40181538,,rD044,13294136491,100.00,,
2.053852023,782005790,,rFF44,13288744226,100.00,,
2.053852023,121597141473,,instructions,13296245484,100.00,2.44,insn per cycle
2.053852023,49892664003,,cycles,13305140219,100.00,,
2.157847177,40534687,,rD044,13311631904,100.00,,
2.157847177,785023629,,rFF44,13311291012,100.00,,
2.157847177,121742655840,,instructions,13302095515,100.00,2.44,insn per cycle
2.157847177,49847692262,,cycles,13293277161,100.00,,
2.261540717,41026616,,rD044,13268812318,100.00,,
2.261540717,783407962,,rFF44,13267165149,100.00,,
2.261540717,121599354308,,instructions,13271125048,100.00,2.44,insn per cycle
2.261540717,49774693045,,cycles,13273841663,100.00,,
2.365318188,41054893,,rD044,13280497592,100.00,,
2.365318188,785301046,,rFF44,13281755711,100.00,,
2.365318188,121806159449,,instructions,13281909170,100.00,2.45,insn per cycle
2.365318188,49808778476,,cycles,13282649501,100.00,,
2.469108049,41105422,,rD044,13287594796,100.00,,
2.469108049,787488863,,rFF44,13286501382,100.00,,
2.469108049,121934032423,,instructions,13276193461,100.00,2.45,insn per cycle
2.469108049,49769290731,,cycles,13271909884,100.00,,
2.572768349,39494000,,rD044,13264774839,100.00,,
2.572768349,784531366,,rFF44,13264618081,100.00,,
2.572768349,121752126066,,instructions,13272222533,100.00,2.45,insn per cycle
2.572768349,49788692501,,cycles,13277092821,100.00,,
2.676572450,40984866,,rD044,13289017860,100.00,,
2.676572450,785914665,,rFF44,13268948584,100.00,,
2.676572450,121485696144,,instructions,13242921409,100.00,2.45,insn per cycle
2.676572450,49639299038,,cycles,13237213902,100.00,,
2.779920307,40520974,,rD044,13228489817,100.00,,
2.779920307,783529379,,rFF44,13248978793,100.00,,
2.779920307,121892793694,,instructions,13283259340,100.00,2.45,insn per cycle
2.779920307,49847494333,,cycles,13292753839,100.00,,
2.883828010,41354913,,rD044,13297623336,100.00,,
2.883828010,786212640,,rFF44,13292984440,100.00,,
2.883828010,121865616915,,instructions,13288121485,100.00,2.45,insn per cycle
2.883828010,49817704899,,cycles,13284852307,100.00,,
2.987618421,40288053,,rD044,13282450374,100.00,,
2.987618421,786566780,,rFF44,13297831632,100.00,,
2.987618421,121930623361,,instructions,13297605086,100.00,2.45,insn per cycle
2.987618421,49842619919,,cycles,13291509151,100.00,,
3.091402762,40730864,,rD044,13287440194,100.00,,
3.091402762,784680771,,rFF44,13278204604,100.00,,
3.091402762,121767936383,,instructions,13282089377,100.00,2.44,insn per cycle
3.091402762,49843582937,,cycles,13291741407,100.00,,
3.195345085,40221467,,rD044,13302095945,100.00,,
3.195345085,785953186,,rFF44,13294958328,100.00,,
3.195345085,121915281532,,instructions,13295505238,100.00,2.45,insn per cycle
3.195345085,49857578505,,cycles,13295502418,100.00,,
3.299268098,40034265,,rD044,13298673515,100.00,,
3.299268098,787837156,,rFF44,13299480205,100.00,,
3.299268098,122031846456,,instructions,13291785446,100.00,2.45,insn per cycle
3.299268098,49820513133,,cycles,13285590395,100.00,,
3.381681552,23253993,,rD044,9762476261,100.00,,
3.381681552,455491303,,rFF44,9654089676,100.00,,
3.381681552,75308685224,,instructions,9556057190,100.00,2.12,insn per cycle
3.381681552,35464906145,,cycles,9457817797,100.00,,
