0.100118453,4316520,,rD044,89424620,100.00,,
0.100118453,19302810,,rFF44,89430720,100.00,,
0.100118453,419926782,,instructions,89435380,100.00,1.27,insn per cycle
0.100118453,331387401,,cycles,89440710,100.00,,
0.200355118,5511077,,rD044,100232265,100.00,,
0.200355118,24000850,,rFF44,100232835,100.00,,
0.200355118,505161196,,instructions,100232705,100.00,1.34,insn per cycle
0.200355118,375868936,,cycles,100231865,100.00,,
0.300542782,5488982,,rD044,100185936,100.00,,
0.300542782,23999220,,rFF44,100185176,100.00,,
0.300542782,506272848,,instructions,100185576,100.00,1.35,insn per cycle
0.300542782,375694938,,cycles,100185886,100.00,,
0.400742457,6698714,,rD044,100199095,100.00,,
0.400742457,29025021,,rFF44,100199205,100.00,,
0.400742457,101646742,,instructions,100199015,100.00,0.27,insn per cycle
0.400742457,375745623,,cycles,100198975,100.00,,
0.500934271,6928118,,rD044,100171366,100.00,,
0.500934271,30284852,,rFF44,100171446,100.00,,
0.500934271,37752280,,instructions,100172336,100.00,0.10,insn per cycle
0.500934271,375611807,,cycles,100172196,100.00,,
0.601237207,23841831,,rD044,6051614461,100.00,,
0.601237207,346359793,,rFF44,6180989332,100.00,,
0.601237207,53273392980,,instructions,6299479131,100.00,2.21,insn per cycle
0.601237207,24051983103,,cycles,6415957179,100.00,,
0.705644251,39403802,,rD044,13349058901,100.00,,
0.705644251,773535148,,rFF44,13342556871,100.00,,
0.705644251,120634531661,,instructions,13338486024,100.00,2.41,insn per cycle
0.705644251,49955482471,,cycles,13321567563,100.00,,
0.809277766,38309557,,rD044,13268406450,100.00,,
0.809277766,782914409,,rFF44,13267868517,100.00,,
0.809277766,121539379139,,instructions,13261264904,100.00,2.44,insn per cycle
0.809277766,49763330241,,cycles,13270236204,100.00,,
0.913309555,38235089,,rD044,13316713574,100.00,,
0.913309555,788229535,,rFF44,13318556561,100.00,,
0.913309555,122271001620,,instructions,13318551246,100.00,2.45,insn per cycle
0.913309555,49924495043,,cycles,13313251902,100.00,,
1.017459496,37559749,,rD044,13326781334,100.00,,
1.017459496,789078174,,rFF44,13312386249,100.00,,
1.017459496,122238231879,,instructions,13308026265,100.00,2.45,insn per cycle
1.017459496,49965792687,,cycles,13324256321,100.00,,
1.121447915,37908978,,rD044,13315701044,100.00,,
1.121447915,788352238,,rFF44,13335241107,100.00,,
1.121447915,122370045251,,instructions,13342926961,100.00,2.45,insn per cycle
1.121447915,49992713042,,cycles,13331440905,100.00,,
1.225688006,37329772,,rD044,13338781566,100.00,,
1.225688006,789848177,,rFF44,13332537103,100.00,,
1.225688006,122492440209,,instructions,13337258412,100.00,2.45,insn per cycle
1.225688006,50034508942,,cycles,13342608820,100.00,,
1.329802027,36503403,,rD044,13325539737,100.00,,
1.329802027,790645216,,rFF44,13325051929,100.00,,
1.329802027,122437220268,,instructions,13319483167,100.00,2.45,insn per cycle
1.329802027,49933958762,,cycles,13315798845,100.00,,
1.433823066,37169222,,rD044,13311772718,100.00,,
1.433823066,788604030,,rFF44,13310667266,100.00,,
1.433823066,122304948303,,instructions,13313820965,100.00,2.45,insn per cycle
1.433823066,49929259829,,cycles,13314660243,100.00,,
1.537774985,36813403,,rD044,13277511815,100.00,,
1.537774985,786254696,,rFF44,13264206413,100.00,,
1.537774985,121891929314,,instructions,13262380637,100.00,2.45,insn per cycle
1.537774985,49716751775,,cycles,13257884046,100.00,,
1.641389269,37254158,,rD044,13297341091,100.00,,
1.641389269,789600259,,rFF44,13315754373,100.00,,
1.641389269,122318699947,,instructions,13309425182,100.00,2.45,insn per cycle
1.641389269,49905376037,,cycles,13308189959,100.00,,
1.745555660,37278017,,rD044,13337543520,100.00,,
1.745555660,789740581,,rFF44,13342660319,100.00,,
1.745555660,122589931865,,instructions,13354421990,100.00,2.45,insn per cycle
1.745555660,50089813049,,cycles,13357425682,100.00,,
1.849705761,36695196,,rD044,13319027483,100.00,,
1.849705761,787620102,,rFF44,13281817894,100.00,,
1.849705761,121602037257,,instructions,13242167634,100.00,2.45,insn per cycle
1.849705761,49648359851,,cycles,13239666335,100.00,,
1.953224224,36156853,,rD044,13258667649,100.00,,
1.953224224,786495116,,rFF44,13286181544,100.00,,
1.953224224,122343838941,,instructions,13316427604,100.00,2.45,insn per cycle
1.953224224,49952191078,,cycles,13320654078,100.00,,
2.057276244,37189833,,rD044,13310098729,100.00,,
2.057276244,788188456,,rFF44,13311608498,100.00,,
2.057276244,122333435364,,instructions,13323508165,100.00,2.45,insn per cycle
2.057276244,49978256538,,cycles,13327584608,100.00,,
2.161428165,36346780,,rD044,13331215365,100.00,,
2.161428165,788898790,,rFF44,13327108674,100.00,,
2.161428165,122202032977,,instructions,13316700012,100.00,2.45,insn per cycle
2.161428165,49811054993,,cycles,13283042649,100.00,,
2.265133320,37508973,,rD044,13277048756,100.00,,
2.265133320,783282443,,rFF44,13284806262,100.00,,
2.265133320,121685954440,,instructions,13296569646,100.00,2.43,insn per cycle
2.265133320,49977140118,,cycles,13327489780,100.00,,
2.369279821,36374289,,rD044,13331554517,100.00,,
2.369279821,789156433,,rFF44,13323779297,100.00,,
2.369279821,122343942007,,instructions,13321003360,100.00,2.45,insn per cycle
2.369279821,49983577037,,cycles,13329009698,100.00,,
2.473519913,36945173,,rD044,13337049452,100.00,,
2.473519913,789988018,,rFF44,13332512510,100.00,,
2.473519913,122401441194,,instructions,13328705534,100.00,2.45,insn per cycle
2.473519913,49941416021,,cycles,13317833278,100.00,,
2.577425061,38450203,,rD044,13301017722,100.00,,
2.577425061,787370914,,rFF44,13300927175,100.00,,
2.577425061,122080335666,,instructions,13299063350,100.00,2.45,insn per cycle
2.577425061,49871826065,,cycles,13299243209,100.00,,
2.681392269,37018415,,rD044,13313163752,100.00,,
2.681392269,788722561,,rFF44,13316967447,100.00,,
2.681392269,122238250605,,instructions,13310155207,100.00,2.45,insn per cycle
2.681392269,49925864030,,cycles,13313630457,100.00,,
2.785419469,37312185,,rD044,13314695410,100.00,,
2.785419469,789748969,,rFF44,13318224383,100.00,,
2.785419469,122425604839,,instructions,13322881760,100.00,2.45,insn per cycle
2.785419469,49957484199,,cycles,13322091719,100.00,,
2.889544849,37243676,,rD044,13322563069,100.00,,
2.889544849,789597966,,rFF44,13324062244,100.00,,
2.889544849,122469672574,,instructions,13328523269,100.00,2.45,insn per cycle
2.889544849,50017897131,,cycles,13338203317,100.00,,
2.993876342,35956072,,rD044,13354181566,100.00,,
2.993876342,790577178,,rFF44,13346242237,100.00,,
2.993876342,122558219379,,instructions,13342367069,100.00,2.45,insn per cycle
2.993876342,50004522235,,cycles,13334589235,100.00,,
3.097960442,37572452,,rD044,13325105848,100.00,,
3.097960442,789066464,,rFF44,13332004165,100.00,,
3.097960442,122257171825,,instructions,13327687189,100.00,2.45,insn per cycle
3.097960442,49944239327,,cycles,13319365738,100.00,,
3.201999742,37504873,,rD044,13317746703,100.00,,
3.201999742,788321559,,rFF44,13320961106,100.00,,
3.201999742,122259482444,,instructions,13322840733,100.00,2.45,insn per cycle
3.201999742,49963726475,,cycles,13323729367,100.00,,
3.306066191,36097440,,rD044,13309041789,100.00,,
3.306066191,784883140,,rFF44,13269148194,100.00,,
3.306066191,121713806044,,instructions,13266206785,100.00,2.45,insn per cycle
3.306066191,49756036944,,cycles,13268407636,100.00,,
3.385179129,19731673,,rD044,9348924461,100.00,,
3.385179129,420985821,,rFF44,9263034712,100.00,,
3.385179129,70432223602,,instructions,9157524551,100.00,2.08,insn per cycle
3.385179129,33935725360,,cycles,9050033359,100.00,,
