0.100129934,4694790,,rD044,93909554,100.00,,
0.100129934,20691480,,rFF44,93915514,100.00,,
0.100129934,448422067,,instructions,93919494,100.00,1.29,insn per cycle
0.100129934,348083042,,cycles,93925014,100.00,,
0.200381470,5492034,,rD044,100247215,100.00,,
0.200381470,23991792,,rFF44,100247065,100.00,,
0.200381470,505877241,,instructions,100247485,100.00,1.35,insn per cycle
0.200381470,375923676,,cycles,100246795,100.00,,
0.300596475,5494531,,rD044,100214074,100.00,,
0.300596475,23984568,,rFF44,100214114,100.00,,
0.300596475,505407434,,instructions,100214654,100.00,1.34,insn per cycle
0.300596475,375803838,,cycles,100214834,100.00,,
0.400812340,6748218,,rD044,100214225,100.00,,
0.400812340,28820550,,rFF44,100214565,100.00,,
0.400812340,74877101,,instructions,100213945,100.00,0.20,insn per cycle
0.400812340,375803784,,cycles,100214825,100.00,,
0.501032355,6907020,,rD044,100220275,100.00,,
0.501032355,30028313,,rFF44,100220375,100.00,,
0.501032355,37454965,,instructions,100220445,100.00,0.10,insn per cycle
0.501032355,375819403,,cycles,100218995,100.00,,
0.601235451,3031620,,rD044,490399999,100.00,,
0.601235451,54950082,,rFF44,490644239,100.00,,
0.601235451,6443438435,,instructions,490804769,100.00,3.50,insn per cycle
0.601235451,1840355010,,cycles,490957489,100.00,,
0.701516847,31218,,rD044,802180450,100.00,,
0.701516847,74872138,,rFF44,802154290,100.00,,
0.701516847,11538350826,,instructions,802149730,100.00,3.84,insn per cycle
0.701516847,3007995543,,cycles,802149580,100.00,,
0.801790193,35787,,rD044,802191060,100.00,,
0.801790193,70961173,,rFF44,802198160,100.00,,
0.801790193,11070331498,,instructions,802186150,100.00,3.68,insn per cycle
0.801790193,3008136497,,cycles,802173781,100.00,,
0.902084969,29358,,rD044,802352570,100.00,,
0.902084969,74953771,,rFF44,802357805,100.00,,
0.902084969,11554484921,,instructions,802368258,100.00,3.84,insn per cycle
0.902084969,3008892765,,cycles,802375707,100.00,,
1.002365435,36576,,rD044,802227123,100.00,,
1.002365435,70007114,,rFF44,802213243,100.00,,
1.002365435,10946526420,,instructions,802198920,100.00,3.64,insn per cycle
1.002365435,3008192194,,cycles,802188630,100.00,,
1.102638741,28483,,rD044,802182485,100.00,,
1.102638741,75355395,,rFF44,802172940,100.00,,
1.102638741,11621921997,,instructions,802181070,100.00,3.86,insn per cycle
1.102638741,3008140542,,cycles,802178740,100.00,,
1.202910606,34406,,rD044,802251840,100.00,,
1.202910606,71617059,,rFF44,802281040,100.00,,
1.202910606,11147740716,,instructions,802294470,100.00,3.71,insn per cycle
1.202910606,3008654486,,cycles,802311030,100.00,,
1.303199803,28755,,rD044,802239460,100.00,,
1.303199803,74296199,,rFF44,802235070,100.00,,
1.303199803,11460740208,,instructions,802227500,100.00,3.81,insn per cycle
1.303199803,3008316293,,cycles,802222040,100.00,,
1.403478769,33967,,rD044,802234970,100.00,,
1.403478769,68603222,,rFF44,802232800,100.00,,
1.403478769,10770357229,,instructions,802225980,100.00,3.58,insn per cycle
1.403478769,3008299805,,cycles,802217400,100.00,,
1.503754535,32829,,rD044,802159520,100.00,,
1.503754535,74317626,,rFF44,802144950,100.00,,
1.503754535,11464507689,,instructions,802146620,100.00,3.81,insn per cycle
1.503754535,3008004375,,cycles,802147620,100.00,,
1.604026090,30307,,rD044,802142940,100.00,,
1.604026090,69409280,,rFF44,802143180,100.00,,
1.604026090,10882039493,,instructions,802152010,100.00,3.62,insn per cycle
1.604026090,3008036534,,cycles,802152366,100.00,,
1.704292826,32499,,rD044,802127830,100.00,,
1.704292826,72249473,,rFF44,802124800,100.00,,
1.704292826,11227916311,,instructions,802119274,100.00,3.73,insn per cycle
1.704292826,3007966458,,cycles,802128302,100.00,,
1.804563372,30234,,rD044,802170200,100.00,,
1.804563372,71667218,,rFF44,802183175,100.00,,
1.804563372,11138819154,,instructions,802176614,100.00,3.70,insn per cycle
1.804563372,3008129325,,cycles,802171120,100.00,,
1.904845008,30619,,rD044,802238454,100.00,,
1.904845008,68079428,,rFF44,802219483,100.00,,
1.904845008,10686504246,,instructions,802231810,100.00,3.55,insn per cycle
1.904845008,3009005745,,cycles,802405980,100.00,,
2.005152604,31240,,rD044,802471134,100.00,,
2.005152604,71676517,,rFF44,802486180,100.00,,
2.005152604,11155191861,,instructions,802486230,100.00,3.71,insn per cycle
2.005152604,3008655768,,cycles,802312160,100.00,,
2.105453771,35717,,rD044,802396340,100.00,,
2.105453771,71166395,,rFF44,802391550,100.00,,
2.105453771,11081186661,,instructions,802389180,100.00,3.68,insn per cycle
2.105453771,3008951187,,cycles,802393360,100.00,,
2.205729077,28351,,rD044,802193370,100.00,,
2.205729077,74856810,,rFF44,802186540,100.00,,
2.205729077,11543444648,,instructions,802187740,100.00,3.84,insn per cycle
2.205729077,3008206931,,cycles,802192490,100.00,,
2.306003692,34582,,rD044,802205200,100.00,,
2.306003692,69566985,,rFF44,802216010,100.00,,
2.306003692,10891731081,,instructions,802205570,100.00,3.62,insn per cycle
2.306003692,3008233213,,cycles,802199538,100.00,,
2.406280639,28395,,rD044,802214470,100.00,,
2.406280639,74665026,,rFF44,802232434,100.00,,
2.406280639,11510302064,,instructions,802237698,100.00,3.83,insn per cycle
2.406280639,3008350511,,cycles,802230460,100.00,,
2.506558584,32861,,rD044,802218253,100.00,,
2.506558584,65364833,,rFF44,802196334,100.00,,
2.506558584,10363569183,,instructions,802196150,100.00,3.45,insn per cycle
2.506558584,3008236546,,cycles,802199910,100.00,,
2.606838120,29007,,rD044,802197925,100.00,,
2.606838120,74656724,,rFF44,802196610,100.00,,
2.606838120,11508626524,,instructions,802197170,100.00,3.83,insn per cycle
2.606838120,3008409864,,cycles,802258020,100.00,,
2.707113746,34752,,rD044,802188820,100.00,,
2.707113746,71065928,,rFF44,802190160,100.00,,
2.707113746,11081718077,,instructions,802192260,100.00,3.68,insn per cycle
2.707113746,3008022817,,cycles,802143320,100.00,,
2.807389262,28806,,rD044,802199410,100.00,,
2.807389262,75190889,,rFF44,802187030,100.00,,
2.807389262,11587410392,,instructions,802175700,100.00,3.85,insn per cycle
2.807389262,3008079919,,cycles,802165170,100.00,,
2.907668568,35089,,rD044,802241420,100.00,,
2.907668568,72749955,,rFF44,802265930,100.00,,
2.907668568,11295900524,,instructions,802277730,100.00,3.75,insn per cycle
2.907668568,3008519403,,cycles,802275500,100.00,,
3.007951064,29326,,rD044,802253030,100.00,,
3.007951064,75207585,,rFF44,802235260,100.00,,
3.007951064,11584255711,,instructions,802226520,100.00,3.85,insn per cycle
3.007951064,3008336776,,cycles,802227150,100.00,,
3.108226820,36094,,rD044,802197870,100.00,,
3.108226820,73471589,,rFF44,802217260,100.00,,
3.108226820,11371670473,,instructions,802222260,100.00,3.78,insn per cycle
3.108226820,3008313659,,cycles,802220888,100.00,,
3.208505716,28793,,rD044,802229980,100.00,,
3.208505716,75019788,,rFF44,802222593,100.00,,
3.208505716,11554477921,,instructions,802227918,100.00,3.84,insn per cycle
3.208505716,3008363285,,cycles,802234080,100.00,,
3.308784462,34874,,rD044,802224143,100.00,,
3.308784462,69083771,,rFF44,802224895,100.00,,
3.308784462,10840149655,,instructions,802222320,100.00,3.60,insn per cycle
3.308784462,3008297136,,cycles,802220490,100.00,,
3.409073478,28681,,rD044,802305515,100.00,,
3.409073478,74972908,,rFF44,802312360,100.00,,
3.409073478,11549386280,,instructions,802314270,100.00,3.84,insn per cycle
3.409073478,3008671248,,cycles,802316260,100.00,,
3.509354274,34850,,rD044,802232799,100.00,,
3.509354274,69930538,,rFF44,802219769,100.00,,
3.509354274,10943123198,,instructions,802214769,100.00,3.64,insn per cycle
3.509354274,3008259757,,cycles,802212519,100.00,,
3.609633750,29239,,rD044,802201640,100.00,,
3.609633750,75077788,,rFF44,802204460,100.00,,
3.609633750,11567425199,,instructions,802206550,100.00,3.85,insn per cycle
3.609633750,3008230450,,cycles,802204180,100.00,,
3.709911046,35473,,rD044,802352610,100.00,,
3.709911046,73277793,,rFF44,802472760,100.00,,
3.709911046,11353515323,,instructions,802475570,100.00,3.77,insn per cycle
3.709911046,3009305898,,cycles,802485657,100.00,,
3.810221933,28992,,rD044,802341360,100.00,,
3.810221933,75356567,,rFF44,802221290,100.00,,
3.810221933,11617975171,,instructions,802212208,100.00,3.86,insn per cycle
3.810221933,3008232967,,cycles,802199031,100.00,,
3.910545459,35240,,rD044,802576698,100.00,,
3.910545459,72714717,,rFF44,802567058,100.00,,
3.910545459,11288407684,,instructions,802566690,100.00,3.75,insn per cycle
3.910545459,3009650331,,cycles,802577370,100.00,,
4.010820345,28689,,rD044,802204980,100.00,,
4.010820345,74729147,,rFF44,802213830,100.00,,
4.010820345,11526488474,,instructions,802223900,100.00,3.83,insn per cycle
4.010820345,3008286675,,cycles,802213890,100.00,,
4.111110491,36505,,rD044,802303900,100.00,,
4.111110491,72598905,,rFF44,802301240,100.00,,
4.111110491,11272164443,,instructions,802298060,100.00,3.75,insn per cycle
4.111110491,3008635085,,cycles,802306190,100.00,,
4.211382397,32520,,rD044,802174840,100.00,,
4.211382397,74435611,,rFF44,802177200,100.00,,
4.211382397,11495211795,,instructions,802169850,100.00,3.82,insn per cycle
4.211382397,3008085075,,cycles,802160180,100.00,,
4.311656643,30975,,rD044,802190690,100.00,,
4.311656643,72444201,,rFF44,802187960,100.00,,
4.311656643,11264803916,,instructions,802200650,100.00,3.74,insn per cycle
4.311656643,3008259640,,cycles,802206553,100.00,,
4.411942309,35640,,rD044,802278550,100.00,,
4.411942309,71736266,,rFF44,802277190,100.00,,
4.411942309,11159190606,,instructions,802265068,100.00,3.71,insn per cycle
4.411942309,3008474313,,cycles,802263485,100.00,,
4.512225365,29236,,rD044,802251133,100.00,,
4.512225365,74867081,,rFF44,802272558,100.00,,
4.512225365,11543409908,,instructions,802278940,100.00,3.84,insn per cycle
4.512225365,3008507238,,cycles,802287380,100.00,,
4.612509851,35539,,rD044,802167725,100.00,,
4.612509851,72294434,,rFF44,802151640,100.00,,
4.612509851,11235886678,,instructions,802150110,100.00,3.74,insn per cycle
4.612509851,3007884842,,cycles,802141100,100.00,,
4.712786457,29586,,rD044,802198420,100.00,,
4.712786457,75280660,,rFF44,802199130,100.00,,
4.712786457,11602237101,,instructions,802195180,100.00,3.86,insn per cycle
4.712786457,3008152507,,cycles,802185190,100.00,,
4.813087423,35188,,rD044,802397200,100.00,,
4.813087423,71847989,,rFF44,802395370,100.00,,
4.813087423,11171104322,,instructions,802400680,100.00,3.71,insn per cycle
4.813087423,3009014476,,cycles,802407690,100.00,,
4.913363739,28008,,rD044,802201840,100.00,,
4.913363739,74980200,,rFF44,802205250,100.00,,
4.913363739,11552670053,,instructions,802201990,100.00,3.84,insn per cycle
4.913363739,3008230353,,cycles,802198810,100.00,,
5.013637735,35434,,rD044,802199170,100.00,,
5.013637735,72963987,,rFF44,802207880,100.00,,
5.013637735,11314601859,,instructions,802206970,100.00,3.76,insn per cycle
5.013637735,3008273011,,cycles,802209877,100.00,,
5.113919461,28553,,rD044,802359940,100.00,,
5.113919461,74991699,,rFF44,802356278,100.00,,
5.113919461,11549662193,,instructions,802362258,100.00,3.84,insn per cycle
5.113919461,3008885382,,cycles,802373301,100.00,,
5.214214007,35324,,rD044,802242027,100.00,,
5.214214007,71557455,,rFF44,802244310,100.00,,
5.214214007,11129391194,,instructions,802242960,100.00,3.70,insn per cycle
5.214214007,3008382016,,cycles,802239200,100.00,,
5.314493583,28848,,rD044,802217091,100.00,,
5.314493583,75028038,,rFF44,802207390,100.00,,
5.314493583,11556533536,,instructions,802200730,100.00,3.84,insn per cycle
5.314493583,3008228691,,cycles,802202830,100.00,,
5.414773529,35136,,rD044,802234800,100.00,,
5.414773529,70396934,,rFF44,802236880,100.00,,
5.414773529,10993517526,,instructions,802242580,100.00,3.65,insn per cycle
5.414773529,3008349552,,cycles,802230560,100.00,,
5.515066505,28758,,rD044,802324950,100.00,,
5.515066505,74499723,,rFF44,802317050,100.00,,
5.515066505,11475529515,,instructions,802326570,100.00,3.81,insn per cycle
5.515066505,3008747811,,cycles,802336760,100.00,,
5.615344641,35328,,rD044,802206330,100.00,,
5.615344641,71864224,,rFF44,802208540,100.00,,
5.615344641,11177938924,,instructions,802195070,100.00,3.72,insn per cycle
5.615344641,3008196022,,cycles,802194080,100.00,,
5.715619157,29590,,rD044,802200520,100.00,,
5.715619157,75317157,,rFF44,802208190,100.00,,
5.715619157,11609624509,,instructions,802215263,100.00,3.86,insn per cycle
5.715619157,3008257176,,cycles,802206258,100.00,,
5.815910583,35310,,rD044,802424655,100.00,,
5.815910583,70526592,,rFF44,802641108,100.00,,
5.815910583,11013941548,,instructions,802644345,100.00,3.66,insn per cycle
5.815910583,3009961197,,cycles,802660170,100.00,,
5.916231120,28461,,rD044,802457373,100.00,,
5.916231120,74399826,,rFF44,802241510,100.00,,
5.916231120,11469797298,,instructions,802239800,100.00,3.81,insn per cycle
5.916231120,3008339440,,cycles,802227660,100.00,,
6.016507246,33689,,rD044,802205840,100.00,,
6.016507246,66386622,,rFF44,802203790,100.00,,
6.016507246,10496055378,,instructions,802206920,100.00,3.49,insn per cycle
6.016507246,3008275118,,cycles,802210730,100.00,,
6.116789202,28572,,rD044,802242340,100.00,,
6.116789202,74531225,,rFF44,802233500,100.00,,
6.116789202,11491517600,,instructions,802229480,100.00,3.82,insn per cycle
6.116789202,3008348067,,cycles,802233610,100.00,,
6.217077788,34115,,rD044,802296550,100.00,,
6.217077788,69419038,,rFF44,802297750,100.00,,
6.217077788,10871069192,,instructions,802288200,100.00,3.61,insn per cycle
6.217077788,3008573136,,cycles,802290015,100.00,,
6.317352844,28587,,rD044,802208740,100.00,,
6.317352844,74077965,,rFF44,802210480,100.00,,
6.317352844,11424687891,,instructions,802217807,100.00,3.80,insn per cycle
6.317352844,3008261619,,cycles,802210763,100.00,,
6.417630060,33440,,rD044,802222581,100.00,,
6.417630060,67374811,,rFF44,802235208,100.00,,
6.417630060,10618369927,,instructions,802231001,100.00,3.53,insn per cycle
6.417630060,3008348722,,cycles,802230100,100.00,,
6.517914086,28870,,rD044,802342637,100.00,,
6.517914086,74672740,,rFF44,802347370,100.00,,
6.517914086,11518572132,,instructions,802351460,100.00,3.83,insn per cycle
6.517914086,3008836019,,cycles,802360190,100.00,,
6.618206452,35128,,rD044,802228510,100.00,,
6.618206452,71610216,,rFF44,802212000,100.00,,
6.618206452,11153357251,,instructions,802207130,100.00,3.71,insn per cycle
6.618206452,3008220696,,cycles,802201320,100.00,,
6.718479968,32601,,rD044,802179160,100.00,,
6.718479968,74170189,,rFF44,802180450,100.00,,
6.718479968,11448836092,,instructions,802183070,100.00,3.81,insn per cycle
6.718479968,3008163777,,cycles,802180810,100.00,,
6.818752784,30591,,rD044,802179290,100.00,,
6.818752784,70943557,,rFF44,802173240,100.00,,
6.818752784,11063385339,,instructions,802169370,100.00,3.68,insn per cycle
6.818752784,3008107495,,cycles,802166120,100.00,,
6.919029550,34722,,rD044,802216190,100.00,,
6.919029550,71267786,,rFF44,802221120,100.00,,
6.919029550,11097277965,,instructions,802221380,100.00,3.69,insn per cycle
6.919029550,3008322148,,cycles,802223040,100.00,,
7.019307586,28786,,rD044,802222290,100.00,,
7.019307586,74346599,,rFF44,802222440,100.00,,
7.019307586,11464829684,,instructions,802227700,100.00,3.81,insn per cycle
7.019307586,3008323027,,cycles,802223458,100.00,,
7.119582842,33982,,rD044,802193780,100.00,,
7.119582842,69773236,,rFF44,802190911,100.00,,
7.119582842,10903091172,,instructions,802187118,100.00,3.62,insn per cycle
7.119582842,3008214476,,cycles,802194110,100.00,,
7.219860468,28253,,rD044,802211402,100.00,,
7.219860468,74686632,,rFF44,802214457,100.00,,
7.219860468,11516384253,,instructions,802319570,100.00,3.83,insn per cycle
7.219860468,3009406131,,cycles,802512480,100.00,,
7.320167334,33840,,rD044,802457576,100.00,,
7.320167334,68151533,,rFF44,802447190,100.00,,
7.320167334,10719309778,,instructions,802339600,100.00,3.56,insn per cycle
7.320167334,3008050662,,cycles,802150590,100.00,,
7.420443450,28793,,rD044,802198590,100.00,,
7.420443450,75359191,,rFF44,802201760,100.00,,
7.420443450,11618121186,,instructions,802208180,100.00,3.86,insn per cycle
7.420443450,3008247948,,cycles,802203040,100.00,,
7.520717696,35085,,rD044,802174690,100.00,,
7.520717696,72413956,,rFF44,802185950,100.00,,
7.520717696,11252456756,,instructions,802185100,100.00,3.74,insn per cycle
7.520717696,3008131858,,cycles,802178510,100.00,,
7.620993872,29189,,rD044,802210910,100.00,,
7.620993872,75154559,,rFF44,802196520,100.00,,
7.620993872,11579635396,,instructions,802190020,100.00,3.85,insn per cycle
7.620993872,3008231251,,cycles,802198720,100.00,,
7.721283008,34359,,rD044,802309100,100.00,,
7.721283008,70381101,,rFF44,802318470,100.00,,
7.721283008,10994720199,,instructions,802323821,100.00,3.65,insn per cycle
7.721283008,3008690948,,cycles,802321698,100.00,,
7.821559144,28507,,rD044,802197120,100.00,,
7.821559144,75082381,,rFF44,802196593,100.00,,
7.821559144,11564405533,,instructions,802197307,100.00,3.84,insn per cycle
7.821559144,3008221538,,cycles,802196010,100.00,,
7.921836870,35018,,rD044,802187183,100.00,,
7.921836870,72197910,,rFF44,802197455,100.00,,
7.921836870,11213974637,,instructions,802204300,100.00,3.73,insn per cycle
7.921836870,3008433065,,cycles,802265600,100.00,,
8.022125716,28835,,rD044,802297095,100.00,,
8.022125716,75258753,,rFF44,802293660,100.00,,
8.022125716,11589236824,,instructions,802281090,100.00,3.85,insn per cycle
8.022125716,3008321067,,cycles,802223070,100.00,,
8.122401472,35062,,rD044,802198220,100.00,,
8.122401472,72669334,,rFF44,802188200,100.00,,
8.122401472,11274103232,,instructions,802188740,100.00,3.75,insn per cycle
8.122401472,3008254912,,cycles,802205110,100.00,,
8.222682248,29722,,rD044,802253350,100.00,,
8.222682248,74345915,,rFF44,802261830,100.00,,
8.222682248,11456275521,,instructions,802274850,100.00,3.81,insn per cycle
8.222682248,3008479817,,cycles,802265140,100.00,,
8.322961504,34536,,rD044,802226050,100.00,,
8.322961504,70414129,,rFF44,802234570,100.00,,
8.322961504,11001157124,,instructions,802228400,100.00,3.66,insn per cycle
8.322961504,3008319954,,cycles,802222610,100.00,,
8.423241790,29243,,rD044,802215720,100.00,,
8.423241790,74887914,,rFF44,802208410,100.00,,
8.423241790,11539325564,,instructions,802206290,100.00,3.84,insn per cycle
8.423241790,3008216850,,cycles,802200343,100.00,,
8.523521036,34750,,rD044,802201750,100.00,,
8.523521036,70240789,,rFF44,802197250,100.00,,
8.523521036,10974936393,,instructions,802195867,100.00,3.65,insn per cycle
8.523521036,3008185344,,cycles,802203815,100.00,,
8.623800712,29672,,rD044,802135021,100.00,,
8.623800712,74613195,,rFF44,802133098,100.00,,
8.623800712,11500933621,,instructions,802125701,100.00,3.82,insn per cycle
8.623800712,3007782887,,cycles,802121150,100.00,,
8.724088248,35110,,rD044,802286397,100.00,,
8.724088248,70322948,,rFF44,802286520,100.00,,
8.724088248,11000208571,,instructions,802290880,100.00,3.66,insn per cycle
8.724088248,3008575031,,cycles,802290760,100.00,,
8.824364004,29138,,rD044,802200720,100.00,,
8.824364004,74829254,,rFF44,802212250,100.00,,
8.824364004,11539794998,,instructions,802223140,100.00,3.84,insn per cycle
8.824364004,3008341696,,cycles,802228500,100.00,,
8.924644250,35389,,rD044,802235880,100.00,,
8.924644250,71535747,,rFF44,802229570,100.00,,
8.924644250,11133020371,,instructions,802214480,100.00,3.70,insn per cycle
8.924644250,3008295655,,cycles,802215990,100.00,,
9.024964306,28447,,rD044,802561580,100.00,,
9.024964306,74284840,,rFF44,802558270,100.00,,
9.024964306,11458624593,,instructions,802566910,100.00,3.81,insn per cycle
9.024964306,3009621268,,cycles,802569305,100.00,,
9.125242312,36375,,rD044,802215960,100.00,,
9.125242312,69637507,,rFF44,802214660,100.00,,
9.125242312,10903846065,,instructions,802213247,100.00,3.62,insn per cycle
9.125242312,3008283561,,cycles,802212713,100.00,,
9.225517078,33132,,rD044,802190900,100.00,,
9.225517078,74423519,,rFF44,802191718,100.00,,
9.225517078,11483828897,,instructions,802188411,100.00,3.82,insn per cycle
9.225517078,3008156847,,cycles,802179530,100.00,,
9.325792364,30686,,rD044,802195085,100.00,,
9.325792364,70446357,,rFF44,802197100,100.00,,
9.325792364,11001799447,,instructions,802204250,100.00,3.66,insn per cycle
9.325792364,3008215899,,cycles,802198850,100.00,,
9.426068810,32920,,rD044,802207943,100.00,,
9.426068810,70803156,,rFF44,802206810,100.00,,
9.426068810,11051755647,,instructions,802203370,100.00,3.67,insn per cycle
9.426068810,3008252397,,cycles,802206210,100.00,,
9.526342056,31080,,rD044,802167920,100.00,,
9.526342056,74805920,,rFF44,802169530,100.00,,
9.526342056,11540373270,,instructions,802172870,100.00,3.84,insn per cycle
9.526342056,3008096261,,cycles,802168970,100.00,,
9.626628322,35561,,rD044,802278180,100.00,,
9.626628322,72145351,,rFF44,802286230,100.00,,
9.626628322,11214646315,,instructions,802281010,100.00,3.73,insn per cycle
9.626628322,3008554626,,cycles,802290340,100.00,,
9.726907518,29627,,rD044,802253430,100.00,,
9.726907518,75518810,,rFF44,802262060,100.00,,
9.726907518,11642457522,,instructions,802268910,100.00,3.87,insn per cycle
9.726907518,3008470409,,cycles,802262990,100.00,,
9.827189014,35509,,rD044,802211850,100.00,,
9.827189014,73925328,,rFF44,802197070,100.00,,
9.827189014,11436535169,,instructions,802194630,100.00,3.80,insn per cycle
9.827189014,3008206000,,cycles,802195064,100.00,,
9.927471150,28224,,rD044,802249310,100.00,,
9.927471150,74617333,,rFF44,802248360,100.00,,
9.927471150,11497638578,,instructions,802254868,100.00,3.82,insn per cycle
9.927471150,3008473133,,cycles,802263004,100.00,,
10.027747216,34393,,rD044,802214781,100.00,,
10.027747216,70896575,,rFF44,802217888,100.00,,
10.027747216,11050639068,,instructions,802213310,100.00,3.67,insn per cycle
10.027747216,3008267753,,cycles,802209110,100.00,,
10.128027492,28795,,rD044,802237307,100.00,,
10.128027492,75581276,,rFF44,802239150,100.00,,
10.128027492,11639633008,,instructions,802239580,100.00,3.87,insn per cycle
10.128027492,3008390775,,cycles,802241420,100.00,,
10.228306908,35120,,rD044,802229370,100.00,,
10.228306908,73489680,,rFF44,802226690,100.00,,
10.228306908,11376556672,,instructions,802228970,100.00,3.78,insn per cycle
10.228306908,3008320213,,cycles,802222410,100.00,,
10.328585914,28823,,rD044,802235010,100.00,,
10.328585914,75090585,,rFF44,802245930,100.00,,
10.328585914,11564410630,,instructions,802239370,100.00,3.84,insn per cycle
10.328585914,3008377309,,cycles,802241120,100.00,,
10.428867160,35186,,rD044,802226810,100.00,,
10.428867160,72456861,,rFF44,802244930,100.00,,
10.428867160,11251359664,,instructions,802298000,100.00,3.74,insn per cycle
10.428867160,3008591141,,cycles,802300710,100.00,,
10.529154996,29269,,rD044,802283420,100.00,,
10.529154996,75141491,,rFF44,802248790,100.00,,
10.529154996,11576305734,,instructions,802195120,100.00,3.85,insn per cycle
10.529154996,3008196427,,cycles,802194730,100.00,,
10.629432792,35578,,rD044,802217190,100.00,,
10.629432792,73724474,,rFF44,802224290,100.00,,
10.629432792,11422798443,,instructions,802237865,100.00,3.80,insn per cycle
10.629432792,3008453415,,cycles,802257948,100.00,,
10.729717568,28545,,rD044,802261150,100.00,,
10.729717568,74822643,,rFF44,802244038,100.00,,
10.729717568,11535171577,,instructions,802228003,100.00,3.83,insn per cycle
10.729717568,3008269229,,cycles,802209290,100.00,,
10.829992304,35266,,rD044,802186975,100.00,,
10.829992304,71142964,,rFF44,802188250,100.00,,
10.829992304,11092184636,,instructions,802190100,100.00,3.69,insn per cycle
10.829992304,3008219955,,cycles,802195330,100.00,,
10.930274990,29185,,rD044,802276493,100.00,,
10.930274990,75198011,,rFF44,802286300,100.00,,
10.930274990,11599036297,,instructions,802281590,100.00,3.86,insn per cycle
10.930274990,3008523207,,cycles,802276980,100.00,,
11.030554286,35365,,rD044,802229530,100.00,,
11.030554286,73119130,,rFF44,802235590,100.00,,
11.030554286,11332308925,,instructions,802245250,100.00,3.77,insn per cycle
11.030554286,3008388961,,cycles,802247690,100.00,,
11.130835122,33168,,rD044,802249920,100.00,,
11.130835122,74715952,,rFF44,802251020,100.00,,
11.130835122,11525956823,,instructions,802252750,100.00,3.83,insn per cycle
11.130835122,3008913571,,cycles,802380590,100.00,,
11.231158278,30889,,rD044,802563610,100.00,,
11.231158278,71119453,,rFF44,802561380,100.00,,
11.231158278,11071389899,,instructions,802558497,100.00,3.68,insn per cycle
11.231158278,3009090405,,cycles,802428338,100.00,,
11.331434884,32929,,rD044,802212530,100.00,,
11.331434884,70468676,,rFF44,802213198,100.00,,
11.331434884,11018920460,,instructions,802214791,100.00,3.66,insn per cycle
11.331434884,3008285597,,cycles,802213280,100.00,,
11.431710030,30522,,rD044,802178065,100.00,,
11.431710030,75076735,,rFF44,802172170,100.00,,
11.431710030,11579375896,,instructions,802175140,100.00,3.85,insn per cycle
11.431710030,3008169505,,cycles,802182140,100.00,,
11.532012096,34808,,rD044,802426603,100.00,,
11.532012096,71330328,,rFF44,802423860,100.00,,
11.532012096,11112820390,,instructions,802413540,100.00,3.69,insn per cycle
11.532012096,3008998314,,cycles,802407250,100.00,,
11.632291062,27622,,rD044,802213149,100.00,,
11.632291062,74690601,,rFF44,802221729,100.00,,
11.632291062,11515809649,,instructions,802230879,100.00,3.83,insn per cycle
11.632291062,3008318901,,cycles,802227989,100.00,,
11.732569788,34697,,rD044,802223820,100.00,,
11.732569788,70255478,,rFF44,802217080,100.00,,
11.732569788,10950980130,,instructions,802212950,100.00,3.64,insn per cycle
11.732569788,3008298445,,cycles,802216500,100.00,,
11.832847754,28996,,rD044,802224560,100.00,,
11.832847754,74939104,,rFF44,802228690,100.00,,
11.832847754,11549133010,,instructions,802250180,100.00,3.84,insn per cycle
11.832847754,3008693055,,cycles,802322406,100.00,,
11.933137021,34648,,rD044,802297290,100.00,,
11.933137021,69730396,,rFF44,802288890,100.00,,
11.933137021,10917510053,,instructions,802268798,100.00,3.63,insn per cycle
11.933137021,3008212451,,cycles,802193652,100.00,,
12.033410336,28962,,rD044,802174270,100.00,,
12.033410336,74196123,,rFF44,802187648,100.00,,
12.033410336,11432137474,,instructions,802196320,100.00,3.80,insn per cycle
12.033410336,3008216639,,cycles,802195170,100.00,,
12.133686522,34471,,rD044,802217936,100.00,,
12.133686522,68948353,,rFF44,802218940,100.00,,
12.133686522,10832227883,,instructions,802208420,100.00,3.60,insn per cycle
12.133686522,3008257554,,cycles,802205800,100.00,,
12.233967768,29040,,rD044,802238082,100.00,,
12.233967768,74884287,,rFF44,802217850,100.00,,
12.233967768,11535104770,,instructions,802214460,100.00,3.83,insn per cycle
12.233967768,3008307635,,cycles,802219260,100.00,,
12.334244434,35003,,rD044,802219280,100.00,,
12.334244434,71859557,,rFF44,802235840,100.00,,
12.334244434,11182456145,,instructions,802240720,100.00,3.72,insn per cycle
12.334244434,3008378436,,cycles,802238240,100.00,,
12.434526950,30359,,rD044,802234160,100.00,,
12.434526950,75244053,,rFF44,802222960,100.00,,
12.434526950,11585368418,,instructions,802218150,100.00,3.85,insn per cycle
12.434526950,3008257601,,cycles,802213290,100.00,,
12.537291404,36043,,rD044,822075906,100.00,,
12.537291404,71175039,,rFF44,822081486,100.00,,
12.537291404,11148133985,,instructions,822081386,100.00,3.62,insn per cycle
12.537291404,3082735302,,cycles,822087636,100.00,,
12.637561890,29536,,rD044,802082380,100.00,,
12.637561890,75497758,,rFF44,802077160,100.00,,
12.637561890,11627458934,,instructions,802073610,100.00,3.87,insn per cycle
12.637561890,3007660089,,cycles,802079294,100.00,,
12.737835096,34543,,rD044,802180340,100.00,,
12.737835096,70189410,,rFF44,802193260,100.00,,
12.737835096,10970047317,,instructions,802196376,100.00,3.65,insn per cycle
12.737835096,3008602091,,cycles,802297894,100.00,,
12.838154602,29358,,rD044,802559498,100.00,,
12.838154602,75244643,,rFF44,802561078,100.00,,
12.838154602,11592565033,,instructions,802559932,100.00,3.85,insn per cycle
12.838154602,3009191167,,cycles,802454880,100.00,,
12.938440568,34445,,rD044,802281970,100.00,,
12.938440568,70019491,,rFF44,802281790,100.00,,
12.938440568,10940027953,,instructions,802283440,100.00,3.64,insn per cycle
12.938440568,3008553623,,cycles,802284720,100.00,,
13.038718194,28458,,rD044,802208760,100.00,,
13.038718194,75054136,,rFF44,802211310,100.00,,
13.038718194,11569241155,,instructions,802214830,100.00,3.85,insn per cycle
13.038718194,3008298360,,cycles,802216940,100.00,,
13.138999820,34972,,rD044,802238540,100.00,,
13.138999820,73109975,,rFF44,802227680,100.00,,
13.138999820,11333765706,,instructions,802217330,100.00,3.77,insn per cycle
13.138999820,3008267807,,cycles,802208580,100.00,,
13.239277026,28872,,rD044,802222420,100.00,,
13.239277026,74880244,,rFF44,802237590,100.00,,
13.239277026,11548019598,,instructions,802253240,100.00,3.84,insn per cycle
13.239277026,3008434049,,cycles,802253123,100.00,,
13.339556612,34994,,rD044,802216650,100.00,,
13.339556612,71335122,,rFF44,802206820,100.00,,
13.339556612,11116747874,,instructions,802192395,100.00,3.70,insn per cycle
13.339556612,3008222394,,cycles,802196415,100.00,,
13.439845498,28151,,rD044,802323132,100.00,,
13.439845498,74814248,,rFF44,802329348,100.00,,
13.439845498,11541708544,,instructions,802345493,100.00,3.84,insn per cycle
13.439845498,3009198480,,cycles,802456800,100.00,,
13.540139924,35019,,rD044,802325126,100.00,,
13.540139924,72507590,,rFF44,802317790,100.00,,
13.540139924,11258286670,,instructions,802306640,100.00,3.74,insn per cycle
13.540139924,3008220152,,cycles,802201050,100.00,,
13.640417000,36312,,rD044,802221640,100.00,,
13.640417000,73012639,,rFF44,802222140,100.00,,
13.640417000,11332786328,,instructions,802224680,100.00,3.77,insn per cycle
13.640417000,3008302565,,cycles,802218120,100.00,,
13.740694906,29090,,rD044,802221440,100.00,,
13.740694906,75046382,,rFF44,802216710,100.00,,
13.740694906,11573899253,,instructions,802213570,100.00,3.85,insn per cycle
13.740694906,3008278366,,cycles,802211860,100.00,,
13.840968292,35574,,rD044,802169960,100.00,,
13.840968292,72519150,,rFF44,802165420,100.00,,
13.840968292,11259087684,,instructions,802174480,100.00,3.74,insn per cycle
13.840968292,3008184538,,cycles,802186160,100.00,,
13.941248208,28803,,rD044,802230670,100.00,,
13.941248208,74890592,,rFF44,802239280,100.00,,
13.941248208,11546045964,,instructions,802231970,100.00,3.84,insn per cycle
13.941248208,3008309856,,cycles,802219580,100.00,,
14.041516994,33808,,rD044,802153030,100.00,,
14.041516994,69490339,,rFF44,802151890,100.00,,
14.041516994,10878693959,,instructions,802150790,100.00,3.62,insn per cycle
14.041516994,3008050226,,cycles,802150528,100.00,,
14.141793250,27513,,rD044,802189690,100.00,,
14.141793250,74644439,,rFF44,802192622,100.00,,
14.141793250,11503871816,,instructions,802199198,100.00,3.82,insn per cycle
14.141793250,3008263239,,cycles,802207560,100.00,,
14.242105556,34300,,rD044,802514818,100.00,,
14.242105556,70926049,,rFF44,802516396,100.00,,
14.242105556,11062006658,,instructions,802516360,100.00,3.68,insn per cycle
14.242105556,3009434428,,cycles,802519710,100.00,,
14.342386532,28811,,rD044,802236620,100.00,,
14.342386532,74995026,,rFF44,802244020,100.00,,
14.342386532,11553332140,,instructions,802240110,100.00,3.84,insn per cycle
14.342386532,3008326541,,cycles,802228040,100.00,,
14.442665388,35242,,rD044,802226660,100.00,,
14.442665388,72105744,,rFF44,802220440,100.00,,
14.442665388,11205462991,,instructions,802222250,100.00,3.72,insn per cycle
14.442665388,3008330067,,cycles,802225390,100.00,,
14.542942754,29737,,rD044,802210930,100.00,,
14.542942754,75046126,,rFF44,802204680,100.00,,
14.542942754,11555607075,,instructions,802203010,100.00,3.84,insn per cycle
14.542942754,3008214851,,cycles,802199810,100.00,,
14.643217610,35373,,rD044,802188440,100.00,,
14.643217610,70857863,,rFF44,802200510,100.00,,
14.643217610,11068756195,,instructions,802199790,100.00,3.68,insn per cycle
14.643217610,3008230384,,cycles,802203810,100.00,,
14.743498563,28784,,rD044,802242990,100.00,,
14.743498563,75610223,,rFF44,802233410,100.00,,
14.743498563,11644487726,,instructions,802229185,100.00,3.87,insn per cycle
14.743498563,3008357597,,cycles,802233218,100.00,,
14.843776593,36612,,rD044,802214890,100.00,,
14.843776593,73585829,,rFF44,802221047,100.00,,
14.843776593,11395475071,,instructions,802230763,100.00,3.79,insn per cycle
14.843776593,3008348342,,cycles,802230190,100.00,,
14.944071623,28767,,rD044,802347258,100.00,,
14.944071623,74620789,,rFF44,802343611,100.00,,
14.944071623,11498360246,,instructions,802339920,100.00,3.82,insn per cycle
14.944071623,3008742270,,cycles,802335330,100.00,,
15.044349223,34174,,rD044,802219760,100.00,,
15.044349223,71055134,,rFF44,802224580,100.00,,
15.044349223,11071142483,,instructions,802225970,100.00,3.68,insn per cycle
15.044349223,3008363545,,cycles,802234030,100.00,,
15.144631823,28067,,rD044,802258890,100.00,,
15.144631823,74741988,,rFF44,802258070,100.00,,
15.144631823,11522974302,,instructions,802255780,100.00,3.83,insn per cycle
15.144631823,3008440177,,cycles,802254510,100.00,,
15.244944383,33923,,rD044,802490560,100.00,,
15.244944383,67927653,,rFF44,802482910,100.00,,
15.244944383,10688977348,,instructions,802489850,100.00,3.55,insn per cycle
15.244944383,3009296592,,cycles,802483133,100.00,,
15.345222533,28838,,rD044,802215360,100.00,,
15.345222533,74818239,,rFF44,802223320,100.00,,
15.345222533,11534541175,,instructions,802218196,100.00,3.83,insn per cycle
15.345222533,3008319097,,cycles,802222305,100.00,,
15.445500672,34689,,rD044,802213170,100.00,,
15.445500672,70885290,,rFF44,802203728,100.00,,
15.445500672,11065689302,,instructions,802201802,100.00,3.68,insn per cycle
15.445500672,3008211474,,cycles,802193470,100.00,,
15.545778432,28579,,rD044,802201625,100.00,,
15.545778432,74605969,,rFF44,802200720,100.00,,
15.545778432,11506987443,,instructions,802195830,100.00,3.83,insn per cycle
15.545778432,3008203938,,cycles,802196760,100.00,,
15.646062092,35024,,rD044,802261053,100.00,,
15.646062092,70393329,,rFF44,802258110,100.00,,
15.646062092,10975734642,,instructions,802263870,100.00,3.65,insn per cycle
15.646062092,3008497592,,cycles,802270050,100.00,,
15.746340912,28590,,rD044,802245280,100.00,,
15.746340912,75167828,,rFF44,802257560,100.00,,
15.746340912,11596745493,,instructions,802267990,100.00,3.85,insn per cycle
15.746340912,3008463722,,cycles,802261110,100.00,,
15.846624522,34308,,rD044,802256780,100.00,,
15.846624522,70671016,,rFF44,802247650,100.00,,
15.846624522,11038070142,,instructions,802234140,100.00,3.67,insn per cycle
15.846624522,3008382296,,cycles,802239220,100.00,,
15.946902241,31783,,rD044,802275120,100.00,,
15.946902241,72208053,,rFF44,802500940,100.00,,
15.946902241,11222741691,,instructions,802500503,100.00,3.73,insn per cycle
15.946902241,3009378790,,cycles,802504868,100.00,,
16.047212411,31867,,rD044,802389200,100.00,,
16.047212411,74082809,,rFF44,802158173,100.00,,
16.047212411,11452423015,,instructions,802168545,100.00,3.81,insn per cycle
16.047212411,3008125124,,cycles,802170490,100.00,,
16.147481881,34610,,rD044,802169661,100.00,,
16.147481881,71823155,,rFF44,802167245,100.00,,
16.147481881,11164939850,,instructions,802164910,100.00,3.71,insn per cycle
16.147481881,3008090227,,cycles,802161210,100.00,,
16.247760241,28255,,rD044,802234407,100.00,,
16.247760241,74923917,,rFF44,802251720,100.00,,
16.247760241,11551520724,,instructions,802247910,100.00,3.84,insn per cycle
16.247760241,3008402827,,cycles,802244720,100.00,,
16.348054311,34289,,rD044,802331880,100.00,,
16.348054311,70928515,,rFF44,802323010,100.00,,
16.348054311,11057619090,,instructions,802320680,100.00,3.68,insn per cycle
16.348054311,3008700591,,cycles,802323860,100.00,,
16.448332660,29530,,rD044,802204970,100.00,,
16.448332660,75247258,,rFF44,802201530,100.00,,
16.448332660,11596489305,,instructions,802204000,100.00,3.85,insn per cycle
16.448332660,3008200991,,cycles,802198790,100.00,,
16.548609510,36059,,rD044,802139650,100.00,,
16.548609510,72783746,,rFF44,802143360,100.00,,
16.548609510,11301205402,,instructions,802145590,100.00,3.76,insn per cycle
16.548609510,3007945332,,cycles,802150550,100.00,,
16.648880090,29815,,rD044,802115048,100.00,,
16.648880090,75083916,,rFF44,802167458,100.00,,
16.648880090,11565026813,,instructions,802173688,100.00,3.84,insn per cycle
16.648880090,3008061185,,cycles,802173518,100.00,,
16.749167380,35103,,rD044,802299530,100.00,,
16.749167380,69679944,,rFF44,802243960,100.00,,
16.749167380,10912320697,,instructions,802233085,100.00,3.63,insn per cycle
16.749167380,3008335946,,cycles,802226938,100.00,,
16.849445240,28490,,rD044,802199110,100.00,,
16.849445240,75206273,,rFF44,802206347,100.00,,
16.849445240,11582085362,,instructions,802213583,100.00,3.85,insn per cycle
16.849445240,3008296311,,cycles,802216280,100.00,,
16.949725939,36283,,rD044,802257736,100.00,,
16.949725939,73268160,,rFF44,802263251,100.00,,
16.949725939,11353230691,,instructions,802256080,100.00,3.77,insn per cycle
16.949725939,3008435929,,cycles,802253590,100.00,,
17.050007309,28894,,rD044,802242862,100.00,,
17.050007309,75444000,,rFF44,802232790,100.00,,
17.050007309,11621094360,,instructions,802245580,100.00,3.86,insn per cycle
17.050007309,3008474716,,cycles,802263670,100.00,,
17.150320579,35737,,rD044,802497070,100.00,,
17.150320579,74145497,,rFF44,802494090,100.00,,
17.150320579,11468058572,,instructions,802471900,100.00,3.81,insn per cycle
17.150320579,3009171788,,cycles,802449480,100.00,,
17.250594389,27853,,rD044,802183730,100.00,,
17.250594389,74862271,,rFF44,802192600,100.00,,
17.250594389,11537279782,,instructions,802206890,100.00,3.84,insn per cycle
17.250594389,3008323307,,cycles,802223530,100.00,,
17.350876789,35219,,rD044,802253930,100.00,,
17.350876789,69990209,,rFF44,802300740,100.00,,
17.350876789,10944268385,,instructions,802318764,100.00,3.64,insn per cycle
17.350876789,3008661146,,cycles,802313748,100.00,,
17.451168169,28804,,rD044,802321920,100.00,,
17.451168169,75048210,,rFF44,802277878,100.00,,
17.451168169,11570443497,,instructions,802266744,100.00,3.85,insn per cycle
17.451168169,3008495063,,cycles,802269080,100.00,,
17.551448958,34652,,rD044,802245166,100.00,,
17.551448958,71241825,,rFF44,802247170,100.00,,
17.551448958,11090141003,,instructions,802237990,100.00,3.69,insn per cycle
17.551448958,3008351892,,cycles,802235320,100.00,,
17.651729758,29568,,rD044,802220002,100.00,,
17.651729758,75379122,,rFF44,802217590,100.00,,
17.651729758,11627155125,,instructions,802224400,100.00,3.86,insn per cycle
17.651729758,3008328756,,cycles,802231900,100.00,,
17.752054169,35009,,rD044,802599320,100.00,,
17.752054169,72076631,,rFF44,802597110,100.00,,
17.752054169,11194835271,,instructions,802584470,100.00,3.72,insn per cycle
17.752054169,3009657262,,cycles,802579030,100.00,,
17.852332718,33374,,rD044,802212460,100.00,,
17.852332718,74693500,,rFF44,802205740,100.00,,
17.852332718,11523728684,,instructions,802209580,100.00,3.83,insn per cycle
17.852332718,3008221022,,cycles,802196520,100.00,,
17.952606138,30141,,rD044,802179790,100.00,,
17.952606138,70537292,,rFF44,802195480,100.00,,
17.952606138,10998428125,,instructions,802195614,100.00,3.66,insn per cycle
17.952606138,3008286162,,cycles,802213568,100.00,,
18.052884448,33126,,rD044,802221830,100.00,,
18.052884448,71244223,,rFF44,802260328,100.00,,
18.052884448,11096118487,,instructions,802256484,100.00,3.69,insn per cycle
18.052884448,3008390210,,cycles,802244490,100.00,,
18.153165858,30866,,rD044,802244325,100.00,,
18.153165858,73680907,,rFF44,802193200,100.00,,
18.153165858,11394317783,,instructions,802205180,100.00,3.79,insn per cycle
18.153165858,3008290767,,cycles,802214710,100.00,,
18.253439167,35052,,rD044,802186033,100.00,,
18.253439167,70099899,,rFF44,802177780,100.00,,
18.253439167,10940017650,,instructions,802165410,100.00,3.64,insn per cycle
18.253439167,3008105967,,cycles,802165480,100.00,,
18.353717377,28329,,rD044,802238410,100.00,,
18.353717377,75014574,,rFF44,802249110,100.00,,
18.353717377,11567725278,,instructions,802246210,100.00,3.85,insn per cycle
18.353717377,3008365176,,cycles,802234630,100.00,,
18.453996577,34935,,rD044,802217950,100.00,,
18.453996577,72618251,,rFF44,802212390,100.00,,
18.453996577,11275563867,,instructions,802215970,100.00,3.75,insn per cycle
18.453996577,3008310047,,cycles,802219370,100.00,,
18.554277237,28818,,rD044,802218910,100.00,,
18.554277237,74597349,,rFF44,802225470,100.00,,
18.554277237,11495498271,,instructions,802226480,100.00,3.82,insn per cycle
18.554277237,3008289530,,cycles,802223350,100.00,,
18.654551696,33685,,rD044,802189360,100.00,,
18.654551696,66511005,,rFF44,802179230,100.00,,
18.654551696,10523149279,,instructions,802175800,100.00,3.50,insn per cycle
18.654551696,3008134318,,cycles,802173150,100.00,,
18.754828246,28818,,rD044,802202700,100.00,,
18.754828246,75129722,,rFF44,802199690,100.00,,
18.754828246,11578577507,,instructions,802200390,100.00,3.85,insn per cycle
18.754828246,3008240144,,cycles,802201228,100.00,,
18.855140836,34866,,rD044,802488225,100.00,,
18.855140836,72526746,,rFF44,802492678,100.00,,
18.855140836,11255418174,,instructions,802493288,100.00,3.74,insn per cycle
18.855140836,3009372924,,cycles,802503300,100.00,,
18.955419496,28379,,rD044,802235313,100.00,,
18.955419496,75066937,,rFF44,802238670,100.00,,
18.955419496,11563552809,,instructions,802241900,100.00,3.84,insn per cycle
18.955419496,3008360530,,cycles,802233560,100.00,,
19.055728866,34606,,rD044,802476000,100.00,,
19.055728866,72404452,,rFF44,802482090,100.00,,
19.055728866,11255407261,,instructions,802486520,100.00,3.74,insn per cycle
19.055728866,3009310348,,cycles,802486470,100.00,,
19.156009076,28746,,rD044,802232290,100.00,,
19.156009076,74867798,,rFF44,802230780,100.00,,
19.156009076,11527655412,,instructions,802222690,100.00,3.83,insn per cycle
19.156009076,3008317143,,cycles,802221980,100.00,,
19.256286486,35474,,rD044,802216620,100.00,,
19.256286486,72422515,,rFF44,802214620,100.00,,
19.256286486,11250842721,,instructions,802211900,100.00,3.74,insn per cycle
19.256286486,3008281425,,cycles,802214875,100.00,,
19.356568105,28904,,rD044,802245280,100.00,,
19.356568105,74746954,,rFF44,802242081,100.00,,
19.356568105,11515746662,,instructions,802243148,100.00,3.83,insn per cycle
19.356568105,3008401278,,cycles,802248573,100.00,,
19.456846925,33574,,rD044,802220812,100.00,,
19.456846925,68379654,,rFF44,802225417,100.00,,
19.456846925,10745986861,,instructions,802259090,100.00,3.57,insn per cycle
19.456846925,3008745674,,cycles,802335840,100.00,,
19.557135335,28657,,rD044,802278946,100.00,,
19.557135335,75251543,,rFF44,802275230,100.00,,
19.557135335,11592428705,,instructions,802248190,100.00,3.85,insn per cycle
19.557135335,3008076232,,cycles,802163410,100.00,,
19.657410035,35072,,rD044,802201660,100.00,,
19.657410035,72619864,,rFF44,802196330,100.00,,
19.657410035,11271638466,,instructions,802188860,100.00,3.75,insn per cycle
19.657410035,3008205270,,cycles,802191920,100.00,,
19.757687894,28941,,rD044,802215160,100.00,,
19.757687894,74996378,,rFF44,802221550,100.00,,
19.757687894,11561297512,,instructions,802223440,100.00,3.84,insn per cycle
19.757687894,3008318167,,cycles,802225750,100.00,,
19.857975644,35572,,rD044,802289950,100.00,,
19.857975644,72255656,,rFF44,802291440,100.00,,
19.857975644,11228380985,,instructions,802295590,100.00,3.73,insn per cycle
19.857975644,3008592792,,cycles,802295720,100.00,,
19.958253044,28926,,rD044,802218710,100.00,,
19.958253044,74540550,,rFF44,802216530,100.00,,
19.958253044,11496519423,,instructions,802219040,100.00,3.82,insn per cycle
19.958253044,3008330989,,cycles,802225522,100.00,,
20.058530644,34619,,rD044,802200180,100.00,,
20.058530644,68206478,,rFF44,802199490,100.00,,
20.058530644,10713297890,,instructions,802198954,100.00,3.56,insn per cycle
20.058530644,3008209733,,cycles,802192886,100.00,,
20.158806633,28903,,rD044,802210650,100.00,,
20.158806633,74762376,,rFF44,802218726,100.00,,
20.158806633,11532535959,,instructions,802220524,100.00,3.83,insn per cycle
20.158806633,3008318043,,cycles,802222190,100.00,,
20.259125224,34621,,rD044,802554278,100.00,,
20.259125224,68504307,,rFF44,802554252,100.00,,
20.259125224,10763685595,,instructions,802552840,100.00,3.58,insn per cycle
20.259125224,3009509893,,cycles,802539470,100.00,,
20.359403794,28531,,rD044,802215930,100.00,,
20.359403794,74651476,,rFF44,802215840,100.00,,
20.359403794,11515869764,,instructions,802211900,100.00,3.83,insn per cycle
20.359403794,3008301466,,cycles,802217910,100.00,,
20.459671153,36046,,rD044,802096510,100.00,,
20.459671153,71182007,,rFF44,802075500,100.00,,
20.459671153,11090815787,,instructions,802067050,100.00,3.69,insn per cycle
20.459671153,3007659222,,cycles,802061930,100.00,,
20.559938843,31743,,rD044,802066520,100.00,,
20.559938843,72148630,,rFF44,802061420,100.00,,
20.559938843,11205354202,,instructions,802066550,100.00,3.73,insn per cycle
20.559938843,3007698300,,cycles,802079800,100.00,,
20.660198042,30992,,rD044,802014190,100.00,,
20.660198042,72662822,,rFF44,802026240,100.00,,
20.660198042,11281604977,,instructions,802035870,100.00,3.75,insn per cycle
20.660198042,3007507787,,cycles,802030510,100.00,,
20.760470912,34982,,rD044,802188180,100.00,,
20.760470912,69327587,,rFF44,802198710,100.00,,
20.760470912,10847644373,,instructions,802194310,100.00,3.61,insn per cycle
20.760470912,3008215980,,cycles,802195010,100.00,,
20.860783802,28735,,rD044,802484240,100.00,,
20.860783802,75042395,,rFF44,802471967,100.00,,
20.860783802,11572449504,,instructions,802468088,100.00,3.85,insn per cycle
20.860783802,3009233529,,cycles,802466038,100.00,,
20.961068532,35209,,rD044,802282007,100.00,,
20.961068532,70879946,,rFF44,802287851,100.00,,
20.961068532,11050988130,,instructions,802296920,100.00,3.67,insn per cycle
20.961068532,3008617607,,cycles,802301350,100.00,,
21.061344342,28394,,rD044,802201831,100.00,,
21.061344342,74468326,,rFF44,802207130,100.00,,
21.061344342,11480557674,,instructions,802200840,100.00,3.82,insn per cycle
21.061344342,3008258522,,cycles,802206490,100.00,,
21.161620891,33851,,rD044,802208190,100.00,,
21.161620891,68513509,,rFF44,802209570,100.00,,
21.161620891,10757108272,,instructions,802213590,100.00,3.58,insn per cycle
21.161620891,3008255863,,cycles,802205560,100.00,,
21.261897911,28364,,rD044,802225800,100.00,,
21.261897911,74802780,,rFF44,802263340,100.00,,
21.261897911,11526985868,,instructions,802260960,100.00,3.83,insn per cycle
21.261897911,3008456346,,cycles,802258880,100.00,,
21.362182371,34381,,rD044,802257450,100.00,,
21.362182371,67933167,,rFF44,802211950,100.00,,
21.362182371,10688098729,,instructions,802207730,100.00,3.55,insn per cycle
21.362182371,3008257345,,cycles,802205970,100.00,,
21.462461141,28802,,rD044,802224320,100.00,,
21.462461141,74697092,,rFF44,802236240,100.00,,
21.462461141,11511460327,,instructions,802240580,100.00,3.83,insn per cycle
21.462461141,3008423389,,cycles,802249996,100.00,,
21.562739691,34383,,rD044,802205880,100.00,,
21.562739691,69370085,,rFF44,802202630,100.00,,
21.562739691,10872075611,,instructions,802210188,100.00,3.61,insn per cycle
21.562739691,3008258641,,cycles,802211622,100.00,,
21.663020410,28902,,rD044,802239932,100.00,,
21.663020410,74673040,,rFF44,802230748,100.00,,
21.663020410,11505096481,,instructions,802219620,100.00,3.82,insn per cycle
21.663020410,3008297256,,cycles,802216790,100.00,,
21.763294150,33769,,rD044,802180225,100.00,,
21.763294150,68535531,,rFF44,802193450,100.00,,
21.763294150,10748867885,,instructions,802203250,100.00,3.57,insn per cycle
21.763294150,3008222973,,cycles,802196460,100.00,,
21.863580190,28590,,rD044,802274101,100.00,,
21.863580190,75196700,,rFF44,802265720,100.00,,
21.863580190,11582469654,,instructions,802255210,100.00,3.85,insn per cycle
21.863580190,3008441604,,cycles,802255030,100.00,,
21.963854400,34664,,rD044,802206390,100.00,,
21.963854400,71166693,,rFF44,802207120,100.00,,
21.963854400,11080497391,,instructions,802291050,100.00,3.68,insn per cycle
21.963854400,3009489194,,cycles,802534130,100.00,,
22.064174070,28869,,rD044,802552270,100.00,,
22.064174070,75047593,,rFF44,802568710,100.00,,
22.064174070,11555137500,,instructions,802499030,100.00,3.84,insn per cycle
22.064174070,3008460845,,cycles,802260304,100.00,,
22.164456450,34387,,rD044,802244460,100.00,,
22.164456450,70215027,,rFF44,802236650,100.00,,
22.164456450,10965500172,,instructions,802224667,100.00,3.65,insn per cycle
22.164456450,3008324736,,cycles,802223874,100.00,,
22.264735519,29702,,rD044,802227140,100.00,,
22.264735519,74910639,,rFF44,802219828,100.00,,
22.264735519,11539524213,,instructions,802230541,100.00,3.84,insn per cycle
22.264735519,3008349329,,cycles,802230110,100.00,,
22.365015579,35001,,rD044,802234717,100.00,,
22.365015579,71952260,,rFF44,802231000,100.00,,
22.365015579,11190204860,,instructions,802225300,100.00,3.72,insn per cycle
22.365015579,3008367253,,cycles,802235180,100.00,,
22.465297619,29087,,rD044,802256011,100.00,,
22.465297619,75280909,,rFF44,802268850,100.00,,
22.465297619,11600507882,,instructions,802278910,100.00,3.86,insn per cycle
22.465297619,3008506359,,cycles,802272190,100.00,,
22.565577099,35123,,rD044,802204930,100.00,,
22.565577099,71505827,,rFF44,802195720,100.00,,
22.565577099,11135869780,,instructions,802190400,100.00,3.70,insn per cycle
22.565577099,3008158772,,cycles,802184770,100.00,,
22.665835868,28870,,rD044,802063420,100.00,,
22.665835868,75447525,,rFF44,802062840,100.00,,
22.665835868,11632119105,,instructions,802056800,100.00,3.87,insn per cycle
22.665835868,3007870178,,cycles,802105610,100.00,,
22.766146438,35964,,rD044,802488490,100.00,,
22.766146438,72919855,,rFF44,802496890,100.00,,
22.766146438,11311316042,,instructions,802496990,100.00,3.76,insn per cycle
22.766146438,3009181238,,cycles,802458023,100.00,,
22.866454379,28445,,rD044,802456420,100.00,,
22.866454379,75021995,,rFF44,802468968,100.00,,
22.866454379,11571970009,,instructions,802476238,100.00,3.85,insn per cycle
22.866454379,3009267478,,cycles,802475495,100.00,,
22.966739298,34563,,rD044,802279488,100.00,,
22.966739298,71144870,,rFF44,802257650,100.00,,
22.966739298,11099508369,,instructions,802248100,100.00,3.69,insn per cycle
22.966739298,3008403013,,cycles,802244470,100.00,,
23.067021278,29761,,rD044,802243480,100.00,,
23.067021278,74429128,,rFF44,802252770,100.00,,
23.067021278,11480929536,,instructions,802252010,100.00,3.82,insn per cycle
23.067021278,3008461025,,cycles,802260400,100.00,,
23.167303108,33578,,rD044,802244470,100.00,,
23.167303108,68277412,,rFF44,802245140,100.00,,
23.167303108,10732112345,,instructions,802254250,100.00,3.57,insn per cycle
23.167303108,3008408140,,cycles,802245620,100.00,,
23.267578718,32513,,rD044,802194720,100.00,,
23.267578718,73386028,,rFF44,802182550,100.00,,
23.267578718,11362816679,,instructions,802176600,100.00,3.78,insn per cycle
23.267578718,3008106055,,cycles,802165960,100.00,,
23.367855037,30353,,rD044,802213090,100.00,,
23.367855037,70402416,,rFF44,802212760,100.00,,
23.367855037,10992605933,,instructions,802282340,100.00,3.65,insn per cycle
23.367855037,3008724287,,cycles,802330402,100.00,,
23.468146877,35562,,rD044,802327600,100.00,,
23.468146877,71691651,,rFF44,802323370,100.00,,
23.468146877,11156163649,,instructions,802252765,100.00,3.71,insn per cycle
23.468146877,3008291427,,cycles,802214366,100.00,,
23.568426028,28567,,rD044,802204980,100.00,,
23.568426028,74335979,,rFF44,802209607,100.00,,
23.568426028,11462682331,,instructions,802207293,100.00,3.81,insn per cycle
23.568426028,3008253404,,cycles,802210380,100.00,,
23.668702315,34620,,rD044,802212605,100.00,,
23.668702315,70807715,,rFF44,802202041,100.00,,
23.668702315,11043374479,,instructions,802201550,100.00,3.67,insn per cycle
23.668702315,3008227149,,cycles,802197990,100.00,,
23.768976842,29098,,rD044,802179503,100.00,,
23.768976842,75241021,,rFF44,802184160,100.00,,
23.768976842,11599657837,,instructions,802189370,100.00,3.86,insn per cycle
23.768976842,3008203880,,cycles,802191620,100.00,,
23.869257609,34235,,rD044,802243760,100.00,,
23.869257609,70096879,,rFF44,802242210,100.00,,
23.869257609,10968324313,,instructions,802244730,100.00,3.65,insn per cycle
23.869257609,3008416758,,cycles,802248010,100.00,,
23.969537617,28477,,rD044,802250510,100.00,,
23.969537617,75070473,,rFF44,802256430,100.00,,
23.969537617,11569171999,,instructions,802247980,100.00,3.85,insn per cycle
23.969537617,3008373228,,cycles,802236730,100.00,,
24.069816414,34937,,rD044,802221890,100.00,,
24.069816414,72067808,,rFF44,802218150,100.00,,
24.069816414,11200095126,,instructions,802221540,100.00,3.72,insn per cycle
24.069816414,3008328738,,cycles,802225010,100.00,,
24.170128531,28541,,rD044,802489300,100.00,,
24.170128531,74897136,,rFF44,802491590,100.00,,
24.170128531,11536573627,,instructions,802499668,100.00,3.83,insn per cycle
24.170128531,3009362247,,cycles,802500638,100.00,,
24.270405838,34014,,rD044,802220941,100.00,,
24.270405838,70865922,,rFF44,802223978,100.00,,
24.270405838,11051817383,,instructions,802216290,100.00,3.67,insn per cycle
24.270405838,3008303898,,cycles,802218120,100.00,,
24.370686095,28570,,rD044,802223657,100.00,,
24.370686095,75275764,,rFF44,802226330,100.00,,
24.370686095,11591790148,,instructions,802230240,100.00,3.85,insn per cycle
24.370686095,3008347888,,cycles,802230080,100.00,,
24.470971582,35097,,rD044,802249169,100.00,,
24.470971582,70017054,,rFF44,802250299,100.00,,
24.470971582,10962013613,,instructions,802252859,100.00,3.64,insn per cycle
24.470971582,3008438432,,cycles,802270089,100.00,,
24.571267660,29765,,rD044,802297399,100.00,,
24.571267660,75360991,,rFF44,802299429,100.00,,
24.571267660,11604965848,,instructions,802302319,100.00,3.86,insn per cycle
24.571267660,3008481315,,cycles,802291539,100.00,,
24.671539567,36696,,rD044,802145520,100.00,,
24.671539567,73746761,,rFF44,802148400,100.00,,
24.671539567,11412996423,,instructions,802139860,100.00,3.79,insn per cycle
24.671539567,3007897787,,cycles,802125280,100.00,,
24.771822324,28630,,rD044,802255800,100.00,,
24.771822324,74996307,,rFF44,802268530,100.00,,
24.771822324,11555077116,,instructions,802265430,100.00,3.84,insn per cycle
24.771822324,3008496153,,cycles,802269506,100.00,,
24.872122591,35761,,rD044,802381470,100.00,,
24.872122591,72716520,,rFF44,802365128,100.00,,
24.872122591,11280486038,,instructions,802367158,100.00,3.75,insn per cycle
24.872122591,3008860435,,cycles,802366582,100.00,,
24.972404528,29078,,rD044,802273017,100.00,,
24.972404528,75205621,,rFF44,802286050,100.00,,
24.972404528,11594512758,,instructions,802295210,100.00,3.85,insn per cycle
24.972404528,3008662117,,cycles,802313620,100.00,,
25.072689365,35066,,rD044,802266401,100.00,,
25.072689365,72087447,,rFF44,802260780,100.00,,
25.072689365,11214204596,,instructions,802253410,100.00,3.73,insn per cycle
25.072689365,3008408416,,cycles,802246270,100.00,,
25.172972882,28293,,rD044,802254520,100.00,,
25.172972882,74873100,,rFF44,802247770,100.00,,
25.172972882,11548558379,,instructions,802248150,100.00,3.84,insn per cycle
25.172972882,3008390528,,cycles,802241250,100.00,,
25.273253999,34988,,rD044,802253640,100.00,,
25.273253999,72480152,,rFF44,802265020,100.00,,
25.273253999,11265851278,,instructions,802271080,100.00,3.74,insn per cycle
25.273253999,3008495533,,cycles,802269710,100.00,,
25.373536217,30463,,rD044,802249210,100.00,,
25.373536217,74058194,,rFF44,802241650,100.00,,
25.373536217,11423040583,,instructions,802227850,100.00,3.80,insn per cycle
25.373536217,3008309651,,cycles,802219462,100.00,,
25.473814694,31588,,rD044,802228550,100.00,,
25.473814694,70199496,,rFF44,802227490,100.00,,
25.473814694,10973974628,,instructions,802233927,100.00,3.65,insn per cycle
25.473814694,3008405357,,cycles,802245406,100.00,,
25.574105001,35232,,rD044,802298263,100.00,,
25.574105001,72126511,,rFF44,802300268,100.00,,
25.574105001,11214315495,,instructions,802304431,100.00,3.73,insn per cycle
25.574105001,3008615899,,cycles,802306600,100.00,,
25.674386928,29419,,rD044,802237665,100.00,,
25.674386928,74967371,,rFF44,802226590,100.00,,
25.674386928,11562025139,,instructions,802221570,100.00,3.84,insn per cycle
25.674386928,3008291587,,cycles,802214900,100.00,,
25.774658625,35688,,rD044,802166210,100.00,,
25.774658625,72151923,,rFF44,802177220,100.00,,
25.774658625,11212802644,,instructions,802180090,100.00,3.73,insn per cycle
25.774658625,3008132009,,cycles,802177210,100.00,,
25.874932972,29482,,rD044,802171280,100.00,,
25.874932972,75145265,,rFF44,802158020,100.00,,
25.874932972,11584148752,,instructions,802141030,100.00,3.85,insn per cycle
25.874932972,3008010627,,cycles,802143800,100.00,,
25.975206569,34416,,rD044,802206640,100.00,,
25.975206569,70589874,,rFF44,802212370,100.00,,
25.975206569,11004347064,,instructions,802229650,100.00,3.66,insn per cycle
25.975206569,3008349743,,cycles,802230840,100.00,,
26.075485856,28311,,rD044,802231930,100.00,,
26.075485856,75256895,,rFF44,802235690,100.00,,
26.075485856,11596877007,,instructions,802240280,100.00,3.85,insn per cycle
26.075485856,3008394708,,cycles,802242480,100.00,,
26.175767393,33946,,rD044,802248890,100.00,,
26.175767393,70022070,,rFF44,802246850,100.00,,
26.175767393,10958090901,,instructions,802243930,100.00,3.64,insn per cycle
26.175767393,3008399428,,cycles,802243936,100.00,,
26.276075641,29308,,rD044,802448472,100.00,,
26.276075641,75266476,,rFF44,802437128,100.00,,
26.276075641,11593014824,,instructions,802427648,100.00,3.85,insn per cycle
26.276075641,3009091454,,cycles,802428322,100.00,,
26.376352648,34808,,rD044,802215336,100.00,,
26.376352648,70213995,,rFF44,802227210,100.00,,
26.376352648,10976659907,,instructions,802233120,100.00,3.65,insn per cycle
26.376352648,3008354758,,cycles,802234790,100.00,,
26.476667515,27928,,rD044,802516200,100.00,,
26.476667515,75146200,,rFF44,802505810,100.00,,
26.476667515,11572339373,,instructions,802502280,100.00,3.85,insn per cycle
26.476667515,3009356850,,cycles,802499240,100.00,,
26.576944232,35450,,rD044,802197390,100.00,,
26.576944232,72743445,,rFF44,802201090,100.00,,
26.576944232,11289308885,,instructions,802209390,100.00,3.75,insn per cycle
26.576944232,3008260700,,cycles,802211540,100.00,,
26.677226589,28899,,rD044,802244500,100.00,,
26.677226589,74241094,,rFF44,802246850,100.00,,
26.677226589,11435040478,,instructions,802245320,100.00,3.80,insn per cycle
26.677226589,3008464428,,cycles,802261142,100.00,,
26.777510147,34217,,rD044,802273270,100.00,,
26.777510147,69373153,,rFF44,802275730,100.00,,
26.777510147,10876779555,,instructions,802273117,100.00,3.62,insn per cycle
26.777510147,3008394193,,cycles,802242306,100.00,,
26.877787604,29194,,rD044,802205330,100.00,,
26.877787604,74937712,,rFF44,802216928,100.00,,
26.877787604,11544198003,,instructions,802217051,100.00,3.84,insn per cycle
26.877787604,3008309647,,cycles,802223480,100.00,,
26.978079291,35473,,rD044,802345578,100.00,,
26.978079291,71844115,,rFF44,802337950,100.00,,
26.978079291,11158284677,,instructions,802332480,100.00,3.71,insn per cycle
26.978079291,3008744291,,cycles,802335830,100.00,,
27.078360078,28931,,rD044,802232230,100.00,,
27.078360078,74377377,,rFF44,802225090,100.00,,
27.078360078,11464922132,,instructions,802227960,100.00,3.81,insn per cycle
27.078360078,3008342042,,cycles,802228280,100.00,,
27.178642645,32689,,rD044,802246270,100.00,,
27.178642645,66458501,,rFF44,802246730,100.00,,
27.178642645,10515602373,,instructions,802250370,100.00,3.50,insn per cycle
27.178642645,3008456360,,cycles,802258670,100.00,,
27.278919532,28213,,rD044,802310480,100.00,,
27.278919532,74990423,,rFF44,802304310,100.00,,
27.278919532,11559916225,,instructions,802297550,100.00,3.84,insn per cycle
27.278919532,3008579857,,cycles,802291710,100.00,,
27.379207049,34204,,rD044,802202960,100.00,,
27.379207049,69979280,,rFF44,802219850,100.00,,
27.379207049,10930804238,,instructions,802225950,100.00,3.63,insn per cycle
27.379207049,3008322234,,cycles,802223305,100.00,,
27.479487516,29287,,rD044,802241160,100.00,,
27.479487516,75030369,,rFF44,802240661,100.00,,
27.479487516,11567819568,,instructions,802236238,100.00,3.85,insn per cycle
27.479487516,3008382770,,cycles,802239473,100.00,,
27.579769043,35140,,rD044,802226702,100.00,,
27.579769043,72476953,,rFF44,802215947,100.00,,
27.579769043,11260007597,,instructions,802222570,100.00,3.74,insn per cycle
27.579769043,3008258350,,cycles,802218360,100.00,,
27.680057091,28608,,rD044,802293776,100.00,,
27.680057091,75050983,,rFF44,802280920,100.00,,
27.680057091,11576894822,,instructions,802271730,100.00,3.85,insn per cycle
27.680057091,3008532172,,cycles,802279250,100.00,,
27.780330128,35257,,rD044,802173590,100.00,,
27.780330128,72967296,,rFF44,802178180,100.00,,
27.780330128,11318251927,,instructions,802180950,100.00,3.76,insn per cycle
27.780330128,3008157870,,cycles,802179330,100.00,,
27.880600565,32669,,rD044,802149990,100.00,,
27.880600565,73190598,,rFF44,802160270,100.00,,
27.880600565,11332429579,,instructions,802159250,100.00,3.77,insn per cycle
27.880600565,3008083870,,cycles,802160520,100.00,,
27.980882402,31259,,rD044,802281160,100.00,,
27.980882402,71634217,,rFF44,802407510,100.00,,
27.980882402,11144446148,,instructions,802415830,100.00,3.70,insn per cycle
27.980882402,3009046218,,cycles,802416030,100.00,,
28.081177899,35059,,rD044,802352970,100.00,,
28.081177899,71276230,,rFF44,802233910,100.00,,
28.081177899,11107400591,,instructions,802234850,100.00,3.69,insn per cycle
28.081177899,3008384444,,cycles,802243256,100.00,,
28.181459646,28790,,rD044,802245600,100.00,,
28.181459646,75215055,,rFF44,802242260,100.00,,
28.181459646,11599068936,,instructions,802243508,100.00,3.86,insn per cycle
28.181459646,3008380058,,cycles,802238842,100.00,,
28.281739813,35152,,rD044,802230301,100.00,,
28.281739813,72460034,,rFF44,802226298,100.00,,
28.281739813,11244366878,,instructions,802214900,100.00,3.74,insn per cycle
28.281739813,3008252682,,cycles,802204620,100.00,,
28.382061081,29886,,rD044,802550237,100.00,,
28.382061081,75163980,,rFF44,802541830,100.00,,
28.382061081,11583268891,,instructions,802547630,100.00,3.85,insn per cycle
28.382061081,3009564679,,cycles,802554220,100.00,,
28.482338998,34878,,rD044,802205000,100.00,,
28.482338998,70214696,,rFF44,802211630,100.00,,
28.482338998,10988717038,,instructions,802209270,100.00,3.65,insn per cycle
28.482338998,3008201560,,cycles,802206980,100.00,,
28.582619795,28687,,rD044,802177390,100.00,,
28.582619795,74831741,,rFF44,802191320,100.00,,
28.582619795,11528926390,,instructions,802195950,100.00,3.83,insn per cycle
28.582619795,3008139433,,cycles,802203060,100.00,,
28.682902872,36460,,rD044,802272680,100.00,,
28.682902872,73397721,,rFF44,802406390,100.00,,
28.682902872,11379069897,,instructions,802402248,100.00,3.78,insn per cycle
28.682902872,3008914633,,cycles,802396318,100.00,,
28.783205709,28307,,rD044,802371801,100.00,,
28.783205709,74959060,,rFF44,802231078,100.00,,
28.783205709,11542636272,,instructions,802234320,100.00,3.84,insn per cycle
28.783205709,3008329589,,cycles,802225380,100.00,,
28.883481297,34652,,rD044,802177195,100.00,,
28.883481297,71709949,,rFF44,802175720,100.00,,
28.883481297,11147496209,,instructions,802171250,100.00,3.71,insn per cycle
28.883481297,3008187052,,cycles,802187040,100.00,,
28.983761954,28517,,rD044,802258772,100.00,,
28.983761954,75317128,,rFF44,802259470,100.00,,
28.983761954,11599127341,,instructions,802264070,100.00,3.86,insn per cycle
28.983761954,3008472031,,cycles,802263090,100.00,,
29.084057421,35322,,rD044,802352930,100.00,,
29.084057421,71733612,,rFF44,802356700,100.00,,
29.084057421,11171677026,,instructions,802368860,100.00,3.71,insn per cycle
29.084057421,3008820677,,cycles,802356180,100.00,,
29.184338778,29374,,rD044,802265220,100.00,,
29.184338778,75121766,,rFF44,802270730,100.00,,
29.184338778,11572572562,,instructions,802260050,100.00,3.85,insn per cycle
29.184338778,3008483639,,cycles,802265930,100.00,,
29.284622475,35819,,rD044,802246990,100.00,,
29.284622475,72988020,,rFF44,802234650,100.00,,
29.284622475,11323147126,,instructions,802236960,100.00,3.76,insn per cycle
29.284622475,3008379325,,cycles,802238306,100.00,,
29.384903202,28271,,rD044,802261290,100.00,,
29.384903202,74636754,,rFF44,802294974,100.00,,
29.384903202,11503917923,,instructions,802289118,100.00,3.82,insn per cycle
29.384903202,3008542883,,cycles,802282382,100.00,,
29.485187059,35457,,rD044,802252933,100.00,,
29.485187059,71632375,,rFF44,802230064,100.00,,
29.485187059,11146478969,,instructions,802226250,100.00,3.71,insn per cycle
29.485187059,3008308707,,cycles,802219440,100.00,,
29.585467826,28188,,rD044,802222375,100.00,,
29.585467826,75227877,,rFF44,802229350,100.00,,
29.585467826,11603010419,,instructions,802243020,100.00,3.86,insn per cycle
29.585467826,3008411800,,cycles,802252330,100.00,,
29.685749664,34660,,rD044,802251330,100.00,,
29.685749664,71043245,,rFF44,802236690,100.00,,
29.685749664,11058147366,,instructions,802224160,100.00,3.68,insn per cycle
29.685749664,3008342008,,cycles,802228230,100.00,,
29.786028901,29484,,rD044,802218930,100.00,,
29.786028901,74767534,,rFF44,802210220,100.00,,
29.786028901,11533928469,,instructions,802216930,100.00,3.83,insn per cycle
29.786028901,3008298931,,cycles,802217070,100.00,,
29.816085965,191897,,rD044,214128256,100.00,,
29.816085965,6781729,,rFF44,213901886,100.00,,
29.816085965,1303757216,,instructions,213740476,100.00,1.63,insn per cycle
29.816085965,800929562,,cycles,213589316,100.00,,
