0.100115780,42409,,rD044,2807874631,100.00,,
0.100115780,149808041,,rFF44,2812236900,100.00,,
0.100115780,2892487227,,instructions,2815913991,100.00,0.27,insn per cycle
0.100115780,10568441468,,cycles,2819754312,100.00,,
0.200917487,24071,,rD044,3217805648,100.00,,
0.200917487,274951358,,rFF44,3216550066,100.00,,
0.200917487,42432113521,,instructions,3215666383,100.00,3.52,insn per cycle
0.200917487,12053447431,,cycles,3214637076,100.00,,
0.301483162,445112,,rD044,3217415742,100.00,,
0.301483162,24512968,,rFF44,3218057435,100.00,,
0.301483162,4226083506,,instructions,3218416647,100.00,0.35,insn per cycle
0.301483162,12069678405,,cycles,3218726075,100.00,,
0.402105457,4385,,rD044,3219837352,100.00,,
0.402105457,281254135,,rFF44,3219714232,100.00,,
0.402105457,43607579775,,instructions,3219725464,100.00,3.61,insn per cycle
0.402105457,12075414344,,cycles,3220125543,100.00,,
0.502725642,3491,,rD044,3219798373,100.00,,
0.502725642,271123857,,rFF44,3219734417,100.00,,
0.502725642,42336020959,,instructions,3219521394,100.00,3.51,insn per cycle
0.502725642,12071380055,,cycles,3219049453,100.00,,
0.603320257,3832,,rD044,3218916325,100.00,,
0.603320257,282090303,,rFF44,3219100261,100.00,,
0.603320257,43713570454,,instructions,3219181244,100.00,3.62,insn per cycle
0.603320257,12072212843,,cycles,3219273964,100.00,,
0.703921772,3701,,rD044,3219483302,100.00,,
0.703921772,277511632,,rFF44,3219495213,100.00,,
0.703921772,43132002691,,instructions,3219545352,100.00,3.57,insn per cycle
0.703921772,12072837140,,cycles,3219438908,100.00,,
0.804537177,3561,,rD044,3219589974,100.00,,
0.804537177,278898530,,rFF44,3219491216,100.00,,
0.804537177,43299142574,,instructions,3219419214,100.00,3.59,insn per cycle
0.804537177,12072939238,,cycles,3219471475,100.00,,
0.905142892,3561,,rD044,3219226703,100.00,,
0.905142892,279453342,,rFF44,3219129061,100.00,,
0.905142892,43377340501,,instructions,3219305445,100.00,3.59,insn per cycle
0.905142892,12073299153,,cycles,3219571067,100.00,,
1.005752328,3262,,rD044,3219393338,100.00,,
1.005752328,282594193,,rFF44,3219377874,100.00,,
1.005752328,43760040495,,instructions,3219328154,100.00,3.63,insn per cycle
1.005752328,12071156419,,cycles,3218990434,100.00,,
1.106343632,7542,,rD044,3218157886,100.00,,
1.106343632,281766295,,rFF44,3219058778,100.00,,
1.106343632,43612110769,,instructions,3219025708,100.00,3.61,insn per cycle
1.106343632,12071086131,,cycles,3219168423,100.00,,
1.206982778,2868,,rD044,3220164223,100.00,,
1.206982778,282239316,,rFF44,3219338362,100.00,,
1.206982778,43727134100,,instructions,3219330543,100.00,3.62,insn per cycle
1.206982778,12072020978,,cycles,3219228952,100.00,,
1.307594543,3046,,rD044,3219458951,100.00,,
1.307594543,280332681,,rFF44,3219314936,100.00,,
1.307594543,43463705922,,instructions,3219271941,100.00,3.60,insn per cycle
1.307594543,12072186924,,cycles,3219270461,100.00,,
1.408185598,2798,,rD044,3218917425,100.00,,
1.408185598,280937082,,rFF44,3218817844,100.00,,
1.408185598,43552593041,,instructions,3218920225,100.00,3.61,insn per cycle
1.408185598,12071789368,,cycles,3219159511,100.00,,
1.508790853,2636,,rD044,3219314764,100.00,,
1.508790853,280677551,,rFF44,3219350122,100.00,,
1.508790853,43527145767,,instructions,3219318244,100.00,3.61,insn per cycle
1.508790853,12072216493,,cycles,3219272863,100.00,,
1.609389568,274198,,rD044,3213018295,100.00,,
1.609389568,133251614,,rFF44,3212713629,100.00,,
1.609389568,20315455185,,instructions,3212454939,100.00,1.69,insn per cycle
1.609389568,12044178598,,cycles,3212045871,100.00,,
1.709940983,188680,,rD044,3217939275,100.00,,
1.709940983,167182429,,rFF44,3218383812,100.00,,
1.709940983,26544911586,,instructions,3218627501,100.00,2.20,insn per cycle
1.709940983,12070978523,,cycles,3218954348,100.00,,
1.810559618,2937,,rD044,3219675224,100.00,,
1.810559618,282658796,,rFF44,3219735509,100.00,,
1.810559618,43764093937,,instructions,3219755194,100.00,3.62,insn per cycle
1.810559618,12074198556,,cycles,3219827201,100.00,,
1.911185703,3009,,rD044,3219960645,100.00,,
1.911185703,280184074,,rFF44,3220171508,100.00,,
1.911185703,43465456296,,instructions,3220655752,100.00,3.60,insn per cycle
1.911185703,12076905204,,cycles,3220605290,100.00,,
2.011854029,2975,,rD044,3220976652,100.00,,
2.011854029,280690252,,rFF44,3220732803,100.00,,
2.011854029,43513220159,,instructions,3220360138,100.00,3.60,insn per cycle
2.011854029,12075996483,,cycles,3220306653,100.00,,
2.112493594,3412,,rD044,3220361456,100.00,,
2.112493594,281881453,,rFF44,3220424373,100.00,,
2.112493594,43694139568,,instructions,3220272624,100.00,3.62,insn per cycle
2.112493594,12075988374,,cycles,3220327383,100.00,,
2.213097119,2768,,rD044,3219122819,100.00,,
2.213097119,283405065,,rFF44,3218919663,100.00,,
2.213097119,43863779563,,instructions,3218889658,100.00,3.63,insn per cycle
2.213097119,12071078381,,cycles,3219025158,100.00,,
2.313709205,3208,,rD044,3219278483,100.00,,
2.313709205,280721810,,rFF44,3219400257,100.00,,
2.313709205,43518185738,,instructions,3219434893,100.00,3.61,insn per cycle
2.313709205,12071609658,,cycles,3219167337,100.00,,
2.414329010,2693,,rD044,3219639948,100.00,,
2.414329010,281319830,,rFF44,3219950139,100.00,,
2.414329010,43581811279,,instructions,3219927663,100.00,3.61,insn per cycle
2.414329010,12074764447,,cycles,3219980483,100.00,,
2.514944615,2538,,rD044,3219836572,100.00,,
2.514944615,279914760,,rFF44,3219584772,100.00,,
2.514944615,43409843127,,instructions,3219407495,100.00,3.60,insn per cycle
2.514944615,12072569861,,cycles,3219387743,100.00,,
2.615549030,2917,,rD044,3218963127,100.00,,
2.615549030,279175295,,rFF44,3218728661,100.00,,
2.615549030,43335150671,,instructions,3218851049,100.00,3.59,insn per cycle
2.615549030,12070737839,,cycles,3218906464,100.00,,
2.716147895,2665,,rD044,3219058824,100.00,,
2.716147895,280682820,,rFF44,3219057109,100.00,,
2.716147895,43508445737,,instructions,3218963844,100.00,3.60,insn per cycle
2.716147895,12071436247,,cycles,3219082692,100.00,,
2.816747840,2873,,rD044,3218946448,100.00,,
2.816747840,282186272,,rFF44,3219152248,100.00,,
2.816747840,43711702761,,instructions,3219499751,100.00,3.62,insn per cycle
2.816747840,12072172487,,cycles,3219337142,100.00,,
2.917368895,72633,,rD044,3215694021,100.00,,
2.917368895,244024329,,rFF44,3215398553,100.00,,
2.917368895,37710310896,,instructions,3214830093,100.00,3.13,insn per cycle
2.917368895,12053350681,,cycles,3214424795,100.00,,
3.017936360,389874,,rD044,3217337303,100.00,,
3.017936360,55959207,,rFF44,3217848809,100.00,,
3.017936360,9112044173,,instructions,3218398218,100.00,0.75,insn per cycle
3.017936360,12070667561,,cycles,3218987936,100.00,,
3.118593226,3927,,rD044,3220822424,100.00,,
3.118593226,282843082,,rFF44,3220712409,100.00,,
3.118593226,43806507701,,instructions,3220593624,100.00,3.63,insn per cycle
3.118593226,12076817118,,cycles,3220541878,100.00,,
3.219211001,2913,,rD044,3219386606,100.00,,
3.219211001,282739186,,rFF44,3219254400,100.00,,
3.219211001,43796095697,,instructions,3219398621,100.00,3.63,insn per cycle
3.219211001,12071868002,,cycles,3219273952,100.00,,
3.319835676,2835,,rD044,3219694483,100.00,,
3.319835676,282776985,,rFF44,3219809313,100.00,,
3.319835676,43789406946,,instructions,3219822660,100.00,3.63,insn per cycle
3.319835676,12074636879,,cycles,3219974683,100.00,,
3.420476591,2811,,rD044,3220229535,100.00,,
3.420476591,280188966,,rFF44,3219922784,100.00,,
3.420476591,43463292938,,instructions,3219824152,100.00,3.60,insn per cycle
3.420476591,12073790747,,cycles,3219713442,100.00,,
3.521076107,2580,,rD044,3219119542,100.00,,
3.521076107,282345566,,rFF44,3219239824,100.00,,
3.521076107,43721772040,,instructions,3219098623,100.00,3.62,insn per cycle
3.521076107,12071537731,,cycles,3219115054,100.00,,
3.621676812,2841,,rD044,3218998762,100.00,,
3.621676812,282792746,,rFF44,3219085640,100.00,,
3.621676812,43791806597,,instructions,3219250525,100.00,3.63,insn per cycle
3.621676812,12071942053,,cycles,3219231562,100.00,,
3.722275326,2834,,rD044,3218947544,100.00,,
3.722275326,283142390,,rFF44,3219066012,100.00,,
3.722275326,43837757969,,instructions,3219112821,100.00,3.63,insn per cycle
3.722275326,12070582923,,cycles,3218893772,100.00,,
3.822890182,3010,,rD044,3219328840,100.00,,
3.822890182,282374448,,rFF44,3219247302,100.00,,
3.822890182,43740421821,,instructions,3219152830,100.00,3.62,insn per cycle
3.822890182,12072072047,,cycles,3219346149,100.00,,
3.923557947,3357,,rD044,3221026264,100.00,,
3.923557947,284162221,,rFF44,3220953594,100.00,,
3.923557947,43971256019,,instructions,3220802414,100.00,3.64,insn per cycle
3.923557947,12077152141,,cycles,3220689871,100.00,,
4.024146062,2805,,rD044,3218817668,100.00,,
4.024146062,282084928,,rFF44,3218892103,100.00,,
4.024146062,43684829824,,instructions,3218968852,100.00,3.62,insn per cycle
4.024146062,12073233521,,cycles,3219598299,100.00,,
4.124766158,3352,,rD044,3219630342,100.00,,
4.124766158,280277757,,rFF44,3219553574,100.00,,
4.124766158,43479946841,,instructions,3219638198,100.00,3.60,insn per cycle
4.124766158,12071310804,,cycles,3219059734,100.00,,
4.225369563,2878,,rD044,3219052510,100.00,,
4.225369563,280288951,,rFF44,3219195254,100.00,,
4.225369563,43490052033,,instructions,3218998870,100.00,3.60,insn per cycle
4.225369563,12070868605,,cycles,3219018228,100.00,,
4.325987928,370626,,rD044,3214162459,100.00,,
4.325987928,74913183,,rFF44,3213891148,100.00,,
4.325987928,11417461186,,instructions,3213761559,100.00,0.95,insn per cycle
4.325987928,12049423749,,cycles,3213463593,100.00,,
4.426565353,94048,,rD044,3218668559,100.00,,
4.426565353,222075509,,rFF44,3218950903,100.00,,
4.426565353,34954203877,,instructions,3219173921,100.00,2.90,insn per cycle
4.426565353,12073020535,,cycles,3219493614,100.00,,
4.527171968,2746,,rD044,3219199777,100.00,,
4.527171968,279394653,,rFF44,3218893904,100.00,,
4.527171968,43351130671,,instructions,3218864755,100.00,3.59,insn per cycle
4.527171968,12070748510,,cycles,3218883849,100.00,,
4.627761823,2932,,rD044,3218972774,100.00,,
4.627761823,279399800,,rFF44,3219078380,100.00,,
4.627761823,43356671135,,instructions,3219220854,100.00,3.59,insn per cycle
4.627761823,12072101470,,cycles,3219241811,100.00,,
4.728363178,2776,,rD044,3219083959,100.00,,
4.728363178,281849360,,rFF44,3219298066,100.00,,
4.728363178,43653364947,,instructions,3219322623,100.00,3.62,insn per cycle
4.728363178,12072017145,,cycles,3219247380,100.00,,
4.828976223,2947,,rD044,3219519701,100.00,,
4.828976223,281605913,,rFF44,3219329644,100.00,,
4.828976223,43613842530,,instructions,3219191573,100.00,3.61,insn per cycle
4.828976223,12071822156,,cycles,3219183574,100.00,,
4.929580908,2981,,rD044,3219187210,100.00,,
4.929580908,282814708,,rFF44,3219217889,100.00,,
4.929580908,43793531336,,instructions,3219179284,100.00,3.63,insn per cycle
4.929580908,12071558411,,cycles,3219144423,100.00,,
5.030172853,2670,,rD044,3218949475,100.00,,
5.030172853,280929522,,rFF44,3218800487,100.00,,
5.030172853,43551336732,,instructions,3218938055,100.00,3.61,insn per cycle
5.030172853,12073650683,,cycles,3219660353,100.00,,
5.130783628,3338,,rD044,3219440039,100.00,,
5.130783628,280803349,,rFF44,3219518504,100.00,,
5.130783628,43534022575,,instructions,3219395527,100.00,3.61,insn per cycle
5.130783628,12069862026,,cycles,3218669874,100.00,,
5.231375893,2882,,rD044,3218873185,100.00,,
5.231375893,281462360,,rFF44,3219140902,100.00,,
5.231375893,43606978885,,instructions,3219183397,100.00,3.61,insn per cycle
5.231375893,12071388650,,cycles,3219082566,100.00,,
5.331980238,3096,,rD044,3219107510,100.00,,
5.331980238,280343756,,rFF44,3218909293,100.00,,
5.331980238,43480806605,,instructions,3218996724,100.00,3.60,insn per cycle
5.331980238,12071703863,,cycles,3219181389,100.00,,
5.432592263,2949,,rD044,3219589219,100.00,,
5.432592263,280221089,,rFF44,3219591494,100.00,,
5.432592263,43450590664,,instructions,3219639076,100.00,3.60,insn per cycle
5.432592263,12073435791,,cycles,3219599294,100.00,,
5.533214538,2768,,rD044,3219858282,100.00,,
5.533214538,280277253,,rFF44,3219753904,100.00,,
5.533214538,43471407483,,instructions,3219783880,100.00,3.60,insn per cycle
5.533214538,12074179833,,cycles,3219800613,100.00,,
5.633817733,156857,,rD044,3214506110,100.00,,
5.633817733,192492930,,rFF44,3213970880,100.00,,
5.633817733,29777796569,,instructions,3213345241,100.00,2.47,insn per cycle
5.633817733,12047732636,,cycles,3212878280,100.00,,
5.734376368,306181,,rD044,3217442121,100.00,,
5.734376368,104859977,,rFF44,3218399107,100.00,,
5.734376368,16680241671,,instructions,3218972674,100.00,1.38,insn per cycle
5.734376368,12073448858,,cycles,3219710538,100.00,,
5.835022174,3142,,rD044,3220288256,100.00,,
5.835022174,279293845,,rFF44,3220079463,100.00,,
5.835022174,43360497727,,instructions,3219979411,100.00,3.59,insn per cycle
5.835022174,12073845366,,cycles,3219766043,100.00,,
5.935657439,3039,,rD044,3220106266,100.00,,
5.935657439,281345792,,rFF44,3219895922,100.00,,
5.935657439,43600448722,,instructions,3219865118,100.00,3.61,insn per cycle
5.935657439,12073802109,,cycles,3219728776,100.00,,
6.036265434,2782,,rD044,3219453364,100.00,,
6.036265434,282163091,,rFF44,3219842857,100.00,,
6.036265434,43708027955,,instructions,3220619144,100.00,3.62,insn per cycle
6.036265434,12077074620,,cycles,3220575237,100.00,,
6.136892499,3519,,rD044,3219909427,100.00,,
6.136892499,279713350,,rFF44,3219648118,100.00,,
6.136892499,43385316160,,instructions,3219021271,100.00,3.59,insn per cycle
6.136892499,12071778772,,cycles,3219182614,100.00,,
6.237496664,3014,,rD044,3219118186,100.00,,
6.237496664,280520486,,rFF44,3219016854,100.00,,
6.237496664,43517439474,,instructions,3219005572,100.00,3.61,insn per cycle
6.237496664,12071096860,,cycles,3219030504,100.00,,
6.338107049,2927,,rD044,3219488714,100.00,,
6.338107049,278925088,,rFF44,3219548550,100.00,,
6.338107049,43306927668,,instructions,3219489654,100.00,3.59,insn per cycle
6.338107049,12073702884,,cycles,3219691396,100.00,,
6.438734355,3199,,rD044,3220145494,100.00,,
6.438734355,280202212,,rFF44,3220164372,100.00,,
6.438734355,43487250386,,instructions,3220197604,100.00,3.60,insn per cycle
6.438734355,12075806541,,cycles,3220230115,100.00,,
6.539363470,2859,,rD044,3220216893,100.00,,
6.539363470,280162948,,rFF44,3220482816,100.00,,
6.539363470,43460175602,,instructions,3220391024,100.00,3.60,insn per cycle
6.539363470,12075625448,,cycles,3220182683,100.00,,
6.639979085,2932,,rD044,3219490781,100.00,,
6.639979085,279238569,,rFF44,3219208966,100.00,,
6.639979085,43341809964,,instructions,3219197310,100.00,3.59,insn per cycle
6.639979085,12071444582,,cycles,3219066560,100.00,,
6.740580180,2943,,rD044,3219075556,100.00,,
6.740580180,280499516,,rFF44,3218905133,100.00,,
6.740580180,43488635413,,instructions,3218986986,100.00,3.60,insn per cycle
6.740580180,12071023114,,cycles,3218973079,100.00,,
6.841176205,3021,,rD044,3219013431,100.00,,
6.841176205,281797459,,rFF44,3219240971,100.00,,
6.841176205,43672143545,,instructions,3219249411,100.00,3.62,insn per cycle
6.841176205,12072941139,,cycles,3219508483,100.00,,
6.941803071,3377,,rD044,3219982389,100.00,,
6.941803071,280776986,,rFF44,3219781453,100.00,,
6.941803071,43536097228,,instructions,3219540270,100.00,3.61,insn per cycle
6.941803071,12071862044,,cycles,3219217255,100.00,,
7.042395216,413793,,rD044,3213888338,100.00,,
7.042395216,47268468,,rFF44,3214539105,100.00,,
7.042395216,7247765872,,instructions,3214444895,100.00,0.60,insn per cycle
7.042395216,12052678678,,cycles,3214308185,100.00,,
7.142987841,48971,,rD044,3219017794,100.00,,
7.142987841,249641921,,rFF44,3218548592,100.00,,
7.142987841,39149668486,,instructions,3218754526,100.00,3.24,insn per cycle
7.142987841,12071367587,,cycles,3219060427,100.00,,
7.243603436,3756,,rD044,3219409101,100.00,,
7.243603436,283331389,,rFF44,3219460916,100.00,,
7.243603436,43861938118,,instructions,3219443504,100.00,3.63,insn per cycle
7.243603436,12072265304,,cycles,3219360879,100.00,,
7.344213911,3464,,rD044,3219499091,100.00,,
7.344213911,284103216,,rFF44,3219581442,100.00,,
7.344213911,43976102354,,instructions,3220064475,100.00,3.64,insn per cycle
7.344213911,12075059762,,cycles,3220050534,100.00,,
7.444837946,3624,,rD044,3220108976,100.00,,
7.444837946,283059005,,rFF44,3220214814,100.00,,
7.444837946,43813309704,,instructions,3219852058,100.00,3.63,insn per cycle
7.444837946,12074512900,,cycles,3219885554,100.00,,
7.545454011,3218,,rD044,3219812136,100.00,,
7.545454011,281754224,,rFF44,3219454567,100.00,,
7.545454011,43640712041,,instructions,3219336377,100.00,3.61,insn per cycle
7.545454011,12072219905,,cycles,3219278961,100.00,,
7.646072057,3149,,rD044,3219343944,100.00,,
7.646072057,280826143,,rFF44,3219306812,100.00,,
7.646072057,43543935729,,instructions,3219381354,100.00,3.61,insn per cycle
7.646072057,12073854272,,cycles,3219710220,100.00,,
7.746682132,3472,,rD044,3219326969,100.00,,
7.746682132,282591047,,rFF44,3219398011,100.00,,
7.746682132,43757826562,,instructions,3219268839,100.00,3.63,insn per cycle
7.746682132,12070638344,,cycles,3218906059,100.00,,
7.847280527,3902,,rD044,3219160959,100.00,,
7.847280527,281626275,,rFF44,3219556863,100.00,,
7.847280527,43629453041,,instructions,3219593716,100.00,3.61,insn per cycle
7.847280527,12073267472,,cycles,3219637503,100.00,,
7.947903302,4057,,rD044,3219524989,100.00,,
7.947903302,282055378,,rFF44,3219281502,100.00,,
7.947903302,43700931491,,instructions,3219436212,100.00,3.62,insn per cycle
7.947903302,12072922469,,cycles,3219570518,100.00,,
8.048511537,3586,,rD044,3219238541,100.00,,
8.048511537,283048126,,rFF44,3219060972,100.00,,
8.048511537,43805632963,,instructions,3218962653,100.00,3.63,insn per cycle
8.048511537,12070772660,,cycles,3218902736,100.00,,
8.149105902,3354,,rD044,3219065166,100.00,,
8.149105902,279250568,,rFF44,3219082724,100.00,,
8.149105902,43318407213,,instructions,3218971780,100.00,3.59,insn per cycle
8.149105902,12071507234,,cycles,3219111874,100.00,,
8.249707417,6399,,rD044,3218202043,100.00,,
8.249707417,280046534,,rFF44,3218121624,100.00,,
8.249707417,43417645976,,instructions,3218234717,100.00,3.60,insn per cycle
8.249707417,12067162546,,cycles,3218138819,100.00,,
8.323218146,14768,,rD044,2199793955,100.00,,
8.323218146,150059664,,rFF44,2196390693,100.00,,
8.323218146,24330706300,,instructions,2193321413,100.00,2.96,insn per cycle
8.323218146,8212953529,,cycles,2190181586,100.00,,
