0.100146079,65435,,rD044,5502399756,100.00,,
0.100146079,181273050,,rFF44,5526741337,100.00,,
0.100146079,8052743227,,instructions,5545242236,100.00,0.39,insn per cycle
0.100146079,20854945819,,cycles,5563376648,100.00,,
0.201728309,193501,,rD044,6449357487,100.00,,
0.201728309,247738761,,rFF44,6437763110,100.00,,
0.201728309,38307954453,,instructions,6430540584,100.00,1.59,insn per cycle
0.201728309,24084175146,,cycles,6423186390,100.00,,
0.302678560,342803,,rD044,6459340526,100.00,,
0.302678560,124596457,,rFF44,6468118722,100.00,,
0.302678560,20950569826,,instructions,6477151498,100.00,0.86,insn per cycle
0.302678560,24315714123,,cycles,6484536397,100.00,,
0.404150648,13055,,rD044,6491310832,100.00,,
0.404150648,371558282,,rFF44,6489418432,100.00,,
0.404150648,57725238883,,instructions,6486728616,100.00,2.37,insn per cycle
0.404150648,24324813522,,cycles,6486990551,100.00,,
0.505570935,12254,,rD044,6490952512,100.00,,
0.505570935,371943372,,rFF44,6491311915,100.00,,
0.505570935,57810965309,,instructions,6492089105,100.00,2.37,insn per cycle
0.505570935,24343228514,,cycles,6491572670,100.00,,
0.606975142,12490,,rD044,6490117233,100.00,,
0.606975142,375227017,,rFF44,6490521307,100.00,,
0.606975142,58155404878,,instructions,6488791660,100.00,2.39,insn per cycle
0.606975142,24328738808,,cycles,6487707039,100.00,,
0.708347719,15790,,rD044,6487598750,100.00,,
0.708347719,374316951,,rFF44,6485836962,100.00,,
0.708347719,58152644047,,instructions,6486046924,100.00,2.39,insn per cycle
0.708347719,24322355536,,cycles,6486004587,100.00,,
0.809681005,16727,,rD044,6484149764,100.00,,
0.809681005,376565282,,rFF44,6484372259,100.00,,
0.809681005,58438540272,,instructions,6484409054,100.00,2.40,insn per cycle
0.809681005,24316187439,,cycles,6484465720,100.00,,
0.910987691,15077,,rD044,6483683813,100.00,,
0.910987691,379469352,,rFF44,6484854930,100.00,,
0.910987691,58791451111,,instructions,6485219249,100.00,2.42,insn per cycle
0.910987691,24320784482,,cycles,6485714813,100.00,,
1.012323087,17581,,rD044,6486532287,100.00,,
1.012323087,378576779,,rFF44,6491862609,100.00,,
1.012323087,58808733077,,instructions,6499464365,100.00,2.41,insn per cycle
1.012323087,24388496365,,cycles,6503868837,100.00,,
1.113990398,20485,,rD044,6504441440,100.00,,
1.113990398,372454237,,rFF44,6499126186,100.00,,
1.113990398,58110225363,,instructions,6494286514,100.00,2.39,insn per cycle
1.113990398,24338037490,,cycles,6490306295,100.00,,
1.215409265,16495,,rD044,6485362445,100.00,,
1.215409265,375166866,,rFF44,6477937599,100.00,,
1.215409265,58214900774,,instructions,6469239299,100.00,2.40,insn per cycle
1.215409265,24233297700,,cycles,6462340122,100.00,,
1.316297465,505703,,rD044,6443866572,100.00,,
1.316297465,12945726,,rFF44,6443556164,100.00,,
1.316297465,3165678448,,instructions,6442844616,100.00,0.13,insn per cycle
1.316297465,24155653588,,cycles,6442050065,100.00,,
1.417190785,29011,,rD044,6462023158,100.00,,
1.417190785,362399889,,rFF44,6470405196,100.00,,
1.417190785,56881518459,,instructions,6478373893,100.00,2.34,insn per cycle
1.417190785,24322696368,,cycles,6486135540,100.00,,
1.518598172,14071,,rD044,6488551383,100.00,,
1.518598172,378426195,,rFF44,6487749543,100.00,,
1.518598172,58736839252,,instructions,6487524650,100.00,2.41,insn per cycle
1.518598172,24326279314,,cycles,6487046295,100.00,,
1.619945109,14561,,rD044,6502224505,100.00,,
1.619945109,380543000,,rFF44,6522897646,100.00,,
1.619945109,59095662640,,instructions,6525430202,100.00,2.41,insn per cycle
1.619945109,24474520231,,cycles,6526595397,100.00,,
1.721931804,14290,,rD044,6513346184,100.00,,
1.721931804,380351810,,rFF44,6494436489,100.00,,
1.721931804,58930757258,,instructions,6491735133,100.00,2.42,insn per cycle
1.721931804,24338203120,,cycles,6490218056,100.00,,
1.823337381,15476,,rD044,6489108246,100.00,,
1.823337381,378803423,,rFF44,6487042038,100.00,,
1.823337381,58798758466,,instructions,6486733585,100.00,2.42,insn per cycle
1.823337381,24326037842,,cycles,6487006458,100.00,,
1.924703138,14956,,rD044,6485851138,100.00,,
1.924703138,378489986,,rFF44,6486151634,100.00,,
1.924703138,58761678609,,instructions,6486397936,100.00,2.42,insn per cycle
1.924703138,24322475042,,cycles,6486211704,100.00,,
2.026143965,13053,,rD044,6492540303,100.00,,
2.026143965,380651632,,rFF44,6493873204,100.00,,
2.026143965,58970386617,,instructions,6492659881,100.00,2.42,insn per cycle
2.026143965,24344140447,,cycles,6491844272,100.00,,
2.127510522,15179,,rD044,6486321034,100.00,,
2.127510522,378478045,,rFF44,6484215643,100.00,,
2.127510522,58748715557,,instructions,6483915387,100.00,2.42,insn per cycle
2.127510522,24320806818,,cycles,6485580334,100.00,,
2.228846548,14095,,rD044,6486190857,100.00,,
2.228846548,378751490,,rFF44,6487563859,100.00,,
2.228846548,58809224674,,instructions,6489003821,100.00,2.42,insn per cycle
2.228846548,24329135109,,cycles,6487918869,100.00,,
2.330214435,390328,,rD044,6470047358,100.00,,
2.330214435,104525867,,rFF44,6461984974,100.00,,
2.330214435,16344599307,,instructions,6454375710,100.00,0.68,insn per cycle
2.330214435,24178055654,,cycles,6448054386,100.00,,
2.431109635,140309,,rD044,6462256553,100.00,,
2.431109635,276078629,,rFF44,6471003591,100.00,,
2.431109635,44179577730,,instructions,6478325097,100.00,1.82,insn per cycle
2.431109635,24319333104,,cycles,6485201700,100.00,,
2.532509542,13689,,rD044,6489376934,100.00,,
2.532509542,379108873,,rFF44,6489586212,100.00,,
2.532509542,58836686982,,instructions,6490330470,100.00,2.42,insn per cycle
2.532509542,24342090040,,cycles,6491262778,100.00,,
2.633931959,14335,,rD044,6491675833,100.00,,
2.633931959,378755687,,rFF44,6490695207,100.00,,
2.633931959,58775343517,,instructions,6488829060,100.00,2.42,insn per cycle
2.633931959,24326728403,,cycles,6487161779,100.00,,
2.735302306,13866,,rD044,6488313672,100.00,,
2.735302306,379616611,,rFF44,6488509142,100.00,,
2.735302306,58902482081,,instructions,6489885849,100.00,2.42,insn per cycle
2.735302306,24338195051,,cycles,6490228125,100.00,,
2.836701033,12929,,rD044,6487272854,100.00,,
2.836701033,380277028,,rFF44,6486501928,100.00,,
2.836701033,58917369029,,instructions,6485849109,100.00,2.42,insn per cycle
2.836701033,24321694134,,cycles,6485900763,100.00,,
2.938058150,14196,,rD044,6486066074,100.00,,
2.938058150,379662938,,rFF44,6486161675,100.00,,
2.938058150,58883465778,,instructions,6485643657,100.00,2.42,insn per cycle
2.938058150,24320698892,,cycles,6485766066,100.00,,
3.039410516,13952,,rD044,6485596072,100.00,,
3.039410516,378838538,,rFF44,6483473835,100.00,,
3.039410516,58790395661,,instructions,6483353235,100.00,2.42,insn per cycle
3.039410516,24316521941,,cycles,6484456566,100.00,,
3.140740862,13834,,rD044,6487042839,100.00,,
3.140740862,377881045,,rFF44,6490098660,100.00,,
3.140740862,58677595753,,instructions,6491597880,100.00,2.41,insn per cycle
3.140740862,24341190968,,cycles,6491030174,100.00,,
3.242141709,14703,,rD044,6489063648,100.00,,
3.242141709,379524468,,rFF44,6487434756,100.00,,
3.242141709,58869466696,,instructions,6485880315,100.00,2.42,insn per cycle
3.242141709,24321265694,,cycles,6485892098,100.00,,
3.343484855,277792,,rD044,6466787906,100.00,,
3.343484855,191125730,,rFF44,6459604924,100.00,,
3.343484855,29569357961,,instructions,6454377003,100.00,1.22,insn per cycle
3.343484855,24177526917,,cycles,6447912813,100.00,,
3.444424536,255523,,rD044,6464431161,100.00,,
3.444424536,186323659,,rFF44,6472062351,100.00,,
3.444424536,30652675027,,instructions,6478408570,100.00,1.26,insn per cycle
3.444424536,24322090348,,cycles,6485937321,100.00,,
3.545805233,13714,,rD044,6484809793,100.00,,
3.545805233,377872720,,rFF44,6478422931,100.00,,
3.545805233,58675512311,,instructions,6485243572,100.00,2.41,insn per cycle
3.545805233,24389856313,,cycles,6503967640,100.00,,
3.647533475,13556,,rD044,6514528521,100.00,,
3.647533475,381759370,,rFF44,6521209482,100.00,,
3.647533475,59152658540,,instructions,6514601150,100.00,2.43,insn per cycle
3.647533475,24353602343,,cycles,6494363321,100.00,,
3.748900291,14311,,rD044,6487614680,100.00,,
3.748900291,378827434,,rFF44,6487365353,100.00,,
3.748900291,58776317418,,instructions,6486020398,100.00,2.42,insn per cycle
3.748900291,24321187421,,cycles,6485688062,100.00,,
3.850277068,13505,,rD044,6488013011,100.00,,
3.850277068,379829441,,rFF44,6487254591,100.00,,
3.850277068,58919185188,,instructions,6487525491,100.00,2.42,insn per cycle
3.850277068,24325950389,,cycles,6487064188,100.00,,
3.951603514,13666,,rD044,6483159609,100.00,,
3.951603514,380181343,,rFF44,6483290945,100.00,,
3.951603514,58910358288,,instructions,6484222476,100.00,2.42,insn per cycle
3.951603514,24321497581,,cycles,6485949531,100.00,,
4.052959930,13891,,rD044,6487078579,100.00,,
4.052959930,378406031,,rFF44,6487824709,100.00,,
4.052959930,58743453936,,instructions,6487050513,100.00,2.42,insn per cycle
4.052959930,24319879568,,cycles,6485330791,100.00,,
4.154301657,14234,,rD044,6487491646,100.00,,
4.154301657,378738154,,rFF44,6488809521,100.00,,
4.154301657,58792119483,,instructions,6489777184,100.00,2.42,insn per cycle
4.154301657,24340344051,,cycles,6490837367,100.00,,
4.255754995,14879,,rD044,6499841813,100.00,,
4.255754995,380171571,,rFF44,6503494790,100.00,,
4.255754995,58988276034,,instructions,6502633245,100.00,2.42,insn per cycle
4.255754995,24380616939,,cycles,6501630282,100.00,,
4.357294443,154678,,rD044,6477043278,100.00,,
4.357294443,278100332,,rFF44,6464485218,100.00,,
4.357294443,42981076860,,instructions,6457869934,100.00,1.78,insn per cycle
4.357294443,24194060916,,cycles,6452254608,100.00,,
4.458210604,374979,,rD044,6460124811,100.00,,
4.458210604,102260736,,rFF44,6467480253,100.00,,
4.458210604,17565417481,,instructions,6473766536,100.00,0.72,insn per cycle
4.458210604,24302080193,,cycles,6480793437,100.00,,
4.559604801,14864,,rD044,6488587625,100.00,,
4.559604801,378896500,,rFF44,6489060068,100.00,,
4.559604801,58782600846,,instructions,6489316966,100.00,2.42,insn per cycle
4.559604801,24334283954,,cycles,6489215866,100.00,,
4.660982698,14202,,rD044,6488449614,100.00,,
4.660982698,379329239,,rFF44,6489778120,100.00,,
4.660982698,58857561790,,instructions,6490057440,100.00,2.42,insn per cycle
4.660982698,24336911674,,cycles,6489891204,100.00,,
4.762381445,13646,,rD044,6489675982,100.00,,
4.762381445,380016508,,rFF44,6487016218,100.00,,
4.762381445,58886504024,,instructions,6486309660,100.00,2.42,insn per cycle
4.762381445,24317749414,,cycles,6484784879,100.00,,
4.863703081,14088,,rD044,6482346432,100.00,,
4.863703081,378917144,,rFF44,6482272484,100.00,,
4.863703081,58796642098,,instructions,6482934296,100.00,2.42,insn per cycle
4.863703081,24312776890,,cycles,6483786948,100.00,,
4.965019587,14064,,rD044,6483588881,100.00,,
4.965019587,379378045,,rFF44,6484016508,100.00,,
4.965019587,58837186530,,instructions,6482747622,100.00,2.42,insn per cycle
4.965019587,24309229440,,cycles,6482638681,100.00,,
5.066331732,14294,,rD044,6484403983,100.00,,
5.066331732,380037293,,rFF44,6484945302,100.00,,
5.066331732,58903162615,,instructions,6485683533,100.00,2.42,insn per cycle
5.066331732,24319666725,,cycles,6485479925,100.00,,
5.167655638,14803,,rD044,6483649649,100.00,,
5.167655638,378917823,,rFF44,6483524633,100.00,,
5.167655638,58790197431,,instructions,6483602029,100.00,2.42,insn per cycle
5.167655638,24312845808,,cycles,6483528125,100.00,,
5.268982544,14240,,rD044,6484698941,100.00,,
5.268982544,378734430,,rFF44,6485334893,100.00,,
5.268982544,58777211915,,instructions,6485220700,100.00,2.42,insn per cycle
5.268982544,24323290631,,cycles,6486313306,100.00,,
5.370337251,41485,,rD044,6473343805,100.00,,
5.370337251,364424667,,rFF44,6464969598,100.00,,
5.370337251,56374609814,,instructions,6458806106,100.00,2.33,insn per cycle
5.370337251,24192078950,,cycles,6451670188,100.00,,
5.471216321,487344,,rD044,6461755754,100.00,,
5.471216321,17147037,,rFF44,6476784187,100.00,,
5.471216321,4396733162,,instructions,6484437891,100.00,0.18,insn per cycle
5.471216321,24341923198,,cycles,6491459516,100.00,,
5.572806160,14419,,rD044,6495920332,100.00,,
5.572806160,380294739,,rFF44,6490966109,100.00,,
5.572806160,58902041422,,instructions,6490748366,100.00,2.42,insn per cycle
5.572806160,24342651174,,cycles,6491421059,100.00,,
5.674262108,15120,,rD044,6493063291,100.00,,
5.674262108,378619410,,rFF44,6490739048,100.00,,
5.674262108,58751475095,,instructions,6489165836,100.00,2.41,insn per cycle
5.674262108,24328186933,,cycles,6487584984,100.00,,
5.775672725,14560,,rD044,6489307689,100.00,,
5.775672725,379041165,,rFF44,6489928753,100.00,,
5.775672725,58840586110,,instructions,6492260162,100.00,2.42,insn per cycle
5.775672725,24350800017,,cycles,6493588172,100.00,,
5.877086763,12873,,rD044,6489842648,100.00,,
5.877086763,380532908,,rFF44,6489859094,100.00,,
5.877086763,58943070142,,instructions,6487661857,100.00,2.42,insn per cycle
5.877086763,24322368456,,cycles,6486174155,100.00,,
5.978441849,13688,,rD044,6485825523,100.00,,
5.978441849,379007206,,rFF44,6484611667,100.00,,
5.978441849,58815260036,,instructions,6484476450,100.00,2.42,insn per cycle
5.978441849,24320618414,,cycles,6485594136,100.00,,
6.079772455,14570,,rD044,6485752539,100.00,,
6.079772455,378830943,,rFF44,6486270201,100.00,,
6.079772455,58783814056,,instructions,6487001519,100.00,2.42,insn per cycle
6.079772455,24324943849,,cycles,6486707332,100.00,,
6.181132582,14464,,rD044,6486976886,100.00,,
6.181132582,378414815,,rFF44,6488535335,100.00,,
6.181132582,58754517776,,instructions,6488747367,100.00,2.41,insn per cycle
6.181132582,24331226890,,cycles,6488362071,100.00,,
6.282513309,13864,,rD044,6487159395,100.00,,
6.282513309,380505575,,rFF44,6485362121,100.00,,
6.282513309,58935266274,,instructions,6484484956,100.00,2.42,insn per cycle
6.282513309,24318208013,,cycles,6485062668,100.00,,
6.383846325,13798,,rD044,6484574204,100.00,,
6.383846325,378900376,,rFF44,6484413026,100.00,,
6.383846325,58802257485,,instructions,6485001530,100.00,2.42,insn per cycle
6.383846325,24314633486,,cycles,6484042856,100.00,,
6.423669531,22121,,rD044,2211146639,100.00,,
6.423669531,73814325,,rFF44,2192077485,100.00,,
6.423669531,13912970227,,instructions,2174917734,100.00,1.72,insn per cycle
6.423669531,8093220468,,cycles,2158309756,100.00,,
