0.100128958,52765,,rD044,682502519,100.00,,
0.100128958,163593010,,rFF44,682737919,100.00,,
0.100128958,4739463106,,instructions,682911419,100.00,1.85,insn per cycle
0.100128958,2556968173,,cycles,683080439,100.00,,
0.200440397,2883,,rD044,802436516,100.00,,
0.200440397,72873940,,rFF44,802435248,100.00,,
0.200440397,11233891596,,instructions,802431468,100.00,3.73,insn per cycle
0.200440397,3009103958,,cycles,802431008,100.00,,
0.300714136,4377,,rD044,802170952,100.00,,
0.300714136,71755625,,rFF44,802168060,100.00,,
0.300714136,11090564738,,instructions,802172138,100.00,3.69,insn per cycle
0.300714136,3008131621,,cycles,802173238,100.00,,
0.400983255,2891,,rD044,802090398,100.00,,
0.400983255,72799591,,rFF44,802081438,100.00,,
0.400983255,11225025050,,instructions,802071930,100.00,3.73,insn per cycle
0.400983255,3007725447,,cycles,802068130,100.00,,
0.501251394,141319,,rD044,801295326,100.00,,
0.501251394,43384711,,rFF44,801302096,100.00,,
0.501251394,6719288111,,instructions,801346966,100.00,2.24,insn per cycle
0.501251394,3004714738,,cycles,801382996,100.00,,
0.601520053,329403,,rD044,801950328,100.00,,
0.601520053,1852234,,rFF44,801967258,100.00,,
0.601520053,382691270,,instructions,801971748,100.00,0.13,insn per cycle
0.601520053,3007232736,,cycles,801964968,100.00,,
0.701791142,366245,,rD044,801131744,100.00,,
0.701791142,2339139,,rFF44,801086134,100.00,,
0.701791142,1058873325,,instructions,801035874,100.00,0.35,insn per cycle
0.701791142,3003634077,,cycles,800999664,100.00,,
0.802049380,6096,,rD044,802047272,100.00,,
0.802049380,72164881,,rFF44,802069458,100.00,,
0.802049380,11124669014,,instructions,802067878,100.00,3.70,insn per cycle
0.802049380,3007744105,,cycles,802074278,100.00,,
0.902308489,3896,,rD044,802013936,100.00,,
0.902308489,71665102,,rFF44,802009920,100.00,,
0.902308489,11067818333,,instructions,802016730,100.00,3.68,insn per cycle
0.902308489,3007495287,,cycles,802016603,100.00,,
1.002563798,2655,,rD044,801957788,100.00,,
1.002563798,72531727,,rFF44,801959808,100.00,,
1.002563798,11173246702,,instructions,801957188,100.00,3.72,insn per cycle
1.002563798,3007296287,,cycles,801954365,100.00,,
1.102818617,9924,,rD044,802035438,100.00,,
1.102818617,71819386,,rFF44,802041818,100.00,,
1.102818617,11077170705,,instructions,802045338,100.00,3.68,insn per cycle
1.102818617,3007667478,,cycles,802052358,100.00,,
1.203082235,3323,,rD044,802015138,100.00,,
1.203082235,72671384,,rFF44,802002188,100.00,,
1.203082235,11194506313,,instructions,802009328,100.00,3.72,insn per cycle
1.203082235,3007468551,,cycles,802008248,100.00,,
1.303340034,3606,,rD044,802062030,100.00,,
1.303340034,72184057,,rFF44,802065233,100.00,,
1.303340034,11133274559,,instructions,802049728,100.00,3.70,insn per cycle
1.303340034,3007661889,,cycles,802045818,100.00,,
1.403597443,2756,,rD044,801981758,100.00,,
1.403597443,72413572,,rFF44,801985655,100.00,,
1.403597443,11159742740,,instructions,801991520,100.00,3.71,insn per cycle
1.403597443,3007413694,,cycles,801985440,100.00,,
1.503851472,3354,,rD044,802018808,100.00,,
1.503851472,72258172,,rFF44,802006668,100.00,,
1.503851472,11142419295,,instructions,802043868,100.00,3.70,insn per cycle
1.503851472,3007764522,,cycles,802073108,100.00,,
1.604111150,2856,,rD044,802006798,100.00,,
1.604111150,72570469,,rFF44,802015788,100.00,,
1.604111150,11185968047,,instructions,801977288,100.00,3.72,insn per cycle
1.604111150,3007287508,,cycles,801951788,100.00,,
1.704368529,3568,,rD044,802026526,100.00,,
1.704368529,72344325,,rFF44,802025418,100.00,,
1.704368529,11150772600,,instructions,802016928,100.00,3.71,insn per cycle
1.704368529,3007500990,,cycles,802014928,100.00,,
1.804622538,2924,,rD044,801948691,100.00,,
1.804622538,72579345,,rFF44,801945769,100.00,,
1.804622538,11190215434,,instructions,801950119,100.00,3.72,insn per cycle
1.804622538,3007303509,,cycles,801955477,100.00,,
1.904877797,3928,,rD044,801920617,100.00,,
1.904877797,72169243,,rFF44,801996257,100.00,,
1.904877797,11139863594,,instructions,802094417,100.00,3.70,insn per cycle
1.904877797,3007723516,,cycles,802097339,100.00,,
2.005149085,2674,,rD044,802088978,100.00,,
2.005149085,72581110,,rFF44,802017128,100.00,,
2.005149085,11191378101,,instructions,801928508,100.00,3.72,insn per cycle
2.005149085,3007179207,,cycles,801922968,100.00,,
2.105405994,4689,,rD044,802060038,100.00,,
2.105405994,72232595,,rFF44,802064508,100.00,,
2.105405994,11134691763,,instructions,802056098,100.00,3.70,insn per cycle
2.105405994,3007718380,,cycles,802061348,100.00,,
2.205660183,3102,,rD044,801955802,100.00,,
2.205660183,72507247,,rFF44,801942648,100.00,,
2.205660183,11180057594,,instructions,801944298,100.00,3.72,insn per cycle
2.205660183,3007216416,,cycles,801932168,100.00,,
2.305911262,4240,,rD044,801954566,100.00,,
2.305911262,72361316,,rFF44,801962210,100.00,,
2.305911262,11154782653,,instructions,801958800,100.00,3.71,insn per cycle
2.305911262,3007215145,,cycles,801968114,100.00,,
2.406168020,3007,,rD044,801911038,100.00,,
2.406168020,72437081,,rFF44,801904168,100.00,,
2.406168020,11168081036,,instructions,801905468,100.00,3.71,insn per cycle
2.406168020,3007106748,,cycles,801903504,100.00,,
2.506415119,3687,,rD044,801977868,100.00,,
2.506415119,72240427,,rFF44,801982678,100.00,,
2.506415119,11141048522,,instructions,801981508,100.00,3.70,insn per cycle
2.506415119,3007425032,,cycles,801982828,100.00,,
2.606665768,3130,,rD044,801909446,100.00,,
2.606665768,72493189,,rFF44,801903188,100.00,,
2.606665768,11175256609,,instructions,801901278,100.00,3.72,insn per cycle
2.606665768,3007028097,,cycles,801888508,100.00,,
2.706913546,3686,,rD044,802020402,100.00,,
2.706913546,72151945,,rFF44,802035930,100.00,,
2.706913546,11130371569,,instructions,802039900,100.00,3.70,insn per cycle
2.706913546,3007632009,,cycles,802044008,100.00,,
2.807166715,3370,,rD044,801893068,100.00,,
2.807166715,72783047,,rFF44,801862198,100.00,,
2.807166715,11216349564,,instructions,801849358,100.00,3.73,insn per cycle
2.807166715,3006888980,,cycles,801845880,100.00,,
2.907412464,4054,,rD044,801943898,100.00,,
2.907412464,72333345,,rFF44,801963968,100.00,,
2.907412464,11150346632,,instructions,801974208,100.00,3.71,insn per cycle
2.907412464,3007405875,,cycles,801984388,100.00,,
3.007657412,3208,,rD044,801950526,100.00,,
3.007657412,72587471,,rFF44,801943478,100.00,,
3.007657412,11183952931,,instructions,801937938,100.00,3.72,insn per cycle
3.007657412,3007247247,,cycles,801935338,100.00,,
3.107902111,4491,,rD044,801918362,100.00,,
3.107902111,72257711,,rFF44,801943500,100.00,,
3.107902111,11142464154,,instructions,801957030,100.00,3.71,insn per cycle
3.107902111,3007332019,,cycles,801963468,100.00,,
3.208160319,3488,,rD044,801962287,100.00,,
3.208160319,72535412,,rFF44,801935027,100.00,,
3.208160319,11172313591,,instructions,801931727,100.00,3.72,insn per cycle
3.208160319,3007107430,,cycles,801921069,100.00,,
3.308410548,3927,,rD044,801929858,100.00,,
3.308410548,71769434,,rFF44,801940318,100.00,,
3.308410548,11081280265,,instructions,801944578,100.00,3.68,insn per cycle
3.308410548,3007282220,,cycles,801950958,100.00,,
3.408660567,3316,,rD044,802007858,100.00,,
3.408660567,72666401,,rFF44,802000518,100.00,,
3.408660567,11191465609,,instructions,801990708,100.00,3.72,insn per cycle
3.408660567,3007437334,,cycles,801986178,100.00,,
3.508910095,3661,,rD044,801979039,100.00,,
3.508910095,71953761,,rFF44,801995729,100.00,,
3.508910095,11103427592,,instructions,802008097,100.00,3.69,insn per cycle
3.508910095,3007527408,,cycles,802015367,100.00,,
3.609171994,3285,,rD044,801981628,100.00,,
3.609171994,72568340,,rFF44,801967368,100.00,,
3.609171994,11179236295,,instructions,801963470,100.00,3.72,insn per cycle
3.609171994,3007303511,,cycles,801961830,100.00,,
3.709418303,3670,,rD044,801882438,100.00,,
3.709418303,72403457,,rFF44,801890238,100.00,,
3.709418303,11162223915,,instructions,801887038,100.00,3.71,insn per cycle
3.709418303,3006985970,,cycles,801879908,100.00,,
3.809671332,3914,,rD044,802013518,100.00,,
3.809671332,72399052,,rFF44,802010058,100.00,,
3.809671332,11168121910,,instructions,802004588,100.00,3.71,insn per cycle
3.809671332,3007486711,,cycles,801999178,100.00,,
3.909917660,3036,,rD044,802105094,100.00,,
3.909917660,72581434,,rFF44,802102668,100.00,,
3.909917660,11180509180,,instructions,802115588,100.00,3.72,insn per cycle
3.909917660,3007946507,,cycles,802134618,100.00,,
4.010197999,3875,,rD044,801999554,100.00,,
4.010197999,72221719,,rFF44,802011040,100.00,,
4.010197999,11133256285,,instructions,802008560,100.00,3.70,insn per cycle
4.010197999,3007502648,,cycles,802003926,100.00,,
4.110453238,4009,,rD044,801972648,100.00,,
4.110453238,72578216,,rFF44,801972898,100.00,,
4.110453238,11182451764,,instructions,801968068,100.00,3.72,insn per cycle
4.110453238,3007316482,,cycles,801959582,100.00,,
4.210704767,4473,,rD044,801949258,100.00,,
4.210704767,71928096,,rFF44,801944528,100.00,,
4.210704767,11100210033,,instructions,801953948,100.00,3.69,insn per cycle
4.210704767,3007246654,,cycles,801959888,100.00,,
4.310954695,3132,,rD044,801923378,100.00,,
4.310954695,72537161,,rFF44,801904208,100.00,,
4.310954695,11178655365,,instructions,801895108,100.00,3.72,insn per cycle
4.310954695,3007068713,,cycles,801893898,100.00,,
4.411211664,3719,,rD044,801945090,100.00,,
4.411211664,71953923,,rFF44,801942240,100.00,,
4.411211664,11101952309,,instructions,801943814,100.00,3.69,insn per cycle
4.411211664,3007046132,,cycles,801934128,100.00,,
4.511456403,2926,,rD044,801907648,100.00,,
4.511456403,72567811,,rFF44,801913768,100.00,,
4.511456403,11187611141,,instructions,801915324,100.00,3.72,insn per cycle
4.511456403,3007181627,,cycles,801923730,100.00,,
4.611704671,3615,,rD044,801938958,100.00,,
4.611704671,72067729,,rFF44,801949948,100.00,,
4.611704671,11118654253,,instructions,801948688,100.00,3.70,insn per cycle
4.611704671,3007265227,,cycles,801956858,100.00,,
4.711958700,3151,,rD044,801934068,100.00,,
4.711958700,72532535,,rFF44,801929958,100.00,,
4.711958700,11182745806,,instructions,801928398,100.00,3.72,insn per cycle
4.711958700,3007161442,,cycles,801921448,100.00,,
4.812208159,3873,,rD044,801991620,100.00,,
4.812208159,72073944,,rFF44,801987630,100.00,,
4.812208159,11118264723,,instructions,801975668,100.00,3.70,insn per cycle
4.812208159,3007374154,,cycles,801969198,100.00,,
4.912451677,3195,,rD044,801860736,100.00,,
4.912451677,72529877,,rFF44,801857856,100.00,,
4.912451677,11184917875,,instructions,801860358,100.00,3.72,insn per cycle
4.912451677,3006933227,,cycles,801864658,100.00,,
5.012700626,3897,,rD044,801988688,100.00,,
5.012700626,72248881,,rFF44,802004038,100.00,,
5.012700626,11141770224,,instructions,802011018,100.00,3.70,insn per cycle
5.012700626,3007516711,,cycles,802006938,100.00,,
5.112949815,3697,,rD044,801918728,100.00,,
5.112949815,72525346,,rFF44,801904878,100.00,,
5.112949815,11182854742,,instructions,801910888,100.00,3.72,insn per cycle
5.112949815,3007134271,,cycles,801910858,100.00,,
5.213198133,20415,,rD044,801930790,100.00,,
5.213198133,72145619,,rFF44,801938880,100.00,,
5.213198133,11122280846,,instructions,801929018,100.00,3.70,insn per cycle
5.213198133,3007145013,,cycles,801932808,100.00,,
5.313441632,3080,,rD044,801893178,100.00,,
5.313441632,72354186,,rFF44,801897058,100.00,,
5.313441632,11154520182,,instructions,801898450,100.00,3.71,insn per cycle
5.313441632,3007076868,,cycles,801895600,100.00,,
5.413692930,4562,,rD044,802000568,100.00,,
5.413692930,72200618,,rFF44,801997058,100.00,,
5.413692930,11135565375,,instructions,801999138,100.00,3.70,insn per cycle
5.413692930,3007499359,,cycles,802003058,100.00,,
5.513941769,3540,,rD044,801898548,100.00,,
5.513941769,72646804,,rFF44,801888728,100.00,,
5.513941769,11198710395,,instructions,801881678,100.00,3.72,insn per cycle
5.513941769,3006977738,,cycles,801869628,100.00,,
5.614183438,238063,,rD044,801260983,100.00,,
5.614183438,25620682,,rFF44,801287283,100.00,,
5.614183438,3971723914,,instructions,801333081,100.00,1.32,insn per cycle
5.614183438,3004831972,,cycles,801370251,100.00,,
5.714447056,320767,,rD044,802018048,100.00,,
5.714447056,1847094,,rFF44,802025238,100.00,,
5.714447056,383065422,,instructions,802018780,100.00,0.13,insn per cycle
5.714447056,3007517628,,cycles,802031550,100.00,,
5.814721115,297664,,rD044,800095921,100.00,,
5.814721115,19464515,,rFF44,800067491,100.00,,
5.814721115,3670114551,,instructions,800030761,100.00,1.22,insn per cycle
5.814721115,2999837493,,cycles,799995331,100.00,,
5.914972434,3304,,rD044,802006198,100.00,,
5.914972434,72480784,,rFF44,802004408,100.00,,
5.914972434,11172032492,,instructions,802012148,100.00,3.71,insn per cycle
5.914972434,3007531066,,cycles,802010878,100.00,,
6.015224413,3989,,rD044,801962976,100.00,,
6.015224413,72289484,,rFF44,801967738,100.00,,
6.015224413,11145174084,,instructions,801961538,100.00,3.71,insn per cycle
6.015224413,3007333314,,cycles,801964008,100.00,,
6.115475551,3483,,rD044,801985682,100.00,,
6.115475551,72592619,,rFF44,801976080,100.00,,
6.115475551,11191151839,,instructions,801980180,100.00,3.72,insn per cycle
6.115475551,3007407384,,cycles,801977737,100.00,,
6.215721700,4322,,rD044,801851908,100.00,,
6.215721700,72476052,,rFF44,801865388,100.00,,
6.215721700,11168293648,,instructions,801862308,100.00,3.71,insn per cycle
6.215721700,3006829859,,cycles,801853801,100.00,,
6.315971609,3056,,rD044,801985228,100.00,,
6.315971609,72475636,,rFF44,801973648,100.00,,
6.315971609,11175555377,,instructions,801972018,100.00,3.72,insn per cycle
6.315971609,3007382014,,cycles,801971038,100.00,,
6.416218037,3868,,rD044,801902546,100.00,,
6.416218037,72363986,,rFF44,801901027,100.00,,
6.416218037,11154928232,,instructions,801911537,100.00,3.71,insn per cycle
6.416218037,3007184283,,cycles,801924217,100.00,,
6.516468706,3200,,rD044,802002151,100.00,,
6.516468706,72402239,,rFF44,802006850,100.00,,
6.516468706,11164382703,,instructions,801998321,100.00,3.71,insn per cycle
6.516468706,3007454567,,cycles,801990318,100.00,,
6.616716415,3738,,rD044,801867067,100.00,,
6.616716415,71898938,,rFF44,801869027,100.00,,
6.616716415,11096580595,,instructions,801861436,100.00,3.69,insn per cycle
6.616716415,3006921786,,cycles,801864479,100.00,,
6.716966323,3313,,rD044,801965028,100.00,,
6.716966323,72524877,,rFF44,801966878,100.00,,
6.716966323,11181677459,,instructions,801975908,100.00,3.72,insn per cycle
6.716966323,3007353710,,cycles,801974978,100.00,,
6.817216202,3960,,rD044,801943128,100.00,,
6.817216202,71776811,,rFF44,801942568,100.00,,
6.817216202,11085261256,,instructions,801942158,100.00,3.69,insn per cycle
6.817216202,3007235852,,cycles,801938508,100.00,,
6.917468041,3326,,rD044,801993160,100.00,,
6.917468041,72524806,,rFF44,801991510,100.00,,
6.917468041,11180315776,,instructions,801988855,100.00,3.72,insn per cycle
6.917468041,3007433298,,cycles,801992608,100.00,,
7.017714669,3838,,rD044,801911178,100.00,,
7.017714669,71695293,,rFF44,801914638,100.00,,
7.017714669,11073931206,,instructions,801912833,100.00,3.68,insn per cycle
7.017714669,3007132621,,cycles,801910310,100.00,,
7.117961928,3764,,rD044,801963678,100.00,,
7.117961928,72618336,,rFF44,801958738,100.00,,
7.117961928,11191935606,,instructions,801961168,100.00,3.72,insn per cycle
7.117961928,3007378430,,cycles,801970818,100.00,,
7.218210677,4239,,rD044,801862358,100.00,,
7.218210677,72248714,,rFF44,801864978,100.00,,
7.218210677,11139999061,,instructions,801868628,100.00,3.70,insn per cycle
7.218210677,3006848148,,cycles,801857428,100.00,,
7.318458885,3041,,rD044,801988860,100.00,,
7.318458885,72515864,,rFF44,801985160,100.00,,
7.318458885,11174786344,,instructions,801986436,100.00,3.72,insn per cycle
7.318458885,3007451668,,cycles,801989568,100.00,,
7.418711394,3887,,rD044,801957888,100.00,,
7.418711394,72184198,,rFF44,801961438,100.00,,
7.418711394,11137401627,,instructions,801964662,100.00,3.70,insn per cycle
7.418711394,3007327085,,cycles,801963070,100.00,,
7.518959893,3479,,rD044,801971048,100.00,,
7.518959893,72708494,,rFF44,801965538,100.00,,
7.518959893,11199943615,,instructions,801958248,100.00,3.72,insn per cycle
7.518959893,3007334950,,cycles,801958558,100.00,,
7.619205541,3776,,rD044,801882908,100.00,,
7.619205541,72377242,,rFF44,801894848,100.00,,
7.619205541,11155142437,,instructions,801898418,100.00,3.71,insn per cycle
7.619205541,3007050555,,cycles,801905838,100.00,,
7.719460200,3305,,rD044,801999510,100.00,,
7.719460200,72689540,,rFF44,801996522,100.00,,
7.719460200,11195332065,,instructions,801995218,100.00,3.72,insn per cycle
7.719460200,3007417293,,cycles,801986018,100.00,,
7.819708868,3927,,rD044,801938928,100.00,,
7.819708868,72076501,,rFF44,801946806,100.00,,
7.819708868,11117090970,,instructions,801952350,100.00,3.70,insn per cycle
7.819708868,3007322511,,cycles,801961440,100.00,,
7.919966517,3157,,rD044,802009068,100.00,,
7.919966517,72823392,,rFF44,801991618,100.00,,
7.919966517,11215386461,,instructions,801983338,100.00,3.73,insn per cycle
7.919966517,3007395443,,cycles,801982468,100.00,,
8.020213956,3894,,rD044,801917057,100.00,,
8.020213956,72027436,,rFF44,801919247,100.00,,
8.020213956,11112693944,,instructions,801921387,100.00,3.70,insn per cycle
8.020213956,3007155724,,cycles,801916507,100.00,,
8.120463315,4242,,rD044,801982700,100.00,,
8.120463315,72017254,,rFF44,801996907,100.00,,
8.120463315,11110753434,,instructions,801999488,100.00,3.69,insn per cycle
8.120463315,3007473180,,cycles,801995358,100.00,,
8.220709183,3239,,rD044,801857968,100.00,,
8.220709183,72659594,,rFF44,801845811,100.00,,
8.220709183,11191508694,,instructions,801841570,100.00,3.72,insn per cycle
8.220709183,3006802628,,cycles,801846180,100.00,,
8.320958192,4117,,rD044,801965778,100.00,,
8.320958192,72115516,,rFF44,801964368,100.00,,
8.320958192,11121786439,,instructions,801978178,100.00,3.70,insn per cycle
8.320958192,3007426410,,cycles,801983348,100.00,,
8.421216211,3194,,rD044,801932557,100.00,,
8.421216211,72622026,,rFF44,801923697,100.00,,
8.421216211,11188507235,,instructions,801913837,100.00,3.72,insn per cycle
8.421216211,3006942881,,cycles,801910787,100.00,,
8.521464569,4822,,rD044,801984852,100.00,,
8.521464569,72268436,,rFF44,802002728,100.00,,
8.521464569,11145017729,,instructions,801996308,100.00,3.71,insn per cycle
8.521464569,3007438621,,cycles,801988458,100.00,,
8.621711598,2834,,rD044,801890026,100.00,,
8.621711598,72698467,,rFF44,801874540,100.00,,
8.621711598,11203692544,,instructions,801873160,100.00,3.73,insn per cycle
8.621711598,3006938369,,cycles,801874430,100.00,,
8.721953426,3819,,rD044,801864728,100.00,,
8.721953426,72123140,,rFF44,801876248,100.00,,
8.721953426,11123898407,,instructions,801875958,100.00,3.70,insn per cycle
8.721953426,3007019898,,cycles,801877818,100.00,,
8.822198555,3044,,rD044,801949158,100.00,,
8.822198555,72660558,,rFF44,801957768,100.00,,
8.822198555,11200490532,,instructions,801966658,100.00,3.72,insn per cycle
8.822198555,3007336446,,cycles,801965818,100.00,,
8.922451144,3841,,rD044,801944141,100.00,,
8.922451144,71917344,,rFF44,801932968,100.00,,
8.922451144,11095425831,,instructions,801925668,100.00,3.69,insn per cycle
8.922451144,3007177383,,cycles,801922008,100.00,,
9.022697522,3262,,rD044,801962317,100.00,,
9.022697522,72507313,,rFF44,801961260,100.00,,
9.022697522,11179052078,,instructions,801961360,100.00,3.72,insn per cycle
9.022697522,3007413209,,cycles,801980060,100.00,,
9.122946891,5002,,rD044,801927998,100.00,,
9.122946891,71869439,,rFF44,801941968,100.00,,
9.122946891,11094468767,,instructions,801950118,100.00,3.69,insn per cycle
9.122946891,3007263219,,cycles,801944608,100.00,,
9.223201600,3415,,rD044,801954698,100.00,,
9.223201600,72496839,,rFF44,801930548,100.00,,
9.223201600,11178208981,,instructions,801927498,100.00,3.72,insn per cycle
9.223201600,3007110744,,cycles,801922848,100.00,,
9.323448118,3720,,rD044,801917703,100.00,,
9.323448118,72195873,,rFF44,801929988,100.00,,
9.323448118,11139769025,,instructions,801929928,100.00,3.70,insn per cycle
9.323448118,3007195099,,cycles,801927628,100.00,,
9.423696977,3016,,rD044,801987215,100.00,,
9.423696977,72479147,,rFF44,801983500,100.00,,
9.423696977,11177042634,,instructions,801981560,100.00,3.72,insn per cycle
9.423696977,3007425831,,cycles,801982911,100.00,,
9.523947666,3929,,rD044,801919147,100.00,,
9.523947666,72271340,,rFF44,801916287,100.00,,
9.523947666,11144601880,,instructions,801918777,100.00,3.71,insn per cycle
9.523947666,3007150420,,cycles,801914796,100.00,,
9.624192224,2928,,rD044,801930928,100.00,,
9.624192224,72390043,,rFF44,801939018,100.00,,
9.624192224,11161553675,,instructions,801931818,100.00,3.71,insn per cycle
9.624192224,3007189763,,cycles,801931778,100.00,,
9.724436433,3877,,rD044,801843323,100.00,,
9.724436433,72215417,,rFF44,801850738,100.00,,
9.724436433,11137103605,,instructions,801854998,100.00,3.70,insn per cycle
9.724436433,3006889921,,cycles,801854508,100.00,,
9.824685731,3122,,rD044,801992405,100.00,,
9.824685731,72574400,,rFF44,801979970,100.00,,
9.824685731,11188069620,,instructions,801970200,100.00,3.72,insn per cycle
9.824685731,3007386265,,cycles,801972400,100.00,,
9.924938980,3853,,rD044,801942758,100.00,,
9.924938980,72108796,,rFF44,801950258,100.00,,
9.924938980,11123049050,,instructions,801961138,100.00,3.70,insn per cycle
9.924938980,3007292021,,cycles,801961648,100.00,,
10.025187779,3453,,rD044,801973528,100.00,,
10.025187779,72672231,,rFF44,801961178,100.00,,
10.025187779,11200791468,,instructions,801962798,100.00,3.72,insn per cycle
10.025187779,3007395495,,cycles,801974048,100.00,,
10.125434857,4276,,rD044,801917905,100.00,,
10.125434857,72375223,,rFF44,801917768,100.00,,
10.125434857,11159415770,,instructions,801910088,100.00,3.71,insn per cycle
10.125434857,3007106103,,cycles,801903778,100.00,,
10.225684236,3640,,rD044,801924503,100.00,,
10.225684236,72599726,,rFF44,801923440,100.00,,
10.225684236,11185699296,,instructions,801928200,100.00,3.72,insn per cycle
10.225684236,3007115124,,cycles,801924203,100.00,,
10.325935395,3930,,rD044,801945798,100.00,,
10.325935395,72025744,,rFF44,801953598,100.00,,
10.325935395,11113204293,,instructions,801955808,100.00,3.70,insn per cycle
10.325935395,3007311687,,cycles,801958975,100.00,,
10.426184013,3094,,rD044,801985718,100.00,,
10.426184013,72568886,,rFF44,801980448,100.00,,
10.426184013,11179099912,,instructions,801983628,100.00,3.72,insn per cycle
10.426184013,3007423073,,cycles,801982128,100.00,,
10.526433552,4313,,rD044,801937217,100.00,,
10.526433552,72189582,,rFF44,801947458,100.00,,
10.526433552,11135416662,,instructions,801937408,100.00,3.70,insn per cycle
10.526433552,3007212002,,cycles,801932258,100.00,,
10.626705201,3097,,rD044,802121871,100.00,,
10.626705201,72659125,,rFF44,802120900,100.00,,
10.626705201,11191507366,,instructions,802122358,100.00,3.72,insn per cycle
10.626705201,3007908781,,cycles,802127778,100.00,,
10.726955800,314957,,rD044,801115041,100.00,,
10.726955800,7608543,,rFF44,801139761,100.00,,
10.726955800,1265544804,,instructions,801159323,100.00,0.42,insn per cycle
10.726955800,3004191489,,cycles,801193563,100.00,,
10.827215688,347012,,rD044,801791327,100.00,,
10.827215688,2146537,,rFF44,801741227,100.00,,
10.827215688,405658586,,instructions,801728067,100.00,0.13,insn per cycle
10.827215688,3006143839,,cycles,801689447,100.00,,
10.927458887,197283,,rD044,801889488,100.00,,
10.927458887,37090670,,rFF44,801918078,100.00,,
10.927458887,6373739552,,instructions,801911318,100.00,2.12,insn per cycle
10.927458887,3007100108,,cycles,801908848,100.00,,
11.027718716,3121,,rD044,802068992,100.00,,
11.027718716,72461526,,rFF44,802061708,100.00,,
11.027718716,11173476189,,instructions,802064708,100.00,3.71,insn per cycle
11.027718716,3007746929,,cycles,802068708,100.00,,
11.127966484,5012,,rD044,801881915,100.00,,
11.127966484,71944773,,rFF44,801879089,100.00,,
11.127966484,11101242139,,instructions,801878719,100.00,3.69,insn per cycle
11.127966484,3006992357,,cycles,801879859,100.00,,
11.228215033,3549,,rD044,801938118,100.00,,
11.228215033,72592014,,rFF44,801939618,100.00,,
11.228215033,11189332655,,instructions,801934078,100.00,3.72,insn per cycle
11.228215033,3007170790,,cycles,801930708,100.00,,
11.328465262,4054,,rD044,802000038,100.00,,
11.328465262,71822927,,rFF44,802007948,100.00,,
11.328465262,11092385003,,instructions,802010468,100.00,3.69,insn per cycle
11.328465262,3007542682,,cycles,802014888,100.00,,
11.428715420,3184,,rD044,801952853,100.00,,
11.428715420,72435752,,rFF44,801948657,100.00,,
11.428715420,11165068923,,instructions,801950877,100.00,3.71,insn per cycle
11.428715420,3007285298,,cycles,801950647,100.00,,
11.528967349,3674,,rD044,802001444,100.00,,
11.528967349,72103492,,rFF44,802004750,100.00,,
11.528967349,11124014763,,instructions,802009590,100.00,3.70,insn per cycle
11.528967349,3007498541,,cycles,802002602,100.00,,
11.629215978,3136,,rD044,801836748,100.00,,
11.629215978,72618032,,rFF44,801827728,100.00,,
11.629215978,11190634665,,instructions,801828028,100.00,3.72,insn per cycle
11.629215978,3006747919,,cycles,801830416,100.00,,
11.729463816,3821,,rD044,801995798,100.00,,
11.729463816,71772792,,rFF44,802013618,100.00,,
11.729463816,11086213625,,instructions,802017298,100.00,3.69,insn per cycle
11.729463816,3007547502,,cycles,802015648,100.00,,
11.829719295,3203,,rD044,801959607,100.00,,
11.829719295,72653107,,rFF44,801947288,100.00,,
11.829719295,11193620612,,instructions,801942928,100.00,3.72,insn per cycle
11.829719295,3007243723,,cycles,801947398,100.00,,
11.929969424,3883,,rD044,801984411,100.00,,
11.929969424,72184305,,rFF44,801982110,100.00,,
11.929969424,11137712440,,instructions,801983910,100.00,3.70,insn per cycle
11.929969424,3007460387,,cycles,801992388,100.00,,
12.030223902,2924,,rD044,801968218,100.00,,
12.030223902,72510606,,rFF44,801969778,100.00,,
12.030223902,11170261039,,instructions,801969808,100.00,3.71,insn per cycle
12.030223902,3007332660,,cycles,801963440,100.00,,
12.130477821,4626,,rD044,802028588,100.00,,
12.130477821,72306647,,rFF44,802031208,100.00,,
12.130477821,11151023626,,instructions,802034858,100.00,3.71,insn per cycle
12.130477821,3007642308,,cycles,802040778,100.00,,
12.230728290,3615,,rD044,801859296,100.00,,
12.230728290,72642398,,rFF44,801848546,100.00,,
12.230728290,11185622095,,instructions,801839776,100.00,3.72,insn per cycle
12.230728290,3006760845,,cycles,801835516,100.00,,
12.330977098,5301,,rD044,801999510,100.00,,
12.330977098,72148048,,rFF44,802011970,100.00,,
12.330977098,11125893525,,instructions,802001447,100.00,3.70,insn per cycle
12.330977098,3007473129,,cycles,801997708,100.00,,
12.431235547,4193,,rD044,801918468,100.00,,
12.431235547,72421956,,rFF44,801910468,100.00,,
12.431235547,11163389299,,instructions,801925161,100.00,3.71,insn per cycle
12.431235547,3006964360,,cycles,801919190,100.00,,
12.531480156,2929,,rD044,801958428,100.00,,
12.531480156,72841186,,rFF44,801965198,100.00,,
12.531480156,11220363121,,instructions,801962928,100.00,3.73,insn per cycle
12.531480156,3007377520,,cycles,801970198,100.00,,
12.631728834,3976,,rD044,801876967,100.00,,
12.631728834,71633400,,rFF44,801872347,100.00,,
12.631728834,11064612873,,instructions,801862807,100.00,3.68,insn per cycle
12.631728834,3006866339,,cycles,801856217,100.00,,
12.731977043,3205,,rD044,801944840,100.00,,
12.731977043,72576013,,rFF44,801943781,100.00,,
12.731977043,11181124607,,instructions,801952278,100.00,3.72,insn per cycle
12.731977043,3007293531,,cycles,801952438,100.00,,
12.832221922,3769,,rD044,801906037,100.00,,
12.832221922,71785264,,rFF44,801909256,100.00,,
12.832221922,11083480921,,instructions,801910799,100.00,3.69,insn per cycle
12.832221922,3007152165,,cycles,801916789,100.00,,
12.932466230,3078,,rD044,801936358,100.00,,
12.932466230,72444721,,rFF44,801939378,100.00,,
12.932466230,11164019506,,instructions,801942158,100.00,3.71,insn per cycle
12.932466230,3007257752,,cycles,801945718,100.00,,
13.032716669,3661,,rD044,801929218,100.00,,
13.032716669,72429554,,rFF44,801935848,100.00,,
13.032716669,11163580846,,instructions,801934708,100.00,3.71,insn per cycle
13.032716669,3007211137,,cycles,801931228,100.00,,
13.132964358,4060,,rD044,801964600,100.00,,
13.132964358,72456003,,rFF44,801955351,100.00,,
13.132964358,11166967655,,instructions,801961308,100.00,3.71,insn per cycle
13.132964358,3007367261,,cycles,801967178,100.00,,
13.233210416,4309,,rD044,801848578,100.00,,
13.233210416,72214679,,rFF44,801847397,100.00,,
13.233210416,11133996672,,instructions,801841400,100.00,3.70,insn per cycle
13.233210416,3006770705,,cycles,801837520,100.00,,
13.333461095,3135,,rD044,801990738,100.00,,
13.333461095,72663457,,rFF44,801998758,100.00,,
13.333461095,11201255350,,instructions,802003548,100.00,3.72,insn per cycle
13.333461095,3007534658,,cycles,802012508,100.00,,
13.433712084,3780,,rD044,801945578,100.00,,
13.433712084,71641343,,rFF44,801943788,100.00,,
13.433712084,11064381200,,instructions,801943068,100.00,3.68,insn per cycle
13.433712084,3007205289,,cycles,801929828,100.00,,
13.533965112,2968,,rD044,802009950,100.00,,
13.533965112,72656679,,rFF44,801995775,100.00,,
13.533965112,11203025562,,instructions,801979518,100.00,3.73,insn per cycle
13.533965112,3007423056,,cycles,801982058,100.00,,
13.634208581,4035,,rD044,801814077,100.00,,
13.634208581,72120502,,rFF44,801822702,100.00,,
13.634208581,11127450453,,instructions,801835329,100.00,3.70,insn per cycle
13.634208581,3006771317,,cycles,801835079,100.00,,
13.734456889,2761,,rD044,801983858,100.00,,
13.734456889,72557052,,rFF44,801981678,100.00,,
13.734456889,11188963978,,instructions,801974598,100.00,3.72,insn per cycle
13.734456889,3007377731,,cycles,801970828,100.00,,
13.834702498,3849,,rD044,801868128,100.00,,
13.834702498,72279830,,rFF44,801858478,100.00,,
13.834702498,11143367802,,instructions,801858458,100.00,3.71,insn per cycle
13.834702498,3006917616,,cycles,801860328,100.00,,
13.934947867,3219,,rD044,801976090,100.00,,
13.934947867,72544174,,rFF44,801994343,100.00,,
13.934947867,11186724910,,instructions,802003558,100.00,3.72,insn per cycle
13.934947867,3007497335,,cycles,802001788,100.00,,
14.035200515,3832,,rD044,802010328,100.00,,
14.035200515,72268709,,rFF44,802002505,100.00,,
14.035200515,11142450200,,instructions,801993070,100.00,3.70,insn per cycle
14.035200515,3007459309,,cycles,801991960,100.00,,
14.135448544,3280,,rD044,801892568,100.00,,
14.135448544,72505621,,rFF44,801900748,100.00,,
14.135448544,11177369541,,instructions,801912598,100.00,3.72,insn per cycle
14.135448544,3007148876,,cycles,801922748,100.00,,
14.235703233,4150,,rD044,802005778,100.00,,
14.235703233,72102552,,rFF44,802004088,100.00,,
14.235703233,11122970898,,instructions,801989248,100.00,3.70,insn per cycle
14.235703233,3007376339,,cycles,801984738,100.00,,
14.335955701,3403,,rD044,801936861,100.00,,
14.335955701,72694590,,rFF44,801926368,100.00,,
14.335955701,11203826480,,instructions,801931658,100.00,3.73,insn per cycle
14.335955701,3007210744,,cycles,801931038,100.00,,
14.436205120,3556,,rD044,801996077,100.00,,
14.436205120,71687002,,rFF44,802000890,100.00,,
14.436205120,11071408827,,instructions,801993740,100.00,3.68,insn per cycle
14.436205120,3007449488,,cycles,801989270,100.00,,
14.536456499,3116,,rD044,801929047,100.00,,
14.536456499,72366977,,rFF44,801925297,100.00,,
14.536456499,11152539389,,instructions,801933207,100.00,3.71,insn per cycle
14.536456499,3007266061,,cycles,801945007,100.00,,
14.636705007,3808,,rD044,801925458,100.00,,
14.636705007,72197316,,rFF44,801916228,100.00,,
14.636705007,11138334180,,instructions,801910878,100.00,3.70,insn per cycle
14.636705007,3007043780,,cycles,801904088,100.00,,
14.736954856,3210,,rD044,801927854,100.00,,
14.736954856,72691019,,rFF44,801945698,100.00,,
14.736954856,11199694129,,instructions,801962298,100.00,3.72,insn per cycle
14.736954856,3007341085,,cycles,801964978,100.00,,
14.837207205,3843,,rD044,801989974,100.00,,
14.837207205,72143028,,rFF44,801989450,100.00,,
14.837207205,11125320723,,instructions,801976340,100.00,3.70,insn per cycle
14.837207205,3007336737,,cycles,801966823,100.00,,
14.937455353,3348,,rD044,801924518,100.00,,
14.937455353,72638511,,rFF44,801916818,100.00,,
14.937455353,11189969004,,instructions,801925128,100.00,3.72,insn per cycle
14.937455353,3007217665,,cycles,801932635,100.00,,
15.037701992,3776,,rD044,801959418,100.00,,
15.037701992,72137739,,rFF44,801951598,100.00,,
15.037701992,11128531186,,instructions,801949618,100.00,3.70,insn per cycle
15.037701992,3007293216,,cycles,801947808,100.00,,
15.137952261,3500,,rD044,801939884,100.00,,
15.137952261,72602661,,rFF44,801951127,100.00,,
15.137952261,11180513448,,instructions,801945647,100.00,3.72,insn per cycle
15.137952261,3007270252,,cycles,801946437,100.00,,
15.238200879,4422,,rD044,801929243,100.00,,
15.238200879,71728840,,rFF44,801937630,100.00,,
15.238200879,11073336912,,instructions,801935280,100.00,3.68,insn per cycle
15.238200879,3007175339,,cycles,801940356,100.00,,
15.338450888,3866,,rD044,801913998,100.00,,
15.338450888,71705880,,rFF44,801913758,100.00,,
15.338450888,11074918543,,instructions,801932148,100.00,3.68,insn per cycle
15.338450888,3007241549,,cycles,801939612,100.00,,
15.438701707,3528,,rD044,802015318,100.00,,
15.438701707,72613922,,rFF44,802005898,100.00,,
15.438701707,11184334284,,instructions,801990858,100.00,3.72,insn per cycle
15.438701707,3007383656,,cycles,801971248,100.00,,
15.538949505,3937,,rD044,801919507,100.00,,
15.538949505,71927600,,rFF44,801916468,100.00,,
15.538949505,11100359294,,instructions,801919008,100.00,3.69,insn per cycle
15.538949505,3007195374,,cycles,801927308,100.00,,
15.639201654,3547,,rD044,801976561,100.00,,
15.639201654,72681473,,rFF44,801975660,100.00,,
15.639201654,11196086831,,instructions,801976351,100.00,3.72,insn per cycle
15.639201654,3007344326,,cycles,801978528,100.00,,
15.739464213,66534,,rD044,801144010,100.00,,
15.739464213,62995490,,rFF44,801157340,100.00,,
15.739464213,9705789451,,instructions,801198629,100.00,3.23,insn per cycle
15.739464213,3004330978,,cycles,801228452,100.00,,
15.839722452,323931,,rD044,801944988,100.00,,
15.839722452,1855832,,rFF44,801942288,100.00,,
15.839722452,379931257,,instructions,801930698,100.00,0.13,insn per cycle
15.839722452,3007102894,,cycles,801923508,100.00,,
15.939982740,361241,,rD044,801081982,100.00,,
15.939982740,2180924,,rFF44,801059402,100.00,,
15.939982740,706589064,,instructions,801027922,100.00,0.24,insn per cycle
15.939982740,3003649910,,cycles,801003812,100.00,,
16.040232709,110432,,rD044,802045652,100.00,,
16.040232709,52875362,,rFF44,802083528,100.00,,
16.040232709,8529475779,,instructions,802085388,100.00,2.84,insn per cycle
16.040232709,3007787504,,cycles,802079818,100.00,,
16.140493848,3566,,rD044,801982706,100.00,,
16.140493848,72615324,,rFF44,801960140,100.00,,
16.140493848,11187238211,,instructions,801956060,100.00,3.72,insn per cycle
16.140493848,3007323721,,cycles,801961693,100.00,,
16.240744766,4490,,rD044,801940938,100.00,,
16.240744766,72130499,,rFF44,801940208,100.00,,
16.240744766,11129206541,,instructions,801940428,100.00,3.70,insn per cycle
16.240744766,3007175232,,cycles,801938385,100.00,,
16.340991025,3301,,rD044,801892938,100.00,,
16.340991025,72531457,,rFF44,801897248,100.00,,
16.340991025,11172110641,,instructions,801896558,100.00,3.72,insn per cycle
16.340991025,3007058647,,cycles,801891338,100.00,,
16.441248404,3923,,rD044,801970847,100.00,,
16.441248404,72310051,,rFF44,801968608,100.00,,
16.441248404,11151938289,,instructions,801973628,100.00,3.71,insn per cycle
16.441248404,3007228896,,cycles,801979118,100.00,,
16.541494172,3136,,rD044,801895321,100.00,,
16.541494172,72623540,,rFF44,801898770,100.00,,
16.541494172,11184778533,,instructions,801893850,100.00,3.72,insn per cycle
16.541494172,3007050499,,cycles,801888907,100.00,,
16.641740951,3859,,rD044,801906738,100.00,,
16.641740951,72064217,,rFF44,801916218,100.00,,
16.641740951,11118564896,,instructions,801929978,100.00,3.70,insn per cycle
16.641740951,3007164399,,cycles,801936591,100.00,,
16.741992670,3309,,rD044,801949917,100.00,,
16.741992670,72596534,,rFF44,801931987,100.00,,
16.741992670,11184023041,,instructions,801915997,100.00,3.72,insn per cycle
16.741992670,3007144107,,cycles,801913427,100.00,,
16.842239928,3666,,rD044,801960038,100.00,,
16.842239928,72252504,,rFF44,801977258,100.00,,
16.842239928,11146327627,,instructions,801981638,100.00,3.71,insn per cycle
16.842239928,3007398899,,cycles,801982958,100.00,,
16.942491977,3770,,rD044,801993040,100.00,,
16.942491977,72313719,,rFF44,801979590,100.00,,
16.942491977,11145522063,,instructions,801981601,100.00,3.71,insn per cycle
16.942491977,3007426906,,cycles,801983848,100.00,,
17.042737376,3152,,rD044,801917738,100.00,,
17.042737376,72595136,,rFF44,801915208,100.00,,
17.042737376,11183051678,,instructions,801918497,100.00,3.72,insn per cycle
17.042737376,3007151052,,cycles,801914540,100.00,,
17.142987284,7253,,rD044,801877558,100.00,,
17.142987284,72045535,,rFF44,801870408,100.00,,
17.142987284,11109462952,,instructions,801873528,100.00,3.69,insn per cycle
17.142987284,3006893559,,cycles,801871608,100.00,,
17.243231913,3043,,rD044,801899298,100.00,,
17.243231913,72542680,,rFF44,801920568,100.00,,
17.243231913,11176706172,,instructions,801915228,100.00,3.72,insn per cycle
17.243231913,3007108321,,cycles,801916688,100.00,,
17.343484151,5127,,rD044,802010860,100.00,,
17.343484151,71760777,,rFF44,802008170,100.00,,
17.343484151,11081830829,,instructions,802009165,100.00,3.68,insn per cycle
17.343484151,3007489244,,cycles,802002318,100.00,,
17.443735910,2952,,rD044,801946077,100.00,,
17.443735910,72606410,,rFF44,801945437,100.00,,
17.443735910,11189482837,,instructions,801948862,100.00,3.72,insn per cycle
17.443735910,3007321042,,cycles,801960379,100.00,,
17.543989669,3771,,rD044,802022458,100.00,,
17.543989669,72057386,,rFF44,802015458,100.00,,
17.543989669,11117788047,,instructions,802001698,100.00,3.70,insn per cycle
17.543989669,3007482799,,cycles,801997778,100.00,,
17.644234317,3252,,rD044,801822695,100.00,,
17.644234317,72549350,,rFF44,801819745,100.00,,
17.644234317,11183749826,,instructions,801815095,100.00,3.72,insn per cycle
17.644234317,3006666850,,cycles,801809995,100.00,,
17.744478986,4179,,rD044,801960510,100.00,,
17.744478986,72099794,,rFF44,801965700,100.00,,
17.744478986,11126249515,,instructions,801974516,100.00,3.70,insn per cycle
17.744478986,3007389654,,cycles,801973958,100.00,,
17.844731085,3348,,rD044,801930238,100.00,,
17.844731085,72459791,,rFF44,801929668,100.00,,
17.844731085,11171454494,,instructions,801933722,100.00,3.71,insn per cycle
17.844731085,3007199410,,cycles,801936230,100.00,,
17.944982963,3927,,rD044,802002558,100.00,,
17.944982963,72072994,,rFF44,802006498,100.00,,
17.944982963,11119640683,,instructions,801995018,100.00,3.70,insn per cycle
17.944982963,3007492579,,cycles,802001128,100.00,,
18.045230352,3089,,rD044,801905698,100.00,,
18.045230352,72552187,,rFF44,801896398,100.00,,
18.045230352,11188525163,,instructions,801910188,100.00,3.72,insn per cycle
18.045230352,3007104648,,cycles,801902258,100.00,,
18.145475401,6483,,rD044,801940600,100.00,,
18.145475401,71803361,,rFF44,801936820,100.00,,
18.145475401,11081802181,,instructions,801924457,100.00,3.69,insn per cycle
18.145475401,3007202162,,cycles,801923658,100.00,,
18.245719839,3531,,rD044,801847368,100.00,,
18.245719839,72510646,,rFF44,801848558,100.00,,
18.245719839,11180688995,,instructions,801854531,100.00,3.72,insn per cycle
18.245719839,3006857729,,cycles,801859850,100.00,,
18.345967978,3995,,rD044,801982808,100.00,,
18.345967978,72142125,,rFF44,801996218,100.00,,
18.345967978,11127836783,,instructions,802003668,100.00,3.70,insn per cycle
18.345967978,3007510935,,cycles,802005778,100.00,,
18.446220587,2932,,rD044,801936768,100.00,,
18.446220587,72590225,,rFF44,801927358,100.00,,
18.446220587,11192861687,,instructions,801918798,100.00,3.72,insn per cycle
18.446220587,3007156872,,cycles,801916838,100.00,,
18.546467355,3690,,rD044,801963020,100.00,,
18.546467355,71875994,,rFF44,801968910,100.00,,
18.546467355,11092485604,,instructions,801968968,100.00,3.69,insn per cycle
18.546467355,3007388712,,cycles,801978438,100.00,,
18.646717934,3112,,rD044,801894458,100.00,,
18.646717934,72421897,,rFF44,801894628,100.00,,
18.646717934,11164594008,,instructions,801910460,100.00,3.71,insn per cycle
18.646717934,3007067644,,cycles,801904060,100.00,,
18.746969413,3964,,rD044,801968818,100.00,,
18.746969413,71725024,,rFF44,801958798,100.00,,
18.746969413,11073731008,,instructions,801949828,100.00,3.68,insn per cycle
18.746969413,3007252934,,cycles,801942488,100.00,,
18.847216071,3153,,rD044,801915947,100.00,,
18.847216071,72502728,,rFF44,801927747,100.00,,
18.847216071,11174838536,,instructions,801922987,100.00,3.72,insn per cycle
18.847216071,3007184689,,cycles,801924487,100.00,,
18.947462630,4062,,rD044,801949890,100.00,,
18.947462630,72012356,,rFF44,801952674,100.00,,
18.947462630,11111032377,,instructions,801958248,100.00,3.69,insn per cycle
18.947462630,3007301852,,cycles,801957158,100.00,,
19.047710459,2891,,rD044,801908907,100.00,,
19.047710459,72585742,,rFF44,801901263,100.00,,
19.047710459,11186033801,,instructions,801896139,100.00,3.72,insn per cycle
19.047710459,3007111857,,cycles,801904079,100.00,,
19.147962037,3686,,rD044,801982948,100.00,,
19.147962037,72366594,,rFF44,801982158,100.00,,
19.147962037,11157971982,,instructions,801980958,100.00,3.71,insn per cycle
19.147962037,3007400351,,cycles,801983798,100.00,,
19.248214046,3617,,rD044,801913767,100.00,,
19.248214046,72574198,,rFF44,801922147,100.00,,
19.248214046,11179457981,,instructions,801936547,100.00,3.72,insn per cycle
19.248214046,3007145217,,cycles,801930047,100.00,,
19.348466355,5148,,rD044,801999240,100.00,,
19.348466355,72505577,,rFF44,801998468,100.00,,
19.348466355,11175004785,,instructions,801997888,100.00,3.72,insn per cycle
19.348466355,3007486621,,cycles,801999518,100.00,,
19.448718253,3756,,rD044,801922888,100.00,,
19.448718253,72415830,,rFF44,801904140,100.00,,
19.448718253,11152292810,,instructions,801889750,100.00,3.71,insn per cycle
19.448718253,3007021052,,cycles,801880590,100.00,,
19.548963572,4646,,rD044,801998238,100.00,,
19.548963572,72330595,,rFF44,802019048,100.00,,
19.548963572,11150590252,,instructions,802022458,100.00,3.71,insn per cycle
19.548963572,3007632713,,cycles,802038498,100.00,,
19.649216491,3948,,rD044,801929638,100.00,,
19.649216491,72716846,,rFF44,801916978,100.00,,
19.649216491,11197497756,,instructions,801917688,100.00,3.72,insn per cycle
19.649216491,3007064438,,cycles,801909208,100.00,,
19.749466949,20669,,rD044,801932823,100.00,,
19.749466949,72289623,,rFF44,801942028,100.00,,
19.749466949,11132961405,,instructions,801939278,100.00,3.70,insn per cycle
19.749466949,3007254911,,cycles,801942628,100.00,,
19.849717168,4362,,rD044,801972345,100.00,,
19.849717168,72171627,,rFF44,801970430,100.00,,
19.849717168,11129982363,,instructions,801963960,100.00,3.70,insn per cycle
19.849717168,3007307737,,cycles,801958571,100.00,,
19.949965537,3698,,rD044,801897588,100.00,,
19.949965537,72647396,,rFF44,801892348,100.00,,
19.949965537,11189186385,,instructions,801897988,100.00,3.72,insn per cycle
19.949965537,3007098336,,cycles,801901607,100.00,,
20.050212625,4759,,rD044,801977698,100.00,,
20.050212625,72118249,,rFF44,801972408,100.00,,
20.050212625,11121805862,,instructions,801974398,100.00,3.70,insn per cycle
20.050212625,3007417758,,cycles,801980408,100.00,,
20.150460124,4184,,rD044,801871234,100.00,,
20.150460124,72530588,,rFF44,801868908,100.00,,
20.150460124,11173499905,,instructions,801869028,100.00,3.72,insn per cycle
20.150460124,3006903560,,cycles,801866128,100.00,,
20.250710622,4354,,rD044,801983194,100.00,,
20.250710622,72045763,,rFF44,801990860,100.00,,
20.250710622,11112336515,,instructions,802003290,100.00,3.69,insn per cycle
20.250710622,3007453587,,cycles,801997994,100.00,,
20.350963341,5023,,rD044,801965688,100.00,,
20.350963341,72577384,,rFF44,801975968,100.00,,
20.350963341,11182345386,,instructions,801958028,100.00,3.72,insn per cycle
20.350963341,3007319671,,cycles,801961744,100.00,,
20.451221280,4722,,rD044,801949518,100.00,,
20.451221280,72376930,,rFF44,801933508,100.00,,
20.451221280,11161782682,,instructions,801932608,100.00,3.71,insn per cycle
20.451221280,3007036435,,cycles,801933808,100.00,,
20.551465799,3826,,rD044,801885596,100.00,,
20.551465799,72533145,,rFF44,801888487,100.00,,
20.551465799,11179133999,,instructions,801897657,100.00,3.72,insn per cycle
20.551465799,3007089377,,cycles,801898837,100.00,,
20.651708667,4339,,rD044,801874501,100.00,,
20.651708667,72095324,,rFF44,801867290,100.00,,
20.651708667,11119861941,,instructions,801861400,100.00,3.70,insn per cycle
20.651708667,3006868984,,cycles,801855585,100.00,,
20.751952266,4475,,rD044,801881747,100.00,,
20.751952266,72456812,,rFF44,801898297,100.00,,
20.751952266,11168564507,,instructions,801907927,100.00,3.71,insn per cycle
20.751952266,3007142962,,cycles,801913422,100.00,,
20.852205904,145154,,rD044,801326628,100.00,,
20.852205904,45734602,,rFF44,801335088,100.00,,
20.852205904,7067908635,,instructions,801367988,100.00,2.35,insn per cycle
20.852205904,3005014686,,cycles,801402388,100.00,,
20.952469853,335993,,rD044,801966908,100.00,,
20.952469853,1867248,,rFF44,801987118,100.00,,
20.952469853,385959039,,instructions,801978258,100.00,0.13,insn per cycle
20.952469853,3007230393,,cycles,801965398,100.00,,
21.052738362,361493,,rD044,801995619,100.00,,
21.052738362,2300990,,rFF44,801966406,100.00,,
21.052738362,1021968507,,instructions,801940617,100.00,0.34,insn per cycle
21.052738362,3007120548,,cycles,801924307,100.00,,
21.152999051,17529,,rD044,802021708,100.00,,
21.152999051,70049677,,rFF44,802027451,100.00,,
21.152999051,10836815785,,instructions,802024630,100.00,3.60,insn per cycle
21.152999051,3007551110,,cycles,802021790,100.00,,
21.253259720,5400,,rD044,801910418,100.00,,
21.253259720,71925581,,rFF44,801907388,100.00,,
21.253259720,11097975137,,instructions,801914198,100.00,3.69,insn per cycle
21.253259720,3007038750,,cycles,801911088,100.00,,
21.353514528,4792,,rD044,801940737,100.00,,
21.353514528,72659565,,rFF44,801944647,100.00,,
21.353514528,11190223916,,instructions,801946517,100.00,3.72,insn per cycle
21.353514528,3007240111,,cycles,801945887,100.00,,
21.453768317,4822,,rD044,802017658,100.00,,
21.453768317,71644062,,rFF44,802008938,100.00,,
21.453768317,11064297623,,instructions,802010748,100.00,3.68,insn per cycle
21.453768317,3007516887,,cycles,802008148,100.00,,
21.554018336,4301,,rD044,801928360,100.00,,
21.554018336,72687871,,rFF44,801938110,100.00,,
21.554018336,11196980223,,instructions,801927134,100.00,3.72,insn per cycle
21.554018336,3007176364,,cycles,801928048,100.00,,
21.654271574,5065,,rD044,801963028,100.00,,
21.654271574,71796243,,rFF44,801945168,100.00,,
21.654271574,11078638148,,instructions,801943994,100.00,3.68,insn per cycle
21.654271574,3007240580,,cycles,801951760,100.00,,
21.754520913,3898,,rD044,801927308,100.00,,
21.754520913,72693200,,rFF44,801927918,100.00,,
21.754520913,11200925153,,instructions,801921518,100.00,3.72,insn per cycle
21.754520913,3007144668,,cycles,801913558,100.00,,
21.854770232,5267,,rD044,801978548,100.00,,
21.854770232,72096565,,rFF44,801983638,100.00,,
21.854770232,11121238300,,instructions,801988208,100.00,3.70,insn per cycle
21.854770232,3007435908,,cycles,801985548,100.00,,
21.955030150,3552,,rD044,802001909,100.00,,
21.955030150,72573073,,rFF44,802004973,100.00,,
21.955030150,11184425443,,instructions,802006437,100.00,3.72,insn per cycle
21.955030150,3007497979,,cycles,802008067,100.00,,
22.055278649,5135,,rD044,801976458,100.00,,
22.055278649,71533609,,rFF44,801972264,100.00,,
22.055278649,11052610635,,instructions,801966660,100.00,3.68,insn per cycle
22.055278649,3007362159,,cycles,801966260,100.00,,
22.155525728,3962,,rD044,801878507,100.00,,
22.155525728,72633829,,rFF44,801867617,100.00,,
22.155525728,11195704692,,instructions,801867737,100.00,3.72,insn per cycle
22.155525728,3006944008,,cycles,801868267,100.00,,
22.255771776,19693,,rD044,801809356,100.00,,
22.255771776,72083458,,rFF44,801817206,100.00,,
22.255771776,11114077199,,instructions,801820016,100.00,3.70,insn per cycle
22.255771776,3006724805,,cycles,801820866,100.00,,
22.356017705,4088,,rD044,801969930,100.00,,
22.356017705,72614828,,rFF44,801974302,100.00,,
22.356017705,11195479846,,instructions,801977488,100.00,3.72,insn per cycle
22.356017705,3007399145,,cycles,801975808,100.00,,
22.456266404,4543,,rD044,801887838,100.00,,
22.456266404,72220490,,rFF44,801884906,100.00,,
22.456266404,11141407948,,instructions,801884780,100.00,3.71,insn per cycle
22.456266404,3007047961,,cycles,801892400,100.00,,
22.556516342,4049,,rD044,801996668,100.00,,
22.556516342,72736739,,rFF44,801991538,100.00,,
22.556516342,11215958013,,instructions,801984338,100.00,3.73,insn per cycle
22.556516342,3007438018,,cycles,801986288,100.00,,
22.656764941,4627,,rD044,801828578,100.00,,
22.656764941,71717118,,rFF44,801830718,100.00,,
22.656764941,11078226442,,instructions,801835308,100.00,3.68,insn per cycle
22.656764941,3006719861,,cycles,801822388,100.00,,
22.757010810,4449,,rD044,801926190,100.00,,
22.757010810,72516748,,rFF44,801929553,100.00,,
22.757010810,11180843481,,instructions,801927928,100.00,3.72,insn per cycle
22.757010810,3007189179,,cycles,801926998,100.00,,
22.857257388,5507,,rD044,801924748,100.00,,
22.857257388,72302514,,rFF44,801912305,100.00,,
22.857257388,11149625050,,instructions,801906190,100.00,3.71,insn per cycle
22.857257388,3007141003,,cycles,801912600,100.00,,
22.957504987,3588,,rD044,801978068,100.00,,
22.957504987,72594802,,rFF44,801989208,100.00,,
22.957504987,11190824052,,instructions,801996408,100.00,3.72,insn per cycle
22.957504987,3007454053,,cycles,801990498,100.00,,
23.057756526,4998,,rD044,801944998,100.00,,
23.057756526,72197777,,rFF44,801949028,100.00,,
23.057756526,11135748841,,instructions,801947158,100.00,3.70,insn per cycle
23.057756526,3007270227,,cycles,801947008,100.00,,
23.158008904,3837,,rD044,801967110,100.00,,
23.158008904,72629930,,rFF44,801958116,100.00,,
23.158008904,11194476950,,instructions,801963318,100.00,3.72,insn per cycle
23.158008904,3007298212,,cycles,801965678,100.00,,
23.258253253,4996,,rD044,801787877,100.00,,
23.258253253,72029594,,rFF44,801796371,100.00,,
23.258253253,11113659944,,instructions,801793829,100.00,3.70,insn per cycle
23.258253253,3006625851,,cycles,801790809,100.00,,
23.358501381,4534,,rD044,801982978,100.00,,
23.358501381,72722000,,rFF44,801977868,100.00,,
23.358501381,11205633837,,instructions,801978908,100.00,3.73,insn per cycle
23.358501381,3007448295,,cycles,801989128,100.00,,
23.458752890,4973,,rD044,801907008,100.00,,
23.458752890,71981941,,rFF44,801910988,100.00,,
23.458752890,11104799861,,instructions,801913198,100.00,3.69,insn per cycle
23.458752890,3007117678,,cycles,801911728,100.00,,
23.558999289,4145,,rD044,801970460,100.00,,
23.558999289,72662704,,rFF44,801961726,100.00,,
23.558999289,11193898000,,instructions,801962088,100.00,3.72,insn per cycle
23.558999289,3007339961,,cycles,801960608,100.00,,
23.659243667,4143,,rD044,801789917,100.00,,
23.659243667,72047884,,rFF44,801797411,100.00,,
23.659243667,11121439527,,instructions,801792619,100.00,3.70,insn per cycle
23.659243667,3006601489,,cycles,801791899,100.00,,
23.759492336,4255,,rD044,801994788,100.00,,
23.759492336,72658531,,rFF44,802000308,100.00,,
23.759492336,11192985297,,instructions,802007918,100.00,3.72,insn per cycle
23.759492336,3007511830,,cycles,802005918,100.00,,
23.859745855,4535,,rD044,801966557,100.00,,
23.859745855,71775326,,rFF44,801972607,100.00,,
23.859745855,11083246116,,instructions,801972157,100.00,3.69,insn per cycle
23.859745855,3007376337,,cycles,801975537,100.00,,
23.959998533,4154,,rD044,802009381,100.00,,
23.959998533,72674560,,rFF44,801997408,100.00,,
23.959998533,11190647009,,instructions,801992638,100.00,3.72,insn per cycle
23.959998533,3007460041,,cycles,801992498,100.00,,
24.060248402,4831,,rD044,801923897,100.00,,
24.060248402,71991235,,rFF44,801915790,100.00,,
24.060248402,11106887472,,instructions,801914110,100.00,3.69,insn per cycle
24.060248402,3007130558,,cycles,801909320,100.00,,
24.160494851,4238,,rD044,801979318,100.00,,
24.160494851,71922988,,rFF44,801996688,100.00,,
24.160494851,11098974716,,instructions,801998038,100.00,3.69,insn per cycle
24.160494851,3007525750,,cycles,802009988,100.00,,
24.260746269,4264,,rD044,801803298,100.00,,
24.260746269,72549982,,rFF44,801796148,100.00,,
24.260746269,11173370814,,instructions,801798538,100.00,3.72,insn per cycle
24.260746269,3006654248,,cycles,801799168,100.00,,
24.360998198,5012,,rD044,801998204,100.00,,
24.360998198,72187834,,rFF44,802000038,100.00,,
24.360998198,11135627859,,instructions,802001708,100.00,3.70,insn per cycle
24.360998198,3007447326,,cycles,801988638,100.00,,
24.461251237,3759,,rD044,801891034,100.00,,
24.461251237,72593955,,rFF44,801901300,100.00,,
24.461251237,11182567476,,instructions,801897160,100.00,3.72,insn per cycle
24.461251237,3006852286,,cycles,801894406,100.00,,
24.561502205,4465,,rD044,801945388,100.00,,
24.561502205,72172394,,rFF44,801929108,100.00,,
24.561502205,11131765503,,instructions,801940498,100.00,3.70,insn per cycle
24.561502205,3007274343,,cycles,801948592,100.00,,
24.661745984,4174,,rD044,801897628,100.00,,
24.661745984,72774526,,rFF44,801911348,100.00,,
24.661745984,11212289821,,instructions,801896688,100.00,3.73,insn per cycle
24.661745984,3007022615,,cycles,801889368,100.00,,
24.761994573,5063,,rD044,801970495,100.00,,
24.761994573,72289728,,rFF44,801951038,100.00,,
24.761994573,11145227907,,instructions,801952518,100.00,3.71,insn per cycle
24.761994573,3007310760,,cycles,801952358,100.00,,
24.862231991,3791,,rD044,801917513,100.00,,
24.862231991,72597255,,rFF44,801924190,100.00,,
24.862231991,11188658166,,instructions,801931330,100.00,3.72,insn per cycle
24.862231991,3007283845,,cycles,801944801,100.00,,
24.962484160,4753,,rD044,802005198,100.00,,
24.962484160,71943156,,rFF44,802006048,100.00,,
24.962484160,11100404816,,instructions,802003008,100.00,3.69,insn per cycle
24.962484160,3007467730,,cycles,801994517,100.00,,
25.062730368,3817,,rD044,801964618,100.00,,
25.062730368,72622373,,rFF44,801973318,100.00,,
25.062730368,11193974164,,instructions,801958628,100.00,3.72,insn per cycle
25.062730368,3007313178,,cycles,801953218,100.00,,
25.162981247,4464,,rD044,801980495,100.00,,
25.162981247,72349100,,rFF44,801974428,100.00,,
25.162981247,11158148440,,instructions,801990478,100.00,3.71,insn per cycle
25.162981247,3007468049,,cycles,802002428,100.00,,
25.263231266,3894,,rD044,801913873,100.00,,
25.263231266,72548022,,rFF44,801918450,100.00,,
25.263231266,11185554521,,instructions,801921710,100.00,3.72,insn per cycle
25.263231266,3007142168,,cycles,801914276,100.00,,
25.363485204,4781,,rD044,802016278,100.00,,
25.363485204,72236132,,rFF44,802010048,100.00,,
25.363485204,11139496199,,instructions,802007618,100.00,3.70,insn per cycle
25.363485204,3007521068,,cycles,802008352,100.00,,
25.463736503,4202,,rD044,801990468,100.00,,
25.463736503,72712218,,rFF44,801994758,100.00,,
25.463736503,11212273624,,instructions,801991888,100.00,3.73,insn per cycle
25.463736503,3007424955,,cycles,801989758,100.00,,
25.563987662,4592,,rD044,802004278,100.00,,
25.563987662,71880557,,rFF44,802010348,100.00,,
25.563987662,11094866902,,instructions,802014208,100.00,3.69,insn per cycle
25.563987662,3007550310,,cycles,802016308,100.00,,
25.664243260,3978,,rD044,802021470,100.00,,
25.664243260,72532393,,rFF44,802011040,100.00,,
25.664243260,11184103052,,instructions,801994375,100.00,3.72,insn per cycle
25.664243260,3007457653,,cycles,801996518,100.00,,
25.764488479,4243,,rD044,801957108,100.00,,
25.764488479,71960148,,rFF44,801955058,100.00,,
25.764488479,11102458146,,instructions,801965873,100.00,3.69,insn per cycle
25.764488479,3007387034,,cycles,801972480,100.00,,
25.864739428,4562,,rD044,802013098,100.00,,
25.864739428,72510038,,rFF44,802020498,100.00,,
25.864739428,11177840617,,instructions,802022078,100.00,3.72,insn per cycle
25.864739428,3007574271,,cycles,802023628,100.00,,
25.964995286,220139,,rD044,801390748,100.00,,
25.964995286,29359792,,rFF44,801427828,100.00,,
25.964995286,4556940289,,instructions,801474108,100.00,1.52,insn per cycle
25.964995286,3005454912,,cycles,801513378,100.00,,
26.065266225,307234,,rD044,800946558,100.00,,
26.065266225,1842797,,rFF44,800949934,100.00,,
26.065266225,383633421,,instructions,800941224,100.00,0.13,insn per cycle
26.065266225,3003363923,,cycles,800926624,100.00,,
26.165539864,310121,,rD044,802015185,100.00,,
26.165539864,16150728,,rFF44,801979079,100.00,,
26.165539864,3155256316,,instructions,801943561,100.00,1.05,insn per cycle
26.165539864,3007054310,,cycles,801907187,100.00,,
26.265797123,3479,,rD044,801964618,100.00,,
26.265797123,72602743,,rFF44,801961568,100.00,,
26.265797123,11187988837,,instructions,801974376,100.00,3.72,insn per cycle
26.265797123,3007386681,,cycles,801978730,100.00,,
26.366074272,5265,,rD044,801022344,100.00,,
26.366074272,71363595,,rFF44,801022964,100.00,,
26.366074272,11025727845,,instructions,801012984,100.00,3.67,insn per cycle
26.366074272,3003791384,,cycles,801020154,100.00,,
26.466327331,3384,,rD044,802024528,100.00,,
26.466327331,72574653,,rFF44,802029108,100.00,,
26.466327331,11185948514,,instructions,802022978,100.00,3.72,insn per cycle
26.466327331,3007529329,,cycles,802010598,100.00,,
26.566578589,4232,,rD044,801977103,100.00,,
26.566578589,71794950,,rFF44,801972488,100.00,,
26.566578589,11081452235,,instructions,801972978,100.00,3.68,insn per cycle
26.566578589,3007370026,,cycles,801973608,100.00,,
26.666827988,3365,,rD044,801975285,100.00,,
26.666827988,72693650,,rFF44,801969810,100.00,,
26.666827988,11207420157,,instructions,801962820,100.00,3.73,insn per cycle
26.666827988,3007379203,,cycles,801970931,100.00,,
26.767084197,4086,,rD044,802049198,100.00,,
26.767084197,71744841,,rFF44,802053928,100.00,,
26.767084197,11081590973,,instructions,802060858,100.00,3.68,insn per cycle
26.767084197,3007686199,,cycles,802051907,100.00,,
26.867334366,3223,,rD044,802008728,100.00,,
26.867334366,72620845,,rFF44,802013118,100.00,,
26.867334366,11198935966,,instructions,802009658,100.00,3.72,insn per cycle
26.867334366,3007531609,,cycles,802011908,100.00,,
26.967587114,4084,,rD044,801997907,100.00,,
26.967587114,72395356,,rFF44,801989868,100.00,,
26.967587114,11166303929,,instructions,801996318,100.00,3.71,insn per cycle
26.967587114,3007466890,,cycles,801994038,100.00,,
27.067836483,3333,,rD044,801988061,100.00,,
27.067836483,72578283,,rFF44,801986920,100.00,,
27.067836483,11192184892,,instructions,801973930,100.00,3.72,insn per cycle
27.067836483,3007577229,,cycles,802022968,100.00,,
27.168088512,4040,,rD044,801999828,100.00,,
27.168088512,72049769,,rFF44,801993318,100.00,,
27.168088512,11119411963,,instructions,802003478,100.00,3.70,insn per cycle
27.168088512,3007362394,,cycles,801966710,100.00,,
27.268338970,3063,,rD044,801919898,100.00,,
27.268338970,72501001,,rFF44,801928008,100.00,,
27.268338970,11178944214,,instructions,801926678,100.00,3.72,insn per cycle
27.268338970,3007161757,,cycles,801919948,100.00,,
27.368585469,4017,,rD044,801963648,100.00,,
27.368585469,72081031,,rFF44,801962058,100.00,,
27.368585469,11120788723,,instructions,801955788,100.00,3.70,insn per cycle
27.368585469,3007306879,,cycles,801951278,100.00,,
27.468834308,3149,,rD044,802014150,100.00,,
27.468834308,72613518,,rFF44,802023790,100.00,,
27.468834308,11194677478,,instructions,802038416,100.00,3.72,insn per cycle
27.468834308,3007926008,,cycles,802116228,100.00,,
27.569097516,3905,,rD044,802058498,100.00,,
27.569097516,72235549,,rFF44,802054648,100.00,,
27.569097516,11141001574,,instructions,802044292,100.00,3.70,insn per cycle
27.569097516,3007314398,,cycles,801959850,100.00,,
27.669343195,3268,,rD044,801958108,100.00,,
27.669343195,72679571,,rFF44,801940908,100.00,,
27.669343195,11201546154,,instructions,801932558,100.00,3.72,insn per cycle
27.669343195,3007265866,,cycles,801940638,100.00,,
27.769586383,3845,,rD044,801946568,100.00,,
27.769586383,72186125,,rFF44,801963098,100.00,,
27.769586383,11134183675,,instructions,801974248,100.00,3.70,insn per cycle
27.769586383,3007390376,,cycles,801973738,100.00,,
27.869836252,3262,,rD044,801976630,100.00,,
27.869836252,72552572,,rFF44,801968360,100.00,,
27.869836252,11179571593,,instructions,801965618,100.00,3.72,insn per cycle
27.869836252,3007520305,,cycles,802008018,100.00,,
27.970091221,3967,,rD044,802046138,100.00,,
27.970091221,72295004,,rFF44,802051418,100.00,,
27.970091221,11144575906,,instructions,802048070,100.00,3.71,insn per cycle
27.970091221,3007513157,,cycles,802006920,100.00,,
28.070341990,3379,,rD044,801988218,100.00,,
28.070341990,72566132,,rFF44,801980668,100.00,,
28.070341990,11178251590,,instructions,801979178,100.00,3.72,insn per cycle
28.070341990,3007382291,,cycles,801971458,100.00,,
28.170590028,3976,,rD044,801984798,100.00,,
28.170590028,71992993,,rFF44,801990048,100.00,,
28.170590028,11110204265,,instructions,801995008,100.00,3.69,insn per cycle
28.170590028,3007498361,,cycles,802002118,100.00,,
28.270840937,3002,,rD044,801912600,100.00,,
28.270840937,72607423,,rFF44,801907326,100.00,,
28.270840937,11183134741,,instructions,801905208,100.00,3.72,insn per cycle
28.270840937,3007332941,,cycles,801965078,100.00,,
28.371097096,4036,,rD044,802054418,100.00,,
28.371097096,72212819,,rFF44,802071152,100.00,,
28.371097096,11138099780,,instructions,802072350,100.00,3.70,insn per cycle
28.371097096,3007533989,,cycles,802012020,100.00,,
28.471354724,3114,,rD044,801986027,100.00,,
28.471354724,72586946,,rFF44,801989857,100.00,,
28.471354724,11179502963,,instructions,802001447,100.00,3.72,insn per cycle
28.471354724,3007279156,,cycles,801996277,100.00,,
28.571610983,4348,,rD044,802003948,100.00,,
28.571610983,72078629,,rFF44,801993138,100.00,,
28.571610983,11122430297,,instructions,801995038,100.00,3.70,insn per cycle
28.571610983,3007496054,,cycles,802005728,100.00,,
28.671860692,4759,,rD044,801995986,100.00,,
28.671860692,72004416,,rFF44,801991698,100.00,,
28.671860692,11112642947,,instructions,802025448,100.00,3.69,insn per cycle
28.671860692,3007560993,,cycles,802018768,100.00,,
28.772112030,3575,,rD044,801998832,100.00,,
28.772112030,72652755,,rFF44,802003380,100.00,,
28.772112030,11191382962,,instructions,801957440,100.00,3.72,insn per cycle
28.772112030,3007346393,,cycles,801961788,100.00,,
28.872358809,3845,,rD044,801967408,100.00,,
28.872358809,72018939,,rFF44,801978838,100.00,,
28.872358809,11113668690,,instructions,801981478,100.00,3.70,insn per cycle
28.872358809,3007395697,,cycles,801975570,100.00,,
28.972610028,3304,,rD044,802008998,100.00,,
28.972610028,72668366,,rFF44,801990018,100.00,,
28.972610028,11196468283,,instructions,801990858,100.00,3.72,insn per cycle
28.972610028,3007485328,,cycles,801998578,100.00,,
29.072863086,3956,,rD044,802010688,100.00,,
29.072863086,72155559,,rFF44,802011168,100.00,,
29.072863086,11129176671,,instructions,802077308,100.00,3.70,insn per cycle
29.072863086,3007752391,,cycles,802070128,100.00,,
29.173118965,3188,,rD044,802046380,100.00,,
29.173118965,72631275,,rFF44,802048800,100.00,,
29.173118965,11192346560,,instructions,801991217,100.00,3.72,insn per cycle
29.173118965,3007476020,,cycles,801996568,100.00,,
29.273371774,3710,,rD044,801923888,100.00,,
29.273371774,71348395,,rFF44,801928638,100.00,,
29.273371774,11028080705,,instructions,801925351,100.00,3.67,insn per cycle
29.273371774,3007162220,,cycles,801919960,100.00,,
29.373623791,3292,,rD044,802025208,100.00,,
29.373623791,72599885,,rFF44,802025978,100.00,,
29.373623791,11191188982,,instructions,802026408,100.00,3.72,insn per cycle
29.373623791,3007579635,,cycles,802023918,100.00,,
29.473875551,3956,,rD044,801994318,100.00,,
29.473875551,72259565,,rFF44,802032638,100.00,,
29.473875551,11145389615,,instructions,802057348,100.00,3.71,insn per cycle
29.473875551,3007706316,,cycles,802057828,100.00,,
29.574129371,3418,,rD044,802008890,100.00,,
29.574129371,72517948,,rFF44,801971977,100.00,,
29.574129371,11180039513,,instructions,801942228,100.00,3.72,insn per cycle
29.574129371,3007237321,,cycles,801939788,100.00,,
29.674379320,3830,,rD044,801994348,100.00,,
29.674379320,71973596,,rFF44,801994191,100.00,,
29.674379320,11109496084,,instructions,801992070,100.00,3.69,insn per cycle
29.674379320,3007450139,,cycles,801989660,100.00,,
29.774629760,3209,,rD044,801999398,100.00,,
29.774629760,72527862,,rFF44,801993518,100.00,,
29.774629760,11184799148,,instructions,801993028,100.00,3.72,insn per cycle
29.774629760,3007498556,,cycles,802002468,100.00,,
29.874878910,3949,,rD044,801976248,100.00,,
29.874878910,72237062,,rFF44,802025158,100.00,,
29.874878910,11141631913,,instructions,802041218,100.00,3.70,insn per cycle
29.874878910,3007651676,,cycles,802043458,100.00,,
29.975137359,3404,,rD044,802059644,100.00,,
29.975137359,72561940,,rFF44,802003348,100.00,,
29.975137359,11189972377,,instructions,801999258,100.00,3.72,insn per cycle
29.975137359,3007511577,,cycles,802005758,100.00,,
30.075385859,3897,,rD044,801993674,100.00,,
30.075385859,72092533,,rFF44,802006110,100.00,,
30.075385859,11122834378,,instructions,801984200,100.00,3.70,insn per cycle
30.075385859,3007395360,,cycles,801974772,100.00,,
30.175632919,3172,,rD044,801964248,100.00,,
30.175632919,72425464,,rFF44,801958038,100.00,,
30.175632919,11167260749,,instructions,801958318,100.00,3.71,insn per cycle
30.175632919,3007318843,,cycles,801955056,100.00,,
30.275878108,3882,,rD044,801859238,100.00,,
30.275878108,72395581,,rFF44,801900568,100.00,,
30.275878108,11164291699,,instructions,801921728,100.00,3.71,insn per cycle
30.275878108,3007175503,,cycles,801923198,100.00,,
30.376132198,3111,,rD044,802034725,100.00,,
30.376132198,72550686,,rFF44,801996838,100.00,,
30.376132198,11184777946,,instructions,801983168,100.00,3.72,insn per cycle
30.376132198,3007404666,,cycles,801978068,100.00,,
30.476377918,3691,,rD044,801965733,100.00,,
30.476377918,71949743,,rFF44,801970330,100.00,,
30.476377918,11108198935,,instructions,801964020,100.00,3.69,insn per cycle
30.476377918,3007386282,,cycles,801972473,100.00,,
30.576629238,3342,,rD044,801988657,100.00,,
30.576629238,72525628,,rFF44,801987447,100.00,,
30.576629238,11178765395,,instructions,801999217,100.00,3.72,insn per cycle
30.576629238,3007453388,,cycles,801997534,100.00,,
30.676876247,3923,,rD044,801966768,100.00,,
30.676876247,72322359,,rFF44,802006468,100.00,,
30.676876247,11151371762,,instructions,802019528,100.00,3.71,insn per cycle
30.676876247,3007567594,,cycles,802020548,100.00,,
30.777133257,3902,,rD044,802039207,100.00,,
30.777133257,72679342,,rFF44,801988898,100.00,,
30.777133257,11198180198,,instructions,801971678,100.00,3.72,insn per cycle
30.777133257,3007384973,,cycles,801972528,100.00,,
30.877380677,4523,,rD044,801989451,100.00,,
30.877380677,72025777,,rFF44,802003140,100.00,,
30.877380677,11114290699,,instructions,802007761,100.00,3.70,insn per cycle
30.877380677,3007517164,,cycles,802006678,100.00,,
30.977635536,3950,,rD044,802032478,100.00,,
30.977635536,72575797,,rFF44,802027608,100.00,,
30.977635536,11179870314,,instructions,802020217,100.00,3.72,insn per cycle
30.977635536,3007555424,,cycles,802018870,100.00,,
31.013649153,197359,,rD044,256665771,100.00,,
31.013649153,12421974,,rFF44,256453081,100.00,,
31.013649153,2085256348,,instructions,256296581,100.00,2.17,insn per cycle
31.013649153,960399001,,cycles,256139161,100.00,,
