0.100167690,170923,,rD044,10023605564,100.00,,
0.100167690,426430413,,rFF44,10026771630,100.00,,
0.100167690,46028479235,,instructions,10051856287,100.00,1.22,insn per cycle
0.100167690,37807093103,,cycles,10086059308,100.00,,
0.201510224,789170,,rD044,12917813051,100.00,,
0.201510224,12754969,,rFF44,12960322872,100.00,,
0.201510224,9502042780,,instructions,12975153171,100.00,0.20,insn per cycle
0.201510224,48677878437,,cycles,12981404748,100.00,,
0.303098661,440435,,rD044,13048171072,100.00,,
0.303098661,193130028,,rFF44,13126789738,100.00,,
0.303098661,48448207143,,instructions,13201619952,100.00,0.97,insn per cycle
0.303098661,49790864680,,cycles,13277975677,100.00,,
0.407333518,218379,,rD044,13337304484,100.00,,
0.407333518,782901361,,rFF44,13333300427,100.00,,
0.407333518,123249222110,,instructions,13324440914,100.00,2.48,insn per cycle
0.407333518,49763178630,,cycles,13270348559,100.00,,
0.510558294,234371,,rD044,13217609642,100.00,,
0.510558294,786268263,,rFF44,13218310157,100.00,,
0.510558294,123521877706,,instructions,13224029427,100.00,2.48,insn per cycle
0.510558294,49785271964,,cycles,13276077343,100.00,,
0.614711091,229128,,rD044,13321225838,100.00,,
0.614711091,791425100,,rFF44,13321412336,100.00,,
0.614711091,124336182366,,instructions,13328222578,100.00,2.49,insn per cycle
0.614711091,49986568871,,cycles,13329840065,100.00,,
0.718823507,214152,,rD044,13334362183,100.00,,
0.718823507,800811756,,rFF44,13346975016,100.00,,
0.718823507,125098177539,,instructions,13329939736,100.00,2.51,insn per cycle
0.718823507,49757206145,,cycles,13268727817,100.00,,
0.823347038,714801,,rD044,13309832982,100.00,,
0.823347038,158122727,,rFF44,13222433916,100.00,,
0.823347038,28448471667,,instructions,13161826513,100.00,0.58,insn per cycle
0.823347038,49292913557,,cycles,13145684757,100.00,,
0.924899994,497181,,rD044,13027422524,100.00,,
0.924899994,64114213,,rFF44,13091094504,100.00,,
0.924899994,31135221165,,instructions,13154869407,100.00,0.63,insn per cycle
0.924899994,49577831278,,cycles,13221015223,100.00,,
1.028719227,265373,,rD044,13267482754,100.00,,
1.028719227,784630281,,rFF44,13210608703,100.00,,
1.028719227,121916969301,,instructions,13152964178,100.00,2.48,insn per cycle
1.028719227,49095305337,,cycles,13092218369,100.00,,
1.130556667,218728,,rD044,13063162426,100.00,,
1.130556667,765354548,,rFF44,13134025683,100.00,,
1.130556667,121824226495,,instructions,13205052816,100.00,2.45,insn per cycle
1.130556667,49778986141,,cycles,13275167361,100.00,,
1.234776904,239145,,rD044,13338124364,100.00,,
1.234776904,809046157,,rFF44,13338277710,100.00,,
1.234776904,126073835992,,instructions,13330208016,100.00,2.52,insn per cycle
1.234776904,49978928272,,cycles,13327777496,100.00,,
1.338788499,219131,,rD044,13306088782,100.00,,
1.338788499,797674263,,rFF44,13298317552,100.00,,
1.338788499,124330316095,,instructions,13260104756,100.00,2.51,insn per cycle
1.338788499,49473592855,,cycles,13193096070,100.00,,
1.441620060,572298,,rD044,13029064253,100.00,,
1.441620060,292547700,,rFF44,12954743405,100.00,,
1.441620060,47443724353,,instructions,12920105068,100.00,0.98,insn per cycle
1.441620060,48423001569,,cycles,12913724759,100.00,,
1.543066905,610983,,rD044,12979236304,100.00,,
1.543066905,10308052,,rFF44,12983013298,100.00,,
1.543066905,21067700775,,instructions,12987417398,100.00,0.43,insn per cycle
1.543066905,48701623140,,cycles,12987413125,100.00,,
1.644621332,245574,,rD044,13043398069,100.00,,
1.644621332,686394430,,rFF44,13121492865,100.00,,
1.644621332,111441383823,,instructions,13196218215,100.00,2.24,insn per cycle
1.644621332,49683633299,,cycles,13249057694,100.00,,
1.748207462,134361,,rD044,13253262476,100.00,,
1.748207462,804122641,,rFF44,13254214803,100.00,,
1.748207462,125273806972,,instructions,13244525270,100.00,2.52,insn per cycle
1.748207462,49735979728,,cycles,13263074774,100.00,,
1.852241027,178573,,rD044,13321431337,100.00,,
1.852241027,804741876,,rFF44,13320494022,100.00,,
1.852241027,125666852653,,instructions,13322772518,100.00,2.52,insn per cycle
1.852241027,49939983215,,cycles,13317447389,100.00,,
1.956230902,167728,,rD044,13303420660,100.00,,
1.956230902,799786499,,rFF44,13294670432,100.00,,
1.956230902,125089044557,,instructions,13299451869,100.00,2.51,insn per cycle
1.956230902,49873350879,,cycles,13299904689,100.00,,
2.060085635,454247,,rD044,13230577618,100.00,,
2.060085635,407152939,,rFF44,13162794323,100.00,,
2.060085635,63018389199,,instructions,13094169510,100.00,1.29,insn per cycle
2.060085635,48865947632,,cycles,13031919464,100.00,,
2.161673372,659398,,rD044,12997038680,100.00,,
2.161673372,10637256,,rFF44,12993818029,100.00,,
2.161673372,19671600522,,instructions,12986817695,100.00,0.40,insn per cycle
2.161673372,48685525665,,cycles,12983156791,100.00,,
2.263196828,309971,,rD044,13036586838,100.00,,
2.263196828,553654534,,rFF44,13115254002,100.00,,
2.263196828,95058093618,,instructions,13179383917,100.00,1.92,insn per cycle
2.263196828,49484198515,,cycles,13195869105,100.00,,
2.366346893,173980,,rD044,13202676993,100.00,,
2.366346893,802393472,,rFF44,13197650799,100.00,,
2.366346893,125141742146,,instructions,13207088984,100.00,2.52,insn per cycle
2.366346893,49714440938,,cycles,13257274802,100.00,,
2.470291677,139263,,rD044,13302586318,100.00,,
2.470291677,808487163,,rFF44,13307849398,100.00,,
2.470291677,126031396954,,instructions,13312330823,100.00,2.52,insn per cycle
2.470291677,49937626341,,cycles,13316993909,100.00,,
2.574378883,135983,,rD044,13325604036,100.00,,
2.574378883,803778823,,rFF44,13325746036,100.00,,
2.574378883,125534012492,,instructions,13326210530,100.00,2.51,insn per cycle
2.574378883,49959859581,,cycles,13322767822,100.00,,
2.678351607,356093,,rD044,13244950055,100.00,,
2.678351607,533609556,,rFF44,13176735194,100.00,,
2.678351607,82300139549,,instructions,13109925328,100.00,1.68,insn per cycle
2.678351607,48948182558,,cycles,13053857496,100.00,,
2.780162217,675823,,rD044,13021138736,100.00,,
2.780162217,11446545,,rFF44,13011102433,100.00,,
2.780162217,16897949545,,instructions,13002873209,100.00,0.35,insn per cycle
2.780162217,48719319993,,cycles,12992327495,100.00,,
2.881739803,336781,,rD044,13043155803,100.00,,
2.881739803,501575082,,rFF44,13117916862,100.00,,
2.881739803,88288161985,,instructions,13188221119,100.00,1.78,insn per cycle
2.881739803,49729687736,,cycles,13261371326,100.00,,
2.985799309,233023,,rD044,13316829420,100.00,,
2.985799309,804913227,,rFF44,13318882227,100.00,,
2.985799309,125632009426,,instructions,13318591157,100.00,2.52,insn per cycle
2.985799309,49901005319,,cycles,13307164154,100.00,,
3.089707673,116779,,rD044,13293585551,100.00,,
3.089707673,793172391,,rFF44,13252199527,100.00,,
3.089707673,123379196890,,instructions,13190393792,100.00,2.50,insn per cycle
3.089707673,49377167100,,cycles,13167349590,100.00,,
3.192668185,126394,,rD044,13187448008,100.00,,
3.192668185,803307741,,rFF44,13227093021,100.00,,
3.192668185,126053953450,,instructions,13291709163,100.00,2.52,insn per cycle
3.192668185,49946421434,,cycles,13319111002,100.00,,
3.296657010,258359,,rD044,13249228615,100.00,,
3.296657010,598611642,,rFF44,13178604405,100.00,,
3.296657010,92476116658,,instructions,13115674602,100.00,1.89,insn per cycle
3.296657010,48981631048,,cycles,13062609635,100.00,,
3.398518850,711963,,rD044,13022357805,100.00,,
3.398518850,11609232,,rFF44,13017588322,100.00,,
3.398518850,15012286141,,instructions,13005310605,100.00,0.31,insn per cycle
3.398518850,48720910927,,cycles,12992687759,100.00,,
3.500149437,337424,,rD044,13038263300,100.00,,
3.500149437,456890224,,rFF44,13113892091,100.00,,
3.500149437,82591825480,,instructions,13188077562,100.00,1.66,insn per cycle
3.500149437,49722185454,,cycles,13260245152,100.00,,
3.604229393,108971,,rD044,13292929188,100.00,,
3.604229393,805124704,,rFF44,13225728865,100.00,,
3.604229393,125251369562,,instructions,13221174100,100.00,2.53,insn per cycle
3.604229393,49602157866,,cycles,13227485611,100.00,,
3.707594030,155585,,rD044,13252113532,100.00,,
3.707594030,810529207,,rFF44,13322339847,100.00,,
3.707594030,126433261112,,instructions,13332323964,100.00,2.53,insn per cycle
3.707594030,49962420951,,cycles,13323464730,100.00,,
3.811746227,188011,,rD044,13334423611,100.00,,
3.811746227,801615383,,rFF44,13331807733,100.00,,
3.811746227,125289119131,,instructions,13324349757,100.00,2.51,insn per cycle
3.811746227,49974781653,,cycles,13326821294,100.00,,
3.915757752,418876,,rD044,12783250105,100.00,,
3.915757752,628230713,,rFF44,12662496254,100.00,,
3.915757752,103245037819,,instructions,12551368871,100.00,2.21,insn per cycle
3.915757752,46642171048,,cycles,12438285177,100.00,,
3.918402142,3722,,rD044,956733,100.00,,
3.918402142,37380,,rFF44,951273,100.00,,
3.918402142,3117311,,instructions,946933,100.00,0.89,insn per cycle
3.918402142,3512163,,cycles,942173,100.00,,
