0.100119895,79077,,rD044,2811993596,100.00,,
0.100119895,309300202,,rFF44,2815658945,100.00,,
0.100119895,27404654717,,instructions,2818371115,100.00,2.59,insn per cycle
0.100119895,10573609041,,cycles,2821187899,100.00,,
0.200811327,212256,,rD044,3208506291,100.00,,
0.200811327,117090405,,rFF44,3209138003,100.00,,
0.200811327,18081556999,,instructions,3210098515,100.00,1.50,insn per cycle
0.200811327,12038506685,,cycles,3210654971,100.00,,
0.301482179,436878,,rD044,3219128248,100.00,,
0.301482179,4390741,,rFF44,3218565904,100.00,,
0.301482179,648597496,,instructions,3217565252,100.00,0.05,insn per cycle
0.301482179,12061576189,,cycles,3216611159,100.00,,
0.402032189,236598,,rD044,3217649176,100.00,,
0.402032189,175798617,,rFF44,3217316742,100.00,,
0.402032189,28976297481,,instructions,3217318750,100.00,2.40,insn per cycle
0.402032189,12066078917,,cycles,3217644327,100.00,,
0.502596919,14265,,rD044,3217407684,100.00,,
0.502596919,280158408,,rFF44,3217413110,100.00,,
0.502596919,43468813124,,instructions,3217368822,100.00,3.60,insn per cycle
0.502596919,12063817629,,cycles,3217235140,100.00,,
0.603142909,13839,,rD044,3217009841,100.00,,
0.603142909,280367934,,rFF44,3216711981,100.00,,
0.603142909,43480372560,,instructions,3216610946,100.00,3.60,insn per cycle
0.603142909,12062115207,,cycles,3216601411,100.00,,
0.703662129,13076,,rD044,3216579641,100.00,,
0.703662129,281012338,,rFF44,3216548467,100.00,,
0.703662129,43577796225,,instructions,3216461019,100.00,3.61,insn per cycle
0.703662129,12061093305,,cycles,3216319092,100.00,,
0.804172969,13417,,rD044,3216304861,100.00,,
0.804172969,278359943,,rFF44,3216428985,100.00,,
0.804172969,43247100748,,instructions,3216489621,100.00,3.59,insn per cycle
0.804172969,12061805314,,cycles,3216511270,100.00,,
0.904689919,12913,,rD044,3216327215,100.00,,
0.904689919,279188841,,rFF44,3216196055,100.00,,
0.904689919,43330580134,,instructions,3216317782,100.00,3.59,insn per cycle
0.904689919,12061642583,,cycles,3216467994,100.00,,
1.005205519,12568,,rD044,3216376887,100.00,,
1.005205519,279650703,,rFF44,3216273492,100.00,,
1.005205519,43396020441,,instructions,3216124961,100.00,3.60,insn per cycle
1.005205519,12059641825,,cycles,3215944353,100.00,,
1.105704158,25187,,rD044,3215835935,100.00,,
1.105704158,279874316,,rFF44,3215783931,100.00,,
1.105704158,43374614257,,instructions,3215832354,100.00,3.60,insn per cycle
1.105704158,12059377415,,cycles,3215863311,100.00,,
1.206205398,10654,,rD044,3216112332,100.00,,
1.206205398,278884457,,rFF44,3216360456,100.00,,
1.206205398,43300743917,,instructions,3216324482,100.00,3.59,insn per cycle
1.206205398,12061477380,,cycles,3216427606,100.00,,
1.306723158,12211,,rD044,3216477191,100.00,,
1.306723158,280493997,,rFF44,3216376669,100.00,,
1.306723158,43484079355,,instructions,3216338921,100.00,3.61,insn per cycle
1.306723158,12060478321,,cycles,3216152682,100.00,,
1.407228207,11595,,rD044,3216180626,100.00,,
1.407228207,279290124,,rFF44,3216251782,100.00,,
1.407228207,43339638553,,instructions,3216254137,100.00,3.59,insn per cycle
1.407228207,12060969694,,cycles,3216277929,100.00,,
1.507735447,10351,,rD044,3216038910,100.00,,
1.507735447,278587562,,rFF44,3215889022,100.00,,
1.507735447,43238764436,,instructions,3215990557,100.00,3.59,insn per cycle
1.507735447,12060103877,,cycles,3216046602,100.00,,
1.608233657,75973,,rD044,3212835323,100.00,,
1.608233657,247084454,,rFF44,3213044454,100.00,,
1.608233657,38268992736,,instructions,3213772195,100.00,3.17,insn per cycle
1.608233657,12053784855,,cycles,3214561033,100.00,,
1.708819027,357376,,rD044,3217405449,100.00,,
1.708819027,4192000,,rFF44,3217956014,100.00,,
1.708819027,592307749,,instructions,3217846792,100.00,0.05,insn per cycle
1.708819027,12066132123,,cycles,3217837314,100.00,,
1.809434808,409037,,rD044,3219229890,100.00,,
1.809434808,60107117,,rFF44,3218812581,100.00,,
1.809434808,11063555373,,instructions,3219578714,100.00,0.92,insn per cycle
1.809434808,12071120376,,cycles,3218992622,100.00,,
1.910023569,11665,,rD044,3218340059,100.00,,
1.910023569,279116447,,rFF44,3218039959,100.00,,
1.910023569,43303842312,,instructions,3216598322,100.00,3.59,insn per cycle
1.910023569,12061806062,,cycles,3216554512,100.00,,
2.010559219,10746,,rD044,3217129682,100.00,,
2.010559219,281108799,,rFF44,3217447306,100.00,,
2.010559219,43597758746,,instructions,3217656954,100.00,3.61,insn per cycle
2.010559219,12065768538,,cycles,3217588593,100.00,,
2.111087859,12008,,rD044,3216688272,100.00,,
2.111087859,282536967,,rFF44,3216373282,100.00,,
2.111087859,43745951096,,instructions,3216170352,100.00,3.63,insn per cycle
2.111087859,12060435851,,cycles,3216168662,100.00,,
2.211598678,10652,,rD044,3216415703,100.00,,
2.211598678,282226925,,rFF44,3216569259,100.00,,
2.211598678,43716230228,,instructions,3216712021,100.00,3.62,insn per cycle
2.211598678,12062326192,,cycles,3216655332,100.00,,
2.312123048,11627,,rD044,3216674907,100.00,,
2.312123048,280293787,,rFF44,3216587287,100.00,,
2.312123048,43473807601,,instructions,3216575962,100.00,3.60,insn per cycle
2.312123048,12061852736,,cycles,3216525854,100.00,,
2.412640598,11090,,rD044,3216599600,100.00,,
2.412640598,278346843,,rFF44,3216584872,100.00,,
2.412640598,43215145688,,instructions,3216553647,100.00,3.58,insn per cycle
2.412640598,12062267655,,cycles,3216620512,100.00,,
2.513159778,10844,,rD044,3216456071,100.00,,
2.513159778,278803588,,rFF44,3216446294,100.00,,
2.513159778,43279041507,,instructions,3216344709,100.00,3.59,insn per cycle
2.513159778,12061127665,,cycles,3216316522,100.00,,
2.613668418,11184,,rD044,3216274042,100.00,,
2.613668418,280789881,,rFF44,3216182263,100.00,,
2.613668418,43548173952,,instructions,3216219222,100.00,3.61,insn per cycle
2.613668418,12060844574,,cycles,3216245673,100.00,,
2.714177987,10317,,rD044,3216241821,100.00,,
2.714177987,280432683,,rFF44,3216406671,100.00,,
2.714177987,43491901863,,instructions,3216405772,100.00,3.61,insn per cycle
2.714177987,12061290554,,cycles,3216385936,100.00,,
2.814694527,10660,,rD044,3216431937,100.00,,
2.814694527,278741161,,rFF44,3216351121,100.00,,
2.814694527,43254678482,,instructions,3216420149,100.00,3.59,insn per cycle
2.814694527,12061574422,,cycles,3216465488,100.00,,
2.915213977,10812,,rD044,3216601899,100.00,,
2.915213977,280157231,,rFF44,3216632812,100.00,,
2.915213977,43446285718,,instructions,3216533086,100.00,3.60,insn per cycle
2.915213977,12061443747,,cycles,3216444492,100.00,,
3.015721017,11614,,rD044,3215830120,100.00,,
3.015721017,280937632,,rFF44,3215777677,100.00,,
3.015721017,43559989010,,instructions,3215804600,100.00,3.61,insn per cycle
3.015721017,12058939322,,cycles,3215807255,100.00,,
3.116230086,261121,,rD044,3214058371,100.00,,
3.116230086,79052732,,rFF44,3215104427,100.00,,
3.116230086,12165532905,,instructions,3216097469,100.00,1.01,insn per cycle
3.116230086,12065760613,,cycles,3217751005,100.00,,
3.216912748,528085,,rD044,3219375474,100.00,,
3.216912748,5243593,,rFF44,3218268346,100.00,,
3.216912748,1180424642,,instructions,3217226549,100.00,0.10,insn per cycle
3.216912748,12057590325,,cycles,3215550540,100.00,,
3.317427968,79594,,rD044,3216609667,100.00,,
3.317427968,226517065,,rFF44,3216796382,100.00,,
3.317427968,36299380884,,instructions,3217113851,100.00,3.01,insn per cycle
3.317427968,12064730223,,cycles,3217283382,100.00,,
3.417968178,10548,,rD044,3217128882,100.00,,
3.417968178,281498212,,rFF44,3217058600,100.00,,
3.417968178,43624312926,,instructions,3216656975,100.00,3.62,insn per cycle
3.417968178,12061581018,,cycles,3216437444,100.00,,
3.518472638,10302,,rD044,3216172222,100.00,,
3.518472638,279613552,,rFF44,3216192096,100.00,,
3.518472638,43387979902,,instructions,3216525352,100.00,3.60,insn per cycle
3.518472638,12062535473,,cycles,3216695760,100.00,,
3.618996037,10571,,rD044,3216638420,100.00,,
3.618996037,279221254,,rFF44,3216534532,100.00,,
3.618996037,43346218448,,instructions,3216195620,100.00,3.59,insn per cycle
3.618996037,12060112868,,cycles,3216045964,100.00,,
3.719499547,10879,,rD044,3215914096,100.00,,
3.719499547,283204016,,rFF44,3216143421,100.00,,
3.719499547,43839959138,,instructions,3216403556,100.00,3.63,insn per cycle
3.719499547,12062387697,,cycles,3216711942,100.00,,
3.820041937,11516,,rD044,3217179206,100.00,,
3.820041937,279251303,,rFF44,3217033343,100.00,,
3.820041937,43353916132,,instructions,3216924110,100.00,3.59,insn per cycle
3.820041937,12062665112,,cycles,3216839043,100.00,,
3.920564087,10914,,rD044,3216395808,100.00,,
3.920564087,279305954,,rFF44,3216512571,100.00,,
3.920564087,43358118721,,instructions,3216582699,100.00,3.59,insn per cycle
3.920564087,12061672844,,cycles,3216548840,100.00,,
4.021088477,10494,,rD044,3216496421,100.00,,
4.021088477,282283749,,rFF44,3216335730,100.00,,
4.021088477,43726891556,,instructions,3216119846,100.00,3.63,insn per cycle
4.021088477,12059744678,,cycles,3216025982,100.00,,
4.121597217,12089,,rD044,3216348722,100.00,,
4.121597217,281233786,,rFF44,3216364464,100.00,,
4.121597217,43604084166,,instructions,3216559392,100.00,3.61,insn per cycle
4.121597217,12062218006,,cycles,3216614764,100.00,,
4.222117906,10856,,rD044,3216402827,100.00,,
4.222117906,281538322,,rFF44,3216438514,100.00,,
4.222117906,43635732852,,instructions,3216590746,100.00,3.62,insn per cycle
4.222117906,12062526379,,cycles,3216713902,100.00,,
4.322656717,10248,,rD044,3217205479,100.00,,
4.322656717,280451086,,rFF44,3217226593,100.00,,
4.322656717,43488133633,,instructions,3217036300,100.00,3.61,insn per cycle
4.322656717,12063119347,,cycles,3216848322,100.00,,
4.423172776,11160,,rD044,3216566032,100.00,,
4.423172776,279810047,,rFF44,3216611477,100.00,,
4.423172776,43409590166,,instructions,3216647352,100.00,3.60,insn per cycle
4.423172776,12062266243,,cycles,3216620857,100.00,,
4.523694296,154764,,rD044,3214412980,100.00,,
4.523694296,184639127,,rFF44,3215407037,100.00,,
4.523694296,28586310647,,instructions,3216634192,100.00,2.37,insn per cycle
4.523694296,12066638785,,cycles,3217990616,100.00,,
4.624363488,401554,,rD044,3219606660,100.00,,
4.624363488,4292698,,rFF44,3219282961,100.00,,
4.624363488,587286620,,instructions,3218806132,100.00,0.05,insn per cycle
4.624363488,12069246255,,cycles,3218646763,100.00,,
4.724989579,325632,,rD044,3219689959,100.00,,
4.724989579,122409183,,rFF44,3218997704,100.00,,
4.724989579,20552592697,,instructions,3218273412,100.00,1.70,insn per cycle
4.724989579,12064254848,,cycles,3217186783,100.00,,
4.825529219,10378,,rD044,3217180335,100.00,,
4.825529219,280379995,,rFF44,3217534422,100.00,,
4.825529219,43484699749,,instructions,3217485486,100.00,3.60,insn per cycle
4.825529219,12065674430,,cycles,3217534293,100.00,,
4.926070159,11296,,rD044,3217056008,100.00,,
4.926070159,278843409,,rFF44,3216767423,100.00,,
4.926070159,43300354118,,instructions,3216860380,100.00,3.59,insn per cycle
4.926070159,12062720423,,cycles,3216829454,100.00,,
5.026603719,10541,,rD044,3217008273,100.00,,
5.026603719,278901195,,rFF44,3216988660,100.00,,
5.026603719,43286095614,,instructions,3216795179,100.00,3.59,insn per cycle
5.026603719,12062396185,,cycles,3216699968,100.00,,
5.127123839,11478,,rD044,3216270086,100.00,,
5.127123839,280787632,,rFF44,3216167212,100.00,,
5.127123839,43523799026,,instructions,3216195673,100.00,3.61,insn per cycle
5.127123839,12060535727,,cycles,3216193803,100.00,,
5.227634228,9693,,rD044,3216383365,100.00,,
5.227634228,279960164,,rFF44,3216325022,100.00,,
5.227634228,43439996482,,instructions,3216296402,100.00,3.60,insn per cycle
5.227634228,12060984105,,cycles,3216309041,100.00,,
5.328150658,10940,,rD044,3216286022,100.00,,
5.328150658,281390410,,rFF44,3216395813,100.00,,
5.328150658,43615518854,,instructions,3216407462,100.00,3.62,insn per cycle
5.328150658,12061298811,,cycles,3216375985,100.00,,
5.428659528,10023,,rD044,3216287338,100.00,,
5.428659528,279113716,,rFF44,3216325482,100.00,,
5.428659528,43333341704,,instructions,3216472766,100.00,3.59,insn per cycle
5.428659528,12062116152,,cycles,3216593091,100.00,,
5.529185688,11270,,rD044,3216744987,100.00,,
5.529185688,279033027,,rFF44,3216777091,100.00,,
5.529185688,43313388912,,instructions,3216745808,100.00,3.59,insn per cycle
5.529185688,12062341445,,cycles,3216658951,100.00,,
5.629704588,10445,,rD044,3216484582,100.00,,
5.629704588,280680479,,rFF44,3216253091,100.00,,
5.629704588,43514553251,,instructions,3216272283,100.00,3.61,insn per cycle
5.629704588,12061235579,,cycles,3216347812,100.00,,
5.730249158,10079,,rD044,3217461998,100.00,,
5.730249158,283644596,,rFF44,3217561074,100.00,,
5.730249158,43902338113,,instructions,3217504944,100.00,3.64,insn per cycle
5.730249158,12065339578,,cycles,3217458673,100.00,,
5.830789508,10896,,rD044,3217169947,100.00,,
5.830789508,279804661,,rFF44,3217123565,100.00,,
5.830789508,43416834403,,instructions,3217048151,100.00,3.60,insn per cycle
5.830789508,12063384593,,cycles,3216958022,100.00,,
5.931299668,11289,,rD044,3216102932,100.00,,
5.931299668,278703037,,rFF44,3216247696,100.00,,
5.931299668,43259736456,,instructions,3216310042,100.00,3.59,insn per cycle
5.931299668,12061427223,,cycles,3216495621,100.00,,
6.031832548,339144,,rD044,3213902657,100.00,,
6.031832548,18941118,,rFF44,3214932571,100.00,,
6.031832548,2920816023,,instructions,3215985368,100.00,0.24,insn per cycle
6.031832548,12063703728,,cycles,3217281849,100.00,,
6.132507479,533649,,rD044,3219984808,100.00,,
6.132507479,4544028,,rFF44,3218873510,100.00,,
6.132507479,2234763598,,instructions,3217863715,100.00,0.19,insn per cycle
6.132507479,12060797983,,cycles,3216337190,100.00,,
6.233019069,21817,,rD044,3216391625,100.00,,
6.233019069,279336148,,rFF44,3216380412,100.00,,
6.233019069,43320706416,,instructions,3216252424,100.00,3.59,insn per cycle
6.233019069,12061034448,,cycles,3216318162,100.00,,
6.333530419,10678,,rD044,3216118962,100.00,,
6.333530419,279613477,,rFF44,3216269332,100.00,,
6.333530419,43387810084,,instructions,3216284435,100.00,3.60,insn per cycle
6.333530419,12060652172,,cycles,3216204662,100.00,,
6.434042428,10593,,rD044,3216336286,100.00,,
6.434042428,279895288,,rFF44,3216116004,100.00,,
6.434042428,43439907544,,instructions,3216180332,100.00,3.60,insn per cycle
6.434042428,12060948815,,cycles,3216282792,100.00,,
6.534552418,10421,,rD044,3216219027,100.00,,
6.534552418,279436486,,rFF44,3216292872,100.00,,
6.534552418,43358456965,,instructions,3216247620,100.00,3.60,insn per cycle
6.534552418,12060392797,,cycles,3216135674,100.00,,
6.635055498,10422,,rD044,3215924545,100.00,,
6.635055498,279271101,,rFF44,3216003452,100.00,,
6.635055498,43336319520,,instructions,3216033431,100.00,3.59,insn per cycle
6.635055498,12060078361,,cycles,3216063772,100.00,,
6.735565897,10895,,rD044,3216192772,100.00,,
6.735565897,280448941,,rFF44,3216568742,100.00,,
6.735565897,43496104002,,instructions,3216413027,100.00,3.61,insn per cycle
6.735565897,12061192596,,cycles,3216369232,100.00,,
6.836079557,10655,,rD044,3216298872,100.00,,
6.836079557,279773184,,rFF44,3215624503,100.00,,
6.836079557,43424264131,,instructions,3215623331,100.00,3.60,insn per cycle
6.836079557,12058491692,,cycles,3215654061,100.00,,
6.936573127,11088,,rD044,3215834045,100.00,,
6.936573127,280885620,,rFF44,3216139062,100.00,,
6.936573127,43592439788,,instructions,3216267742,100.00,3.61,insn per cycle
6.936573127,12061614797,,cycles,3216495874,100.00,,
7.037092757,11100,,rD044,3216275418,100.00,,
7.037092757,281333831,,rFF44,3216230802,100.00,,
7.037092757,43621416655,,instructions,3216221596,100.00,3.62,insn per cycle
7.037092757,12060263947,,cycles,3216155112,100.00,,
7.137607816,10413,,rD044,3216508173,100.00,,
7.137607816,281068206,,rFF44,3216534029,100.00,,
7.137607816,43563257428,,instructions,3216463209,100.00,3.61,insn per cycle
7.137607816,12061372217,,cycles,3216400941,100.00,,
7.238117726,12455,,rD044,3215969992,100.00,,
7.238117726,279633862,,rFF44,3215927084,100.00,,
7.238117726,43411883379,,instructions,3215975560,100.00,3.60,insn per cycle
7.238117726,12059909556,,cycles,3216022806,100.00,,
7.338628336,12086,,rD044,3216436599,100.00,,
7.338628336,281775633,,rFF44,3216293242,100.00,,
7.338628336,43656117447,,instructions,3216312035,100.00,3.62,insn per cycle
7.338628336,12060795216,,cycles,3216240428,100.00,,
7.439140716,206955,,rD044,3213625312,100.00,,
7.439140716,136019140,,rFF44,3215207041,100.00,,
7.439140716,20988146767,,instructions,3216607298,100.00,1.74,insn per cycle
7.439140716,12065882446,,cycles,3217792250,100.00,,
7.539860068,454021,,rD044,3220780023,100.00,,
7.539860068,4381469,,rFF44,3219437101,100.00,,
7.539860068,654256717,,instructions,3217876993,100.00,0.05,insn per cycle
7.539860068,12061258016,,cycles,3216524232,100.00,,
7.640376507,256923,,rD044,3216376628,100.00,,
7.640376507,173219386,,rFF44,3216470124,100.00,,
7.640376507,28271463673,,instructions,3216752152,100.00,2.34,insn per cycle
7.640376507,12064583612,,cycles,3217257079,100.00,,
7.740917017,12627,,rD044,3216920713,100.00,,
7.740917017,280360510,,rFF44,3216695261,100.00,,
7.740917017,43487114630,,instructions,3216671332,100.00,3.61,insn per cycle
7.740917017,12061063383,,cycles,3216374486,100.00,,
7.841430237,12765,,rD044,3216238836,100.00,,
7.841430237,280770735,,rFF44,3216324475,100.00,,
7.841430237,43545874069,,instructions,3216499183,100.00,3.61,insn per cycle
7.841430237,12061650612,,cycles,3216558912,100.00,,
7.941949817,13475,,rD044,3216257124,100.00,,
7.941949817,280484845,,rFF44,3216209221,100.00,,
7.941949817,43504688192,,instructions,3216013952,100.00,3.61,insn per cycle
7.941949817,12059606491,,cycles,3216051950,100.00,,
8.042468947,12038,,rD044,3216341297,100.00,,
8.042468947,283160789,,rFF44,3216377481,100.00,,
8.042468947,43841828517,,instructions,3216581363,100.00,3.63,insn per cycle
8.042468947,12061777276,,cycles,3216550135,100.00,,
8.142992927,12381,,rD044,3216587036,100.00,,
8.142992927,283773546,,rFF44,3216478802,100.00,,
8.142992927,43917249328,,instructions,3216271281,100.00,3.64,insn per cycle
8.142992927,12060707614,,cycles,3216224272,100.00,,
8.243510527,10874,,rD044,3216392561,100.00,,
8.243510527,279487422,,rFF44,3216524736,100.00,,
8.243510527,43379732860,,instructions,3216558672,100.00,3.60,insn per cycle
8.243510527,12062060193,,cycles,3216601028,100.00,,
8.344034067,11169,,rD044,3216674175,100.00,,
8.344034067,278789183,,rFF44,3216522398,100.00,,
8.344034067,43279680994,,instructions,3216408311,100.00,3.59,insn per cycle
8.344034067,12061033369,,cycles,3216305103,100.00,,
8.444538886,11057,,rD044,3216168134,100.00,,
8.444538886,280957385,,rFF44,3216434641,100.00,,
8.444538886,43554006399,,instructions,3216517893,100.00,3.61,insn per cycle
8.444538886,12062072657,,cycles,3216585134,100.00,,
8.545060786,12522,,rD044,3216587486,100.00,,
8.545060786,280097193,,rFF44,3216283982,100.00,,
8.545060786,43460471168,,instructions,3216122171,100.00,3.60,insn per cycle
8.545060786,12059963330,,cycles,3216022511,100.00,,
8.645564826,11290,,rD044,3216042591,100.00,,
8.645564826,279984163,,rFF44,3216220021,100.00,,
8.645564826,43458685128,,instructions,3216307461,100.00,3.60,insn per cycle
8.645564826,12061042920,,cycles,3216312871,100.00,,
8.746070725,11524,,rD044,3215948612,100.00,,
8.746070725,281067572,,rFF44,3215826722,100.00,,
8.746070725,43592974473,,instructions,3215912561,100.00,3.61,insn per cycle
8.746070725,12059972163,,cycles,3216046409,100.00,,
8.846579175,206231,,rD044,3172855267,100.00,,
8.846579175,237675588,,rFF44,3169816756,100.00,,
8.846579175,37979546690,,instructions,3167246406,100.00,3.20,insn per cycle
8.846579175,11867180043,,cycles,3164671258,100.00,,
8.850511160,4019,,rD044,978125,100.00,,
8.850511160,32533,,rFF44,973485,100.00,,
8.850511160,3243485,,instructions,969295,100.00,0.90,insn per cycle
8.850511160,3591332,,cycles,965655,100.00,,
