0.100125504,250149,,rD044,10450839407,100.00,,
0.100125504,427674003,,rFF44,10506016035,100.00,,
0.100125504,46570755780,,instructions,10556001955,100.00,1.17,insn per cycle
0.100125504,39749484379,,cycles,10604206789,100.00,,
0.202029330,654412,,rD044,13019173506,100.00,,
0.202029330,11870699,,rFF44,13010536717,100.00,,
0.202029330,7737345062,,instructions,13001582766,100.00,0.16,insn per cycle
0.202029330,48728153495,,cycles,12994783705,100.00,,
0.303654223,234700,,rD044,13053932398,100.00,,
0.303654223,404053377,,rFF44,13134080310,100.00,,
0.303654223,74790524149,,instructions,13208509767,100.00,1.50,insn per cycle
0.303654223,49770818750,,cycles,13272266448,100.00,,
0.407527793,195877,,rD044,13287939124,100.00,,
0.407527793,794270765,,rFF44,13277503625,100.00,,
0.407527793,124348458050,,instructions,13264876475,100.00,2.50,insn per cycle
0.407527793,49742842593,,cycles,13264833947,100.00,,
0.511415994,206209,,rD044,13297565247,100.00,,
0.511415994,809447587,,rFF44,13301734442,100.00,,
0.511415994,126262477706,,instructions,13310013873,100.00,2.53,insn per cycle
0.511415994,49930980307,,cycles,13315018169,100.00,,
0.615566778,180930,,rD044,13358300440,100.00,,
0.615566778,808293712,,rFF44,13369831868,100.00,,
0.615566778,126195407033,,instructions,13368233103,100.00,2.52,insn per cycle
0.615566778,50129452347,,cycles,13367921733,100.00,,
0.719810123,296640,,rD044,13259077136,100.00,,
0.719810123,685168784,,rFF44,13178128568,100.00,,
0.719810123,106161987173,,instructions,13112800920,100.00,2.17,insn per cycle
0.719810123,48939445240,,cycles,13051247265,100.00,,
0.821532517,641626,,rD044,13004116668,100.00,,
0.821532517,11870452,,rFF44,13000905516,100.00,,
0.821532517,9123643520,,instructions,12997574148,100.00,0.19,insn per cycle
0.821532517,48701096398,,cycles,12987927890,100.00,,
0.923122459,256696,,rD044,13042625800,100.00,,
0.923122459,449979524,,rFF44,13123813010,100.00,,
0.923122459,81255583553,,instructions,13201809937,100.00,1.63,insn per cycle
0.923122459,49790750762,,cycles,13277559640,100.00,,
1.027353224,315943,,rD044,13337443347,100.00,,
1.027353224,763617609,,rFF44,13327375753,100.00,,
1.027353224,120974723235,,instructions,13323649611,100.00,2.42,insn per cycle
1.027353224,49964407545,,cycles,13324085953,100.00,,
1.131500458,202360,,rD044,13333893898,100.00,,
1.131500458,797718819,,rFF44,13336055788,100.00,,
1.131500458,124892173353,,instructions,13330343339,100.00,2.50,insn per cycle
1.131500458,49951339763,,cycles,13320458490,100.00,,
1.235470520,176512,,rD044,13274085349,100.00,,
1.235470520,790514615,,rFF44,13204234910,100.00,,
1.235470520,123434183792,,instructions,13186024492,100.00,2.49,insn per cycle
1.235470520,49545807084,,cycles,13212305084,100.00,,
1.338660212,266686,,rD044,13174526612,100.00,,
1.338660212,701332459,,rFF44,13175341176,100.00,,
1.338660212,109619190376,,instructions,13128916873,100.00,2.24,insn per cycle
1.338660212,48912675532,,cycles,13044193429,100.00,,
1.440368445,681132,,rD044,13013127290,100.00,,
1.440368445,12107380,,rFF44,13014830484,100.00,,
1.440368445,8319679408,,instructions,13009989600,100.00,0.17,insn per cycle
1.440368445,48761219027,,cycles,13003702360,100.00,,
1.542101589,250528,,rD044,13047959853,100.00,,
1.542101589,412378109,,rFF44,13143687745,100.00,,
1.542101589,76400209733,,instructions,13243595305,100.00,1.54,insn per cycle
1.542101589,49765269340,,cycles,13270812349,100.00,,
1.645838758,129181,,rD044,13282080973,100.00,,
1.645838758,796369667,,rFF44,13260744444,100.00,,
1.645838758,124321924306,,instructions,13231695666,100.00,2.50,insn per cycle
1.645838758,49744209784,,cycles,13265147805,100.00,,
1.749948562,140565,,rD044,13325807744,100.00,,
1.749948562,811147789,,rFF44,13316938965,100.00,,
1.749948562,126267292240,,instructions,13309235849,100.00,2.53,insn per cycle
1.749948562,49908303332,,cycles,13309039757,100.00,,
1.853894763,125681,,rD044,13310003798,100.00,,
1.853894763,807051661,,rFF44,13325410347,100.00,,
1.853894763,126034665284,,instructions,13336872946,100.00,2.52,insn per cycle
1.853894763,50024421059,,cycles,13340064140,100.00,,
1.957992097,294780,,rD044,13254465899,100.00,,
1.957992097,674154199,,rFF44,13167042466,100.00,,
1.957992097,104357335318,,instructions,13098891876,100.00,2.13,insn per cycle
1.957992097,48906726067,,cycles,13042629654,100.00,,
2.059715940,630629,,rD044,13002202340,100.00,,
2.059715940,11753650,,rFF44,12998929064,100.00,,
2.059715940,9297486261,,instructions,12992557707,100.00,0.19,insn per cycle
2.059715940,48682709165,,cycles,12982912017,100.00,,
2.161248062,229450,,rD044,13040068827,100.00,,
2.161248062,445135635,,rFF44,13122581247,100.00,,
2.161248062,80946337639,,instructions,13196337191,100.00,1.63,insn per cycle
2.161248062,49753133563,,cycles,13267768706,100.00,,
2.265394116,119130,,rD044,13327739554,100.00,,
2.265394116,815713932,,rFF44,13306774047,100.00,,
2.265394116,126079039867,,instructions,13254858622,100.00,2.54,insn per cycle
2.265394116,49691980348,,cycles,13251778803,100.00,,
2.368835851,130939,,rD044,13234965316,100.00,,
2.368835851,812013533,,rFF44,13243766140,100.00,,
2.368835851,126756908281,,instructions,13283717068,100.00,2.54,insn per cycle
2.368835851,49815422411,,cycles,13284423103,100.00,,
2.472737482,94991,,rD044,13298980756,100.00,,
2.472737482,812935345,,rFF44,13297678442,100.00,,
2.472737482,126504854601,,instructions,13298513524,100.00,2.54,insn per cycle
2.472737482,49835784022,,cycles,13289732418,100.00,,
2.576556222,294875,,rD044,13233176737,100.00,,
2.576556222,615269210,,rFF44,13173464645,100.00,,
2.576556222,95228647705,,instructions,13114500335,100.00,1.94,insn per cycle
2.576556222,48977312969,,cycles,13061353631,100.00,,
2.678275866,579648,,rD044,13002637499,100.00,,
2.678275866,11640482,,rFF44,12996384154,100.00,,
2.678275866,10995733508,,instructions,12993400894,100.00,0.23,insn per cycle
2.678275866,48697357949,,cycles,12986592479,100.00,,
2.779861608,206284,,rD044,13040749156,100.00,,
2.779861608,548437065,,rFF44,13116064602,100.00,,
2.779861608,93786155833,,instructions,13189351830,100.00,1.89,insn per cycle
2.779861608,49656904504,,cycles,13241990550,100.00,,
2.883387534,269085,,rD044,13250362853,100.00,,
2.883387534,805365626,,rFF44,13256398500,100.00,,
2.883387534,125501695726,,instructions,13251312356,100.00,2.52,insn per cycle
2.883387534,49745737261,,cycles,13265776143,100.00,,
2.987423717,199854,,rD044,13317408729,100.00,,
2.987423717,780226478,,rFF44,13308420727,100.00,,
2.987423717,122948192835,,instructions,13307781632,100.00,2.46,insn per cycle
2.987423717,49899084176,,cycles,13306575089,100.00,,
3.091381358,88436,,rD044,13273880646,100.00,,
3.091381358,806192681,,rFF44,13231364934,100.00,,
3.091381358,125738089798,,instructions,13251539609,100.00,2.53,insn per cycle
3.091381358,49678136127,,cycles,13247721363,100.00,,
3.194803473,306970,,rD044,13213466858,100.00,,
3.194803473,560887255,,rFF44,13192090997,100.00,,
3.194803473,86425172091,,instructions,13109211390,100.00,1.77,insn per cycle
3.194803473,48957432963,,cycles,13056085882,100.00,,
3.296568817,570111,,rD044,13005183621,100.00,,
3.296568817,11784818,,rFF44,12994462221,100.00,,
3.296568817,12658691564,,instructions,12989774515,100.00,0.26,insn per cycle
3.296568817,48681353593,,cycles,12982327097,100.00,,
3.398133919,186102,,rD044,13039530701,100.00,,
3.398133919,596080906,,rFF44,13119662478,100.00,,
3.398133919,99999725162,,instructions,13185302979,100.00,2.01,insn per cycle
3.398133919,49675574182,,cycles,13247046474,100.00,,
3.502069911,164684,,rD044,13298694468,100.00,,
3.502069911,800182220,,rFF44,13294729738,100.00,,
3.502069911,124661894597,,instructions,13260301154,100.00,2.52,insn per cycle
3.502069911,49522288079,,cycles,13206164425,100.00,,
3.604860288,194040,,rD044,13160839117,100.00,,
3.604860288,785548013,,rFF44,13158004536,100.00,,
3.604860288,123541228142,,instructions,13192765351,100.00,2.49,insn per cycle
3.604860288,49679226898,,cycles,13247871376,100.00,,
3.708792899,235206,,rD044,13304238644,100.00,,
3.708792899,797884973,,rFF44,13304365501,100.00,,
3.708792899,124874029702,,instructions,13301786518,100.00,2.50,insn per cycle
3.708792899,49873672231,,cycles,13299765071,100.00,,
3.800715191,321523,,rD044,10734546612,100.00,,
3.800715191,521890278,,rFF44,10616282781,100.00,,
3.800715191,85989559646,,instructions,10512005747,100.00,2.20,insn per cycle
3.800715191,39040753391,,cycles,10411547689,100.00,,
