0.100124606,59605,,rD044,1415727924,100.00,,
0.100124606,218572711,,rFF44,1416802791,100.00,,
0.100124606,13275642989,,instructions,1417474551,100.00,2.50,insn per cycle
0.100124606,5313326320,,cycles,1418161931,100.00,,
0.200586685,7761,,rD044,1607186294,100.00,,
0.200586685,142695627,,rFF44,1607201396,100.00,,
0.200586685,22043875454,,instructions,1607286686,100.00,3.66,insn per cycle
0.200586685,6027210583,,cycles,1607265826,100.00,,
0.300990294,209472,,rD044,1603168088,100.00,,
0.300990294,63702736,,rFF44,1603239482,100.00,,
0.300990294,9957240797,,instructions,1603404835,100.00,1.66,insn per cycle
0.300990294,6013041133,,cycles,1603651805,100.00,,
0.401425083,374381,,rD044,1606575396,100.00,,
0.401425083,2175598,,rFF44,1606557739,100.00,,
0.401425083,398962804,,instructions,1606672766,100.00,0.07,insn per cycle
0.401425083,6025377221,,cycles,1606821576,100.00,,
0.501881532,484684,,rD044,1606837545,100.00,,
0.501881532,10574081,,rFF44,1606535789,100.00,,
0.501881532,3258518393,,instructions,1606166869,100.00,0.54,insn per cycle
0.501881532,6021402919,,cycles,1605780925,100.00,,
0.602250770,9106,,rD044,1606019335,100.00,,
0.602250770,140947719,,rFF44,1606167746,100.00,,
0.602250770,21817446826,,instructions,1606157026,100.00,3.62,insn per cycle
0.602250770,6022860684,,cycles,1606104490,100.00,,
0.702631818,9083,,rD044,1605742881,100.00,,
0.702631818,140606269,,rFF44,1605763755,100.00,,
0.702631818,21767972070,,instructions,1605754376,100.00,3.62,insn per cycle
0.702631818,6021221866,,cycles,1605756076,100.00,,
0.803010637,9589,,rD044,1606032956,100.00,,
0.803010637,143439396,,rFF44,1605996321,100.00,,
0.803010637,22136528744,,instructions,1606041580,100.00,3.68,insn per cycle
0.803010637,6022747073,,cycles,1606074195,100.00,,
0.903394115,9623,,rD044,1606072028,100.00,,
0.903394115,139226953,,rFF44,1606023636,100.00,,
0.903394115,21608547638,,instructions,1605976766,100.00,3.59,insn per cycle
0.903394115,6022345071,,cycles,1605970421,100.00,,
1.003763383,9405,,rD044,1605929808,100.00,,
1.003763383,139824137,,rFF44,1605972600,100.00,,
1.003763383,21663448596,,instructions,1606018924,100.00,3.60,insn per cycle
1.003763383,6022518258,,cycles,1606013346,100.00,,
1.104140992,18149,,rD044,1605967986,100.00,,
1.104140992,140628635,,rFF44,1605944326,100.00,,
1.104140992,21755930634,,instructions,1605915942,100.00,3.61,insn per cycle
1.104140992,6022084324,,cycles,1605902790,100.00,,
1.204499650,9038,,rD044,1605660600,100.00,,
1.204499650,142143216,,rFF44,1605519870,100.00,,
1.204499650,21968827988,,instructions,1605450025,100.00,3.65,insn per cycle
1.204499650,6020286106,,cycles,1605420206,100.00,,
1.304843008,9340,,rD044,1605490364,100.00,,
1.304843008,140149590,,rFF44,1605521886,100.00,,
1.304843008,21714863343,,instructions,1605562611,100.00,3.61,insn per cycle
1.304843008,6020805055,,cycles,1605556060,100.00,,
1.405188335,9386,,rD044,1605488262,100.00,,
1.405188335,139435869,,rFF44,1605427060,100.00,,
1.405188335,21614786936,,instructions,1605416996,100.00,3.59,insn per cycle
1.405188335,6020362729,,cycles,1605437996,100.00,,
1.505524083,9084,,rD044,1605410397,100.00,,
1.505524083,139339015,,rFF44,1605524676,100.00,,
1.505524083,21589114087,,instructions,1605565380,100.00,3.59,insn per cycle
1.505524083,6021314636,,cycles,1605700250,100.00,,
1.605904732,10184,,rD044,1605972479,100.00,,
1.605904732,140258282,,rFF44,1605917060,100.00,,
1.605904732,21721155642,,instructions,1605845450,100.00,3.61,insn per cycle
1.605904732,6021276076,,cycles,1605718746,100.00,,
1.706251750,9129,,rD044,1605458490,100.00,,
1.706251750,140931065,,rFF44,1605414526,100.00,,
1.706251750,21818466167,,instructions,1605464056,100.00,3.62,insn per cycle
1.706251750,6020378936,,cycles,1605460450,100.00,,
1.806585747,9545,,rD044,1605056696,100.00,,
1.806585747,141753139,,rFF44,1605024720,100.00,,
1.806585747,21913578869,,instructions,1605136840,100.00,3.64,insn per cycle
1.806585747,6019025639,,cycles,1605175615,100.00,,
1.906932045,9339,,rD044,1605491600,100.00,,
1.906932045,142374675,,rFF44,1605563216,100.00,,
1.906932045,22000195374,,instructions,1605442926,100.00,3.65,insn per cycle
1.906932045,6020238411,,cycles,1605415791,100.00,,
2.007317174,9081,,rD044,1606224556,100.00,,
2.007317174,140675693,,rFF44,1606257240,100.00,,
2.007317174,21780822051,,instructions,1606224627,100.00,3.62,insn per cycle
2.007317174,6023178501,,cycles,1606188406,100.00,,
2.107665822,10043,,rD044,1605681381,100.00,,
2.107665822,139600321,,rFF44,1605718906,100.00,,
2.107665822,21660785933,,instructions,1605737079,100.00,3.60,insn per cycle
2.107665822,6021461284,,cycles,1605743660,100.00,,
2.208024960,8887,,rD044,1605533475,100.00,,
2.208024960,142601743,,rFF44,1605456110,100.00,,
2.208024960,22034197647,,instructions,1605487663,100.00,3.66,insn per cycle
2.208024960,6020584755,,cycles,1605497416,100.00,,
2.308363618,9031,,rD044,1605419834,100.00,,
2.308363618,142339372,,rFF44,1605413666,100.00,,
2.308363618,21985312401,,instructions,1605372273,100.00,3.65,insn per cycle
2.308363618,6020129326,,cycles,1605375650,100.00,,
2.408708046,9790,,rD044,1605530352,100.00,,
2.408708046,143242779,,rFF44,1605527870,100.00,,
2.408708046,22106828722,,instructions,1605540530,100.00,3.67,insn per cycle
2.408708046,6020707955,,cycles,1605529528,100.00,,
2.509048163,9389,,rD044,1605403490,100.00,,
2.509048163,140672553,,rFF44,1605453313,100.00,,
2.509048163,21777827602,,instructions,1605477216,100.00,3.62,insn per cycle
2.509048163,6020545001,,cycles,1605501858,100.00,,
2.609404491,9913,,rD044,1605635156,100.00,,
2.609404491,141758093,,rFF44,1605650753,100.00,,
2.609404491,21910894287,,instructions,1605662810,100.00,3.64,insn per cycle
2.609404491,6021043847,,cycles,1605661536,100.00,,
2.709764810,9090,,rD044,1605668910,100.00,,
2.709764810,141047607,,rFF44,1605621895,100.00,,
2.709764810,21811045228,,instructions,1605602116,100.00,3.62,insn per cycle
2.709764810,6020877129,,cycles,1605592670,100.00,,
2.810110447,9149,,rD044,1605416505,100.00,,
2.810110447,139481739,,rFF44,1605384900,100.00,,
2.810110447,21618220769,,instructions,1605390799,100.00,3.59,insn per cycle
2.810110447,6020084434,,cycles,1605388539,100.00,,
2.910450675,9172,,rD044,1605455160,100.00,,
2.910450675,139066233,,rFF44,1605481353,100.00,,
2.910450675,21575284616,,instructions,1605468396,100.00,3.58,insn per cycle
2.910450675,6020450417,,cycles,1605468326,100.00,,
3.010814263,108785,,rD044,1604384941,100.00,,
3.010814263,109232743,,rFF44,1604526838,100.00,,
3.010814263,16929459991,,instructions,1604839195,100.00,2.81,insn per cycle
3.010814263,6019076994,,cycles,1605212910,100.00,,
3.111227612,370520,,rD044,1606239049,100.00,,
3.111227612,2208914,,rFF44,1606555254,100.00,,
3.111227612,400322525,,instructions,1606604514,100.00,0.07,insn per cycle
3.111227612,6024564386,,cycles,1606605321,100.00,,
3.211682771,471745,,rD044,1606981114,100.00,,
3.211682771,2664533,,rFF44,1606659034,100.00,,
3.211682771,1331119580,,instructions,1606320434,100.00,0.22,insn per cycle
3.211682771,6022053850,,cycles,1605964352,100.00,,
3.312062730,137847,,rD044,1605965875,100.00,,
3.312062730,103452867,,rFF44,1605974213,100.00,,
3.312062730,16834286326,,instructions,1605964766,100.00,2.80,insn per cycle
3.312062730,6022408421,,cycles,1605983536,100.00,,
3.412434468,8642,,rD044,1605840166,100.00,,
3.412434468,140273888,,rFF44,1605683633,100.00,,
3.412434468,21714689995,,instructions,1605654840,100.00,3.61,insn per cycle
3.412434468,6021155335,,cycles,1605649590,100.00,,
3.512783226,8590,,rD044,1605543310,100.00,,
3.512783226,139980045,,rFF44,1605576082,100.00,,
3.512783226,21677818279,,instructions,1605609096,100.00,3.60,insn per cycle
3.512783226,6020906037,,cycles,1605606106,100.00,,
3.613142394,8999,,rD044,1605645436,100.00,,
3.613142394,139850174,,rFF44,1605689084,100.00,,
3.613142394,21682346181,,instructions,1605649250,100.00,3.60,insn per cycle
3.613142394,6020935528,,cycles,1605629480,100.00,,
3.713493782,8402,,rD044,1605524020,100.00,,
3.713493782,142254479,,rFF44,1605473661,100.00,,
3.713493782,21972372558,,instructions,1605506296,100.00,3.65,insn per cycle
3.713493782,6020408001,,cycles,1605487246,100.00,,
3.813852930,9003,,rD044,1605517845,100.00,,
3.813852930,142796492,,rFF44,1605412354,100.00,,
3.813852930,22044400889,,instructions,1605359279,100.00,3.66,insn per cycle
3.813852930,6019973546,,cycles,1605369179,100.00,,
3.914228018,8698,,rD044,1605886018,100.00,,
3.914228018,142606051,,rFF44,1605923546,100.00,,
3.914228018,22028191745,,instructions,1605945674,100.00,3.66,insn per cycle
3.914228018,6022095516,,cycles,1605961054,100.00,,
4.014568006,8500,,rD044,1605496636,100.00,,
4.014568006,141396585,,rFF44,1605572858,100.00,,
4.014568006,21864377364,,instructions,1605650890,100.00,3.63,insn per cycle
4.014568006,6021278561,,cycles,1605680920,100.00,,
4.114927594,9771,,rD044,1605744640,100.00,,
4.114927594,140337013,,rFF44,1605820499,100.00,,
4.114927594,21742023867,,instructions,1605820676,100.00,3.61,insn per cycle
4.114927594,6021760745,,cycles,1605817616,100.00,,
4.215292232,10088,,rD044,1605762616,100.00,,
4.215292232,140822166,,rFF44,1605671517,100.00,,
4.215292232,21800476112,,instructions,1605604660,100.00,3.62,insn per cycle
4.215292232,6020834302,,cycles,1605569840,100.00,,
4.315639730,26541,,rD044,1605555360,100.00,,
4.315639730,140415000,,rFF44,1605589817,100.00,,
4.315639730,21736532005,,instructions,1605596676,100.00,3.61,insn per cycle
4.315639730,6020908513,,cycles,1605582796,100.00,,
4.415992828,11136,,rD044,1605631116,100.00,,
4.415992828,139137920,,rFF44,1605605179,100.00,,
4.415992828,21585848546,,instructions,1605644190,100.00,3.59,insn per cycle
4.415992828,6021156981,,cycles,1605649560,100.00,,
4.516335816,10641,,rD044,1605468160,100.00,,
4.516335816,140790159,,rFF44,1605462160,100.00,,
4.516335816,21795775082,,instructions,1605421276,100.00,3.62,insn per cycle
4.516335816,6020298829,,cycles,1605429136,100.00,,
4.616694454,11092,,rD044,1605625586,100.00,,
4.616694454,140709695,,rFF44,1605673726,100.00,,
4.616694454,21784085789,,instructions,1605663060,100.00,3.62,insn per cycle
4.616694454,6021028841,,cycles,1605652070,100.00,,
4.717056293,10889,,rD044,1605779060,100.00,,
4.717056293,141996260,,rFF44,1605782326,100.00,,
4.717056293,21920005006,,instructions,1605815676,100.00,3.64,insn per cycle
4.717056293,6021750319,,cycles,1605819126,100.00,,
4.817417081,9729,,rD044,1605647064,100.00,,
4.817417081,140003556,,rFF44,1605605658,100.00,,
4.817417081,21696216924,,instructions,1605596718,100.00,3.60,insn per cycle
4.817417081,6020828262,,cycles,1605584678,100.00,,
4.917761049,9596,,rD044,1605438410,100.00,,
4.917761049,140652488,,rFF44,1605392850,100.00,,
4.917761049,21764371847,,instructions,1605399535,100.00,3.62,insn per cycle
4.917761049,6020256814,,cycles,1605421306,100.00,,
5.018098846,9840,,rD044,1605413862,100.00,,
5.018098846,139221197,,rFF44,1605379986,100.00,,
5.018098846,21599178714,,instructions,1605358511,100.00,3.59,insn per cycle
5.018098846,6019981231,,cycles,1605339740,100.00,,
5.118440374,9826,,rD044,1605512972,100.00,,
5.118440374,141731607,,rFF44,1605645168,100.00,,
5.118440374,21906656508,,instructions,1605670596,100.00,3.64,insn per cycle
5.118440374,6021224703,,cycles,1605679824,100.00,,
5.218809922,8956,,rD044,1605847262,100.00,,
5.218809922,139775796,,rFF44,1605772846,100.00,,
5.218809922,21661852595,,instructions,1605761168,100.00,3.60,insn per cycle
5.218809922,6021609908,,cycles,1605769970,100.00,,
5.319158720,8133,,rD044,1605498984,100.00,,
5.319158720,140240007,,rFF44,1605413800,100.00,,
5.319158720,21701430484,,instructions,1605395801,100.00,3.60,insn per cycle
5.319158720,6020246885,,cycles,1605407446,100.00,,
5.419503978,8171,,rD044,1605525457,100.00,,
5.419503978,140052948,,rFF44,1605635426,100.00,,
5.419503978,21689040138,,instructions,1605633385,100.00,3.60,insn per cycle
5.419503978,6020898389,,cycles,1605587430,100.00,,
5.519847296,8616,,rD044,1605497039,100.00,,
5.519847296,140071098,,rFF44,1605483440,100.00,,
5.519847296,21692340253,,instructions,1605539630,100.00,3.60,insn per cycle
5.519847296,6020785473,,cycles,1605558674,100.00,,
5.620201404,8673,,rD044,1605597975,100.00,,
5.620201404,139686483,,rFF44,1605647076,100.00,,
5.620201404,21664812713,,instructions,1605608786,100.00,3.60,insn per cycle
5.620201404,6020896918,,cycles,1605617082,100.00,,
5.720594343,8463,,rD044,1606245911,100.00,,
5.720594343,140755807,,rFF44,1606254940,100.00,,
5.720594343,21795486589,,instructions,1606323115,100.00,3.62,insn per cycle
5.720594343,6023681786,,cycles,1606329396,100.00,,
5.820959571,338704,,rD044,1604468771,100.00,,
5.820959571,21583012,,rFF44,1604698401,100.00,,
5.820959571,3435247625,,instructions,1604897366,100.00,0.57,insn per cycle
5.820959571,6018429769,,cycles,1605071518,100.00,,
5.921372670,373041,,rD044,1605639099,100.00,,
5.921372670,2303590,,rFF44,1605333922,100.00,,
5.921372670,403343336,,instructions,1605221542,100.00,0.07,insn per cycle
5.921372670,6019015280,,cycles,1605197759,100.00,,
6.021745318,374153,,rD044,1605981143,100.00,,
6.021745318,50872302,,rFF44,1606113740,100.00,,
6.021745318,9525530931,,instructions,1605996151,100.00,1.58,insn per cycle
6.021745318,6021928396,,cycles,1605871026,100.00,,
6.122125086,10878,,rD044,1605782215,100.00,,
6.122125086,139927246,,rFF44,1605736936,100.00,,
6.122125086,21680686408,,instructions,1605720435,100.00,3.60,insn per cycle
6.122125086,6021242224,,cycles,1605704570,100.00,,
6.222490204,9044,,rD044,1605777631,100.00,,
6.222490204,142073561,,rFF44,1605793255,100.00,,
6.222490204,21960612236,,instructions,1605808036,100.00,3.65,insn per cycle
6.222490204,6021669822,,cycles,1605803066,100.00,,
6.322860193,8840,,rD044,1605788506,100.00,,
6.322860193,140329708,,rFF44,1605699111,100.00,,
6.322860193,21741365010,,instructions,1605669820,100.00,3.61,insn per cycle
6.322860193,6021169650,,cycles,1605665110,100.00,,
6.423204950,8489,,rD044,1605479530,100.00,,
6.423204950,140441611,,rFF44,1605471862,100.00,,
6.423204950,21743624171,,instructions,1605449576,100.00,3.61,insn per cycle
6.423204950,6020253601,,cycles,1605419456,100.00,,
6.523543168,8977,,rD044,1605273533,100.00,,
6.523543168,139366400,,rFF44,1605245624,100.00,,
6.523543168,21602197505,,instructions,1605225420,100.00,3.59,insn per cycle
6.523543168,6019970996,,cycles,1605373570,100.00,,
6.623902396,8987,,rD044,1605662453,100.00,,
6.623902396,139425406,,rFF44,1605695380,100.00,,
6.623902396,21617540130,,instructions,1605719443,100.00,3.59,insn per cycle
6.623902396,6020754093,,cycles,1605576796,100.00,,
6.724252484,8747,,rD044,1605528853,100.00,,
6.724252484,139771918,,rFF44,1605529536,100.00,,
6.724252484,21671519574,,instructions,1605525093,100.00,3.60,insn per cycle
6.724252484,6020723052,,cycles,1605558240,100.00,,
6.824604332,8680,,rD044,1605517903,100.00,,
6.824604332,139649291,,rFF44,1605576220,100.00,,
6.824604332,21644808108,,instructions,1605620421,100.00,3.59,insn per cycle
6.824604332,6020941664,,cycles,1605623185,100.00,,
6.924961060,8838,,rD044,1605618119,100.00,,
6.924961060,140263793,,rFF44,1605564953,100.00,,
6.924961060,21734469239,,instructions,1605539442,100.00,3.61,insn per cycle
6.924961060,6020657983,,cycles,1605534928,100.00,,
7.025305468,9471,,rD044,1605413224,100.00,,
7.025305468,141824261,,rFF44,1605358820,100.00,,
7.025305468,21941655093,,instructions,1605334971,100.00,3.64,insn per cycle
7.025305468,6019810017,,cycles,1605304076,100.00,,
7.125644256,10480,,rD044,1605370925,100.00,,
7.125644256,139894525,,rFF44,1605467186,100.00,,
7.125644256,21691889468,,instructions,1605475475,100.00,3.60,insn per cycle
7.125644256,6020508322,,cycles,1605497120,100.00,,
7.225998114,9290,,rD044,1605481378,100.00,,
7.225998114,141100754,,rFF44,1605435797,100.00,,
7.225998114,21847785874,,instructions,1605476417,100.00,3.63,insn per cycle
7.225998114,6020400026,,cycles,1605474512,100.00,,
7.326354282,8606,,rD044,1605568293,100.00,,
7.326354282,143156274,,rFF44,1605505806,100.00,,
7.326354282,22093804549,,instructions,1605472926,100.00,3.67,insn per cycle
7.326354282,6020513279,,cycles,1605489421,100.00,,
7.426703180,8246,,rD044,1605600003,100.00,,
7.426703180,140681436,,rFF44,1605660540,100.00,,
7.426703180,21775913482,,instructions,1605649470,100.00,3.62,insn per cycle
7.426703180,6021079686,,cycles,1605640821,100.00,,
7.527047988,10122,,rD044,1605389930,100.00,,
7.527047988,143392998,,rFF44,1605402106,100.00,,
7.527047988,22137840718,,instructions,1605410356,100.00,3.68,insn per cycle
7.527047988,6020043568,,cycles,1605383165,100.00,,
7.627413426,9032,,rD044,1605622246,100.00,,
7.627413426,140792184,,rFF44,1605586030,100.00,,
7.627413426,21783487625,,instructions,1605619670,100.00,3.62,insn per cycle
7.627413426,6021001785,,cycles,1605678521,100.00,,
7.727763544,8904,,rD044,1605537171,100.00,,
7.727763544,139672888,,rFF44,1605578706,100.00,,
7.727763544,21659314579,,instructions,1605531206,100.00,3.60,insn per cycle
7.727763544,6020329636,,cycles,1605479095,100.00,,
7.828114712,9152,,rD044,1605415153,100.00,,
7.828114712,140168690,,rFF44,1605383198,100.00,,
7.828114712,21711883610,,instructions,1605373068,100.00,3.61,insn per cycle
7.828114712,6019994466,,cycles,1605398343,100.00,,
7.928468530,8884,,rD044,1605562089,100.00,,
7.928468530,141983774,,rFF44,1605576655,100.00,,
7.928468530,21943073575,,instructions,1605604475,100.00,3.64,insn per cycle
7.928468530,6020712234,,cycles,1605583210,100.00,,
8.028819668,9227,,rD044,1605514166,100.00,,
8.028819668,142279853,,rFF44,1605512140,100.00,,
8.028819668,21988175016,,instructions,1605542830,100.00,3.65,insn per cycle
8.028819668,6020759541,,cycles,1605555342,100.00,,
8.129167546,10442,,rD044,1605508099,100.00,,
8.129167546,139286901,,rFF44,1605535151,100.00,,
8.129167546,21607487102,,instructions,1605506015,100.00,3.59,insn per cycle
8.129167546,6020484455,,cycles,1605496563,100.00,,
8.229526384,9035,,rD044,1605532005,100.00,,
8.229526384,140524227,,rFF44,1605486603,100.00,,
8.229526384,21748652329,,instructions,1605467379,100.00,3.61,insn per cycle
8.229526384,6020558676,,cycles,1605506960,100.00,,
8.329877322,8851,,rD044,1605552630,100.00,,
8.329877322,140449601,,rFF44,1605561939,100.00,,
8.329877322,21749253556,,instructions,1605583366,100.00,3.61,insn per cycle
8.329877322,6020699652,,cycles,1605542475,100.00,,
8.430222280,8467,,rD044,1605437195,100.00,,
8.430222280,139711923,,rFF44,1605408986,100.00,,
8.430222280,21650184192,,instructions,1605386489,100.00,3.60,insn per cycle
8.430222280,6019998150,,cycles,1605359999,100.00,,
8.530560678,200369,,rD044,1603950602,100.00,,
8.530560678,73462933,,rFF44,1604137017,100.00,,
8.530560678,11423972335,,instructions,1604409638,100.00,1.90,insn per cycle
8.530560678,6016906703,,cycles,1604648898,100.00,,
8.630958727,374945,,rD044,1606065614,100.00,,
8.630958727,2160644,,rFF44,1606206119,100.00,,
8.630958727,397183024,,instructions,1606196346,100.00,0.07,insn per cycle
8.630958727,6023084301,,cycles,1606232054,100.00,,
8.731387435,495337,,rD044,1606286793,100.00,,
8.731387435,4434128,,rFF44,1606197153,100.00,,
8.731387435,2313395044,,instructions,1605980395,100.00,0.38,insn per cycle
8.731387435,6021330012,,cycles,1605776180,100.00,,
8.831771434,9371,,rD044,1605892650,100.00,,
8.831771434,140594362,,rFF44,1605738685,100.00,,
8.831771434,21778421729,,instructions,1605776286,100.00,3.62,insn per cycle
8.831771434,6021531196,,cycles,1605782913,100.00,,
8.932130502,8916,,rD044,1605656026,100.00,,
8.932130502,140241046,,rFF44,1605636821,100.00,,
8.932130502,21737781391,,instructions,1605589400,100.00,3.61,insn per cycle
8.932130502,6020688242,,cycles,1605544818,100.00,,
9.032475490,8873,,rD044,1605415870,100.00,,
9.032475490,141141076,,rFF44,1605353180,100.00,,
9.032475490,21832765475,,instructions,1605335886,100.00,3.63,insn per cycle
9.032475490,6019872836,,cycles,1605318528,100.00,,
9.132822238,15288,,rD044,1605039255,100.00,,
9.132822238,143065922,,rFF44,1605141605,100.00,,
9.132822238,22080113843,,instructions,1605262099,100.00,3.67,insn per cycle
9.132822238,6019365866,,cycles,1605305622,100.00,,
9.233184086,9102,,rD044,1605707550,100.00,,
9.233184086,141747149,,rFF44,1605650790,100.00,,
9.233184086,21898094709,,instructions,1605545096,100.00,3.64,insn per cycle
9.233184086,6020630568,,cycles,1605522333,100.00,,
9.333529454,8873,,rD044,1605485446,100.00,,
9.333529454,140635259,,rFF44,1605483796,100.00,,
9.333529454,21777688750,,instructions,1605471340,100.00,3.62,insn per cycle
9.333529454,6020561987,,cycles,1605503100,100.00,,
9.433877552,8779,,rD044,1605491740,100.00,,
9.433877552,141004185,,rFF44,1605476892,100.00,,
9.433877552,21821483599,,instructions,1605470806,100.00,3.62,insn per cycle
9.433877552,6020290749,,cycles,1605429636,100.00,,
9.534252740,8781,,rD044,1605890976,100.00,,
9.534252740,141274526,,rFF44,1605886964,100.00,,
9.534252740,21836320169,,instructions,1605876340,100.00,3.63,insn per cycle
9.534252740,6021863448,,cycles,1605886980,100.00,,
9.634598888,8618,,rD044,1605460259,100.00,,
9.634598888,139675749,,rFF44,1605593667,100.00,,
9.634598888,21665369794,,instructions,1605854165,100.00,3.60,insn per cycle
9.634598888,6021945714,,cycles,1605887235,100.00,,
9.734973796,9072,,rD044,1605906194,100.00,,
9.734973796,139647117,,rFF44,1605802596,100.00,,
9.734973796,21658137258,,instructions,1605541788,100.00,3.60,insn per cycle
9.734973796,6020362886,,cycles,1605462521,100.00,,
9.835315584,8632,,rD044,1605350768,100.00,,
9.835315584,139294999,,rFF44,1605364539,100.00,,
9.835315584,21597258977,,instructions,1605400474,100.00,3.59,insn per cycle
9.835315584,6020226685,,cycles,1605443911,100.00,,
9.935665222,8678,,rD044,1605573755,100.00,,
9.935665222,140857728,,rFF44,1605543234,100.00,,
9.935665222,21797262677,,instructions,1605549389,100.00,3.62,insn per cycle
9.935665222,6020691012,,cycles,1605536879,100.00,,
10.036010230,8770,,rD044,1605351070,100.00,,
10.036010230,139228510,,rFF44,1605265380,100.00,,
10.036010230,21582372017,,instructions,1605213274,100.00,3.59,insn per cycle
10.036010230,6019516194,,cycles,1605229926,100.00,,
10.136348538,13572,,rD044,1605365714,100.00,,
10.136348538,141145521,,rFF44,1605453896,100.00,,
10.136348538,21832784257,,instructions,1605513802,100.00,3.63,insn per cycle
10.136348538,6020505664,,cycles,1605502380,100.00,,
10.236699536,9035,,rD044,1605440371,100.00,,
10.236699536,139934920,,rFF44,1605448449,100.00,,
10.236699536,21694735038,,instructions,1605410429,100.00,3.60,insn per cycle
10.236699536,6020210540,,cycles,1605412845,100.00,,
10.337049214,8804,,rD044,1605550111,100.00,,
10.337049214,139213938,,rFF44,1605555636,100.00,,
10.337049214,21592617058,,instructions,1605563306,100.00,3.59,insn per cycle
10.337049214,6020795601,,cycles,1605564940,100.00,,
10.437393422,8273,,rD044,1605421144,100.00,,
10.437393422,139154031,,rFF44,1605358779,100.00,,
10.437393422,21577700311,,instructions,1605362619,100.00,3.58,insn per cycle
10.437393422,6020107105,,cycles,1605381185,100.00,,
10.537734750,9283,,rD044,1605309493,100.00,,
10.537734750,138676040,,rFF44,1605356636,100.00,,
10.537734750,21514437600,,instructions,1605321606,100.00,3.57,insn per cycle
10.537734750,6019537118,,cycles,1605267800,100.00,,
10.638074228,8589,,rD044,1605380793,100.00,,
10.638074228,139647896,,rFF44,1605343220,100.00,,
10.638074228,21658938054,,instructions,1605324380,100.00,3.60,insn per cycle
10.638074228,6019920859,,cycles,1605337952,100.00,,
10.738415475,8749,,rD044,1605370979,100.00,,
10.738415475,141916419,,rFF44,1605376249,100.00,,
10.738415475,21921643192,,instructions,1605382745,100.00,3.64,insn per cycle
10.738415475,6020125118,,cycles,1605400263,100.00,,
10.838758513,8913,,rD044,1605407896,100.00,,
10.838758513,141650172,,rFF44,1605439406,100.00,,
10.838758513,21896920655,,instructions,1605490770,100.00,3.64,insn per cycle
10.838758513,6020603930,,cycles,1605535080,100.00,,
10.939108901,8485,,rD044,1605472120,100.00,,
10.939108901,139258677,,rFF44,1605487422,100.00,,
10.939108901,21582520903,,instructions,1605520206,100.00,3.58,insn per cycle
10.939108901,6020424904,,cycles,1605476866,100.00,,
11.039456679,8786,,rD044,1605520016,100.00,,
11.039456679,140199033,,rFF44,1605465304,100.00,,
11.039456679,21728062154,,instructions,1605414790,100.00,3.61,insn per cycle
11.039456679,6020102655,,cycles,1605382210,100.00,,
11.139801667,9367,,rD044,1605262499,100.00,,
11.139801667,141541095,,rFF44,1605271379,100.00,,
11.139801667,21890485933,,instructions,1605278979,100.00,3.64,insn per cycle
11.139801667,6019776574,,cycles,1605311835,100.00,,
11.240150765,68149,,rD044,1603490138,100.00,,
11.240150765,125474667,,rFF44,1603699742,100.00,,
11.240150765,19438688252,,instructions,1603973302,100.00,3.23,insn per cycle
11.240150765,6015445307,,cycles,1604260890,100.00,,
11.340585164,381896,,rD044,1606747790,100.00,,
11.340585164,2179018,,rFF44,1606935274,100.00,,
11.340585164,399248878,,instructions,1606920814,100.00,0.07,insn per cycle
11.340585164,6025741159,,cycles,1606929513,100.00,,
11.441010993,455868,,rD044,1606152017,100.00,,
11.441010993,2580320,,rFF44,1605707287,100.00,,
11.441010993,1014503098,,instructions,1605490295,100.00,0.17,insn per cycle
11.441010993,6019248404,,cycles,1605223972,100.00,,
11.541365561,223516,,rD044,1604554530,100.00,,
11.541365561,83217983,,rFF44,1604766352,100.00,,
11.541365561,14093052177,,instructions,1604763574,100.00,2.34,insn per cycle
11.541365561,6017782427,,cycles,1604783054,100.00,,
11.641744349,10166,,rD044,1605808674,100.00,,
11.641744349,142259589,,rFF44,1605743346,100.00,,
11.641744349,21978849567,,instructions,1605719266,100.00,3.65,insn per cycle
11.641744349,6021025125,,cycles,1605681586,100.00,,
11.742100057,23140,,rD044,1605511222,100.00,,
11.742100057,141614027,,rFF44,1605456830,100.00,,
11.742100057,21894183726,,instructions,1605487580,100.00,3.64,insn per cycle
11.742100057,6020353620,,cycles,1605477282,100.00,,
11.842451345,9765,,rD044,1605497202,100.00,,
11.842451345,141777300,,rFF44,1605536756,100.00,,
11.842451345,21937827146,,instructions,1605478966,100.00,3.64,insn per cycle
11.842451345,6020418097,,cycles,1605511064,100.00,,
11.942821584,8988,,rD044,1605732993,100.00,,
11.942821584,141653803,,rFF44,1605694269,100.00,,
11.942821584,21919398260,,instructions,1605742949,100.00,3.64,insn per cycle
11.942821584,6021394532,,cycles,1605760025,100.00,,
12.043173672,8830,,rD044,1605570124,100.00,,
12.043173672,142695463,,rFF44,1605558166,100.00,,
12.043173672,22049943824,,instructions,1605522306,100.00,3.66,insn per cycle
12.043173672,6020460661,,cycles,1605478860,100.00,,
12.143526080,8799,,rD044,1605388120,100.00,,
12.143526080,139562560,,rFF44,1605363988,100.00,,
12.143526080,21658945575,,instructions,1605337018,100.00,3.60,insn per cycle
12.143526080,6019945018,,cycles,1605362838,100.00,,
12.243872398,9225,,rD044,1605538472,100.00,,
12.243872398,141160929,,rFF44,1605594126,100.00,,
12.243872398,21849571631,,instructions,1605629106,100.00,3.63,insn per cycle
12.243872398,6020867091,,cycles,1605585506,100.00,,
12.344223556,8606,,rD044,1605548413,100.00,,
12.344223556,141941300,,rFF44,1605565059,100.00,,
12.344223556,21937481551,,instructions,1605556139,100.00,3.64,insn per cycle
12.344223556,6020765708,,cycles,1605560057,100.00,,
12.444576173,9377,,rD044,1605532850,100.00,,
12.444576173,141009073,,rFF44,1605395282,100.00,,
12.444576173,21828353222,,instructions,1605450076,100.00,3.63,insn per cycle
12.444576173,6020505300,,cycles,1605487168,100.00,,
12.544922042,9936,,rD044,1605361153,100.00,,
12.544922042,138666394,,rFF44,1605367321,100.00,,
12.544922042,21521929943,,instructions,1605301017,100.00,3.58,insn per cycle
12.544922042,6019672813,,cycles,1605298617,100.00,,
12.645263669,8965,,rD044,1605444570,100.00,,
12.645263669,139573209,,rFF44,1605557816,100.00,,
12.645263669,21635795552,,instructions,1605587976,100.00,3.59,insn per cycle
12.645263669,6020750705,,cycles,1605566206,100.00,,
12.745615797,8447,,rD044,1605596926,100.00,,
12.745615797,140029151,,rFF44,1605805630,100.00,,
12.745615797,21709368044,,instructions,1605789260,100.00,3.61,insn per cycle
12.745615797,6021591550,,cycles,1605792290,100.00,,
12.845980065,9138,,rD044,1605659480,100.00,,
12.845980065,141344119,,rFF44,1605414547,100.00,,
12.845980065,21862560208,,instructions,1605414596,100.00,3.63,insn per cycle
12.845980065,6020083046,,cycles,1605399146,100.00,,
12.946330914,8689,,rD044,1605531876,100.00,,
12.946330914,141479820,,rFF44,1605487089,100.00,,
12.946330914,21885106974,,instructions,1605460240,100.00,3.64,insn per cycle
12.946330914,6020336725,,cycles,1605446900,100.00,,
13.046670401,9915,,rD044,1605413420,100.00,,
13.046670401,139220459,,rFF44,1605447110,100.00,,
13.046670401,21594285963,,instructions,1605498396,100.00,3.59,insn per cycle
13.046670401,6020696856,,cycles,1605544566,100.00,,
13.147053780,9533,,rD044,1605986665,100.00,,
13.147053780,140502467,,rFF44,1606019975,100.00,,
13.147053780,21755196128,,instructions,1606008929,100.00,3.61,insn per cycle
13.147053780,6022395185,,cycles,1606007369,100.00,,
13.247410828,10294,,rD044,1605589260,100.00,,
13.247410828,141197344,,rFF44,1605625623,100.00,,
13.247410828,21840450613,,instructions,1605639626,100.00,3.63,insn per cycle
13.247410828,6020952684,,cycles,1605610676,100.00,,
13.347770006,10184,,rD044,1605634525,100.00,,
13.347770006,141574161,,rFF44,1605568462,100.00,,
13.347770006,21903656349,,instructions,1605529309,100.00,3.64,insn per cycle
13.347770006,6020693363,,cycles,1605540839,100.00,,
13.448122054,9063,,rD044,1605477709,100.00,,
13.448122054,143164002,,rFF44,1605395995,100.00,,
13.448122054,22081789031,,instructions,1605379825,100.00,3.67,insn per cycle
13.448122054,6020031387,,cycles,1605368425,100.00,,
13.548455722,11001,,rD044,1605291966,100.00,,
13.548455722,141228461,,rFF44,1605407050,100.00,,
13.548455722,21867881691,,instructions,1605426800,100.00,3.63,insn per cycle
13.548455722,6020154325,,cycles,1605428390,100.00,,
13.648824850,7977,,rD044,1605791320,100.00,,
13.648824850,142472208,,rFF44,1605763366,100.00,,
13.648824850,22013232724,,instructions,1605770286,100.00,3.66,insn per cycle
13.648824850,6021646391,,cycles,1605803936,100.00,,
13.749178338,7663,,rD044,1605633846,100.00,,
13.749178338,139902056,,rFF44,1605676780,100.00,,
13.749178338,21684193252,,instructions,1605694600,100.00,3.60,insn per cycle
13.749178338,6021107428,,cycles,1605653780,100.00,,
13.849532616,8291,,rD044,1605537210,100.00,,
13.849532616,139886438,,rFF44,1605510506,100.00,,
13.849532616,21695906029,,instructions,1605507046,100.00,3.60,insn per cycle
13.849532616,6021017933,,cycles,1605639936,100.00,,
13.949894655,8720,,rD044,1605708335,100.00,,
13.949894655,140684293,,rFF44,1605709369,100.00,,
13.949894655,21779665499,,instructions,1605674029,100.00,3.62,insn per cycle
13.949894655,6020652784,,cycles,1605539659,100.00,,
14.050244178,300182,,rD044,1604152778,100.00,,
14.050244178,32542393,,rFF44,1604451813,100.00,,
14.050244178,5123719206,,instructions,1604791064,100.00,0.85,insn per cycle
14.050244178,6018787320,,cycles,1605149404,100.00,,
14.150683352,371385,,rD044,1606557772,100.00,,
14.150683352,2270368,,rFF44,1606566320,100.00,,
14.150683352,399801416,,instructions,1606477392,100.00,0.07,insn per cycle
14.150683352,6023600789,,cycles,1606371492,100.00,,
14.251121615,407747,,rD044,1606486225,100.00,,
14.251121615,41058367,,rFF44,1606323722,100.00,,
14.251121615,8008981506,,instructions,1606146713,100.00,1.33,insn per cycle
14.251121615,6021912572,,cycles,1605924805,100.00,,
14.351505889,9960,,rD044,1606002196,100.00,,
14.351505889,140971939,,rFF44,1605896816,100.00,,
14.351505889,21815796616,,instructions,1605799482,100.00,3.62,insn per cycle
14.351505889,6021605658,,cycles,1605782620,100.00,,
14.451872671,8394,,rD044,1605745200,100.00,,
14.451872671,141922891,,rFF44,1605708235,100.00,,
14.451872671,21955977411,,instructions,1605752966,100.00,3.65,insn per cycle
14.451872671,6021503911,,cycles,1605767946,100.00,,
14.552217914,7973,,rD044,1605438505,100.00,,
14.552217914,140175095,,rFF44,1605459910,100.00,,
14.552217914,21709269471,,instructions,1605450959,100.00,3.61,insn per cycle
14.552217914,6020270489,,cycles,1605440279,100.00,,
14.652565937,7757,,rD044,1605403029,100.00,,
14.652565937,141854088,,rFF44,1605381049,100.00,,
14.652565937,21939187778,,instructions,1605468263,100.00,3.64,insn per cycle
14.652565937,6020456510,,cycles,1605508805,100.00,,
14.752918039,8237,,rD044,1605572134,100.00,,
14.752918039,142206661,,rFF44,1605543146,100.00,,
14.752918039,21984659147,,instructions,1605451132,100.00,3.65,insn per cycle
14.752918039,6020176320,,cycles,1605403940,100.00,,
14.853266322,8061,,rD044,1605486061,100.00,,
14.853266322,141328614,,rFF44,1605484319,100.00,,
14.853266322,21873763606,,instructions,1605497449,100.00,3.63,insn per cycle
14.853266322,6020378012,,cycles,1605478215,100.00,,
14.953642075,7926,,rD044,1606006766,100.00,,
14.953642075,139858778,,rFF44,1606115726,100.00,,
14.953642075,21686145926,,instructions,1606101016,100.00,3.60,insn per cycle
14.953642075,6022894412,,cycles,1606129730,100.00,,
15.053998238,8111,,rD044,1605555700,100.00,,
15.053998238,141862161,,rFF44,1605480001,100.00,,
15.053998238,21939253584,,instructions,1605493576,100.00,3.64,insn per cycle
15.053998238,6020575496,,cycles,1605506236,100.00,,
15.154346990,7807,,rD044,1605384934,100.00,,
15.154346990,142161878,,rFF44,1605382604,100.00,,
15.154346990,21972281323,,instructions,1605384739,100.00,3.65,insn per cycle
15.154346990,6020063703,,cycles,1605389599,100.00,,
15.254700683,8347,,rD044,1605596071,100.00,,
15.254700683,141183959,,rFF44,1605585480,100.00,,
15.254700683,21836203186,,instructions,1605572334,100.00,3.63,insn per cycle
15.254700683,6020827022,,cycles,1605575356,100.00,,
15.355051396,7983,,rD044,1605509543,100.00,,
15.355051396,141659704,,rFF44,1605435406,100.00,,
15.355051396,21904826890,,instructions,1605424982,100.00,3.64,insn per cycle
15.355051396,6020130629,,cycles,1605390000,100.00,,
15.455391218,8227,,rD044,1605394773,100.00,,
15.455391218,140593618,,rFF44,1605454320,100.00,,
15.455391218,21790916720,,instructions,1605474205,100.00,3.62,insn per cycle
15.455391218,6020466608,,cycles,1605481406,100.00,,
15.555740311,7748,,rD044,1605423167,100.00,,
15.555740311,141890021,,rFF44,1605374616,100.00,,
15.555740311,21944135229,,instructions,1605359911,100.00,3.65,insn per cycle
15.555740311,6019888317,,cycles,1605357110,100.00,,
15.656080144,10287,,rD044,1605354247,100.00,,
15.656080144,142300798,,rFF44,1605487488,100.00,,
15.656080144,21994497377,,instructions,1605517098,100.00,3.65,insn per cycle
15.656080144,6020353772,,cycles,1605484303,100.00,,
15.756426706,8917,,rD044,1605442012,100.00,,
15.756426706,142050199,,rFF44,1605441445,100.00,,
15.756426706,21968540982,,instructions,1605442295,100.00,3.65,insn per cycle
15.756426706,6020308690,,cycles,1605470680,100.00,,
15.856778519,8885,,rD044,1605365863,100.00,,
15.856778519,140008915,,rFF44,1605308850,100.00,,
15.856778519,21713231197,,instructions,1605293620,100.00,3.61,insn per cycle
15.856778519,6019527564,,cycles,1605295928,100.00,,
15.957130372,8163,,rD044,1605566030,100.00,,
15.957130372,142881111,,rFF44,1605599336,100.00,,
15.957130372,22078850152,,instructions,1605602086,100.00,3.67,insn per cycle
15.957130372,6020827150,,cycles,1605584018,100.00,,
16.057480014,7924,,rD044,1605504856,100.00,,
16.057480014,141723486,,rFF44,1605453280,100.00,,
16.057480014,21919622428,,instructions,1605424110,100.00,3.64,insn per cycle
16.057480014,6020331375,,cycles,1605444282,100.00,,
16.157840887,7959,,rD044,1605656629,100.00,,
16.157840887,141024668,,rFF44,1605688594,100.00,,
16.157840887,21827836002,,instructions,1605745555,100.00,3.63,insn per cycle
16.157840887,6021430056,,cycles,1605754053,100.00,,
16.258188630,8081,,rD044,1605375446,100.00,,
16.258188630,141167758,,rFF44,1605346451,100.00,,
16.258188630,21848687308,,instructions,1605298260,100.00,3.63,insn per cycle
16.258188630,6019646326,,cycles,1605261250,100.00,,
16.358529572,7761,,rD044,1605433760,100.00,,
16.358529572,141203630,,rFF44,1605466918,100.00,,
16.358529572,21860824742,,instructions,1605473336,100.00,3.63,insn per cycle
16.358529572,6020973783,,cycles,1605613616,100.00,,
16.458890155,8269,,rD044,1605719775,100.00,,
16.458890155,139655836,,rFF44,1605798547,100.00,,
16.458890155,21658001377,,instructions,1605802469,100.00,3.60,insn per cycle
16.458890155,6021150826,,cycles,1605668699,100.00,,
16.559246638,8478,,rD044,1605524509,100.00,,
16.559246638,141596563,,rFF44,1605414528,100.00,,
16.559246638,21903360903,,instructions,1605441155,100.00,3.64,insn per cycle
16.559246638,6020304532,,cycles,1605470095,100.00,,
16.659601741,7725,,rD044,1605588846,100.00,,
16.659601741,141005582,,rFF44,1605599327,100.00,,
16.659601741,21831225699,,instructions,1605630240,100.00,3.63,insn per cycle
16.659601741,6020990378,,cycles,1605628530,100.00,,
16.726640217,202865,,rD044,995661730,100.00,,
16.726640217,67791533,,rFF44,994818810,100.00,,
16.726640217,10982458576,,instructions,994132410,100.00,2.95,insn per cycle
16.726640217,3725236975,,cycles,993511010,100.00,,
