0.100124943,26970,,rD044,1420175042,100.00,,
0.100124943,95050044,,rFF44,1422320469,100.00,,
0.100124943,1103997371,,instructions,1424063293,100.00,0.21,insn per cycle
0.100124943,5342016135,,cycles,1425841937,100.00,,
0.200900144,6186,,rD044,1611427907,100.00,,
0.200900144,127621773,,rFF44,1610085070,100.00,,
0.200900144,12931796825,,instructions,1609042696,100.00,2.14,insn per cycle
0.200900144,6029841297,,cycles,1607972915,100.00,,
0.301286230,1836,,rD044,1606151591,100.00,,
0.301286230,142478470,,rFF44,1606210126,100.00,,
0.301286230,22020653223,,instructions,1606226156,100.00,3.66,insn per cycle
0.301286230,6023218533,,cycles,1606211283,100.00,,
0.401685717,278002,,rD044,1604167211,100.00,,
0.401685717,64351332,,rFF44,1604090123,100.00,,
0.401685717,10054711341,,instructions,1604045842,100.00,1.67,insn per cycle
0.401685717,6014483907,,cycles,1604011192,100.00,,
0.502059883,41579,,rD044,1606004916,100.00,,
0.502059883,126196819,,rFF44,1606053119,100.00,,
0.502059883,19736225628,,instructions,1606098030,100.00,3.28,insn per cycle
0.502059883,6023199026,,cycles,1606194861,100.00,,
0.602452979,1742,,rD044,1606289070,100.00,,
0.602452979,143584828,,rFF44,1606382016,100.00,,
0.602452979,22172754579,,instructions,1606548796,100.00,3.68,insn per cycle
0.602452979,6024424353,,cycles,1606530045,100.00,,
0.702856126,1556,,rD044,1606429746,100.00,,
0.702856126,143494513,,rFF44,1606302388,100.00,,
0.702856126,22160423776,,instructions,1606116386,100.00,3.68,insn per cycle
0.702856126,6022744875,,cycles,1606072806,100.00,,
0.803241132,1464,,rD044,1606168736,100.00,,
0.803241132,143448713,,rFF44,1606250878,100.00,,
0.803241132,22149551915,,instructions,1606282480,100.00,3.68,insn per cycle
0.803241132,6023545034,,cycles,1606290406,100.00,,
0.903634399,1813,,rD044,1606268203,100.00,,
0.903634399,142840064,,rFF44,1606224766,100.00,,
0.903634399,22081878310,,instructions,1606204226,100.00,3.67,insn per cycle
0.903634399,6023285283,,cycles,1606216630,100.00,,
1.004022685,1722,,rD044,1606188363,100.00,,
1.004022685,140417586,,rFF44,1606163726,100.00,,
1.004022685,21762780777,,instructions,1606117166,100.00,3.61,insn per cycle
1.004022685,6022828341,,cycles,1606095626,100.00,,
1.104400821,4168,,rD044,1605968015,100.00,,
1.104400821,141398637,,rFF44,1605949719,100.00,,
1.104400821,21895810800,,instructions,1606001169,100.00,3.64,insn per cycle
1.104400821,6023335052,,cycles,1606254123,100.00,,
1.204793448,1469,,rD044,1606260849,100.00,,
1.204793448,141653546,,rFF44,1606268466,100.00,,
1.204793448,21927941610,,instructions,1606223206,100.00,3.64,insn per cycle
1.204793448,6022277318,,cycles,1605965072,100.00,,
1.305171834,1537,,rD044,1605983857,100.00,,
1.305171834,140502664,,rFF44,1605977030,100.00,,
1.305171834,21787149224,,instructions,1605935223,100.00,3.62,insn per cycle
1.305171834,6022011944,,cycles,1605901436,100.00,,
1.405539980,1501,,rD044,1605934136,100.00,,
1.405539980,142919049,,rFF44,1605929586,100.00,,
1.405539980,22085751370,,instructions,1605950443,100.00,3.67,insn per cycle
1.405539980,6022208679,,cycles,1605960540,100.00,,
1.505928376,1387,,rD044,1606040180,100.00,,
1.505928376,141864304,,rFF44,1606090136,100.00,,
1.505928376,21955862181,,instructions,1606142576,100.00,3.65,insn per cycle
1.505928376,6023019765,,cycles,1606145616,100.00,,
1.606312173,1526,,rD044,1606147706,100.00,,
1.606312173,142602296,,rFF44,1606137530,100.00,,
1.606312173,22047739673,,instructions,1606115084,100.00,3.66,insn per cycle
1.606312173,6023056546,,cycles,1606157156,100.00,,
1.706709019,1409,,rD044,1606311226,100.00,,
1.706709019,141354350,,rFF44,1606295586,100.00,,
1.706709019,21886021260,,instructions,1606313842,100.00,3.63,insn per cycle
1.706709019,6023648042,,cycles,1606313120,100.00,,
1.807093015,1493,,rD044,1606156630,100.00,,
1.807093015,140937378,,rFF44,1606154334,100.00,,
1.807093015,21843911486,,instructions,1606128846,100.00,3.63,insn per cycle
1.807093015,6022921009,,cycles,1606124786,100.00,,
1.907481902,1504,,rD044,1606225756,100.00,,
1.907481902,141505118,,rFF44,1606478032,100.00,,
1.907481902,21912349848,,instructions,1606506890,100.00,3.64,insn per cycle
1.907481902,6024365276,,cycles,1606504646,100.00,,
2.007909799,1412,,rD044,1606584852,100.00,,
2.007909799,142949628,,rFF44,1606345032,100.00,,
2.007909799,22086541210,,instructions,1606324092,100.00,3.67,insn per cycle
2.007909799,6023352286,,cycles,1606289693,100.00,,
2.108290205,1824,,rD044,1606072325,100.00,,
2.108290205,142143372,,rFF44,1606068116,100.00,,
2.108290205,21984324857,,instructions,1606085686,100.00,3.65,insn per cycle
2.108290205,6022864050,,cycles,1606104889,100.00,,
2.208687441,1446,,rD044,1606339861,100.00,,
2.208687441,141798815,,rFF44,1606333130,100.00,,
2.208687441,21944821189,,instructions,1606313356,100.00,3.64,insn per cycle
2.208687441,6023654459,,cycles,1606324956,100.00,,
2.309074518,1579,,rD044,1606146346,100.00,,
2.309074518,142927017,,rFF44,1606140946,100.00,,
2.309074518,22087881257,,instructions,1606129000,100.00,3.67,insn per cycle
2.309074518,6022929683,,cycles,1606133145,100.00,,
2.409455674,1493,,rD044,1606088284,100.00,,
2.409455674,141324174,,rFF44,1606187896,100.00,,
2.409455674,21879989791,,instructions,1606305666,100.00,3.63,insn per cycle
2.409455674,6023649119,,cycles,1606314711,100.00,,
2.509851570,1389,,rD044,1606321682,100.00,,
2.509851570,142679059,,rFF44,1606248520,100.00,,
2.509851570,22051832025,,instructions,1606158685,100.00,3.66,insn per cycle
2.509851570,6022936522,,cycles,1606123096,100.00,,
2.610235967,1522,,rD044,1606128276,100.00,,
2.610235967,140895605,,rFF44,1606113286,100.00,,
2.610235967,21836679184,,instructions,1606092311,100.00,3.63,insn per cycle
2.610235967,6022719569,,cycles,1606070410,100.00,,
2.710612733,1399,,rD044,1606012490,100.00,,
2.710612733,142279342,,rFF44,1605977286,100.00,,
2.710612733,22012583292,,instructions,1605976806,100.00,3.65,insn per cycle
2.710612733,6022663432,,cycles,1606051356,100.00,,
2.810993549,1435,,rD044,1606086246,100.00,,
2.810993549,142766902,,rFF44,1606124930,100.00,,
2.810993549,22066769407,,instructions,1606108652,100.00,3.66,insn per cycle
2.810993549,6022603830,,cycles,1606035456,100.00,,
2.911379166,136790,,rD044,1604161930,100.00,,
2.911379166,105613315,,rFF44,1604118330,100.00,,
2.911379166,16268886765,,instructions,1604118798,100.00,2.70,insn per cycle
2.911379166,6015415206,,cycles,1604193864,100.00,,
3.011763502,198675,,rD044,1605433777,100.00,,
3.011763502,77320031,,rFF44,1605485677,100.00,,
3.011763502,12441407658,,instructions,1605516173,100.00,2.07,insn per cycle
3.011763502,6020333654,,cycles,1605487793,100.00,,
3.112149468,1835,,rD044,1606096506,100.00,,
3.112149468,141387129,,rFF44,1606099376,100.00,,
3.112149468,21892618528,,instructions,1606135490,100.00,3.63,insn per cycle
3.112149468,6022771366,,cycles,1606111206,100.00,,
3.212534134,1431,,rD044,1606197323,100.00,,
3.212534134,143326967,,rFF44,1606232406,100.00,,
3.212534134,22131967997,,instructions,1606237006,100.00,3.67,insn per cycle
3.212534134,6023463751,,cycles,1606270550,100.00,,
3.312929851,1742,,rD044,1606127413,100.00,,
3.312929851,141436205,,rFF44,1606093919,100.00,,
3.312929851,21884118569,,instructions,1606088866,100.00,3.63,insn per cycle
3.312929851,6022686365,,cycles,1606088796,100.00,,
3.413322177,1538,,rD044,1606257296,100.00,,
3.413322177,143007978,,rFF44,1606243057,100.00,,
3.413322177,22096832010,,instructions,1606209370,100.00,3.67,insn per cycle
3.413322177,6023201801,,cycles,1606194286,100.00,,
3.513718284,1408,,rD044,1606289275,100.00,,
3.513718284,143219332,,rFF44,1606281196,100.00,,
3.513718284,22120969356,,instructions,1606285726,100.00,3.67,insn per cycle
3.513718284,6023506959,,cycles,1606282880,100.00,,
3.614101220,1443,,rD044,1606143191,100.00,,
3.614101220,142816683,,rFF44,1606166099,100.00,,
3.614101220,22058678912,,instructions,1606163576,100.00,3.66,insn per cycle
3.614101220,6023006035,,cycles,1606142586,100.00,,
3.714485986,1290,,rD044,1606108406,100.00,,
3.714485986,142401039,,rFF44,1606601427,100.00,,
3.714485986,22024984802,,instructions,1606577438,100.00,3.66,insn per cycle
3.714485986,6024586949,,cycles,1606576196,100.00,,
3.814900113,1412,,rD044,1606613436,100.00,,
3.814900113,142477051,,rFF44,1606111096,100.00,,
3.814900113,22015824785,,instructions,1606132578,100.00,3.66,insn per cycle
3.814900113,6023031549,,cycles,1606150980,100.00,,
3.915296460,1511,,rD044,1606307710,100.00,,
3.915296460,139008823,,rFF44,1606290336,100.00,,
3.915296460,21593615017,,instructions,1606259206,100.00,3.58,insn per cycle
3.915296460,6023323948,,cycles,1606226666,100.00,,
4.015687046,1490,,rD044,1606256176,100.00,,
4.015687046,141319432,,rFF44,1606275800,100.00,,
4.015687046,21888343525,,instructions,1606286298,100.00,3.63,insn per cycle
4.015687046,6023557426,,cycles,1606290146,100.00,,
4.116069062,1845,,rD044,1606110976,100.00,,
4.116069062,142266741,,rFF44,1606105536,100.00,,
4.116069062,21993525483,,instructions,1606090688,100.00,3.65,insn per cycle
4.116069062,6022795101,,cycles,1606086860,100.00,,
4.216447429,1480,,rD044,1605953750,100.00,,
4.216447429,142587811,,rFF44,1606018931,100.00,,
4.216447429,22037298793,,instructions,1606226876,100.00,3.66,insn per cycle
4.216447429,6023302250,,cycles,1606255446,100.00,,
4.316824745,1634,,rD044,1605923156,100.00,,
4.316824745,140356944,,rFF44,1605839935,100.00,,
4.316824745,21767581350,,instructions,1605629360,100.00,3.62,insn per cycle
4.316824745,6020974196,,cycles,1605624970,100.00,,
4.417201611,1429,,rD044,1606056128,100.00,,
4.417201611,143294985,,rFF44,1606103196,100.00,,
4.417201611,22130881706,,instructions,1606152066,100.00,3.67,insn per cycle
4.417201611,6022875097,,cycles,1606114846,100.00,,
4.517583287,1482,,rD044,1606067877,100.00,,
4.517583287,143301879,,rFF44,1606053419,100.00,,
4.517583287,22132884170,,instructions,1606070974,100.00,3.67,insn per cycle
4.517583287,6022838464,,cycles,1606103895,100.00,,
4.617969124,1458,,rD044,1606174516,100.00,,
4.617969124,143282401,,rFF44,1606196006,100.00,,
4.617969124,22136945995,,instructions,1606187791,100.00,3.68,insn per cycle
4.617969124,6023289485,,cycles,1606218734,100.00,,
4.718363680,1365,,rD044,1606244725,100.00,,
4.718363680,142885811,,rFF44,1606168286,100.00,,
4.718363680,22086713051,,instructions,1606126026,100.00,3.67,insn per cycle
4.718363680,6022864181,,cycles,1606124872,100.00,,
4.818751626,1414,,rD044,1606191141,100.00,,
4.818751626,142412942,,rFF44,1606255950,100.00,,
4.818751626,22028776505,,instructions,1606306374,100.00,3.66,insn per cycle
4.818751626,6023708504,,cycles,1606330156,100.00,,
4.919127653,1403,,rD044,1605988706,100.00,,
4.919127653,142950430,,rFF44,1605938606,100.00,,
4.919127653,22086282471,,instructions,1605869542,100.00,3.67,insn per cycle
4.919127653,6021787812,,cycles,1605817870,100.00,,
5.019501709,1461,,rD044,1606035430,100.00,,
5.019501709,142006351,,rFF44,1606180935,100.00,,
5.019501709,21959431653,,instructions,1606240046,100.00,3.65,insn per cycle
5.019501709,6023387231,,cycles,1606243956,100.00,,
5.119896835,1811,,rD044,1606177996,100.00,,
5.119896835,141733956,,rFF44,1606030091,100.00,,
5.119896835,21936938889,,instructions,1605987212,100.00,3.64,insn per cycle
5.119896835,6022279437,,cycles,1605977766,100.00,,
5.220266231,1686,,rD044,1605846160,100.00,,
5.220266231,143031385,,rFF44,1605856815,100.00,,
5.220266231,22099292330,,instructions,1605856403,100.00,3.67,insn per cycle
5.220266231,6021728716,,cycles,1605840929,100.00,,
5.320623927,1573,,rD044,1605572454,100.00,,
5.320623927,142504070,,rFF44,1605584359,100.00,,
5.320623927,22037989808,,instructions,1605615528,100.00,3.66,insn per cycle
5.320623927,6021056993,,cycles,1605650295,100.00,,
5.420996054,1630,,rD044,1605885266,100.00,,
5.420996054,143380043,,rFF44,1605917626,100.00,,
5.420996054,22138753551,,instructions,1605924257,100.00,3.68,insn per cycle
5.420996054,6021987263,,cycles,1605901510,100.00,,
5.521379520,326039,,rD044,1603977900,100.00,,
5.521379520,41181790,,rFF44,1603973281,100.00,,
5.521379520,6909272831,,instructions,1603949656,100.00,1.15,insn per cycle
5.521379520,6015165768,,cycles,1604181966,100.00,,
5.621795517,1648,,rD044,1606624126,100.00,,
5.621795517,141568781,,rFF44,1606629875,100.00,,
5.621795517,21924524827,,instructions,1606676932,100.00,3.64,insn per cycle
5.621795517,6024173094,,cycles,1606463986,100.00,,
5.722226583,1435,,rD044,1606833236,100.00,,
5.722226583,142751207,,rFF44,1606820736,100.00,,
5.722226583,22077631335,,instructions,1606782254,100.00,3.66,insn per cycle
5.722226583,6025413311,,cycles,1606801036,100.00,,
5.822610970,1442,,rD044,1606109102,100.00,,
5.822610970,142217309,,rFF44,1606061546,100.00,,
5.822610970,21994915380,,instructions,1606067286,100.00,3.65,insn per cycle
5.822610970,6022794851,,cycles,1606086870,100.00,,
5.922992846,1439,,rD044,1606119774,100.00,,
5.922992846,141156887,,rFF44,1606164194,100.00,,
5.922992846,21861085671,,instructions,1606169426,100.00,3.63,insn per cycle
5.922992846,6022855914,,cycles,1606103056,100.00,,
6.023372862,1468,,rD044,1606080846,100.00,,
6.023372862,142080445,,rFF44,1606062432,100.00,,
6.023372862,21987144222,,instructions,1606035090,100.00,3.65,insn per cycle
6.023372862,6023100287,,cycles,1606167597,100.00,,
6.123766359,1764,,rD044,1606194478,100.00,,
6.123766359,143151200,,rFF44,1606202836,100.00,,
6.123766359,22119235224,,instructions,1606237186,100.00,3.67,insn per cycle
6.123766359,6022851841,,cycles,1606129949,100.00,,
6.224155155,1510,,rD044,1606237648,100.00,,
6.224155155,141099184,,rFF44,1606225961,100.00,,
6.224155155,21864018443,,instructions,1606193606,100.00,3.63,insn per cycle
6.224155155,6023021056,,cycles,1606146746,100.00,,
6.324512931,1454,,rD044,1605672946,100.00,,
6.324512931,142304322,,rFF44,1605729565,100.00,,
6.324512931,22008991702,,instructions,1605748440,100.00,3.65,insn per cycle
6.324512931,6021634361,,cycles,1605794670,100.00,,
6.424899068,1438,,rD044,1606121490,100.00,,
6.424899068,141097553,,rFF44,1606099553,100.00,,
6.424899068,21855418384,,instructions,1606120576,100.00,3.63,insn per cycle
6.424899068,6022934120,,cycles,1606123106,100.00,,
6.525287914,1495,,rD044,1606207276,100.00,,
6.525287914,143170023,,rFF44,1606188993,100.00,,
6.525287914,22121504217,,instructions,1606165843,100.00,3.67,insn per cycle
6.525287914,6023050369,,cycles,1606160706,100.00,,
6.625702611,1248,,rD044,1606605926,100.00,,
6.625702611,143302670,,rFF44,1606614336,100.00,,
6.625702611,22124551679,,instructions,1606622143,100.00,3.67,insn per cycle
6.625702611,6024790826,,cycles,1606624382,100.00,,
6.726083647,1432,,rD044,1606072890,100.00,,
6.726083647,141855293,,rFF44,1606055794,100.00,,
6.726083647,21951700086,,instructions,1606018424,100.00,3.65,insn per cycle
6.726083647,6022343059,,cycles,1605978312,100.00,,
6.826461423,1415,,rD044,1606031734,100.00,,
6.826461423,139729178,,rFF44,1606197880,100.00,,
6.826461423,21675932769,,instructions,1606306330,100.00,3.60,insn per cycle
6.826461423,6023633871,,cycles,1606310006,100.00,,
6.926859119,1458,,rD044,1606341386,100.00,,
6.926859119,140580485,,rFF44,1606193966,100.00,,
6.926859119,21791571190,,instructions,1606104306,100.00,3.62,insn per cycle
6.926859119,6023015903,,cycles,1606145520,100.00,,
7.027246676,1483,,rD044,1606206510,100.00,,
7.027246676,140311389,,rFF44,1606192916,100.00,,
7.027246676,21770856092,,instructions,1606187056,100.00,3.61,insn per cycle
7.027246676,6023181134,,cycles,1606189516,100.00,,
7.127633452,1637,,rD044,1606145186,100.00,,
7.127633452,142892876,,rFF44,1606122170,100.00,,
7.127633452,22063390864,,instructions,1606154864,100.00,3.66,insn per cycle
7.127633452,6023073875,,cycles,1606160666,100.00,,
7.228013238,1547,,rD044,1605980185,100.00,,
7.228013238,142512857,,rFF44,1605998306,100.00,,
7.228013238,22036293067,,instructions,1606002742,100.00,3.66,insn per cycle
7.228013238,6022212260,,cycles,1605970230,100.00,,
7.328373554,1535,,rD044,1605708651,100.00,,
7.328373554,142280942,,rFF44,1605721280,100.00,,
7.328373554,22007311592,,instructions,1605725566,100.00,3.65,insn per cycle
7.328373554,6021925946,,cycles,1605870106,100.00,,
7.428768411,1476,,rD044,1606293406,100.00,,
7.428768411,140868859,,rFF44,1606284446,100.00,,
7.428768411,21823586851,,instructions,1606249150,100.00,3.62,insn per cycle
7.428768411,6022897452,,cycles,1606117096,100.00,,
7.529147197,1523,,rD044,1606062344,100.00,,
7.529147197,142105829,,rFF44,1606033216,100.00,,
7.529147197,21985782712,,instructions,1606034246,100.00,3.65,insn per cycle
7.529147197,6022745371,,cycles,1606079140,100.00,,
7.629581414,1320,,rD044,1606921202,100.00,,
7.629581414,143388261,,rFF44,1606905352,100.00,,
7.629581414,22134760550,,instructions,1606896626,100.00,3.67,insn per cycle
7.629581414,6025691787,,cycles,1606859046,100.00,,
7.729956500,1540,,rD044,1605961516,100.00,,
7.729956500,140158655,,rFF44,1605971604,100.00,,
7.729956500,21743101216,,instructions,1605950390,100.00,3.61,insn per cycle
7.729956500,6022136943,,cycles,1605930402,100.00,,
7.830332897,1427,,rD044,1606025399,100.00,,
7.830332897,143554238,,rFF44,1606058106,100.00,,
7.830332897,22162644656,,instructions,1606097156,100.00,3.68,insn per cycle
7.830332897,6022942852,,cycles,1606126044,100.00,,
7.930727603,1394,,rD044,1606290107,100.00,,
7.930727603,140879474,,rFF44,1606299014,100.00,,
7.930727603,21833331300,,instructions,1606320666,100.00,3.62,insn per cycle
7.930727603,6023612959,,cycles,1606305036,100.00,,
8.031118339,267778,,rD044,1603920086,100.00,,
8.031118339,69077516,,rFF44,1603895772,100.00,,
8.031118339,10701763046,,instructions,1603857880,100.00,1.78,insn per cycle
8.031118339,6013961793,,cycles,1603857450,100.00,,
8.131496716,56272,,rD044,1606064317,100.00,,
8.131496716,120108094,,rFF44,1606275066,100.00,,
8.131496716,18863312402,,instructions,1606352236,100.00,3.13,insn per cycle
8.131496716,6023829588,,cycles,1606383616,100.00,,
8.231903202,1758,,rD044,1606386179,100.00,,
8.231903202,143057005,,rFF44,1606204847,100.00,,
8.231903202,22104518161,,instructions,1606173646,100.00,3.67,insn per cycle
8.231903202,6023078695,,cycles,1606178236,100.00,,
8.332270118,1465,,rD044,1605791056,100.00,,
8.332270118,141724022,,rFF44,1605782979,100.00,,
8.332270118,21937535163,,instructions,1605760940,100.00,3.64,insn per cycle
8.332270118,6021440058,,cycles,1605739564,100.00,,
8.432653935,1399,,rD044,1606164603,100.00,,
8.432653935,142246864,,rFF44,1606188856,100.00,,
8.432653935,21986749105,,instructions,1606210036,100.00,3.65,insn per cycle
8.432653935,6023242027,,cycles,1606205762,100.00,,
8.533043101,1476,,rD044,1606199633,100.00,,
8.533043101,141670115,,rFF44,1606165640,100.00,,
8.533043101,21935030372,,instructions,1606157012,100.00,3.64,insn per cycle
8.533043101,6022955481,,cycles,1606135046,100.00,,
8.633422967,1414,,rD044,1606067646,100.00,,
8.633422967,142865382,,rFF44,1606092756,100.00,,
8.633422967,22081770969,,instructions,1606279984,100.00,3.67,insn per cycle
8.633422967,6023778778,,cycles,1606348923,100.00,,
8.733818884,1540,,rD044,1606250931,100.00,,
8.733818884,141800494,,rFF44,1606207266,100.00,,
8.733818884,21939815388,,instructions,1606019736,100.00,3.64,insn per cycle
8.733818884,6022392895,,cycles,1605996403,100.00,,
8.834201000,1442,,rD044,1606113845,100.00,,
8.834201000,142717978,,rFF44,1606142070,100.00,,
8.834201000,22059990933,,instructions,1606121336,100.00,3.66,insn per cycle
8.834201000,6022736043,,cycles,1606076856,100.00,,
8.934579116,1416,,rD044,1606044976,100.00,,
8.934579116,142140870,,rFF44,1606031046,100.00,,
8.934579116,21977665054,,instructions,1606062600,100.00,3.65,insn per cycle
8.934579116,6023043988,,cycles,1606152920,100.00,,
9.034971483,1554,,rD044,1606280480,100.00,,
9.034971483,141025625,,rFF44,1606306573,100.00,,
9.034971483,21855499449,,instructions,1606284096,100.00,3.63,insn per cycle
9.034971483,6023271008,,cycles,1606213696,100.00,,
9.135358089,2085,,rD044,1606040296,100.00,,
9.135358089,140589268,,rFF44,1606063333,100.00,,
9.135358089,21802490493,,instructions,1606086573,100.00,3.62,insn per cycle
9.135358089,6022719207,,cycles,1606121686,100.00,,
9.235750525,1605,,rD044,1606225306,100.00,,
9.235750525,140428198,,rFF44,1606184826,100.00,,
9.235750525,21774944420,,instructions,1606124093,100.00,3.62,insn per cycle
9.235750525,6022726066,,cycles,1606074830,100.00,,
9.336112391,1461,,rD044,1605631499,100.00,,
9.336112391,141431812,,rFF44,1605643400,100.00,,
9.336112391,21903211073,,instructions,1605722465,100.00,3.64,insn per cycle
9.336112391,6021302777,,cycles,1605742015,100.00,,
9.436482798,1405,,rD044,1605908086,100.00,,
9.436482798,143111637,,rFF44,1606217595,100.00,,
9.436482798,22109379054,,instructions,1606166480,100.00,3.67,insn per cycle
9.436482798,6022989488,,cycles,1606147038,100.00,,
9.536899114,1322,,rD044,1606643020,100.00,,
9.536899114,142818314,,rFF44,1606317986,100.00,,
9.536899114,22081964880,,instructions,1606304026,100.00,3.67,insn per cycle
9.536899114,6023519988,,cycles,1606286418,100.00,,
9.637278651,1396,,rD044,1606022996,100.00,,
9.637278651,142941021,,rFF44,1606025310,100.00,,
9.637278651,22091707171,,instructions,1606027716,100.00,3.67,insn per cycle
9.637278651,6022586977,,cycles,1606046966,100.00,,
9.737660067,1434,,rD044,1606076826,100.00,,
9.737660067,142784608,,rFF44,1606077366,100.00,,
9.737660067,22068741626,,instructions,1606079850,100.00,3.66,insn per cycle
9.737660067,6022755337,,cycles,1606075412,100.00,,
9.838039083,1430,,rD044,1606045311,100.00,,
9.838039083,141403725,,rFF44,1606028886,100.00,,
9.838039083,21893350725,,instructions,1606003606,100.00,3.64,insn per cycle
9.838039083,6022485656,,cycles,1606010564,100.00,,
9.938419429,1416,,rD044,1606079775,100.00,,
9.938419429,140036416,,rFF44,1606102630,100.00,,
9.938419429,21728743757,,instructions,1606258119,100.00,3.61,insn per cycle
9.938419429,6023822090,,cycles,1606360686,100.00,,
10.038814586,1473,,rD044,1606318816,100.00,,
10.038814586,140729319,,rFF44,1606314246,100.00,,
10.038814586,21816641699,,instructions,1606180387,100.00,3.62,insn per cycle
10.038814586,6022635310,,cycles,1606046820,100.00,,
10.139193152,1759,,rD044,1606036790,100.00,,
10.139193152,142826333,,rFF44,1606035812,100.00,,
10.139193152,22071933775,,instructions,1606040846,100.00,3.66,insn per cycle
10.139193152,6022697258,,cycles,1606060636,100.00,,
10.239573808,1808,,rD044,1605978106,100.00,,
10.239573808,142742118,,rFF44,1605959624,100.00,,
10.239573808,22058107493,,instructions,1605998140,100.00,3.66,insn per cycle
10.239573808,6022425275,,cycles,1606021405,100.00,,
10.339934494,1960,,rD044,1605673604,100.00,,
10.339934494,142608711,,rFF44,1605661336,100.00,,
10.339934494,22038478384,,instructions,1605607306,100.00,3.66,insn per cycle
10.339934494,6020896801,,cycles,1605599981,100.00,,
10.440309570,1770,,rD044,1606027212,100.00,,
10.440309570,141284071,,rFF44,1606104380,100.00,,
10.440309570,21876918867,,instructions,1606141769,100.00,3.63,insn per cycle
10.440309570,6022855352,,cycles,1606105106,100.00,,
10.540711047,103500,,rD044,1604395441,100.00,,
10.540711047,114598299,,rFF44,1604287441,100.00,,
10.540711047,17677730203,,instructions,1604241232,100.00,2.94,insn per cycle
10.540711047,6015598488,,cycles,1604248975,100.00,,
10.641082473,224229,,rD044,1605289166,100.00,,
10.641082473,72184442,,rFF44,1605396372,100.00,,
10.641082473,11610418821,,instructions,1605459342,100.00,1.93,insn per cycle
10.641082473,6020302206,,cycles,1605486962,100.00,,
10.741470630,1846,,rD044,1606166226,100.00,,
10.741470630,142920257,,rFF44,1606283530,100.00,,
10.741470630,22086565244,,instructions,1606269490,100.00,3.67,insn per cycle
10.741470630,6023426950,,cycles,1606273526,100.00,,
10.841869546,4140,,rD044,1605796261,100.00,,
10.841869546,142079691,,rFF44,1605654921,100.00,,
10.841869546,21969261240,,instructions,1605694021,100.00,3.65,insn per cycle
10.841869546,6020976900,,cycles,1605707765,100.00,,
10.942255362,2088,,rD044,1606159110,100.00,,
10.942255362,142371593,,rFF44,1606165376,100.00,,
10.942255362,22002949049,,instructions,1606145786,100.00,3.65,insn per cycle
10.942255362,6023140255,,cycles,1606177646,100.00,,
11.042646789,1674,,rD044,1606228766,100.00,,
11.042646789,142505330,,rFF44,1606205650,100.00,,
11.042646789,22022664459,,instructions,1606215227,100.00,3.66,insn per cycle
11.042646789,6023123902,,cycles,1606174506,100.00,,
11.143034015,1627,,rD044,1606126576,100.00,,
11.143034015,140389535,,rFF44,1606151036,100.00,,
11.143034015,21766244246,,instructions,1606124659,100.00,3.61,insn per cycle
11.143034015,6022927285,,cycles,1606153130,100.00,,
11.243427972,1416,,rD044,1606259329,100.00,,
11.243427972,141899476,,rFF44,1606253815,100.00,,
11.243427972,21952515796,,instructions,1606387225,100.00,3.64,insn per cycle
11.243427972,6023762152,,cycles,1606357475,100.00,,
11.343834378,1488,,rD044,1606422216,100.00,,
11.343834378,141723152,,rFF44,1606460960,100.00,,
11.343834378,21926380566,,instructions,1606399846,100.00,3.64,insn per cycle
11.343834378,6024017992,,cycles,1606427256,100.00,,
11.444229225,1504,,rD044,1606337876,100.00,,
11.444229225,143224494,,rFF44,1606267736,100.00,,
11.444229225,22114698301,,instructions,1606137550,100.00,3.67,insn per cycle
11.444229225,6022795583,,cycles,1606086764,100.00,,
11.544609031,1639,,rD044,1606030923,100.00,,
11.544609031,142556313,,rFF44,1606038756,100.00,,
11.544609031,22030354355,,instructions,1606097576,100.00,3.66,insn per cycle
11.544609031,6022875390,,cycles,1606113992,100.00,,
11.644994007,1425,,rD044,1606160963,100.00,,
11.644994007,142591301,,rFF44,1606164030,100.00,,
11.644994007,22040443926,,instructions,1606153350,100.00,3.66,insn per cycle
11.644994007,6023072865,,cycles,1606161226,100.00,,
11.745378643,1477,,rD044,1606107156,100.00,,
11.745378643,142880514,,rFF44,1606132096,100.00,,
11.745378643,22075271414,,instructions,1606162356,100.00,3.66,insn per cycle
11.745378643,6023652541,,cycles,1606331774,100.00,,
11.845777340,1374,,rD044,1606337822,100.00,,
11.845777340,143243240,,rFF44,1606299196,100.00,,
11.845777340,22112891026,,instructions,1606287836,100.00,3.67,insn per cycle
11.845777340,6022942200,,cycles,1606126372,100.00,,
11.946160446,1532,,rD044,1606130704,100.00,,
11.946160446,141094897,,rFF44,1606151410,100.00,,
11.946160446,21862763507,,instructions,1606129698,100.00,3.63,insn per cycle
11.946160446,6022939875,,cycles,1606124986,100.00,,
12.046562943,1526,,rD044,1606421896,100.00,,
12.046562943,143037614,,rFF44,1606428696,100.00,,
12.046562943,22089970822,,instructions,1606442578,100.00,3.67,insn per cycle
12.046562943,6024198011,,cycles,1606460644,100.00,,
12.146950679,1649,,rD044,1606143004,100.00,,
12.146950679,143340349,,rFF44,1606136846,100.00,,
12.146950679,22130587613,,instructions,1606113386,100.00,3.67,insn per cycle
12.146950679,6022720597,,cycles,1606095782,100.00,,
12.247338396,1425,,rD044,1606167662,100.00,,
12.247338396,142462922,,rFF44,1606179010,100.00,,
12.247338396,22028464359,,instructions,1606201882,100.00,3.66,insn per cycle
12.247338396,6023133338,,cycles,1606176346,100.00,,
12.347711932,1658,,rD044,1605868445,100.00,,
12.347711932,142042457,,rFF44,1605861005,100.00,,
12.347711932,21980479209,,instructions,1605891683,100.00,3.65,insn per cycle
12.347711932,6022124891,,cycles,1605925529,100.00,,
12.448097898,1315,,rD044,1606206670,100.00,,
12.448097898,142513018,,rFF44,1606200203,100.00,,
12.448097898,22025624874,,instructions,1606151416,100.00,3.66,insn per cycle
12.448097898,6022881996,,cycles,1606113196,100.00,,
12.548479864,1480,,rD044,1606084656,100.00,,
12.548479864,141109702,,rFF44,1606639343,100.00,,
12.548479864,21852687957,,instructions,1606640643,100.00,3.63,insn per cycle
12.548479864,6024973040,,cycles,1606673486,100.00,,
12.648903161,1612,,rD044,1606713356,100.00,,
12.648903161,141653557,,rFF44,1606174476,100.00,,
12.648903161,21920888549,,instructions,1606175413,100.00,3.64,insn per cycle
12.648903161,6022817038,,cycles,1606115171,100.00,,
12.749284387,1387,,rD044,1606082161,100.00,,
12.749284387,142274537,,rFF44,1606071536,100.00,,
12.749284387,22002985555,,instructions,1606113536,100.00,3.65,insn per cycle
12.749284387,6023166560,,cycles,1606185005,100.00,,
12.849686034,1441,,rD044,1606439945,100.00,,
12.849686034,142628661,,rFF44,1606473660,100.00,,
12.849686034,22050313954,,instructions,1606468526,100.00,3.66,insn per cycle
12.849686034,6024053844,,cycles,1606422346,100.00,,
12.950071440,1550,,rD044,1606159236,100.00,,
12.950071440,142301213,,rFF44,1606119216,100.00,,
12.950071440,22010184356,,instructions,1606095010,100.00,3.65,insn per cycle
12.950071440,6023037036,,cycles,1606151163,100.00,,
13.050458247,1769,,rD044,1606165303,100.00,,
13.050458247,142255012,,rFF44,1606309266,100.00,,
13.050458247,21994526068,,instructions,1606416626,100.00,3.65,insn per cycle
13.050458247,6023946397,,cycles,1606393813,100.00,,
13.150893393,330879,,rD044,1603814155,100.00,,
13.150893393,39533010,,rFF44,1603650822,100.00,,
13.150893393,6644044501,,instructions,1603535238,100.00,1.11,insn per cycle
13.150893393,6012536294,,cycles,1603546548,100.00,,
13.251283480,1354,,rD044,1606224625,100.00,,
13.251283480,143697851,,rFF44,1606267245,100.00,,
13.251283480,22192606755,,instructions,1606290042,100.00,3.68,insn per cycle
13.251283480,6023618587,,cycles,1606315745,100.00,,
13.351668666,1471,,rD044,1605979163,100.00,,
13.351668666,142891713,,rFF44,1605946756,100.00,,
13.351668666,22080021274,,instructions,1605913333,100.00,3.67,insn per cycle
13.351668666,6021989400,,cycles,1605916310,100.00,,
13.452048572,1362,,rD044,1606093723,100.00,,
13.452048572,141235740,,rFF44,1606127826,100.00,,
13.452048572,21874709370,,instructions,1606155596,100.00,3.63,insn per cycle
13.452048572,6022768293,,cycles,1606082886,100.00,,
13.552432399,1343,,rD044,1606120686,100.00,,
13.552432399,141962947,,rFF44,1606098800,100.00,,
13.552432399,21952441652,,instructions,1606181880,100.00,3.64,insn per cycle
13.552432399,6023228427,,cycles,1606207873,100.00,,
13.652821975,1376,,rD044,1606210219,100.00,,
13.652821975,142176749,,rFF44,1606203556,100.00,,
13.652821975,21993019959,,instructions,1606108476,100.00,3.65,insn per cycle
13.652821975,6022876659,,cycles,1606111813,100.00,,
13.753205431,1286,,rD044,1606042197,100.00,,
13.753205431,142992994,,rFF44,1606023920,100.00,,
13.753205431,22099301869,,instructions,1606009745,100.00,3.67,insn per cycle
13.753205431,6022483622,,cycles,1606020346,100.00,,
13.853588508,1312,,rD044,1606165976,100.00,,
13.853588508,140701896,,rFF44,1606161556,100.00,,
13.853588508,21811674693,,instructions,1606183471,100.00,3.62,insn per cycle
13.853588508,6023330870,,cycles,1606229126,100.00,,
13.953975584,1437,,rD044,1606179804,100.00,,
13.953975584,142448175,,rFF44,1606187996,100.00,,
13.953975584,22020831159,,instructions,1606150276,100.00,3.66,insn per cycle
13.953975584,6022795033,,cycles,1606089470,100.00,,
14.054356300,1281,,rD044,1606072562,100.00,,
14.054356300,141646136,,rFF44,1606049700,100.00,,
14.054356300,21917216617,,instructions,1606061198,100.00,3.64,insn per cycle
14.054356300,6022720331,,cycles,1606066126,100.00,,
14.154751317,1632,,rD044,1606252926,100.00,,
14.154751317,140749459,,rFF44,1606304086,100.00,,
14.154751317,21815097234,,instructions,1606309588,100.00,3.62,insn per cycle
14.154751317,6023625969,,cycles,1606330912,100.00,,
14.255138353,1356,,rD044,1606148802,100.00,,
14.255138353,141221054,,rFF44,1606180896,100.00,,
14.255138353,21872477289,,instructions,1606214206,100.00,3.63,insn per cycle
14.255138353,6023166985,,cycles,1606201484,100.00,,
14.355519249,1316,,rD044,1606118744,100.00,,
14.355519249,141615202,,rFF44,1606127270,100.00,,
14.355519249,21922565456,,instructions,1606087809,100.00,3.64,insn per cycle
14.355519249,6022727650,,cycles,1606074716,100.00,,
14.455910116,1295,,rD044,1606170036,100.00,,
14.455910116,142901718,,rFF44,1606152426,100.00,,
14.455910116,22078283333,,instructions,1606215207,100.00,3.67,insn per cycle
14.455910116,6023437740,,cycles,1606258830,100.00,,
14.556304172,1272,,rD044,1606284180,100.00,,
14.556304172,143212099,,rFF44,1606263986,100.00,,
14.556304172,22116758770,,instructions,1606228046,100.00,3.67,insn per cycle
14.556304172,6023191836,,cycles,1606198446,100.00,,
14.656724239,1440,,rD044,1606719816,100.00,,
14.656724239,142813758,,rFF44,1606727194,100.00,,
14.656724239,22068068632,,instructions,1606734596,100.00,3.66,insn per cycle
14.656724239,6025290047,,cycles,1606757966,100.00,,
14.757115465,1287,,rD044,1606201696,100.00,,
14.757115465,143374452,,rFF44,1606174982,100.00,,
14.757115465,22138002682,,instructions,1606149060,100.00,3.68,insn per cycle
14.757115465,6022804672,,cycles,1606101240,100.00,,
14.857499422,1327,,rD044,1606209008,100.00,,
14.857499422,142998142,,rFF44,1606381166,100.00,,
14.857499422,22095778917,,instructions,1606411926,100.00,3.67,insn per cycle
14.857499422,6024086839,,cycles,1606430436,100.00,,
14.957879358,1332,,rD044,1605976618,100.00,,
14.957879358,142537754,,rFF44,1605808140,100.00,,
14.957879358,22034751634,,instructions,1605784454,100.00,3.66,insn per cycle
14.957879358,6021619831,,cycles,1605780406,100.00,,
15.058292065,1299,,rD044,1606595956,100.00,,
15.058292065,140064930,,rFF44,1606659606,100.00,,
15.058292065,21734305084,,instructions,1606695512,100.00,3.61,insn per cycle
15.058292065,6025151516,,cycles,1606714905,100.00,,
15.158707251,1396,,rD044,1606600306,100.00,,
15.158707251,142100723,,rFF44,1606536676,100.00,,
15.158707251,21976238882,,instructions,1606492976,100.00,3.65,insn per cycle
15.158707251,6024216300,,cycles,1606476851,100.00,,
15.259091288,1219,,rD044,1606136960,100.00,,
15.259091288,140323756,,rFF44,1606152484,100.00,,
15.259091288,21765753953,,instructions,1606158576,100.00,3.61,insn per cycle
15.259091288,6023069030,,cycles,1606160506,100.00,,
15.359470814,1485,,rD044,1606000526,100.00,,
15.359470814,139785188,,rFF44,1606171872,100.00,,
15.359470814,21705747885,,instructions,1606231285,100.00,3.60,insn per cycle
15.359470814,6023296335,,cycles,1606234246,100.00,,
15.459871360,1279,,rD044,1606400256,100.00,,
15.459871360,143617328,,rFF44,1606235036,100.00,,
15.459871360,22177630670,,instructions,1606211171,100.00,3.68,insn per cycle
15.459871360,6023257549,,cycles,1606216390,100.00,,
15.560259537,1322,,rD044,1606194320,100.00,,
15.560259537,142914562,,rFF44,1606191353,100.00,,
15.560259537,22079103913,,instructions,1606177766,100.00,3.67,insn per cycle
15.560259537,6023152945,,cycles,1606188706,100.00,,
15.627827961,12181,,rD044,1007933094,100.00,,
15.627827961,68902784,,rFF44,1007085561,100.00,,
15.627827961,11131059032,,instructions,1006369668,100.00,2.95,insn per cycle
15.627827961,3771118253,,cycles,1005653798,100.00,,
