0.100122914,141451,,rD044,5436260286,100.00,,
0.100122914,425513820,,rFF44,5451254480,100.00,,
0.100122914,45377580103,,instructions,5464619103,100.00,2.21,insn per cycle
0.100122914,20529801535,,cycles,5477411524,100.00,,
0.201232038,738655,,rD044,6465449233,100.00,,
0.201232038,8021806,,rFF44,6461935647,100.00,,
0.201232038,1918927781,,instructions,6458446473,100.00,0.08,insn per cycle
0.201232038,24207007857,,cycles,6455526992,100.00,,
0.302071730,447886,,rD044,6455843256,100.00,,
0.302071730,191067507,,rFF44,6459504791,100.00,,
0.302071730,35519991830,,instructions,6461760969,100.00,1.47,insn per cycle
0.302071730,24239210225,,cycles,6463819654,100.00,,
0.403106133,34870,,rD044,6464221473,100.00,,
0.403106133,557440115,,rFF44,6463538685,100.00,,
0.403106133,86653731864,,instructions,6463804148,100.00,3.58,insn per cycle
0.403106133,24237736375,,cycles,6463798134,100.00,,
0.504101146,32474,,rD044,6462797845,100.00,,
0.504101146,559839593,,rFF44,6462297368,100.00,,
0.504101146,86923530646,,instructions,6461707227,100.00,3.59,insn per cycle
0.504101146,24229084305,,cycles,6461176159,100.00,,
0.605045429,30655,,rD044,6460109828,100.00,,
0.605045429,561118678,,rFF44,6459645820,100.00,,
0.605045429,87098420874,,instructions,6459587189,100.00,3.60,insn per cycle
0.605045429,24222794323,,cycles,6459619392,100.00,,
0.705994172,31730,,rD044,6460209289,100.00,,
0.705994172,559074027,,rFF44,6459741468,100.00,,
0.705994172,86856989443,,instructions,6459588354,100.00,3.59,insn per cycle
0.705994172,24221750564,,cycles,6459270356,100.00,,
0.806922694,31093,,rD044,6459422150,100.00,,
0.806922694,563075209,,rFF44,6460217970,100.00,,
0.806922694,87319215999,,instructions,6459967292,100.00,3.60,insn per cycle
0.806922694,24224707928,,cycles,6460045863,100.00,,
0.907856437,101333,,rD044,6452389577,100.00,,
0.907856437,511894687,,rFF44,6452158325,100.00,,
0.907856437,79246066525,,instructions,6453961193,100.00,3.27,insn per cycle
0.907856437,24209272842,,cycles,6456172987,100.00,,
1.008855570,732645,,rD044,6459062492,100.00,,
1.008855570,8176623,,rFF44,6456111615,100.00,,
1.008855570,2138074404,,instructions,6452367272,100.00,0.09,insn per cycle
1.008855570,24180404825,,cycles,6448419463,100.00,,
1.109650361,401179,,rD044,6452094175,100.00,,
1.109650361,227865291,,rFF44,6454859183,100.00,,
1.109650361,40816540690,,instructions,6456995832,100.00,1.69,insn per cycle
1.109650361,24221740649,,cycles,6459211207,100.00,,
1.210611374,23658,,rD044,6461699359,100.00,,
1.210611374,559978021,,rFF44,6462318351,100.00,,
1.210611374,86985164359,,instructions,6462282216,100.00,3.59,insn per cycle
1.210611374,24232042352,,cycles,6461910089,100.00,,
1.311570656,24330,,rD044,6461106246,100.00,,
1.311570656,558696515,,rFF44,6460833843,100.00,,
1.311570656,86819640561,,instructions,6460743709,100.00,3.58,insn per cycle
1.311570656,24227643629,,cycles,6460778461,100.00,,
1.412514939,22261,,rD044,6460057546,100.00,,
1.412514939,559710706,,rFF44,6459746352,100.00,,
1.412514939,86896864225,,instructions,6459885353,100.00,3.59,insn per cycle
1.412514939,24223278524,,cycles,6459610825,100.00,,
1.513443411,23880,,rD044,6458991638,100.00,,
1.513443411,560824513,,rFF44,6458548740,100.00,,
1.513443411,87058553990,,instructions,6458315721,100.00,3.59,insn per cycle
1.513443411,24218159139,,cycles,6458291282,100.00,,
1.614355714,22826,,rD044,6459436035,100.00,,
1.614355714,559004018,,rFF44,6461005907,100.00,,
1.614355714,86852411245,,instructions,6460996230,100.00,3.58,insn per cycle
1.614355714,24227906255,,cycles,6460832985,100.00,,
1.715304016,120262,,rD044,6425748849,100.00,,
1.715304016,477359003,,rFF44,6424796542,100.00,,
1.715304016,74101022751,,instructions,6425754466,100.00,3.07,insn per cycle
1.715304016,24102289827,,cycles,6427733706,100.00,,
1.816300369,753253,,rD044,6458782305,100.00,,
1.816300369,8107113,,rFF44,6456514183,100.00,,
1.816300369,2499532801,,instructions,6453856259,100.00,0.10,insn per cycle
1.816300369,24187846280,,cycles,6450394050,100.00,,
1.917120161,327482,,rD044,6453346822,100.00,,
1.917120161,259048036,,rFF44,6456298335,100.00,,
1.917120161,45446401486,,instructions,6458429275,100.00,1.88,insn per cycle
1.917120161,24225963922,,cycles,6460349003,100.00,,
2.018134594,24384,,rD044,6464332475,100.00,,
2.018134594,556958899,,rFF44,6464070058,100.00,,
2.018134594,86620154137,,instructions,6463721352,100.00,3.57,insn per cycle
2.018134594,24238270080,,cycles,6463649635,100.00,,
2.119081877,26321,,rD044,6460814665,100.00,,
2.119081877,557534830,,rFF44,6460979929,100.00,,
2.119081877,86637700029,,instructions,6461439709,100.00,3.58,insn per cycle
2.119081877,24230746184,,cycles,6461566577,100.00,,
2.220042999,21906,,rD044,6461370787,100.00,,
2.220042999,562099003,,rFF44,6460696185,100.00,,
2.220042999,87214077336,,instructions,6460251345,100.00,3.60,insn per cycle
2.220042999,24226358529,,cycles,6460401907,100.00,,
2.320990062,21944,,rD044,6460462608,100.00,,
2.320990062,560650718,,rFF44,6460135062,100.00,,
2.320990062,87041733267,,instructions,6460331746,100.00,3.59,insn per cycle
2.320990062,24226038871,,cycles,6460328296,100.00,,
2.421929855,22945,,rD044,6459457888,100.00,,
2.421929855,560364220,,rFF44,6459351644,100.00,,
2.421929855,87025958052,,instructions,6459465918,100.00,3.59,insn per cycle
2.421929855,24222400852,,cycles,6459402095,100.00,,
2.522866367,151328,,rD044,6452277021,100.00,,
2.522866367,446869801,,rFF44,6451388367,100.00,,
2.522866367,69352996960,,instructions,6451818579,100.00,2.87,insn per cycle
2.522866367,24194605573,,cycles,6452296514,100.00,,
2.623790790,768143,,rD044,6454900651,100.00,,
2.623790790,7983527,,rFF44,6453800128,100.00,,
2.623790790,2564000314,,instructions,6451617680,100.00,0.11,insn per cycle
2.623790790,24183662201,,cycles,6449303816,100.00,,
2.724603931,281522,,rD044,6452589828,100.00,,
2.724603931,292042603,,rFF44,6454397407,100.00,,
2.724603931,50325133349,,instructions,6455750709,100.00,2.08,insn per cycle
2.724603931,24215134829,,cycles,6457512042,100.00,,
2.825531943,23398,,rD044,6459144263,100.00,,
2.825531943,562322042,,rFF44,6459597324,100.00,,
2.825531943,87254812354,,instructions,6459422325,100.00,3.60,insn per cycle
2.825531943,24222960216,,cycles,6459569942,100.00,,
2.926460476,23962,,rD044,6458587267,100.00,,
2.926460476,559940041,,rFF44,6457913859,100.00,,
2.926460476,86973231040,,instructions,6457980783,100.00,3.59,insn per cycle
2.926460476,24217663256,,cycles,6458155108,100.00,,
3.027379448,24229,,rD044,6459387018,100.00,,
3.027379448,561972664,,rFF44,6459845603,100.00,,
3.027379448,87219243467,,instructions,6459956950,100.00,3.60,insn per cycle
3.027379448,24223041169,,cycles,6459570966,100.00,,
3.128312950,24248,,rD044,6459484689,100.00,,
3.128312950,559559687,,rFF44,6459342237,100.00,,
3.128312950,86908885297,,instructions,6459238019,100.00,3.59,insn per cycle
3.128312950,24221908670,,cycles,6459238450,100.00,,
3.229245863,23829,,rD044,6459706613,100.00,,
3.229245863,559422664,,rFF44,6460322693,100.00,,
3.229245863,86899072206,,instructions,6460369576,100.00,3.59,insn per cycle
3.229245863,24225846401,,cycles,6460271918,100.00,,
3.330179555,188524,,rD044,6451579715,100.00,,
3.330179555,407991754,,rFF44,6451824579,100.00,,
3.330179555,63229585929,,instructions,6453487151,100.00,2.61,insn per cycle
3.330179555,24203420600,,cycles,6454637745,100.00,,
3.431151388,798991,,rD044,6457311669,100.00,,
3.431151388,8243451,,rFF44,6454555848,100.00,,
3.431151388,2885753173,,instructions,6451523741,100.00,0.12,insn per cycle
3.431151388,24181060083,,cycles,6448614227,100.00,,
3.531964859,192779,,rD044,6454007328,100.00,,
3.531964859,356300539,,rFF44,6456681304,100.00,,
3.531964859,59504516497,,instructions,6458395134,100.00,2.46,insn per cycle
3.531964859,24225986159,,cycles,6460331363,100.00,,
3.632932362,22948,,rD044,6460921393,100.00,,
3.632932362,559262541,,rFF44,6460259948,100.00,,
3.632932362,86888482181,,instructions,6460501889,100.00,3.59,insn per cycle
3.632932362,24228389014,,cycles,6460991783,100.00,,
3.733883795,23554,,rD044,6460602481,100.00,,
3.733883795,560414387,,rFF44,6460971701,100.00,,
3.733883795,87029859919,,instructions,6460761419,100.00,3.59,insn per cycle
3.733883795,24227262920,,cycles,6460690557,100.00,,
3.834875878,24117,,rD044,6463054641,100.00,,
3.834875878,558440847,,rFF44,6463287814,100.00,,
3.834875878,86785732440,,instructions,6463394325,100.00,3.58,insn per cycle
3.834875878,24236077396,,cycles,6463115427,100.00,,
3.935824301,24738,,rD044,6460592589,100.00,,
3.935824301,559880708,,rFF44,6460281965,100.00,,
3.935824301,86964410235,,instructions,6459938474,100.00,3.59,insn per cycle
3.935824301,24224698139,,cycles,6460037828,100.00,,
4.036762603,24170,,rD044,6459456838,100.00,,
4.036762603,560838082,,rFF44,6459764462,100.00,,
4.036762603,87092778295,,instructions,6460222285,100.00,3.59,insn per cycle
4.036762603,24226291325,,cycles,6460425450,100.00,,
4.137721606,241742,,rD044,6454356771,100.00,,
4.137721606,348394810,,rFF44,6454518227,100.00,,
4.137721606,54068571976,,instructions,6454794966,100.00,2.23,insn per cycle
4.137721606,24206634532,,cycles,6455473738,100.00,,
4.238696709,791910,,rD044,6458183846,100.00,,
4.238696709,8178933,,rFF44,6455707528,100.00,,
4.238696709,3930878116,,instructions,6453083907,100.00,0.16,insn per cycle
4.238696709,24185678527,,cycles,6449840585,100.00,,
4.339506980,155788,,rD044,6452250446,100.00,,
4.339506980,397820912,,rFF44,6453821881,100.00,,
4.339506980,65178898757,,instructions,6456047469,100.00,2.69,insn per cycle
4.339506980,24218457339,,cycles,6458336663,100.00,,
4.440440043,22670,,rD044,6459613055,100.00,,
4.440440043,563723824,,rFF44,6460123261,100.00,,
4.440440043,87429954054,,instructions,6460117094,100.00,3.61,insn per cycle
4.440440043,24226182161,,cycles,6460393599,100.00,,
4.541395215,24201,,rD044,6461146820,100.00,,
4.541395215,560211269,,rFF44,6462320049,100.00,,
4.541395215,87029300162,,instructions,6462324046,100.00,3.59,insn per cycle
4.541395215,24233096453,,cycles,6462380016,100.00,,
4.642378267,23749,,rD044,6462194350,100.00,,
4.642378267,563846321,,rFF44,6460648326,100.00,,
4.642378267,87455488934,,instructions,6460477209,100.00,3.61,insn per cycle
4.642378267,24223665719,,cycles,6459859676,100.00,,
4.743322602,24484,,rD044,6459917263,100.00,,
4.743322602,560044229,,rFF44,6460097985,100.00,,
4.743322602,86976152815,,instructions,6459778911,100.00,3.59,insn per cycle
4.743322602,24224136566,,cycles,6459981562,100.00,,
4.844266958,24614,,rD044,6459743122,100.00,,
4.844266958,559850115,,rFF44,6459884552,100.00,,
4.844266958,86953999481,,instructions,6459766697,100.00,3.59,insn per cycle
4.844266958,24224227737,,cycles,6459971268,100.00,,
4.919017314,224080,,rD044,4408370696,100.00,,
4.919017314,296717563,,rFF44,4394929669,100.00,,
4.919017314,48589220096,,instructions,4383799511,100.00,2.96,insn per cycle
4.919017314,16394268026,,cycles,4372126315,100.00,,
