0.100124922,4639223,,rD044,92531559,100.00,,
0.100124922,20498576,,rFF44,92536709,100.00,,
0.100124922,444674088,,instructions,92541490,100.00,1.30,insn per cycle
0.100124922,343175605,,cycles,92546810,100.00,,
0.200440316,5485173,,rD044,100240075,100.00,,
0.200440316,23974232,,rFF44,100240305,100.00,,
0.200440316,505186562,,instructions,100240294,100.00,1.34,insn per cycle
0.200440316,375843637,,cycles,100239654,100.00,,
0.300650909,5482709,,rD044,100146654,100.00,,
0.300650909,23962088,,rFF44,100147384,100.00,,
0.300650909,505002517,,instructions,100147954,100.00,1.34,insn per cycle
0.300650909,375492318,,cycles,100147954,100.00,,
0.400862462,6769733,,rD044,100114664,100.00,,
0.400862462,29233174,,rFF44,100114834,100.00,,
0.400862462,77556623,,instructions,100114024,100.00,0.21,insn per cycle
0.400862462,375353928,,cycles,100114194,100.00,,
0.501076515,6927429,,rD044,100152705,100.00,,
0.501076515,30258609,,rFF44,100152425,100.00,,
0.501076515,37735654,,instructions,100152405,100.00,0.10,insn per cycle
0.501076515,375510307,,cycles,100151835,100.00,,
0.601301718,6025390,,rD044,1815989814,100.00,,
0.601301718,162560942,,rFF44,1821558259,100.00,,
0.601301718,23284601281,,instructions,1825853884,100.00,3.39,insn per cycle
0.601301718,6862202453,,cycles,1830498246,100.00,,
0.702116487,5787352,,rD044,3226726251,100.00,,
0.702116487,273505552,,rFF44,3227443062,100.00,,
0.702116487,42418135852,,instructions,3228673735,100.00,3.50,insn per cycle
0.702116487,12109872058,,cycles,3229340033,100.00,,
0.803038488,5698448,,rD044,3227650208,100.00,,
0.803038488,274830094,,rFF44,3224721611,100.00,,
0.803038488,42496154174,,instructions,3222521194,100.00,3.52,insn per cycle
0.803038488,12075928230,,cycles,3220306705,100.00,,
0.903650315,5827103,,rD044,3220397736,100.00,,
0.903650315,274495794,,rFF44,3222459644,100.00,,
0.903650315,42549826124,,instructions,3223817756,100.00,3.52,insn per cycle
0.903650315,12096896908,,cycles,3225879520,100.00,,
1.004504515,5999539,,rD044,3227369532,100.00,,
1.004504515,273613469,,rFF44,3226832676,100.00,,
1.004504515,42414053305,,instructions,3226509119,100.00,3.51,insn per cycle
1.004504515,12096714642,,cycles,3225837370,100.00,,
1.105303835,5824604,,rD044,3225069786,100.00,,
1.105303835,273166694,,rFF44,3224825622,100.00,,
1.105303835,42358348330,,instructions,3224874409,100.00,3.50,insn per cycle
1.105303835,12092628507,,cycles,3224750420,100.00,,
1.206072274,5726064,,rD044,3224996449,100.00,,
1.206072274,271717894,,rFF44,3225823177,100.00,,
1.206072274,42202453427,,instructions,3226439441,100.00,3.49,insn per cycle
1.206072274,12100541007,,cycles,3226822796,100.00,,
1.306924504,5814754,,rD044,3226850059,100.00,,
1.306924504,271472732,,rFF44,3225981926,100.00,,
1.306924504,42148533919,,instructions,3225165182,100.00,3.49,insn per cycle
1.306924504,12091437681,,cycles,3224401679,100.00,,
1.407680293,5797773,,rD044,3224140091,100.00,,
1.407680293,271504499,,rFF44,3224649151,100.00,,
1.407680293,42169753382,,instructions,3225051143,100.00,3.49,insn per cycle
1.407680293,12095225896,,cycles,3225414017,100.00,,
1.508486972,5624937,,rD044,3225562521,100.00,,
1.508486972,271400577,,rFF44,3224994069,100.00,,
1.508486972,42148001559,,instructions,3224482340,100.00,3.49,insn per cycle
1.508486972,12091508696,,cycles,3224425104,100.00,,
1.609253821,5636079,,rD044,3225175588,100.00,,
1.609253821,272102564,,rFF44,3225768782,100.00,,
1.609253821,42237516130,,instructions,3225576980,100.00,3.49,insn per cycle
1.609253821,12098369897,,cycles,3226262444,100.00,,
1.710059351,5421355,,rD044,3225276601,100.00,,
1.710059351,272482885,,rFF44,3225323388,100.00,,
1.710059351,42286700311,,instructions,3225354183,100.00,3.50,insn per cycle
1.710059351,12093031313,,cycles,3224849786,100.00,,
1.810831390,5617735,,rD044,3224807255,100.00,,
1.810831390,272189102,,rFF44,3224347936,100.00,,
1.810831390,42262317124,,instructions,3225360508,100.00,3.49,insn per cycle
1.810831390,12098841369,,cycles,3226382337,100.00,,
1.911667209,5693743,,rD044,3226472188,100.00,,
1.911667209,272710805,,rFF44,3226441815,100.00,,
1.911667209,42306770891,,instructions,3225792955,100.00,3.50,insn per cycle
1.911667209,12092524547,,cycles,3224689198,100.00,,
2.012477219,5572174,,rD044,3226210936,100.00,,
2.012477219,273129957,,rFF44,3227045810,100.00,,
2.012477219,42377759357,,instructions,3227822406,100.00,3.50,insn per cycle
2.012477219,12103538436,,cycles,3227637176,100.00,,
2.113292518,5490650,,rD044,3225872433,100.00,,
2.113292518,273012229,,rFF44,3225854591,100.00,,
2.113292518,42353669088,,instructions,3225812820,100.00,3.50,insn per cycle
2.113292518,12097749936,,cycles,3226101861,100.00,,
2.214127968,5682154,,rD044,3227411066,100.00,,
2.214127968,271495381,,rFF44,3227267196,100.00,,
2.214127968,42152327653,,instructions,3226209815,100.00,3.48,insn per cycle
2.214127968,12096407071,,cycles,3225729005,100.00,,
2.314924207,5653020,,rD044,3224809683,100.00,,
2.314924207,272098953,,rFF44,3224228221,100.00,,
2.314924207,42238175502,,instructions,3224830131,100.00,3.49,insn per cycle
2.314924207,12093901741,,cycles,3225075558,100.00,,
2.415692617,5696345,,rD044,3224445446,100.00,,
2.415692617,272836176,,rFF44,3224342669,100.00,,
2.415692617,42333373527,,instructions,3224791723,100.00,3.50,insn per cycle
2.415692617,12093470680,,cycles,3224961605,100.00,,
2.516493406,5422909,,rD044,3225474818,100.00,,
2.516493406,270512589,,rFF44,3225600978,100.00,,
2.516493406,42033706542,,instructions,3224679897,100.00,3.48,insn per cycle
2.516493406,12092349439,,cycles,3224651448,100.00,,
2.617259605,5412636,,rD044,3224795678,100.00,,
2.617259605,272113226,,rFF44,3224260552,100.00,,
2.617259605,42236334353,,instructions,3223900339,100.00,3.49,insn per cycle
2.617259605,12087386561,,cycles,3223317329,100.00,,
2.717990783,5797605,,rD044,3224291513,100.00,,
2.717990783,272738830,,rFF44,3225842726,100.00,,
2.717990783,42322286845,,instructions,3226621075,100.00,3.50,insn per cycle
2.717990783,12102669206,,cycles,3227402836,100.00,,
2.818843953,5577041,,rD044,3227332821,100.00,,
2.818843953,272295838,,rFF44,3228066646,100.00,,
2.818843953,42286262308,,instructions,3229142535,100.00,3.49,insn per cycle
2.818843953,12111075663,,cycles,3229634770,100.00,,
2.919799295,6043177,,rD044,3228531104,100.00,,
2.919799295,275872955,,rFF44,3225317744,100.00,,
2.919799295,42634477757,,instructions,3222548539,100.00,3.53,insn per cycle
2.919799295,12075785905,,cycles,3220228350,100.00,,
3.020380092,5746085,,rD044,3219130007,100.00,,
3.020380092,271445624,,rFF44,3220420364,100.00,,
3.020380092,42183970050,,instructions,3221878813,100.00,3.49,insn per cycle
3.020380092,12089679482,,cycles,3223936399,100.00,,
3.121158281,5496833,,rD044,3225226105,100.00,,
3.121158281,271334360,,rFF44,3225490143,100.00,,
3.121158281,42146468622,,instructions,3225209366,100.00,3.48,insn per cycle
3.121158281,12096251203,,cycles,3225686523,100.00,,
3.221972000,5538206,,rD044,3225836577,100.00,,
3.221972000,272270969,,rFF44,3225975111,100.00,,
3.221972000,42268845238,,instructions,3226287319,100.00,3.49,insn per cycle
3.221972000,12095523105,,cycles,3225493671,100.00,,
3.322755319,6026976,,rD044,3225144690,100.00,,
3.322755319,271882504,,rFF44,3224601452,100.00,,
3.322755319,42199667018,,instructions,3223853230,100.00,3.49,insn per cycle
3.322755319,12092834628,,cycles,3224769666,100.00,,
3.423535789,5909351,,rD044,3224833175,100.00,,
3.423535789,272085887,,rFF44,3225638196,100.00,,
3.423535789,42244566484,,instructions,3226307305,100.00,3.49,insn per cycle
3.423535789,12095660671,,cycles,3225534757,100.00,,
3.524332048,5660992,,rD044,3225370741,100.00,,
3.524332048,270847491,,rFF44,3224919344,100.00,,
3.524332048,42083191997,,instructions,3224956301,100.00,3.48,insn per cycle
3.524332048,12092091786,,cycles,3224578998,100.00,,
3.625102837,5545218,,rD044,3224577853,100.00,,
3.625102837,270313990,,rFF44,3225126154,100.00,,
3.625102837,42018761159,,instructions,3224892612,100.00,3.47,insn per cycle
3.625102837,12094776274,,cycles,3225305462,100.00,,
3.725906556,5506264,,rD044,3225710065,100.00,,
3.725906556,272035777,,rFF44,3225422898,100.00,,
3.725906556,42243208384,,instructions,3226497123,100.00,3.49,insn per cycle
3.725906556,12101062331,,cycles,3226966206,100.00,,
3.826752556,5810863,,rD044,3226837819,100.00,,
3.826752556,273006486,,rFF44,3226265934,100.00,,
3.826752556,42346329717,,instructions,3225524927,100.00,3.50,insn per cycle
3.826752556,12097743393,,cycles,3226079064,100.00,,
3.927588366,5411371,,rD044,3227841349,100.00,,
3.927588366,271610901,,rFF44,3229296789,100.00,,
3.927588366,42186958734,,instructions,3229283860,100.00,3.48,insn per cycle
3.927588366,12105866872,,cycles,3228276893,100.00,,
4.028463596,5478705,,rD044,3227153301,100.00,,
4.028463596,271245865,,rFF44,3225963773,100.00,,
4.028463596,42131938208,,instructions,3225429109,100.00,3.48,insn per cycle
4.028463596,12092701905,,cycles,3224788677,100.00,,
4.129218965,5742896,,rD044,3223625036,100.00,,
4.129218965,272378347,,rFF44,3224178155,100.00,,
4.129218965,42272149074,,instructions,3224486541,100.00,3.50,insn per cycle
4.129218965,12094213977,,cycles,3225204677,100.00,,
4.230009284,5807408,,rD044,3225120370,100.00,,
4.230009284,272331125,,rFF44,3225290185,100.00,,
4.230009284,42268555090,,instructions,3225683893,100.00,3.50,insn per cycle
4.230009284,12093909636,,cycles,3225141850,100.00,,
4.330796403,5533538,,rD044,3225028085,100.00,,
4.330796403,271492455,,rFF44,3224573578,100.00,,
4.330796403,42180051609,,instructions,3225932506,100.00,3.49,insn per cycle
4.330796403,12098571023,,cycles,3226301613,100.00,,
4.431626403,5885023,,rD044,3226863012,100.00,,
4.431626403,270717794,,rFF44,3226443924,100.00,,
4.431626403,42056719952,,instructions,3224858294,100.00,3.48,insn per cycle
4.431626403,12095017492,,cycles,3225361411,100.00,,
4.532452263,5488467,,rD044,3225849423,100.00,,
4.532452263,272881748,,rFF44,3225812811,100.00,,
4.532452263,42334092612,,instructions,3225786433,100.00,3.50,insn per cycle
4.532452263,12103078381,,cycles,3227496889,100.00,,
4.633322623,5643258,,rD044,3228225997,100.00,,
4.633322623,272740847,,rFF44,3228715641,100.00,,
4.633322623,42327809111,,instructions,3229068449,100.00,3.50,insn per cycle
4.633322623,12099095889,,cycles,3226447003,100.00,,
4.734116602,5594716,,rD044,3225664014,100.00,,
4.734116602,270879262,,rFF44,3225708301,100.00,,
4.734116602,42088514325,,instructions,3225263625,100.00,3.48,insn per cycle
4.734116602,12096169489,,cycles,3225661181,100.00,,
4.834921692,5576598,,rD044,3224584836,100.00,,
4.834921692,273388797,,rFF44,3222736174,100.00,,
4.834921692,42348169506,,instructions,3221426088,100.00,3.51,insn per cycle
4.834921692,12074605597,,cycles,3219912957,100.00,,
4.935529419,5549402,,rD044,3220357256,100.00,,
4.935529419,271512897,,rFF44,3221897307,100.00,,
4.935529419,42198893316,,instructions,3223576871,100.00,3.49,insn per cycle
4.935529419,12093415319,,cycles,3224930496,100.00,,
5.036319418,6030939,,rD044,3225672734,100.00,,
5.036319418,270291219,,rFF44,3226470173,100.00,,
5.036319418,42024619545,,instructions,3226204860,100.00,3.47,insn per cycle
5.036319418,12100145064,,cycles,3226732128,100.00,,
5.137151248,5717523,,rD044,3226216960,100.00,,
5.137151248,270183806,,rFF44,3225184260,100.00,,
5.137151248,42004526471,,instructions,3224753275,100.00,3.47,insn per cycle
5.137151248,12094684530,,cycles,3225280735,100.00,,
5.237981858,5812802,,rD044,3226521789,100.00,,
5.237981858,270301126,,rFF44,3226590154,100.00,,
5.237981858,42023869016,,instructions,3227157771,100.00,3.47,insn per cycle
5.237981858,12101414324,,cycles,3227056993,100.00,,
5.338823098,5611887,,rD044,3226835491,100.00,,
5.338823098,270691800,,rFF44,3226625103,100.00,,
5.338823098,42072492494,,instructions,3226415946,100.00,3.48,insn per cycle
5.338823098,12097757121,,cycles,3226096239,100.00,,
5.439618677,5566119,,rD044,3225222838,100.00,,
5.439618677,271037283,,rFF44,3225556395,100.00,,
5.439618677,42112015703,,instructions,3225747474,100.00,3.48,insn per cycle
5.439618677,12095186911,,cycles,3225400487,100.00,,
5.540414286,5634629,,rD044,3225793612,100.00,,
5.540414286,271014033,,rFF44,3225661884,100.00,,
5.540414286,42103794773,,instructions,3225123866,100.00,3.48,insn per cycle
5.540414286,12092248519,,cycles,3224614718,100.00,,
5.641168415,5686641,,rD044,3223878934,100.00,,
5.641168415,271121392,,rFF44,3224158216,100.00,,
5.641168415,42131395434,,instructions,3224899918,100.00,3.48,insn per cycle
5.641168415,12093647702,,cycles,3225004294,100.00,,
5.741960594,5553125,,rD044,3225421937,100.00,,
5.741960594,271003238,,rFF44,3225566398,100.00,,
5.741960594,42104805975,,instructions,3225243487,100.00,3.48,insn per cycle
5.741960594,12093723749,,cycles,3225008178,100.00,,
5.842734683,5551069,,rD044,3224701717,100.00,,
5.842734683,270301096,,rFF44,3224319092,100.00,,
5.842734683,42020757635,,instructions,3224516615,100.00,3.47,insn per cycle
5.842734683,12096380690,,cycles,3225717124,100.00,,
5.943539593,5447565,,rD044,3225513984,100.00,,
5.943539593,270529837,,rFF44,3225277163,100.00,,
5.943539593,42038544951,,instructions,3224725546,100.00,3.48,insn per cycle
5.943539593,12094500300,,cycles,3225218661,100.00,,
6.044354922,5559338,,rD044,3226022132,100.00,,
6.044354922,270072779,,rFF44,3225846358,100.00,,
6.044354922,41996261422,,instructions,3225537290,100.00,3.47,insn per cycle
6.044354922,12088645846,,cycles,3223661379,100.00,,
6.145056701,5341986,,rD044,3222642678,100.00,,
6.145056701,270008309,,rFF44,3223303779,100.00,,
6.145056701,41989243115,,instructions,3223950875,100.00,3.47,insn per cycle
6.145056701,12091913207,,cycles,3224529416,100.00,,
6.245836380,5817555,,rD044,3224894181,100.00,,
6.245836380,270297726,,rFF44,3224493131,100.00,,
6.245836380,42025291221,,instructions,3224544495,100.00,3.48,insn per cycle
6.245836380,12090662836,,cycles,3224194378,100.00,,
6.346591599,5891177,,rD044,3224295069,100.00,,
6.346591599,268968391,,rFF44,3224662241,100.00,,
6.346591599,41862504729,,instructions,3224953197,100.00,3.46,insn per cycle
6.346591599,12094234260,,cycles,3225145372,100.00,,
6.447367078,5604894,,rD044,3223795631,100.00,,
6.447367078,270232603,,rFF44,3222188608,100.00,,
6.447367078,41976942203,,instructions,3221058651,100.00,3.47,insn per cycle
6.447367078,12082373176,,cycles,3221984754,100.00,,
6.548052426,5712702,,rD044,3222825477,100.00,,
6.548052426,273601391,,rFF44,3224362751,100.00,,
6.548052426,42449697200,,instructions,3225252016,100.00,3.51,insn per cycle
6.548052426,12090616784,,cycles,3224187056,100.00,,
6.648815315,5614580,,rD044,3225008349,100.00,,
6.648815315,270269909,,rFF44,3225348529,100.00,,
6.648815315,42031006655,,instructions,3225920485,100.00,3.47,insn per cycle
6.648815315,12103993260,,cycles,3227744362,100.00,,
6.749705905,5308748,,rD044,3227883935,100.00,,
6.749705905,255955031,,rFF44,3227591126,100.00,,
6.749705905,40283671271,,instructions,3227197825,100.00,3.33,insn per cycle
6.749705905,12095719114,,cycles,3225545521,100.00,,
6.850492455,5887832,,rD044,3225068705,100.00,,
6.850492455,270795542,,rFF44,3225646262,100.00,,
6.850492455,42071143900,,instructions,3225446626,100.00,3.48,insn per cycle
6.850492455,12094946835,,cycles,3225332653,100.00,,
6.951308914,5647506,,rD044,3225892835,100.00,,
6.951308914,270303324,,rFF44,3224917708,100.00,,
6.951308914,42006237023,,instructions,3224662171,100.00,3.47,insn per cycle
6.951308914,12093457978,,cycles,3224938505,100.00,,
7.052062233,5709353,,rD044,3224453814,100.00,,
7.052062233,270635501,,rFF44,3224913047,100.00,,
7.052062233,42061938764,,instructions,3225078495,100.00,3.48,insn per cycle
7.052062233,12093923736,,cycles,3225061825,100.00,,
7.152841402,5504573,,rD044,3224910429,100.00,,
7.152841402,271033221,,rFF44,3224787343,100.00,,
7.152841402,42113596398,,instructions,3225093220,100.00,3.48,insn per cycle
7.152841402,12096619358,,cycles,3225791608,100.00,,
7.253657252,5736888,,rD044,3225688071,100.00,,
7.253657252,270563526,,rFF44,3225304726,100.00,,
7.253657252,42047476949,,instructions,3225335220,100.00,3.48,insn per cycle
7.253657252,12094271314,,cycles,3225152179,100.00,,
7.354462551,6249528,,rD044,3226079294,100.00,,
7.354462551,270454075,,rFF44,3226549704,100.00,,
7.354462551,42027203954,,instructions,3226236304,100.00,3.47,insn per cycle
7.354462551,12097376864,,cycles,3225984029,100.00,,
7.455255830,5755750,,rD044,3225413000,100.00,,
7.455255830,271004488,,rFF44,3225443847,100.00,,
7.455255830,42102565017,,instructions,3225012162,100.00,3.48,insn per cycle
7.455255830,12092977655,,cycles,3224809210,100.00,,
7.556051080,5620212,,rD044,3225156892,100.00,,
7.556051080,269800672,,rFF44,3225235464,100.00,,
7.556051080,41961867093,,instructions,3225611638,100.00,3.47,insn per cycle
7.556051080,12095286641,,cycles,3225432060,100.00,,
7.656822779,5691771,,rD044,3225060395,100.00,,
7.656822779,270116612,,rFF44,3225065245,100.00,,
7.656822779,42007749607,,instructions,3225066902,100.00,3.47,insn per cycle
7.656822779,12094047823,,cycles,3225109231,100.00,,
7.757618048,5610568,,rD044,3225556103,100.00,,
7.757618048,269661502,,rFF44,3225342286,100.00,,
7.757618048,41940615271,,instructions,3225111675,100.00,3.47,insn per cycle
7.757618048,12094855697,,cycles,3225311249,100.00,,
7.858434508,5840587,,rD044,3226352008,100.00,,
7.858434508,270892141,,rFF44,3227751996,100.00,,
7.858434508,42114178450,,instructions,3229028241,100.00,3.48,insn per cycle
7.858434508,12109548122,,cycles,3229236053,100.00,,
7.959316778,5692149,,rD044,3226502395,100.00,,
7.959316778,273175552,,rFF44,3223599479,100.00,,
7.959316778,42305288751,,instructions,3221129949,100.00,3.50,insn per cycle
7.959316778,12070414281,,cycles,3218865686,100.00,,
8.059863604,5824343,,rD044,3218355764,100.00,,
8.059863604,271668810,,rFF44,3219608297,100.00,,
8.059863604,42212854010,,instructions,3220720928,100.00,3.49,insn per cycle
8.059863604,12083318423,,cycles,3222248589,100.00,,
8.160596743,5688915,,rD044,3222969427,100.00,,
8.160596743,269461357,,rFF44,3222817794,100.00,,
8.160596743,41912057290,,instructions,3222708289,100.00,3.47,insn per cycle
8.160596743,12086245028,,cycles,3223148663,100.00,,
8.261342322,5671564,,rD044,3223680040,100.00,,
8.261342322,269631772,,rFF44,3223819915,100.00,,
8.261342322,41924174724,,instructions,3223659961,100.00,3.47,insn per cycle
8.261342322,12087392586,,cycles,3223325561,100.00,,
8.362090531,5567943,,rD044,3224016640,100.00,,
8.362090531,269566300,,rFF44,3224517529,100.00,,
8.362090531,41937003936,,instructions,3225274079,100.00,3.47,insn per cycle
8.362090531,12094802515,,cycles,3225305004,100.00,,
8.448355900,3901230,,rD044,2622664070,100.00,,
8.448355900,177968168,,rFF44,2617600130,100.00,,
8.448355900,28916900926,,instructions,2613181882,100.00,2.96,insn per cycle
8.448355900,9783375263,,cycles,2608943942,100.00,,
