0.100131187,4636134,,rD044,92664460,100.00,,
0.100131187,20498493,,rFF44,92671240,100.00,,
0.100131187,444705145,,instructions,92675790,100.00,1.29,insn per cycle
0.100131187,343626987,,cycles,92681700,100.00,,
0.200433186,5503648,,rD044,100297455,100.00,,
0.200433186,23994953,,rFF44,100296575,100.00,,
0.200433186,505185996,,instructions,100296975,100.00,1.34,insn per cycle
0.200433186,376108108,,cycles,100295975,100.00,,
0.300642644,5479111,,rD044,100208395,100.00,,
0.300642644,23969473,,rFF44,100208695,100.00,,
0.300642644,505215301,,instructions,100208115,100.00,1.34,insn per cycle
0.300642644,375779428,,cycles,100208335,100.00,,
0.400857132,6764068,,rD044,100200004,100.00,,
0.400857132,29298862,,rFF44,100199774,100.00,,
0.400857132,77468531,,instructions,100200004,100.00,0.21,insn per cycle
0.400857132,375721316,,cycles,100199544,100.00,,
0.501079770,6922772,,rD044,100221775,100.00,,
0.501079770,30189426,,rFF44,100222195,100.00,,
0.501079770,37693681,,instructions,100221645,100.00,0.10,insn per cycle
0.501079770,375828157,,cycles,100221325,100.00,,
0.601284508,2941473,,rD044,951602029,100.00,,
0.601284508,97684776,,rFF44,952669312,100.00,,
0.601284508,13073747767,,instructions,953356402,100.00,3.66,insn per cycle
0.601284508,3576500500,,cycles,954056812,100.00,,
0.701694148,59646,,rD044,1606409924,100.00,,
0.701694148,143716719,,rFF44,1606304676,100.00,,
0.701694148,22350185503,,instructions,1606303996,100.00,3.71,insn per cycle
0.701694148,6023534620,,cycles,1606289496,100.00,,
0.802081018,58205,,rD044,1606177775,100.00,,
0.802081018,144749828,,rFF44,1606173040,100.00,,
0.802081018,22472520726,,instructions,1606139488,100.00,3.73,insn per cycle
0.802081018,6022844094,,cycles,1606099666,100.00,,
0.902458388,58310,,rD044,1605990713,100.00,,
0.902458388,143836792,,rFF44,1605982966,100.00,,
0.902458388,22344176779,,instructions,1605988348,100.00,3.71,insn per cycle
0.902458388,6022897366,,cycles,1606120870,100.00,,
1.002837588,57148,,rD044,1606051623,100.00,,
1.002837588,145478373,,rFF44,1606010807,100.00,,
1.002837588,22583902903,,instructions,1605951936,100.00,3.75,insn per cycle
1.002837588,6021682057,,cycles,1605790526,100.00,,
1.103194257,56488,,rD044,1605683996,100.00,,
1.103194257,147525165,,rFF44,1605630749,100.00,,
1.103194257,22819615790,,instructions,1605648550,100.00,3.79,insn per cycle
1.103194257,6021282971,,cycles,1605683470,100.00,,
1.203548967,56444,,rD044,1605652310,100.00,,
1.203548967,147412030,,rFF44,1605839770,100.00,,
1.203548967,22801064670,,instructions,1605868746,100.00,3.79,insn per cycle
1.203548967,6021891670,,cycles,1605843776,100.00,,
1.303920817,54355,,rD044,1605907716,100.00,,
1.303920817,140824992,,rFF44,1605697176,100.00,,
1.303920817,21964332259,,instructions,1605651580,100.00,3.65,insn per cycle
1.303920817,6021019192,,cycles,1605614200,100.00,,
1.404266446,51856,,rD044,1605512340,100.00,,
1.404266446,140485763,,rFF44,1605470835,100.00,,
1.404266446,21917885576,,instructions,1605450376,100.00,3.64,insn per cycle
1.404266446,6020336561,,cycles,1605433996,100.00,,
1.504603766,53206,,rD044,1605437135,100.00,,
1.504603766,142510577,,rFF44,1605459751,100.00,,
1.504603766,22158612236,,instructions,1605505820,100.00,3.68,insn per cycle
1.504603766,6020777055,,cycles,1605553520,100.00,,
1.604962145,53714,,rD044,1605642861,100.00,,
1.604962145,139836896,,rFF44,1605658410,100.00,,
1.604962145,21862012873,,instructions,1605673445,100.00,3.63,insn per cycle
1.604962145,6021306027,,cycles,1605690116,100.00,,
1.705308475,54171,,rD044,1605561503,100.00,,
1.705308475,144714505,,rFF44,1605607056,100.00,,
1.705308475,22453160278,,instructions,1605604371,100.00,3.73,insn per cycle
1.705308475,6020926453,,cycles,1605588340,100.00,,
1.805664304,53109,,rD044,1605569652,100.00,,
1.805664304,143031834,,rFF44,1605457539,100.00,,
1.805664304,22242209097,,instructions,1605436038,100.00,3.69,insn per cycle
1.805664304,6020219075,,cycles,1605412645,100.00,,
1.905999314,54870,,rD044,1605398558,100.00,,
1.905999314,143854520,,rFF44,1605468846,100.00,,
1.905999314,22356441947,,instructions,1605488707,100.00,3.71,insn per cycle
1.905999314,6020697850,,cycles,1605535370,100.00,,
2.006393244,54607,,rD044,1606321328,100.00,,
2.006393244,143136548,,rFF44,1606372516,100.00,,
2.006393244,22267478923,,instructions,1606350616,100.00,3.70,insn per cycle
2.006393244,6023525741,,cycles,1606293406,100.00,,
2.106753193,57539,,rD044,1605575696,100.00,,
2.106753193,141721578,,rFF44,1605423880,100.00,,
2.106753193,22090410451,,instructions,1605410000,100.00,3.67,insn per cycle
2.106753193,6020280084,,cycles,1605427520,100.00,,
2.207087273,58313,,rD044,1605193839,100.00,,
2.207087273,141575463,,rFF44,1605277039,100.00,,
2.207087273,22041556106,,instructions,1605288370,100.00,3.66,insn per cycle
2.207087273,6019735583,,cycles,1605284305,100.00,,
2.307431762,53052,,rD044,1605462570,100.00,,
2.307431762,141143763,,rFF44,1605473786,100.00,,
2.307431762,22001268202,,instructions,1605476795,100.00,3.65,insn per cycle
2.307431762,6020480104,,cycles,1605481440,100.00,,
2.407784462,56473,,rD044,1605591036,100.00,,
2.407784462,145738194,,rFF44,1605568910,100.00,,
2.407784462,22578462581,,instructions,1605585876,100.00,3.75,insn per cycle
2.407784462,6020975906,,cycles,1605615926,100.00,,
2.508134991,55391,,rD044,1605567028,100.00,,
2.508134991,144339673,,rFF44,1605600015,100.00,,
2.508134991,22415213741,,instructions,1605589139,100.00,3.72,insn per cycle
2.508134991,6020713445,,cycles,1605542459,100.00,,
2.608482541,55442,,rD044,1605430986,100.00,,
2.608482541,144305983,,rFF44,1605376519,100.00,,
2.608482541,22403913554,,instructions,1605354700,100.00,3.72,insn per cycle
2.608482541,6020552989,,cycles,1605514635,100.00,,
2.708829090,55605,,rD044,1605475855,100.00,,
2.708829090,147125280,,rFF44,1605532166,100.00,,
2.708829090,22755412365,,instructions,1605569205,100.00,3.78,insn per cycle
2.708829090,6020402344,,cycles,1605475850,100.00,,
2.809182980,56371,,rD044,1605442430,100.00,,
2.809182980,145025995,,rFF44,1605349969,100.00,,
2.809182980,22505118781,,instructions,1605338249,100.00,3.74,insn per cycle
2.809182980,6019708779,,cycles,1605316389,100.00,,
2.909529299,56384,,rD044,1605500632,100.00,,
2.909529299,148271190,,rFF44,1605695355,100.00,,
2.909529299,22890904464,,instructions,1605755815,100.00,3.80,insn per cycle
2.909529299,6021395407,,cycles,1605772815,100.00,,
3.009899809,55559,,rD044,1605806093,100.00,,
3.009899809,144379660,,rFF44,1605689820,100.00,,
3.009899809,22387139205,,instructions,1605663550,100.00,3.72,insn per cycle
3.009899809,6021147808,,cycles,1605660225,100.00,,
3.110254699,55001,,rD044,1605642645,100.00,,
3.110254699,144985472,,rFF44,1605643406,100.00,,
3.110254699,22485992398,,instructions,1605581016,100.00,3.73,insn per cycle
3.110254699,6020826364,,cycles,1605572841,100.00,,
3.210605538,54017,,rD044,1605436030,100.00,,
3.210605538,143685201,,rFF44,1605414309,100.00,,
3.210605538,22308972454,,instructions,1605430889,100.00,3.71,insn per cycle
3.210605538,6020150120,,cycles,1605396821,100.00,,
3.310957748,53731,,rD044,1605450040,100.00,,
3.310957748,144970607,,rFF44,1605386456,100.00,,
3.310957748,22484622052,,instructions,1605409356,100.00,3.73,insn per cycle
3.310957748,6020227726,,cycles,1605416924,100.00,,
3.411299937,54540,,rD044,1605447376,100.00,,
3.411299937,143400865,,rFF44,1605495090,100.00,,
3.411299937,22292889029,,instructions,1605439680,100.00,3.70,insn per cycle
3.411299937,6020322186,,cycles,1605442332,100.00,,
3.511644897,55977,,rD044,1605499920,100.00,,
3.511644897,146751772,,rFF44,1605543331,100.00,,
3.511644897,22725420016,,instructions,1605596236,100.00,3.77,insn per cycle
3.511644897,6020911236,,cycles,1605595344,100.00,,
3.611997286,57039,,rD044,1605534466,100.00,,
3.611997286,148878029,,rFF44,1605473995,100.00,,
3.611997286,22995997448,,instructions,1605449510,100.00,3.82,insn per cycle
3.611997286,6020296337,,cycles,1605431810,100.00,,
3.712338456,54016,,rD044,1605385640,100.00,,
3.712338456,143962762,,rFF44,1605381800,100.00,,
3.712338456,22368814372,,instructions,1605379216,100.00,3.72,insn per cycle
3.712338456,6020183819,,cycles,1605409506,100.00,,
3.812680175,54580,,rD044,1605409274,100.00,,
3.812680175,141261196,,rFF44,1605454865,100.00,,
3.812680175,21978600957,,instructions,1605450999,100.00,3.65,insn per cycle
3.812680175,6020257363,,cycles,1605428919,100.00,,
3.913059485,53555,,rD044,1605999180,100.00,,
3.913059485,142616138,,rFF44,1605982645,100.00,,
3.913059485,22195962967,,instructions,1606013405,100.00,3.69,insn per cycle
3.913059485,6022453528,,cycles,1606007945,100.00,,
4.013406575,55169,,rD044,1605487566,100.00,,
4.013406575,142652382,,rFF44,1605484990,100.00,,
4.013406575,22189494185,,instructions,1605473630,100.00,3.69,insn per cycle
4.013406575,6020451110,,cycles,1605474350,100.00,,
4.113762484,54667,,rD044,1605649189,100.00,,
4.113762484,143121977,,rFF44,1605660662,100.00,,
4.113762484,22244222786,,instructions,1605654875,100.00,3.69,insn per cycle
4.113762484,6021181266,,cycles,1605667335,100.00,,
4.214111604,54567,,rD044,1605376374,100.00,,
4.214111604,143382157,,rFF44,1605417041,100.00,,
4.214111604,22310090997,,instructions,1605433138,100.00,3.71,insn per cycle
4.214111604,6020347026,,cycles,1605449078,100.00,,
4.314465363,54532,,rD044,1605592830,100.00,,
4.314465363,144275750,,rFF44,1605528090,100.00,,
4.314465363,22401550821,,instructions,1605521774,100.00,3.72,insn per cycle
4.314465363,6020801272,,cycles,1605565706,100.00,,
4.414814053,57115,,rD044,1605540355,100.00,,
4.414814053,147150803,,rFF44,1605556456,100.00,,
4.414814053,22782219075,,instructions,1605545932,100.00,3.78,insn per cycle
4.414814053,6020547308,,cycles,1605497540,100.00,,
4.515161612,55089,,rD044,1605505871,100.00,,
4.515161612,143232767,,rFF44,1605534800,100.00,,
4.515161612,22255222315,,instructions,1605505240,100.00,3.70,insn per cycle
4.515161612,6020480445,,cycles,1605487956,100.00,,
4.615509202,55139,,rD044,1605510141,100.00,,
4.615509202,142700181,,rFF44,1605517956,100.00,,
4.615509202,22189667905,,instructions,1605644326,100.00,3.69,insn per cycle
4.615509202,6021179902,,cycles,1605665580,100.00,,
4.715868062,53931,,rD044,1605615315,100.00,,
4.715868062,141427329,,rFF44,1605555110,100.00,,
4.715868062,22049022956,,instructions,1605444396,100.00,3.66,insn per cycle
4.715868062,6020330805,,cycles,1605449636,100.00,,
4.816217661,53897,,rD044,1605551919,100.00,,
4.816217661,141466920,,rFF44,1605648546,100.00,,
4.816217661,22063382916,,instructions,1605681260,100.00,3.66,insn per cycle
4.816217661,6021214434,,cycles,1605676860,100.00,,
4.916570481,55486,,rD044,1605617597,100.00,,
4.916570481,145570209,,rFF44,1605632850,100.00,,
4.916570481,22571661139,,instructions,1605598146,100.00,3.75,insn per cycle
4.916570481,6020924291,,cycles,1605599966,100.00,,
5.016929110,55754,,rD044,1605663460,100.00,,
5.016929110,147747456,,rFF44,1605600766,100.00,,
5.016929110,22834101226,,instructions,1605604710,100.00,3.79,insn per cycle
5.016929110,6020867451,,cycles,1605584530,100.00,,
5.117282820,55386,,rD044,1605630595,100.00,,
5.117282820,144333196,,rFF44,1605656199,100.00,,
5.117282820,22420590166,,instructions,1605652175,100.00,3.72,insn per cycle
5.117282820,6021106785,,cycles,1605648975,100.00,,
5.217629969,57119,,rD044,1605282465,100.00,,
5.217629969,145881242,,rFF44,1605207925,100.00,,
5.217629969,22612311367,,instructions,1605232659,100.00,3.76,insn per cycle
5.217629969,6019492403,,cycles,1605220029,100.00,,
5.317967439,56323,,rD044,1605331810,100.00,,
5.317967439,141748846,,rFF44,1605318570,100.00,,
5.317967439,22097839165,,instructions,1605318570,100.00,3.67,insn per cycle
5.317967439,6020025375,,cycles,1605360618,100.00,,
5.418312598,53665,,rD044,1605501679,100.00,,
5.418312598,142126274,,rFF44,1605560535,100.00,,
5.418312598,22126179817,,instructions,1605561705,100.00,3.67,insn per cycle
5.418312598,6020761048,,cycles,1605556237,100.00,,
5.518661838,56025,,rD044,1605528086,100.00,,
5.518661838,146111330,,rFF44,1605515840,100.00,,
5.518661838,22637328526,,instructions,1605509770,100.00,3.76,insn per cycle
5.518661838,6020536384,,cycles,1605499792,100.00,,
5.619007067,56064,,rD044,1605456340,100.00,,
5.619007067,146348266,,rFF44,1605453859,100.00,,
5.619007067,22670331011,,instructions,1605468406,100.00,3.77,insn per cycle
5.619007067,6020398097,,cycles,1605459534,100.00,,
5.719383657,54957,,rD044,1605922225,100.00,,
5.719383657,146113204,,rFF44,1605913816,100.00,,
5.719383657,22641827826,,instructions,1605897009,100.00,3.76,insn per cycle
5.719383657,6021967613,,cycles,1605882634,100.00,,
5.819731056,56425,,rD044,1605549260,100.00,,
5.819731056,145926930,,rFF44,1605599745,100.00,,
5.819731056,22603053300,,instructions,1605608586,100.00,3.75,insn per cycle
5.819731056,6020930141,,cycles,1605600921,100.00,,
5.920077276,56138,,rD044,1605456266,100.00,,
5.920077276,147478637,,rFF44,1605404651,100.00,,
5.920077276,22796122767,,instructions,1605394390,100.00,3.79,insn per cycle
5.920077276,6020285994,,cycles,1605429140,100.00,,
6.020420495,54494,,rD044,1605436649,100.00,,
6.020420495,142642938,,rFF44,1605501005,100.00,,
6.020420495,22169898327,,instructions,1605489215,100.00,3.68,insn per cycle
6.020420495,6020447602,,cycles,1605473265,100.00,,
6.120779575,56698,,rD044,1605678796,100.00,,
6.120779575,147433754,,rFF44,1605578560,100.00,,
6.120779575,22799016182,,instructions,1605575400,100.00,3.79,insn per cycle
6.120779575,6020953994,,cycles,1605611430,100.00,,
6.221129725,57172,,rD044,1605383689,100.00,,
6.221129725,146799232,,rFF44,1605460663,100.00,,
6.221129725,22737371825,,instructions,1605477885,100.00,3.78,insn per cycle
6.221129725,6020391849,,cycles,1605459545,100.00,,
6.321474104,54639,,rD044,1605543786,100.00,,
6.321474104,144430492,,rFF44,1605575332,100.00,,
6.321474104,22429377105,,instructions,1605610450,100.00,3.73,insn per cycle
6.321474104,6021291896,,cycles,1605700720,100.00,,
6.421840174,54928,,rD044,1605722850,100.00,,
6.421840174,143420479,,rFF44,1605661842,100.00,,
6.421840174,22313334964,,instructions,1605600126,100.00,3.71,insn per cycle
6.421840174,6020512675,,cycles,1605489106,100.00,,
6.522181573,55527,,rD044,1605428475,100.00,,
6.522181573,147614529,,rFF44,1605448364,100.00,,
6.522181573,22832180745,,instructions,1605500170,100.00,3.79,insn per cycle
6.522181573,6020598186,,cycles,1605516780,100.00,,
6.622534733,55428,,rD044,1605608230,100.00,,
6.622534733,142279258,,rFF44,1605762272,100.00,,
6.622534733,22134741373,,instructions,1605773135,100.00,3.68,insn per cycle
6.622534733,6021493883,,cycles,1605765205,100.00,,
6.722906873,56115,,rD044,1605738875,100.00,,
6.722906873,144233665,,rFF44,1605554022,100.00,,
6.722906873,22407464216,,instructions,1605505079,100.00,3.72,insn per cycle
6.722906873,6020406592,,cycles,1605487709,100.00,,
6.823251852,56441,,rD044,1605379530,100.00,,
6.823251852,145634028,,rFF44,1605378480,100.00,,
6.823251852,22598172566,,instructions,1605388943,100.00,3.75,insn per cycle
6.823251852,6020134035,,cycles,1605421436,100.00,,
6.923588102,57117,,rD044,1605347670,100.00,,
6.923588102,146580557,,rFF44,1605484435,100.00,,
6.923588102,22701102355,,instructions,1605514762,100.00,3.77,insn per cycle
6.923588102,6020343183,,cycles,1605492619,100.00,,
7.023950501,55734,,rD044,1605690705,100.00,,
7.023950501,146023482,,rFF44,1605636240,100.00,,
7.023950501,22626020780,,instructions,1605605922,100.00,3.76,insn per cycle
7.023950501,6021004003,,cycles,1605627026,100.00,,
7.124307481,54933,,rD044,1605670693,100.00,,
7.124307481,144404690,,rFF44,1605656216,100.00,,
7.124307481,22385206772,,instructions,1605669184,100.00,3.72,insn per cycle
7.124307481,6021109961,,cycles,1605649050,100.00,,
7.224665890,55521,,rD044,1605470332,100.00,,
7.224665890,140233651,,rFF44,1605412229,100.00,,
7.224665890,21891716641,,instructions,1605426920,100.00,3.64,insn per cycle
7.224665890,6020331530,,cycles,1605444195,100.00,,
7.325015770,54752,,rD044,1605519002,100.00,,
7.325015770,142501348,,rFF44,1605508256,100.00,,
7.325015770,22163391966,,instructions,1605477485,100.00,3.68,insn per cycle
7.325015770,6020459569,,cycles,1605475050,100.00,,
7.425360049,55068,,rD044,1605456693,100.00,,
7.425360049,145067808,,rFF44,1605461219,100.00,,
7.425360049,22487578991,,instructions,1605497733,100.00,3.74,insn per cycle
7.425360049,6020531294,,cycles,1605494925,100.00,,
7.525705839,54642,,rD044,1605506537,100.00,,
7.525705839,142587242,,rFF44,1605563246,100.00,,
7.525705839,22176205721,,instructions,1605510762,100.00,3.68,insn per cycle
7.525705839,6020451564,,cycles,1605476710,100.00,,
7.626086499,54322,,rD044,1606007299,100.00,,
7.626086499,143944873,,rFF44,1606013810,100.00,,
7.626086499,22362056811,,instructions,1606051192,100.00,3.71,insn per cycle
7.626086499,6022773966,,cycles,1606098046,100.00,,
7.726437908,55647,,rD044,1605504751,100.00,,
7.726437908,146688776,,rFF44,1605417346,100.00,,
7.726437908,22709175307,,instructions,1605422574,100.00,3.77,insn per cycle
7.726437908,6020153746,,cycles,1605392250,100.00,,
7.826795748,55056,,rD044,1605699225,100.00,,
7.826795748,145770223,,rFF44,1605725110,100.00,,
7.826795748,22611086863,,instructions,1605708239,100.00,3.76,insn per cycle
7.826795748,6021378906,,cycles,1605719916,100.00,,
7.927137137,53966,,rD044,1605425519,100.00,,
7.927137137,141767441,,rFF44,1605461636,100.00,,
7.927137137,22101643672,,instructions,1605486557,100.00,3.67,insn per cycle
7.927137137,6020498244,,cycles,1605486000,100.00,,
8.027490307,54715,,rD044,1605598577,100.00,,
8.027490307,144817296,,rFF44,1605581910,100.00,,
8.027490307,22447369977,,instructions,1605625067,100.00,3.73,insn per cycle
8.027490307,6021390198,,cycles,1605725166,100.00,,
8.127849907,54905,,rD044,1605702899,100.00,,
8.127849907,142246509,,rFF44,1605707725,100.00,,
8.127849907,22139758729,,instructions,1605665758,100.00,3.68,insn per cycle
8.127849907,6020812816,,cycles,1605569589,100.00,,
8.228198676,57035,,rD044,1605326385,100.00,,
8.228198676,142590473,,rFF44,1605295719,100.00,,
8.228198676,22196045475,,instructions,1605234269,100.00,3.69,insn per cycle
8.228198676,6019424586,,cycles,1605200753,100.00,,
8.328531575,56873,,rD044,1605324782,100.00,,
8.328531575,141473994,,rFF44,1605435976,100.00,,
8.328531575,22078645800,,instructions,1605510236,100.00,3.67,insn per cycle
8.328531575,6020734405,,cycles,1605549052,100.00,,
8.428890475,55806,,rD044,1605649324,100.00,,
8.428890475,146412978,,rFF44,1605540420,100.00,,
8.428890475,22668857154,,instructions,1605504940,100.00,3.77,insn per cycle
8.428890475,6020557001,,cycles,1605501319,100.00,,
8.529235275,53106,,rD044,1605498860,100.00,,
8.529235275,139614193,,rFF44,1605526936,100.00,,
8.529235275,21818344141,,instructions,1605533526,100.00,3.62,insn per cycle
8.529235275,6020654780,,cycles,1605532677,100.00,,
8.629583954,56046,,rD044,1605566345,100.00,,
8.629583954,143677470,,rFF44,1605643639,100.00,,
8.629583954,22305778018,,instructions,1605631039,100.00,3.70,insn per cycle
8.629583954,6021043393,,cycles,1605635006,100.00,,
8.729940054,56369,,rD044,1605527430,100.00,,
8.729940054,143705768,,rFF44,1605419321,100.00,,
8.729940054,22322100976,,instructions,1605460186,100.00,3.71,insn per cycle
8.729940054,6020489353,,cycles,1605481719,100.00,,
8.830286773,53989,,rD044,1605524676,100.00,,
8.830286773,140833770,,rFF44,1605535745,100.00,,
8.830286773,21951108214,,instructions,1605523730,100.00,3.65,insn per cycle
8.830286773,6020577009,,cycles,1605506040,100.00,,
8.930636463,56956,,rD044,1605482429,100.00,,
8.930636463,147542036,,rFF44,1605466264,100.00,,
8.930636463,22801124498,,instructions,1605450645,100.00,3.79,insn per cycle
8.930636463,6020331449,,cycles,1605443935,100.00,,
9.030984802,55410,,rD044,1605597286,100.00,,
9.030984802,144924595,,rFF44,1605671701,100.00,,
9.030984802,22475302984,,instructions,1605648840,100.00,3.73,insn per cycle
9.030984802,6021143058,,cycles,1605658390,100.00,,
9.131343242,54691,,rD044,1605659149,100.00,,
9.131343242,142805312,,rFF44,1605612195,100.00,,
9.131343242,22224054894,,instructions,1605606235,100.00,3.69,insn per cycle
9.131343242,6020885743,,cycles,1605597405,100.00,,
9.231693521,55698,,rD044,1605375374,100.00,,
9.231693521,142962036,,rFF44,1605402978,100.00,,
9.231693521,22216303571,,instructions,1605441628,100.00,3.69,insn per cycle
9.231693521,6020354491,,cycles,1605448338,100.00,,
9.332041161,53243,,rD044,1605438760,100.00,,
9.332041161,141052710,,rFF44,1605329120,100.00,,
9.332041161,21966844286,,instructions,1605305082,100.00,3.65,insn per cycle
9.332041161,6019690249,,cycles,1605271256,100.00,,
9.432410551,52812,,rD044,1605946985,100.00,,
9.432410551,139781780,,rFF44,1606043575,100.00,,
9.432410551,21829571297,,instructions,1606038283,100.00,3.62,insn per cycle
9.432410551,6022624022,,cycles,1606052209,100.00,,
9.532766980,54765,,rD044,1605583690,100.00,,
9.532766980,143005031,,rFF44,1605513862,100.00,,
9.532766980,22232824923,,instructions,1605521256,100.00,3.69,insn per cycle
9.532766980,6020747502,,cycles,1605553076,100.00,,
9.633110510,55773,,rD044,1605417486,100.00,,
9.633110510,146577059,,rFF44,1605472244,100.00,,
9.633110510,22693860889,,instructions,1605472450,100.00,3.77,insn per cycle
9.633110510,6020228344,,cycles,1605423820,100.00,,
9.733455359,53860,,rD044,1605502970,100.00,,
9.733455359,142058992,,rFF44,1605504190,100.00,,
9.733455359,22115920423,,instructions,1605483382,100.00,3.67,insn per cycle
9.733455359,6020822605,,cycles,1605571156,100.00,,
9.833816599,56329,,rD044,1605711164,100.00,,
9.833816599,146670891,,rFF44,1605750355,100.00,,
9.833816599,22727070615,,instructions,1605795613,100.00,3.77,insn per cycle
9.833816599,6021473186,,cycles,1605745139,100.00,,
9.934165388,55254,,rD044,1605472891,100.00,,
9.934165388,145900641,,rFF44,1605374900,100.00,,
9.934165388,22621453479,,instructions,1605365199,100.00,3.76,insn per cycle
9.934165388,6019980624,,cycles,1605347686,100.00,,
10.034505778,54652,,rD044,1605478050,100.00,,
10.034505778,144195807,,rFF44,1605611076,100.00,,
10.034505778,22402556513,,instructions,1605774307,100.00,3.72,insn per cycle
10.034505778,6021630603,,cycles,1605788030,100.00,,
10.134883328,56788,,rD044,1605760164,100.00,,
10.134883328,145831501,,rFF44,1605652668,100.00,,
10.134883328,22627015976,,instructions,1605478501,100.00,3.76,insn per cycle
10.134883328,6020358745,,cycles,1605452744,100.00,,
10.235227507,56167,,rD044,1604313536,100.00,,
10.235227507,145040084,,rFF44,1604361830,100.00,,
10.235227507,22500455117,,instructions,1604356997,100.00,3.74,insn per cycle
10.235227507,6016285711,,cycles,1604363934,100.00,,
10.335575247,56280,,rD044,1605524553,100.00,,
10.335575247,145148775,,rFF44,1605572009,100.00,,
10.335575247,22509592834,,instructions,1605586728,100.00,3.74,insn per cycle
10.335575247,6020970760,,cycles,1605615025,100.00,,
10.435929386,57082,,rD044,1605588779,100.00,,
10.435929386,144842369,,rFF44,1605546025,100.00,,
10.435929386,22478587927,,instructions,1605520906,100.00,3.73,insn per cycle
10.435929386,6020465076,,cycles,1605480619,100.00,,
10.536279086,54997,,rD044,1605548886,100.00,,
10.536279086,144636500,,rFF44,1605506150,100.00,,
10.536279086,22458650245,,instructions,1605494402,100.00,3.73,insn per cycle
10.536279086,6020605880,,cycles,1605518616,100.00,,
10.636636145,56145,,rD044,1605532627,100.00,,
10.636636145,145075512,,rFF44,1605585095,100.00,,
10.636636145,22509239704,,instructions,1605636883,100.00,3.74,insn per cycle
10.636636145,6020999030,,cycles,1605640639,100.00,,
10.736993605,55401,,rD044,1605645116,100.00,,
10.736993605,146077041,,rFF44,1605732948,100.00,,
10.736993605,22650457056,,instructions,1605687336,100.00,3.76,insn per cycle
10.736993605,6020967198,,cycles,1605641884,100.00,,
10.837353825,56658,,rD044,1605608569,100.00,,
10.837353825,147856844,,rFF44,1605493355,100.00,,
10.837353825,22863127118,,instructions,1605528447,100.00,3.80,insn per cycle
10.837353825,6020674636,,cycles,1605557349,100.00,,
10.937696084,56641,,rD044,1605304735,100.00,,
10.937696084,147455222,,rFF44,1605343219,100.00,,
10.937696084,22803895753,,instructions,1605341140,100.00,3.79,insn per cycle
10.937696084,6019858976,,cycles,1605356445,100.00,,
11.038046264,55251,,rD044,1605588896,100.00,,
11.038046264,144433968,,rFF44,1605613456,100.00,,
11.038046264,22446007573,,instructions,1605585885,100.00,3.73,insn per cycle
11.038046264,6020879905,,cycles,1605589620,100.00,,
11.138405163,54458,,rD044,1605652410,100.00,,
11.138405163,146734876,,rFF44,1605618830,100.00,,
11.138405163,22716516580,,instructions,1605623910,100.00,3.77,insn per cycle
11.138405163,6020892343,,cycles,1605595216,100.00,,
11.238765393,55792,,rD044,1605525106,100.00,,
11.238765393,146213323,,rFF44,1605535265,100.00,,
11.238765393,22631258712,,instructions,1605557055,100.00,3.76,insn per cycle
11.238765393,6020794971,,cycles,1605567269,100.00,,
11.339143013,54738,,rD044,1605945009,100.00,,
11.339143013,142669111,,rFF44,1605808500,100.00,,
11.339143013,22195313870,,instructions,1605750116,100.00,3.69,insn per cycle
11.339143013,6021461763,,cycles,1605742646,100.00,,
11.439473952,54797,,rD044,1605239066,100.00,,
11.439473952,140190337,,rFF44,1605266656,100.00,,
11.439473952,21907692433,,instructions,1605278030,100.00,3.64,insn per cycle
11.439473952,6020164190,,cycles,1605398290,100.00,,
11.539828642,57610,,rD044,1605643238,100.00,,
11.539828642,143197431,,rFF44,1605686778,100.00,,
11.539828642,22281243269,,instructions,1605728278,100.00,3.70,insn per cycle
11.539828642,6021046630,,cycles,1605635623,100.00,,
11.640170781,54871,,rD044,1605372452,100.00,,
11.640170781,144349891,,rFF44,1605361566,100.00,,
11.640170781,22419007171,,instructions,1605342016,100.00,3.72,insn per cycle
11.640170781,6019780139,,cycles,1605299491,100.00,,
11.740510811,55539,,rD044,1605440634,100.00,,
11.740510811,141724575,,rFF44,1605523660,100.00,,
11.740510811,22080460398,,instructions,1605677310,100.00,3.67,insn per cycle
11.740510811,6021361295,,cycles,1605715500,100.00,,
11.840870171,55673,,rD044,1605604590,100.00,,
11.840870171,140397569,,rFF44,1605521013,100.00,,
11.840870171,21930819610,,instructions,1605398876,100.00,3.64,insn per cycle
11.840870171,6020179391,,cycles,1605403166,100.00,,
11.941210341,54660,,rD044,1605445706,100.00,,
11.941210341,146203926,,rFF44,1605492773,100.00,,
11.941210341,22644968251,,instructions,1605474750,100.00,3.76,insn per cycle
11.941210341,6020460848,,cycles,1605479340,100.00,,
12.041551911,55185,,rD044,1605433240,100.00,,
12.041551911,143646240,,rFF44,1605532268,100.00,,
12.041551911,22301979320,,instructions,1605503386,100.00,3.70,insn per cycle
12.041551911,6020493890,,cycles,1605484816,100.00,,
12.141903801,56615,,rD044,1605598366,100.00,,
12.141903801,146515351,,rFF44,1605521918,100.00,,
12.141903801,22681067304,,instructions,1605581410,100.00,3.77,insn per cycle
12.141903801,6020954103,,cycles,1605608980,100.00,,
12.242258921,54692,,rD044,1605487209,100.00,,
12.242258921,142340954,,rFF44,1605480823,100.00,,
12.242258921,22155604250,,instructions,1605443455,100.00,3.68,insn per cycle
12.242258921,6020139752,,cycles,1605392405,100.00,,
12.342605871,54717,,rD044,1605514416,100.00,,
12.342605871,142146169,,rFF44,1605458812,100.00,,
12.342605871,22116456667,,instructions,1605482560,100.00,3.67,insn per cycle
12.342605871,6020512819,,cycles,1605489030,100.00,,
12.442951251,53988,,rD044,1605418180,100.00,,
12.442951251,142851847,,rFF44,1605441500,100.00,,
12.442951251,22227309320,,instructions,1605457012,100.00,3.69,insn per cycle
12.442951251,6020585720,,cycles,1605509236,100.00,,
12.543298841,57116,,rD044,1605509400,100.00,,
12.543298841,149012910,,rFF44,1605535805,100.00,,
12.543298841,22999414453,,instructions,1605522513,100.00,3.82,insn per cycle
12.543298841,6020524742,,cycles,1605491859,100.00,,
12.643648261,54732,,rD044,1605502545,100.00,,
12.643648261,142396774,,rFF44,1605444600,100.00,,
12.643648261,22179515562,,instructions,1605373283,100.00,3.68,insn per cycle
12.643648261,6020028758,,cycles,1605366516,100.00,,
12.743991871,55753,,rD044,1605473907,100.00,,
12.743991871,146367175,,rFF44,1605468576,100.00,,
12.743991871,22654022394,,instructions,1605497163,100.00,3.76,insn per cycle
12.743991871,6020564077,,cycles,1605506750,100.00,,
12.844341371,56038,,rD044,1605552959,100.00,,
12.844341371,142731108,,rFF44,1605624640,100.00,,
12.844341371,22235541571,,instructions,1605625040,100.00,3.69,insn per cycle
12.844341371,6020962526,,cycles,1605607535,100.00,,
12.944685461,55455,,rD044,1605427872,100.00,,
12.944685461,147294716,,rFF44,1605362466,100.00,,
12.944685461,22783477349,,instructions,1605412026,100.00,3.78,insn per cycle
12.944685461,6020376424,,cycles,1605457101,100.00,,
13.045033372,56112,,rD044,1605551333,100.00,,
13.045033372,147375628,,rFF44,1605599049,100.00,,
13.045033372,22799160616,,instructions,1605525019,100.00,3.79,insn per cycle
13.045033372,6020469468,,cycles,1605476656,100.00,,
13.145399572,54894,,rD044,1605630222,100.00,,
13.145399572,143535847,,rFF44,1605640795,100.00,,
13.145399572,22325539765,,instructions,1605675605,100.00,3.71,insn per cycle
13.145399572,6021137827,,cycles,1605661228,100.00,,
13.245753872,55880,,rD044,1605627273,100.00,,
13.245753872,145695219,,rFF44,1605601930,100.00,,
13.245753872,22579874384,,instructions,1605622360,100.00,3.75,insn per cycle
13.245753872,6021159185,,cycles,1605661121,100.00,,
13.346104222,55882,,rD044,1605553281,100.00,,
13.346104222,146319558,,rFF44,1605527665,100.00,,
13.346104222,22674556027,,instructions,1605493795,100.00,3.77,insn per cycle
13.346104222,6020542751,,cycles,1605498654,100.00,,
13.446452922,53806,,rD044,1605511354,100.00,,
13.446452922,144570983,,rFF44,1605545630,100.00,,
13.446452922,22438159475,,instructions,1605580880,100.00,3.73,insn per cycle
13.446452922,6021144632,,cycles,1605658488,100.00,,
13.546811632,56631,,rD044,1605710810,100.00,,
13.546811632,143990974,,rFF44,1605678486,100.00,,
13.546811632,22371587629,,instructions,1605644876,100.00,3.72,insn per cycle
13.546811632,6020739604,,cycles,1605549148,100.00,,
13.647156952,56061,,rD044,1605489556,100.00,,
13.647156952,146571572,,rFF44,1605553720,100.00,,
13.647156952,22709718061,,instructions,1605597670,100.00,3.77,insn per cycle
13.647156952,6020865420,,cycles,1605588896,100.00,,
13.747509552,55331,,rD044,1605564520,100.00,,
13.747509552,146283146,,rFF44,1605542914,100.00,,
13.747509552,22662891388,,instructions,1605671136,100.00,3.76,insn per cycle
13.747509552,6021192675,,cycles,1605672280,100.00,,
13.847876403,54098,,rD044,1605794456,100.00,,
13.847876403,142114298,,rFF44,1605790782,100.00,,
13.847876403,22159657145,,instructions,1605646670,100.00,3.68,insn per cycle
13.847876403,6021110956,,cycles,1605649798,100.00,,
13.948223803,55325,,rD044,1605503570,100.00,,
13.948223803,144900062,,rFF44,1605439343,100.00,,
13.948223803,22466976256,,instructions,1605411806,100.00,3.73,insn per cycle
13.948223803,6020290492,,cycles,1605429488,100.00,,
14.048562983,55013,,rD044,1605381026,100.00,,
14.048562983,143844778,,rFF44,1605520713,100.00,,
14.048562983,22321993340,,instructions,1605543880,100.00,3.71,insn per cycle
14.048562983,6020770999,,cycles,1605561540,100.00,,
14.148915003,55735,,rD044,1605563669,100.00,,
14.148915003,140566034,,rFF44,1605502566,100.00,,
14.148915003,21955910338,,instructions,1605501445,100.00,3.65,insn per cycle
14.148915003,6020362326,,cycles,1605449075,100.00,,
14.249264673,55724,,rD044,1605442895,100.00,,
14.249264673,146229874,,rFF44,1605443598,100.00,,
14.249264673,22644872772,,instructions,1605423429,100.00,3.76,insn per cycle
14.249264673,6020265782,,cycles,1605426039,100.00,,
14.349612963,55269,,rD044,1605550720,100.00,,
14.349612963,142803624,,rFF44,1605502702,100.00,,
14.349612963,22199696680,,instructions,1605523786,100.00,3.69,insn per cycle
14.349612963,6020644451,,cycles,1605528826,100.00,,
14.449955743,53903,,rD044,1605382044,100.00,,
14.449955743,142637117,,rFF44,1605383234,100.00,,
14.449955743,22196483886,,instructions,1605431270,100.00,3.69,insn per cycle
14.449955743,6020489687,,cycles,1605484130,100.00,,
14.550310213,54989,,rD044,1605613852,100.00,,
14.550310213,143235908,,rFF44,1605646970,100.00,,
14.550310213,22273753124,,instructions,1605601852,100.00,3.70,insn per cycle
14.550310213,6020740738,,cycles,1605552326,100.00,,
14.650659313,58280,,rD044,1605471281,100.00,,
14.650659313,143495112,,rFF44,1605451505,100.00,,
14.650659313,22302303263,,instructions,1605418693,100.00,3.70,insn per cycle
14.650659313,6020114439,,cycles,1605408189,100.00,,
14.751011743,59735,,rD044,1605577504,100.00,,
14.751011743,146464011,,rFF44,1605630680,100.00,,
14.751011743,22695191374,,instructions,1605626960,100.00,3.77,insn per cycle
14.751011743,6020986418,,cycles,1605642396,100.00,,
14.851370794,56795,,rD044,1605577832,100.00,,
14.851370794,145528157,,rFF44,1605540935,100.00,,
14.851370794,22565727487,,instructions,1605589975,100.00,3.75,insn per cycle
14.851370794,6020758140,,cycles,1605595959,100.00,,
14.951754994,55802,,rD044,1606013012,100.00,,
14.951754994,144356045,,rFF44,1606029415,100.00,,
14.951754994,22423065210,,instructions,1606003425,100.00,3.72,insn per cycle
14.951754994,6022304969,,cycles,1605990725,100.00,,
15.052096834,55968,,rD044,1605347586,100.00,,
15.052096834,147520186,,rFF44,1605221480,100.00,,
15.052096834,22793624615,,instructions,1605197820,100.00,3.79,insn per cycle
15.052096834,6019505815,,cycles,1605221490,100.00,,
15.152432614,55449,,rD044,1605451030,100.00,,
15.152432614,144623430,,rFF44,1605570070,100.00,,
15.152432614,22442226669,,instructions,1605597290,100.00,3.73,insn per cycle
15.152432614,6021002960,,cycles,1605625416,100.00,,
15.252798594,56475,,rD044,1605600243,100.00,,
15.252798594,146079817,,rFF44,1605605335,100.00,,
15.252798594,22626846706,,instructions,1605611625,100.00,3.76,insn per cycle
15.252798594,6020794839,,cycles,1605570829,100.00,,
15.344729511,228559,,rD044,1407655116,100.00,,
15.344729511,106271045,,rFF44,1406806254,100.00,,
15.344729511,17008282903,,instructions,1406179064,100.00,3.23,insn per cycle
15.344729511,5270576105,,cycles,1405566204,100.00,,
