0.100127364,4530898,,rD044,90934141,100.00,,
0.100127364,19970299,,rFF44,90940281,100.00,,
0.100127364,433484094,,instructions,90945041,100.00,1.29,insn per cycle
0.100127364,337094468,,cycles,90949861,100.00,,
0.200431420,5493012,,rD044,100298565,100.00,,
0.200431420,23990743,,rFF44,100298665,100.00,,
0.200431420,505429649,,instructions,100298805,100.00,1.34,insn per cycle
0.200431420,376116386,,cycles,100298195,100.00,,
0.300642875,5489512,,rD044,100210035,100.00,,
0.300642875,23966196,,rFF44,100210295,100.00,,
0.300642875,504878519,,instructions,100209675,100.00,1.34,insn per cycle
0.300642875,375787824,,cycles,100210465,100.00,,
0.400851359,6771254,,rD044,100208535,100.00,,
0.400851359,29059559,,rFF44,100208735,100.00,,
0.400851359,87721568,,instructions,100208595,100.00,0.23,insn per cycle
0.400851359,375777129,,cycles,100207825,100.00,,
0.501060524,6920883,,rD044,100192674,100.00,,
0.501060524,30209321,,rFF44,100192584,100.00,,
0.501060524,37650725,,instructions,100192425,100.00,0.10,insn per cycle
0.501060524,375699321,,cycles,100193075,100.00,,
0.601394030,25114202,,rD044,6315428522,100.00,,
0.601394030,362056795,,rFF44,6443396571,100.00,,
0.601394030,55620168618,,instructions,6560283721,100.00,2.23,insn per cycle
0.601394030,24995417469,,cycles,6667864804,100.00,,
0.705583900,39852484,,rD044,13327281114,100.00,,
0.705583900,770026484,,rFF44,13297733396,100.00,,
0.705583900,119684566330,,instructions,13253927391,100.00,2.41,insn per cycle
0.705583900,49678594802,,cycles,13247701473,100.00,,
0.809050911,38983217,,rD044,13242436570,100.00,,
0.809050911,782862662,,rFF44,13254736261,100.00,,
0.809050911,122034975841,,instructions,13282284008,100.00,2.45,insn per cycle
0.809050911,49789880438,,cycles,13277388477,100.00,,
0.912757496,40200299,,rD044,13267935864,100.00,,
0.912757496,785533142,,rFF44,13263859733,100.00,,
0.912757496,121885405019,,instructions,13261672402,100.00,2.45,insn per cycle
0.912757496,49751839403,,cycles,13267844825,100.00,,
1.016467740,39977309,,rD044,13282090355,100.00,,
1.016467740,788095252,,rFF44,13291835439,100.00,,
1.016467740,122261954794,,instructions,13300440343,100.00,2.45,insn per cycle
1.016467740,49867739537,,cycles,13298123504,100.00,,
1.120242945,40552909,,rD044,13282396087,100.00,,
1.120242945,787389305,,rFF44,13279881846,100.00,,
1.120242945,122091026952,,instructions,13280607018,100.00,2.45,insn per cycle
1.120242945,49796198389,,cycles,13279086025,100.00,,
1.224065601,40286009,,rD044,13286252417,100.00,,
1.224065601,787383232,,rFF44,13286264537,100.00,,
1.224065601,122034293647,,instructions,13280540529,100.00,2.45,insn per cycle
1.224065601,49809828544,,cycles,13282693978,100.00,,
1.327834976,39588767,,rD044,13286039778,100.00,,
1.327834976,789271452,,rFF44,13294060974,100.00,,
1.327834976,122416645521,,instructions,13303865687,100.00,2.45,insn per cycle
1.327834976,49899058839,,cycles,13306505755,100.00,,
1.431797193,40506501,,rD044,13302734934,100.00,,
1.431797193,787101784,,rFF44,13290633528,100.00,,
1.431797193,121971119623,,instructions,13278661201,100.00,2.45,insn per cycle
1.431797193,49778792791,,cycles,13274421399,100.00,,
1.535512327,41682442,,rD044,13263255019,100.00,,
1.535512327,778101592,,rFF44,13205276173,100.00,,
1.535512327,120593686073,,instructions,13185347285,100.00,2.44,insn per cycle
1.535512327,49456399975,,cycles,13188470759,100.00,,
1.638586824,41723904,,rD044,13204865154,100.00,,
1.638586824,782688958,,rFF44,13264113055,100.00,,
1.638586824,121808539099,,instructions,13286634037,100.00,2.44,insn per cycle
1.638586824,49830755418,,cycles,13288295249,100.00,,
1.742350909,41711915,,rD044,13283725404,100.00,,
1.742350909,782141791,,rFF44,13281424190,100.00,,
1.742350909,121493769905,,instructions,13277753854,100.00,2.44,insn per cycle
1.742350909,49763275756,,cycles,13270398434,100.00,,
1.846045753,41963087,,rD044,13274007296,100.00,,
1.846045753,781750980,,rFF44,13278002960,100.00,,
1.846045753,121462508869,,instructions,13283924700,100.00,2.44,insn per cycle
1.846045753,49817801880,,cycles,13284912469,100.00,,
1.949789588,42159484,,rD044,13275158500,100.00,,
1.949789588,782840156,,rFF44,13273660174,100.00,,
1.949789588,121618497547,,instructions,13277986406,100.00,2.44,insn per cycle
1.949789588,49827682354,,cycles,13287485700,100.00,,
2.053797346,40322088,,rD044,13289292033,100.00,,
2.053797346,786403345,,rFF44,13264242008,100.00,,
2.053797346,121861236127,,instructions,13253185486,100.00,2.45,insn per cycle
2.053797346,49651221431,,cycles,13240429307,100.00,,
2.157137736,41304271,,rD044,13256595176,100.00,,
2.157137736,788740930,,rFF44,13283201073,100.00,,
2.157137736,122211832070,,instructions,13284514427,100.00,2.45,insn per cycle
2.157137736,49827782398,,cycles,13287562007,100.00,,
2.260911691,40934333,,rD044,13279304223,100.00,,
2.260911691,787579678,,rFF44,13280666629,100.00,,
2.260911691,122146125579,,instructions,13284688290,100.00,2.45,insn per cycle
2.260911691,49836946316,,cycles,13289974277,100.00,,
2.364792117,40930411,,rD044,13295961235,100.00,,
2.364792117,787787432,,rFF44,13288551116,100.00,,
2.364792117,121985844894,,instructions,13273670337,100.00,2.46,insn per cycle
2.364792117,49618791297,,cycles,13231912133,100.00,,
2.468076937,40798722,,rD044,13218402172,100.00,,
2.468076937,782825373,,rFF44,13220895417,100.00,,
2.468076937,121509878585,,instructions,13232496350,100.00,2.44,insn per cycle
2.468076937,49747384697,,cycles,13266100991,100.00,,
2.571853782,41257969,,rD044,13289295030,100.00,,
2.571853782,788586349,,rFF44,13308150553,100.00,,
2.571853782,122296758745,,instructions,13311328058,100.00,2.45,insn per cycle
2.571853782,49934561483,,cycles,13316081428,100.00,,
2.675812549,40928101,,rD044,13302714200,100.00,,
2.675812549,788715155,,rFF44,13284531319,100.00,,
2.675812549,122192722088,,instructions,13281395302,100.00,2.45,insn per cycle
2.675812549,49796045689,,cycles,13279104595,100.00,,
2.779488983,40759949,,rD044,13272643516,100.00,,
2.779488983,786196306,,rFF44,13273362196,100.00,,
2.779488983,121963598490,,instructions,13276560297,100.00,2.45,insn per cycle
2.779488983,49824844719,,cycles,13286813544,100.00,,
2.883421200,42621106,,rD044,13301126912,100.00,,
2.883421200,785582962,,rFF44,13304368604,100.00,,
2.883421200,121966806545,,instructions,13308303743,100.00,2.45,insn per cycle
2.883421200,49883309509,,cycles,13302330471,100.00,,
2.987261595,40840210,,rD044,13289923401,100.00,,
2.987261595,788712825,,rFF44,13286034356,100.00,,
2.987261595,122168236898,,instructions,13278208880,100.00,2.45,insn per cycle
2.987261595,49814564400,,cycles,13283974169,100.00,,
3.091084261,40589758,,rD044,13289319777,100.00,,
3.091084261,787398947,,rFF44,13290780210,100.00,,
3.091084261,122260500506,,instructions,13300971684,100.00,2.45,insn per cycle
3.091084261,49863206836,,cycles,13296946223,100.00,,
3.194911097,39768261,,rD044,13278370637,100.00,,
3.194911097,786363920,,rFF44,13247425192,100.00,,
3.194911097,121867122213,,instructions,13241014726,100.00,2.45,insn per cycle
3.194911097,49643161270,,cycles,13238296099,100.00,,
3.298375728,41173127,,rD044,13255074649,100.00,,
3.298375728,788133031,,rFF44,13285910341,100.00,,
3.298375728,122171711940,,instructions,13287741862,100.00,2.45,insn per cycle
3.298375728,49834038871,,cycles,13289296584,100.00,,
3.383991978,24880016,,rD044,10154591533,100.00,,
3.383991978,470192260,,rFF44,10043217047,100.00,,
3.383991978,77938489389,,instructions,9938202893,100.00,2.11,insn per cycle
3.383991978,36882836181,,cycles,9836191358,100.00,,
