0.100127328,2203,,rD044,98543407,100.00,,
0.100127328,27511113,,rFF44,98547537,100.00,,
0.100127328,583164054,,instructions,98549757,100.00,1.58,insn per cycle
0.100127328,369486718,,cycles,98551757,100.00,,
0.200379718,1455,,rD044,100229255,100.00,,
0.200379718,28399302,,rFF44,100229915,100.00,,
0.200379718,597458827,,instructions,100229675,100.00,1.59,insn per cycle
0.200379718,375831124,,cycles,100229535,100.00,,
0.300577567,1348,,rD044,100198265,100.00,,
0.300577567,33285981,,rFF44,100198325,100.00,,
0.300577567,327319944,,instructions,100198185,100.00,0.87,insn per cycle
0.300577567,375742513,,cycles,100198445,100.00,,
0.400776176,1217,,rD044,100196535,100.00,,
0.400776176,37858102,,rFF44,100196515,100.00,,
0.400776176,46724307,,instructions,100196635,100.00,0.12,insn per cycle
0.400776176,375736299,,cycles,100196875,100.00,,
0.500982015,951,,rD044,100191075,100.00,,
0.500982015,65086544,,rFF44,100190675,100.00,,
0.500982015,891637545,,instructions,100190785,100.00,2.37,insn per cycle
0.500982015,375689356,,cycles,100190975,100.00,,
0.601183815,549,,rD044,100200374,100.00,,
0.601183815,79902841,,rFF44,100200964,100.00,,
0.601183815,1353164359,,instructions,100201234,100.00,3.60,insn per cycle
0.601183815,375750786,,cycles,100200734,100.00,,
0.701386324,510,,rD044,100202265,100.00,,
0.701386324,79930245,,rFF44,100201845,100.00,,
0.701386324,1353457765,,instructions,100201585,100.00,3.60,insn per cycle
0.701386324,375754159,,cycles,100201745,100.00,,
0.801579703,2206,,rD044,97439091,100.00,,
0.801579703,76581863,,rFF44,97439471,100.00,,
0.801579703,1299427562,,instructions,97439691,100.00,3.56,insn per cycle
0.801579703,365290745,,cycles,97439691,100.00,,
0.901782722,513,,rD044,100202765,100.00,,
0.901782722,79921650,,rFF44,100202595,100.00,,
0.901782722,1353609270,,instructions,100202935,100.00,3.60,insn per cycle
0.901782722,375758638,,cycles,100202955,100.00,,
1.001982741,579,,rD044,100177714,100.00,,
1.001982741,79881762,,rFF44,100177694,100.00,,
1.001982741,1352677461,,instructions,100177104,100.00,3.60,insn per cycle
1.001982741,375633346,,cycles,100177294,100.00,,
1.102187190,504,,rD044,100203225,100.00,,
1.102187190,79979516,,rFF44,100203155,100.00,,
1.102187190,1354366975,,instructions,100202995,100.00,3.60,insn per cycle
1.102187190,375757689,,cycles,100202625,100.00,,
1.202388510,524,,rD044,100201275,100.00,,
1.202388510,79935438,,rFF44,100201105,100.00,,
1.202388510,1353591178,,instructions,100201375,100.00,3.60,insn per cycle
1.202388510,375753910,,cycles,100201445,100.00,,
1.302592309,507,,rD044,100203015,100.00,,
1.302592309,80047734,,rFF44,100202805,100.00,,
1.302592309,1355768402,,instructions,100202745,100.00,3.61,insn per cycle
1.302592309,375758457,,cycles,100202815,100.00,,
1.402791208,529,,rD044,100198494,100.00,,
1.402791208,79876090,,rFF44,100199094,100.00,,
1.402791208,1352572770,,instructions,100199414,100.00,3.60,insn per cycle
1.402791208,375745968,,cycles,100199414,100.00,,
1.503062498,541,,rD044,100270625,100.00,,
1.503062498,80085529,,rFF44,100270075,100.00,,
1.503062498,1356131523,,instructions,100269906,100.00,3.61,insn per cycle
1.503062498,376009903,,cycles,100269786,100.00,,
1.603265277,490,,rD044,100201355,100.00,,
1.603265277,80044217,,rFF44,100201745,100.00,,
1.603265277,1355426251,,instructions,100201624,100.00,3.61,insn per cycle
1.603265277,375755412,,cycles,100201964,100.00,,
1.703467216,512,,rD044,100201645,100.00,,
1.703467216,80058479,,rFF44,100201345,100.00,,
1.703467216,1355636771,,instructions,100201485,100.00,3.61,insn per cycle
1.703467216,375753600,,cycles,100201285,100.00,,
1.803669395,491,,rD044,100201165,100.00,,
1.803669395,80020074,,rFF44,100201245,100.00,,
1.803669395,1355388885,,instructions,100201035,100.00,3.61,insn per cycle
1.803669395,375751694,,cycles,100200915,100.00,,
1.903871044,505,,rD044,100215075,100.00,,
1.903871044,79993530,,rFF44,100215575,100.00,,
1.903871044,1354572273,,instructions,100215735,100.00,3.60,insn per cycle
1.903871044,375807909,,cycles,100216045,100.00,,
2.004084814,580,,rD044,100183714,100.00,,
2.004084814,79923698,,rFF44,100183904,100.00,,
2.004084814,1353343192,,instructions,100183824,100.00,3.60,insn per cycle
2.004084814,375658452,,cycles,100183804,100.00,,
2.104327523,600,,rD044,100242355,100.00,,
2.104327523,79789503,,rFF44,100242325,100.00,,
2.104327523,1351176225,,instructions,100242255,100.00,3.59,insn per cycle
2.104327523,375905963,,cycles,100242065,100.00,,
2.204531003,619,,rD044,100202125,100.00,,
2.204531003,79851561,,rFF44,100201405,100.00,,
2.204531003,1352187196,,instructions,100201745,100.00,3.60,insn per cycle
2.204531003,375755855,,cycles,100201935,100.00,,
2.304733102,547,,rD044,100201975,100.00,,
2.304733102,79631644,,rFF44,100201605,100.00,,
2.304733102,1348876637,,instructions,100201645,100.00,3.59,insn per cycle
2.304733102,375753635,,cycles,100201595,100.00,,
2.404933371,528,,rD044,100199635,100.00,,
2.404933371,79869521,,rFF44,100200605,100.00,,
2.404933371,1352503515,,instructions,100200205,100.00,3.60,insn per cycle
2.404933371,375747778,,cycles,100199915,100.00,,
2.505136110,577,,rD044,100202004,100.00,,
2.505136110,79528396,,rFF44,100201294,100.00,,
2.505136110,1346770969,,instructions,100201414,100.00,3.58,insn per cycle
2.505136110,375753660,,cycles,100201454,100.00,,
2.605338929,540,,rD044,100202415,100.00,,
2.605338929,79936823,,rFF44,100202515,100.00,,
2.605338929,1353622430,,instructions,100202465,100.00,3.60,insn per cycle
2.605338929,375758583,,cycles,100202695,100.00,,
2.705541108,609,,rD044,100201335,100.00,,
2.705541108,79422515,,rFF44,100201395,100.00,,
2.705541108,1344965623,,instructions,100201605,100.00,3.58,insn per cycle
2.705541108,375753597,,cycles,100201505,100.00,,
2.805741377,532,,rD044,100199945,100.00,,
2.805741377,80019690,,rFF44,100200185,100.00,,
2.805741377,1355307551,,instructions,100200045,100.00,3.61,insn per cycle
2.805741377,375749494,,cycles,100200345,100.00,,
2.905946557,586,,rD044,100204174,100.00,,
2.905946557,79543431,,rFF44,100204064,100.00,,
2.905946557,1347036932,,instructions,100204074,100.00,3.58,insn per cycle
2.905946557,375761868,,cycles,100203674,100.00,,
3.006150176,572,,rD044,100186425,100.00,,
3.006150176,79914418,,rFF44,100186395,100.00,,
3.006150176,1353397550,,instructions,100186305,100.00,3.60,insn per cycle
3.006150176,375670371,,cycles,100186355,100.00,,
3.106353155,617,,rD044,100202715,100.00,,
3.106353155,79542735,,rFF44,100202675,100.00,,
3.106353155,1347020358,,instructions,100202625,100.00,3.58,insn per cycle
3.106353155,375758497,,cycles,100202665,100.00,,
3.206554754,653,,rD044,100200365,100.00,,
3.206554754,79816685,,rFF44,100200325,100.00,,
3.206554754,1351768914,,instructions,100200545,100.00,3.60,insn per cycle
3.206554754,375735030,,cycles,100200615,100.00,,
3.306755183,577,,rD044,100199804,100.00,,
3.306755183,79763720,,rFF44,100199594,100.00,,
3.306755183,1350715639,,instructions,100199594,100.00,3.59,insn per cycle
3.306755183,375747283,,cycles,100199734,100.00,,
3.406956892,542,,rD044,100200755,100.00,,
3.406956892,79614856,,rFF44,100200675,100.00,,
3.406956892,1348191501,,instructions,100200575,100.00,3.59,insn per cycle
3.406956892,375749220,,cycles,100200265,100.00,,
3.507158042,569,,rD044,100200015,100.00,,
3.507158042,79960553,,rFF44,100200775,100.00,,
3.507158042,1354306362,,instructions,100200835,100.00,3.60,insn per cycle
3.507158042,375752201,,cycles,100201025,100.00,,
3.607360501,604,,rD044,100202765,100.00,,
3.607360501,79517189,,rFF44,100202315,100.00,,
3.607360501,1346577031,,instructions,100202305,100.00,3.58,insn per cycle
3.607360501,375756919,,cycles,100202355,100.00,,
3.707563060,713,,rD044,100202334,100.00,,
3.707563060,79925967,,rFF44,100202284,100.00,,
3.707563060,1353515994,,instructions,100202234,100.00,3.60,insn per cycle
3.707563060,375755044,,cycles,100201844,100.00,,
3.807765009,584,,rD044,100200715,100.00,,
3.807765009,79743365,,rFF44,100200975,100.00,,
3.807765009,1350406267,,instructions,100201195,100.00,3.59,insn per cycle
3.807765009,375753262,,cycles,100201295,100.00,,
3.907968898,517,,rD044,100202905,100.00,,
3.907968898,80002237,,rFF44,100202895,100.00,,
3.907968898,1355020895,,instructions,100202515,100.00,3.61,insn per cycle
3.907968898,375757897,,cycles,100202655,100.00,,
4.008211228,658,,rD044,100226635,100.00,,
4.008211228,79406649,,rFF44,100226675,100.00,,
4.008211228,1344730441,,instructions,100226815,100.00,3.58,insn per cycle
4.008211228,375823868,,cycles,100226825,100.00,,
4.108415117,563,,rD044,100202635,100.00,,
4.108415117,79919160,,rFF44,100202585,100.00,,
4.108415117,1353331067,,instructions,100202465,100.00,3.60,insn per cycle
4.108415117,375756848,,cycles,100202305,100.00,,
4.208616146,702,,rD044,100200954,100.00,,
4.208616146,79682370,,rFF44,100200874,100.00,,
4.208616146,1349329493,,instructions,100201164,100.00,3.59,insn per cycle
4.208616146,375752577,,cycles,100201264,100.00,,
4.308805335,656,,rD044,100187795,100.00,,
4.308805335,79901297,,rFF44,100188355,100.00,,
4.308805335,1353001624,,instructions,100188275,100.00,3.60,insn per cycle
4.308805335,375704595,,cycles,100188325,100.00,,
4.409027235,666,,rD044,100221265,100.00,,
4.409027235,79480376,,rFF44,100220925,100.00,,
4.409027235,1346321672,,instructions,100220615,100.00,3.58,insn per cycle
4.409027235,375825529,,cycles,100220645,100.00,,
4.509227244,604,,rD044,100186475,100.00,,
4.509227244,79858544,,rFF44,100186315,100.00,,
4.509227244,1352329527,,instructions,100186605,100.00,3.60,insn per cycle
4.509227244,375670799,,cycles,100186805,100.00,,
4.609429203,589,,rD044,100200834,100.00,,
4.609429203,79586608,,rFF44,100201504,100.00,,
4.609429203,1347698451,,instructions,100201264,100.00,3.59,insn per cycle
4.609429203,375751062,,cycles,100200854,100.00,,
4.709632992,522,,rD044,100203705,100.00,,
4.709632992,79942838,,rFF44,100202995,100.00,,
4.709632992,1353650014,,instructions,100203135,100.00,3.60,insn per cycle
4.709632992,375761887,,cycles,100203585,100.00,,
4.809833421,612,,rD044,100199555,100.00,,
4.809833421,79723122,,rFF44,100200315,100.00,,
4.809833421,1350044523,,instructions,100200345,100.00,3.59,insn per cycle
4.809833421,375749540,,cycles,100200255,100.00,,
4.910051950,567,,rD044,100218165,100.00,,
4.910051950,79965369,,rFF44,100217845,100.00,,
4.910051950,1354564887,,instructions,100218065,100.00,3.60,insn per cycle
4.910051950,375814856,,cycles,100217905,100.00,,
5.010253890,662,,rD044,100183285,100.00,,
5.010253890,79468500,,rFF44,100182625,100.00,,
5.010253890,1345712368,,instructions,100182525,100.00,3.58,insn per cycle
5.010253890,375655144,,cycles,100182415,100.00,,
5.110455249,537,,rD044,100201644,100.00,,
5.110455249,79869981,,rFF44,100201874,100.00,,
5.110455249,1352518640,,instructions,100201964,100.00,3.60,insn per cycle
5.110455249,375756599,,cycles,100202204,100.00,,
5.210659368,565,,rD044,100202525,100.00,,
5.210659368,79681997,,rFF44,100202655,100.00,,
5.210659368,1349296672,,instructions,100202425,100.00,3.59,insn per cycle
5.210659368,375757364,,cycles,100202365,100.00,,
5.310860717,531,,rD044,100201435,100.00,,
5.310860717,80008090,,rFF44,100201195,100.00,,
5.310860717,1355287155,,instructions,100215745,100.00,3.61,insn per cycle
5.310860717,375807315,,cycles,100215905,100.00,,
5.411077376,583,,rD044,100216055,100.00,,
5.411077376,79538811,,rFF44,100216285,100.00,,
5.411077376,1346747601,,instructions,100201805,100.00,3.58,insn per cycle
5.411077376,375755140,,cycles,100201755,100.00,,
5.511279875,574,,rD044,100201564,100.00,,
5.511279875,79917695,,rFF44,100202234,100.00,,
5.511279875,1353336447,,instructions,100202264,100.00,3.60,insn per cycle
5.511279875,375755485,,cycles,100202054,100.00,,
5.611483444,537,,rD044,100202555,100.00,,
5.611483444,79818509,,rFF44,100201835,100.00,,
5.611483444,1351653628,,instructions,100201635,100.00,3.60,insn per cycle
5.611483444,375755316,,cycles,100201795,100.00,,
5.711686463,560,,rD044,100202975,100.00,,
5.711686463,79909148,,rFF44,100203235,100.00,,
5.711686463,1353145864,,instructions,100203395,100.00,3.60,insn per cycle
5.711686463,375759221,,cycles,100203045,100.00,,
5.811903813,588,,rD044,100216215,100.00,,
5.811903813,79732001,,rFF44,100216335,100.00,,
5.811903813,1350459239,,instructions,100216245,100.00,3.59,insn per cycle
5.811903813,375810360,,cycles,100216555,100.00,,
5.912106552,587,,rD044,100202765,100.00,,
5.912106552,79720392,,rFF44,100202815,100.00,,
5.912106552,1349962578,,instructions,100202785,100.00,3.59,insn per cycle
5.912106552,375758422,,cycles,100202765,100.00,,
6.012323461,629,,rD044,100202224,100.00,,
6.012323461,79769023,,rFF44,100202014,100.00,,
6.012323461,1350911100,,instructions,100201984,100.00,3.60,insn per cycle
6.012323461,375728715,,cycles,100201624,100.00,,
6.112525510,544,,rD044,100201365,100.00,,
6.112525510,79935708,,rFF44,100201935,100.00,,
6.112525510,1353607411,,instructions,100202535,100.00,3.60,insn per cycle
6.112525510,375759869,,cycles,100202965,100.00,,
6.212731050,570,,rD044,100204635,100.00,,
6.212731050,79776273,,rFF44,100204095,100.00,,
6.212731050,1350896739,,instructions,100203545,100.00,3.60,insn per cycle
6.212731050,375761048,,cycles,100203515,100.00,,
6.312933059,556,,rD044,100201495,100.00,,
6.312933059,79995899,,rFF44,100201585,100.00,,
6.312933059,1354830510,,instructions,100201695,100.00,3.61,insn per cycle
6.312933059,375754630,,cycles,100201685,100.00,,
6.413136868,562,,rD044,100203064,100.00,,
6.413136868,79769546,,rFF44,100202834,100.00,,
6.413136868,1350775684,,instructions,100202664,100.00,3.59,insn per cycle
6.413136868,375758480,,cycles,100202714,100.00,,
6.513339307,564,,rD044,100202185,100.00,,
6.513339307,79875169,,rFF44,100202195,100.00,,
6.513339307,1352773630,,instructions,100202375,100.00,3.60,insn per cycle
6.513339307,375757272,,cycles,100202515,100.00,,
6.613549546,606,,rD044,100209065,100.00,,
6.613549546,79681669,,rFF44,100209105,100.00,,
6.613549546,1349343304,,instructions,100209275,100.00,3.59,insn per cycle
6.613549546,375782293,,cycles,100209095,100.00,,
6.713754235,542,,rD044,100203955,100.00,,
6.713754235,79869778,,rFF44,100203675,100.00,,
6.713754235,1352437223,,instructions,100203555,100.00,3.60,insn per cycle
6.713754235,375760151,,cycles,100203235,100.00,,
6.813955094,584,,rD044,100199964,100.00,,
6.813955094,79829899,,rFF44,100200375,100.00,,
6.813955094,1351982924,,instructions,100200365,100.00,3.60,insn per cycle
6.813955094,375749907,,cycles,100200465,100.00,,
6.914155163,517,,rD044,100199625,100.00,,
6.914155163,79978692,,rFF44,100199764,100.00,,
6.914155163,1354321154,,instructions,100199344,100.00,3.60,insn per cycle
6.914155163,375745494,,cycles,100199244,100.00,,
7.014358042,620,,rD044,100187185,100.00,,
7.014358042,79607713,,rFF44,100187185,100.00,,
7.014358042,1348317670,,instructions,100187545,100.00,3.59,insn per cycle
7.014358042,375678039,,cycles,100187725,100.00,,
7.114560952,536,,rD044,100201905,100.00,,
7.114560952,79979042,,rFF44,100201975,100.00,,
7.114560952,1354310407,,instructions,100202075,100.00,3.60,insn per cycle
7.114560952,375756297,,cycles,100202175,100.00,,
7.214764991,545,,rD044,100203285,100.00,,
7.214764991,79819375,,rFF44,100203065,100.00,,
7.214764991,1351744165,,instructions,100202915,100.00,3.60,insn per cycle
7.214764991,375759472,,cycles,100203015,100.00,,
7.314968760,549,,rD044,100203224,100.00,,
7.314968760,79905817,,rFF44,100203404,100.00,,
7.314968760,1353128057,,instructions,100203354,100.00,3.60,insn per cycle
7.314968760,375761435,,cycles,100203274,100.00,,
7.415171719,544,,rD044,100202385,100.00,,
7.415171719,79695232,,rFF44,100201895,100.00,,
7.415171719,1349532073,,instructions,100202305,100.00,3.59,insn per cycle
7.415171719,375755575,,cycles,100202225,100.00,,
7.515374758,563,,rD044,100186895,100.00,,
7.515374758,79900229,,rFF44,100186985,100.00,,
7.515374758,1353324911,,instructions,100186555,100.00,3.60,insn per cycle
7.515374758,375670030,,cycles,100186395,100.00,,
7.615576837,568,,rD044,100201995,100.00,,
7.615576837,79792963,,rFF44,100202165,100.00,,
7.615576837,1351174487,,instructions,100202165,100.00,3.60,insn per cycle
7.615576837,375757290,,cycles,100202315,100.00,,
7.715779696,550,,rD044,100202154,100.00,,
7.715779696,79964566,,rFF44,100202154,100.00,,
7.715779696,1354146743,,instructions,100202184,100.00,3.60,insn per cycle
7.715779696,375756403,,cycles,100202354,100.00,,
7.815981585,583,,rD044,100201095,100.00,,
7.815981585,79494721,,rFF44,100201105,100.00,,
7.815981585,1346155980,,instructions,100201215,100.00,3.58,insn per cycle
7.815981585,375753169,,cycles,100201235,100.00,,
7.916213855,497,,rD044,100232045,100.00,,
7.916213855,80030986,,rFF44,100232085,100.00,,
7.916213855,1355504821,,instructions,100232175,100.00,3.61,insn per cycle
7.916213855,375868584,,cycles,100232225,100.00,,
8.016415994,612,,rD044,100184835,100.00,,
8.016415994,79722322,,rFF44,100184905,100.00,,
8.016415994,1350030625,,instructions,100184705,100.00,3.59,insn per cycle
8.016415994,375665320,,cycles,100184465,100.00,,
8.116620543,493,,rD044,100203265,100.00,,
8.116620543,79977085,,rFF44,100202615,100.00,,
8.116620543,1354246698,,instructions,100202815,100.00,3.60,insn per cycle
8.116620543,375759235,,cycles,100202905,100.00,,
8.216823702,689,,rD044,100202374,100.00,,
8.216823702,79695688,,rFF44,100202694,100.00,,
8.216823702,1349589648,,instructions,100202514,100.00,3.59,insn per cycle
8.216823702,375757260,,cycles,100202494,100.00,,
8.317029901,616,,rD044,100205665,100.00,,
8.317029901,79916827,,rFF44,100205555,100.00,,
8.317029901,1353318190,,instructions,100205475,100.00,3.60,insn per cycle
8.317029901,375769059,,cycles,100205555,100.00,,
8.417232671,691,,rD044,100202675,100.00,,
8.417232671,79746638,,rFF44,100202675,100.00,,
8.417232671,1350730305,,instructions,100202775,100.00,3.59,insn per cycle
8.417232671,375757919,,cycles,100202635,100.00,,
8.517430270,594,,rD044,100183835,100.00,,
8.517430270,79829145,,rFF44,100184065,100.00,,
8.517430270,1351801039,,instructions,100184145,100.00,3.60,insn per cycle
8.517430270,375660462,,cycles,100184035,100.00,,
8.617632439,547,,rD044,100200864,100.00,,
8.617632439,79774135,,rFF44,100200874,100.00,,
8.617632439,1350809388,,instructions,100200774,100.00,3.59,insn per cycle
8.617632439,375750570,,cycles,100200724,100.00,,
8.717833468,548,,rD044,100200395,100.00,,
8.717833468,79972724,,rFF44,100200705,100.00,,
8.717833468,1354250466,,instructions,100200765,100.00,3.60,insn per cycle
8.717833468,375751805,,cycles,100200975,100.00,,
8.818048727,540,,rD044,100214395,100.00,,
8.818048727,79773702,,rFF44,100214345,100.00,,
8.818048727,1350861896,,instructions,100214615,100.00,3.59,insn per cycle
8.818048727,375802556,,cycles,100214475,100.00,,
8.918251696,576,,rD044,100202465,100.00,,
8.918251696,79952515,,rFF44,100202535,100.00,,
8.918251696,1354278347,,instructions,100202655,100.00,3.60,insn per cycle
8.918251696,375759490,,cycles,100202935,100.00,,
9.018455315,615,,rD044,100189584,100.00,,
9.018455315,79832531,,rFF44,100189644,100.00,,
9.018455315,1351814412,,instructions,100189264,100.00,3.60,insn per cycle
9.018455315,375680187,,cycles,100189134,100.00,,
9.118659824,502,,rD044,100203645,100.00,,
9.118659824,80063751,,rFF44,100203215,100.00,,
9.118659824,1355718825,,instructions,100203065,100.00,3.61,insn per cycle
9.118659824,375759053,,cycles,100202915,100.00,,
9.218863514,539,,rD044,100203025,100.00,,
9.218863514,80031571,,rFF44,100242845,100.00,,
9.218863514,1355240416,,instructions,100243015,100.00,3.61,insn per cycle
9.218863514,375909381,,cycles,100242965,100.00,,
9.319103413,526,,rD044,100238775,100.00,,
9.319103413,80023711,,rFF44,100199165,100.00,,
9.319103413,1355396541,,instructions,100198985,100.00,3.61,insn per cycle
9.319103413,375745871,,cycles,100199365,100.00,,
9.419305462,550,,rD044,100201715,100.00,,
9.419305462,79970612,,rFF44,100201665,100.00,,
9.419305462,1354192253,,instructions,100202015,100.00,3.60,insn per cycle
9.419305462,375754369,,cycles,100201665,100.00,,
9.519509111,538,,rD044,100203204,100.00,,
9.519509111,80042280,,rFF44,100203444,100.00,,
9.519509111,1355350459,,instructions,100203214,100.00,3.61,insn per cycle
9.519509111,375761760,,cycles,100203564,100.00,,
9.619710591,503,,rD044,100200715,100.00,,
9.619710591,79999428,,rFF44,100200415,100.00,,
9.619710591,1354703433,,instructions,100200365,100.00,3.61,insn per cycle
9.619710591,375748961,,cycles,100200275,100.00,,
9.719914200,533,,rD044,100202675,100.00,,
9.719914200,79968079,,rFF44,100202515,100.00,,
9.719914200,1354163590,,instructions,100202555,100.00,3.60,insn per cycle
9.719914200,375758046,,cycles,100202455,100.00,,
9.820147389,516,,rD044,100232425,100.00,,
9.820147389,80091122,,rFF44,100232645,100.00,,
9.820147389,1356516975,,instructions,100232835,100.00,3.61,insn per cycle
9.820147389,375872322,,cycles,100233195,100.00,,
9.920349688,558,,rD044,100201885,100.00,,
9.920349688,79985942,,rFF44,100201435,100.00,,
9.920349688,1354410992,,instructions,100201515,100.00,3.60,insn per cycle
9.920349688,375752491,,cycles,100201235,100.00,,
10.020548827,542,,rD044,100184544,100.00,,
10.020548827,79922177,,rFF44,100184634,100.00,,
10.020548827,1353331815,,instructions,100184784,100.00,3.60,insn per cycle
10.020548827,375662818,,cycles,100184654,100.00,,
10.120753426,535,,rD044,100203535,100.00,,
10.120753426,80045962,,rFF44,100203235,100.00,,
10.120753426,1355613592,,instructions,100203265,100.00,3.61,insn per cycle
10.120753426,375760213,,cycles,100203175,100.00,,
10.220956356,523,,rD044,100202695,100.00,,
10.220956356,80058042,,rFF44,100203065,100.00,,
10.220956356,1355676291,,instructions,100202525,100.00,3.61,insn per cycle
10.220956356,375758332,,cycles,100202735,100.00,,
10.321160435,512,,rD044,100203395,100.00,,
10.321160435,80100751,,rFF44,100203335,100.00,,
10.321160435,1356567530,,instructions,100203505,100.00,3.61,insn per cycle
10.321160435,375761216,,cycles,100203475,100.00,,
10.421362184,528,,rD044,100200694,100.00,,
10.421362184,80053920,,rFF44,100200604,100.00,,
10.421362184,1355565895,,instructions,100200574,100.00,3.61,insn per cycle
10.421362184,375750775,,cycles,100200664,100.00,,
10.521561583,490,,rD044,100198535,100.00,,
10.521561583,80015176,,rFF44,100198315,100.00,,
10.521561583,1355132769,,instructions,100198085,100.00,3.61,insn per cycle
10.521561583,375740558,,cycles,100197895,100.00,,
10.621762782,573,,rD044,100200395,100.00,,
10.621762782,80007610,,rFF44,100200885,100.00,,
10.621762782,1354809157,,instructions,100201075,100.00,3.61,insn per cycle
10.621762782,375750801,,cycles,100200765,100.00,,
10.721966581,846,,rD044,100203995,100.00,,
10.721966581,79732230,,rFF44,100203795,100.00,,
10.721966581,1350155145,,instructions,100203705,100.00,3.59,insn per cycle
10.721966581,375764239,,cycles,100204315,100.00,,
10.822170910,537,,rD044,100203274,100.00,,
10.822170910,80002980,,rFF44,100203374,100.00,,
10.822170910,1354861286,,instructions,100203384,100.00,3.61,insn per cycle
10.822170910,375759662,,cycles,100203064,100.00,,
10.922366439,1157,,rD044,100194175,100.00,,
10.922366439,79826657,,rFF44,100193875,100.00,,
10.922366439,1351746591,,instructions,100193915,100.00,3.60,insn per cycle
10.922366439,375722495,,cycles,100193915,100.00,,
11.022565938,1075,,rD044,100182735,100.00,,
11.022565938,79770725,,rFF44,100183255,100.00,,
11.022565938,1350983026,,instructions,100183235,100.00,3.60,insn per cycle
11.022565938,375656039,,cycles,100183375,100.00,,
11.122770268,330,,rD044,100203865,100.00,,
11.122770268,79840299,,rFF44,100203735,100.00,,
11.122770268,1351993824,,instructions,100203865,100.00,3.60,insn per cycle
11.122770268,375762774,,cycles,100203885,100.00,,
11.222972717,257,,rD044,100200894,100.00,,
11.222972717,79945153,,rFF44,100200624,100.00,,
11.222972717,1353981624,,instructions,100200594,100.00,3.60,insn per cycle
11.222972717,375749111,,cycles,100200244,100.00,,
11.323174956,405,,rD044,100202415,100.00,,
11.323174956,79649274,,rFF44,100202505,100.00,,
11.323174956,1348743384,,instructions,100202445,100.00,3.59,insn per cycle
11.323174956,375759399,,cycles,100202875,100.00,,
11.423375925,395,,rD044,100200115,100.00,,
11.423375925,79922761,,rFF44,100200025,100.00,,
11.423375925,1353340203,,instructions,100200095,100.00,3.60,insn per cycle
11.423375925,375735052,,cycles,100199935,100.00,,
11.523574794,393,,rD044,100198285,100.00,,
11.523574794,79775338,,rFF44,100198305,100.00,,
11.523574794,1351091410,,instructions,100198385,100.00,3.60,insn per cycle
11.523574794,375741722,,cycles,100198355,100.00,,
11.623777733,972,,rD044,100202044,100.00,,
11.623777733,79755078,,rFF44,100202034,100.00,,
11.623777733,1350546825,,instructions,100201754,100.00,3.59,insn per cycle
11.623777733,375751036,,cycles,100201554,100.00,,
11.724030233,722,,rD044,100252185,100.00,,
11.724030233,79930516,,rFF44,100252065,100.00,,
11.724030233,1353754085,,instructions,100252075,100.00,3.60,insn per cycle
11.724030233,375940662,,cycles,100252025,100.00,,
11.824230692,331,,rD044,100200005,100.00,,
11.824230692,79699728,,rFF44,100200525,100.00,,
11.824230692,1349589457,,instructions,100200515,100.00,3.59,insn per cycle
11.824230692,375749995,,cycles,100200515,100.00,,
11.924434011,306,,rD044,100202025,100.00,,
11.924434011,79956293,,rFF44,100202195,100.00,,
11.924434011,1354068113,,instructions,100202545,100.00,3.60,insn per cycle
11.924434011,375758765,,cycles,100202785,100.00,,
12.024635970,473,,rD044,100187775,100.00,,
12.024635970,79693979,,rFF44,100187395,100.00,,
12.024635970,1349485036,,instructions,100187255,100.00,3.59,insn per cycle
12.024635970,375672729,,cycles,100187265,100.00,,
12.124837530,416,,rD044,100200474,100.00,,
12.124837530,79946261,,rFF44,100200904,100.00,,
12.124837530,1353815791,,instructions,100200914,100.00,3.60,insn per cycle
12.124837530,375751928,,cycles,100200984,100.00,,
12.225052869,969,,rD044,100214895,100.00,,
12.225052869,79671838,,rFF44,100214545,100.00,,
12.225052869,1349386560,,instructions,100214495,100.00,3.59,insn per cycle
12.225052869,375803164,,cycles,100214615,100.00,,
12.325245868,880,,rD044,100191765,100.00,,
12.325245868,79889131,,rFF44,100191875,100.00,,
12.325245868,1352769079,,instructions,100191785,100.00,3.60,insn per cycle
12.325245868,375716168,,cycles,100191525,100.00,,
12.425448257,1047,,rD044,100202355,100.00,,
12.425448257,79578750,,rFF44,100202305,100.00,,
12.425448257,1347607335,,instructions,100202345,100.00,3.59,insn per cycle
12.425448257,375757188,,cycles,100202395,100.00,,
12.525654746,715,,rD044,100193475,100.00,,
12.525654746,79827610,,rFF44,100193705,100.00,,
12.525654746,1351748262,,instructions,100193865,100.00,3.60,insn per cycle
12.525654746,375697559,,cycles,100193975,100.00,,
12.625855985,885,,rD044,100199884,100.00,,
12.625855985,79532300,,rFF44,100199634,100.00,,
12.625855985,1347195958,,instructions,100199604,100.00,3.59,insn per cycle
12.625855985,375743226,,cycles,100199404,100.00,,
12.726071925,377,,rD044,100214995,100.00,,
12.726071925,80021705,,rFF44,100215105,100.00,,
12.726071925,1354998373,,instructions,100214975,100.00,3.61,insn per cycle
12.726071925,375804091,,cycles,100215035,100.00,,
12.826273754,312,,rD044,100201725,100.00,,
12.826273754,79723908,,rFF44,100201315,100.00,,
12.826273754,1350068017,,instructions,100201365,100.00,3.59,insn per cycle
12.826273754,375754513,,cycles,100201495,100.00,,
12.926479093,247,,rD044,100204325,100.00,,
12.926479093,79984413,,rFF44,100204885,100.00,,
12.926479093,1354358716,,instructions,100204975,100.00,3.60,insn per cycle
12.926479093,375765302,,cycles,100204745,100.00,,
13.026681152,541,,rD044,100186654,100.00,,
13.026681152,79761971,,rFF44,100186494,100.00,,
13.026681152,1350730950,,instructions,100186574,100.00,3.60,insn per cycle
13.026681152,375673009,,cycles,100186704,100.00,,
13.126922402,250,,rD044,100239735,100.00,,
13.126922402,79948096,,rFF44,100239235,100.00,,
13.126922402,1354182133,,instructions,100239115,100.00,3.60,insn per cycle
13.126922402,375894358,,cycles,100239055,100.00,,
13.227123451,363,,rD044,100200145,100.00,,
13.227123451,79758209,,rFF44,100200365,100.00,,
13.227123451,1350590128,,instructions,100200295,100.00,3.59,insn per cycle
13.227123451,375749613,,cycles,100200385,100.00,,
13.327324270,251,,rD044,100200415,100.00,,
13.327324270,79894051,,rFF44,100200915,100.00,,
13.327324270,1352822493,,instructions,100200935,100.00,3.60,insn per cycle
13.327324270,375752028,,cycles,100201025,100.00,,
13.427525729,325,,rD044,100200955,100.00,,
13.427525729,79727088,,rFF44,100200325,100.00,,
13.427525729,1350039688,,instructions,100200225,100.00,3.59,insn per cycle
13.427525729,375748166,,cycles,100200005,100.00,,
13.527729418,308,,rD044,100202854,100.00,,
13.527729418,79897019,,rFF44,100203204,100.00,,
13.527729418,1352971160,,instructions,100203444,100.00,3.60,insn per cycle
13.527729418,375760194,,cycles,100203214,100.00,,
13.627965327,433,,rD044,100235765,100.00,,
13.627965327,79817900,,rFF44,100235715,100.00,,
13.627965327,1351993519,,instructions,100235645,100.00,3.60,insn per cycle
13.627965327,375883093,,cycles,100235945,100.00,,
13.728166467,716,,rD044,100200485,100.00,,
13.728166467,79843341,,rFF44,100200975,100.00,,
13.728166467,1352077336,,instructions,100201005,100.00,3.60,insn per cycle
13.728166467,375750572,,cycles,100201355,100.00,,
13.828370406,396,,rD044,100203375,100.00,,
13.828370406,79672165,,rFF44,100202675,100.00,,
13.828370406,1349039199,,instructions,100202525,100.00,3.59,insn per cycle
13.828370406,375756994,,cycles,100202335,100.00,,
13.928574195,306,,rD044,100202255,100.00,,
13.928574195,79935943,,rFF44,100202485,100.00,,
13.928574195,1353608717,,instructions,100202665,100.00,3.60,insn per cycle
13.928574195,375757811,,cycles,100202455,100.00,,
14.028776524,548,,rD044,100187264,100.00,,
14.028776524,79671218,,rFF44,100187534,100.00,,
14.028776524,1349099456,,instructions,100187454,100.00,3.59,insn per cycle
14.028776524,375674278,,cycles,100187394,100.00,,
14.128977183,328,,rD044,100200345,100.00,,
14.128977183,79927074,,rFF44,100199965,100.00,,
14.128977183,1353871163,,instructions,100199875,100.00,3.60,insn per cycle
14.128977183,375747235,,cycles,100199905,100.00,,
14.229178922,319,,rD044,100200555,100.00,,
14.229178922,79822903,,rFF44,100200185,100.00,,
14.229178922,1351687697,,instructions,100200265,100.00,3.60,insn per cycle
14.229178922,375749764,,cycles,100200425,100.00,,
14.329382441,219,,rD044,100202965,100.00,,
14.329382441,80024476,,rFF44,100203525,100.00,,
14.329382441,1355030263,,instructions,100203575,100.00,3.61,insn per cycle
14.329382441,375762186,,cycles,100203615,100.00,,
14.429587191,354,,rD044,100204454,100.00,,
14.429587191,79868587,,rFF44,100204114,100.00,,
14.429587191,1352445769,,instructions,100203954,100.00,3.60,insn per cycle
14.429587191,375762899,,cycles,100204044,100.00,,
14.529787670,353,,rD044,100199455,100.00,,
14.529787670,79690911,,rFF44,100199425,100.00,,
14.529787670,1349813502,,instructions,100199685,100.00,3.59,insn per cycle
14.529787670,375746495,,cycles,100199515,100.00,,
14.630009479,317,,rD044,100221645,100.00,,
14.630009479,79929755,,rFF44,100221585,100.00,,
14.630009479,1353538802,,instructions,100221465,100.00,3.60,insn per cycle
14.630009479,375829956,,cycles,100221765,100.00,,
14.730210248,300,,rD044,100199175,100.00,,
14.730210248,79739142,,rFF44,100199415,100.00,,
14.730210248,1350240951,,instructions,100199415,100.00,3.59,insn per cycle
14.730210248,375743993,,cycles,100198945,100.00,,
14.830414087,419,,rD044,100203304,100.00,,
14.830414087,79953671,,rFF44,100203514,100.00,,
14.830414087,1353897419,,instructions,100203914,100.00,3.60,insn per cycle
14.830414087,375764052,,cycles,100204225,100.00,,
14.930617976,295,,rD044,100203695,100.00,,
14.930617976,79763318,,rFF44,100203485,100.00,,
14.930617976,1350643945,,instructions,100202985,100.00,3.59,insn per cycle
14.930617976,375758369,,cycles,100202664,100.00,,
15.030819265,502,,rD044,100184684,100.00,,
15.030819265,79738247,,rFF44,100184754,100.00,,
15.030819265,1350553590,,instructions,100184774,100.00,3.60,insn per cycle
15.030819265,375665451,,cycles,100185224,100.00,,
15.131036155,254,,rD044,100216745,100.00,,
15.131036155,79812568,,rFF44,100216345,100.00,,
15.131036155,1351517653,,instructions,100216545,100.00,3.60,insn per cycle
15.131036155,375809863,,cycles,100216325,100.00,,
15.231237444,244,,rD044,100199255,100.00,,
15.231237444,79928305,,rFF44,100199905,100.00,,
15.231237444,1353489768,,instructions,100199655,100.00,3.60,insn per cycle
15.231237444,375746813,,cycles,100199825,100.00,,
15.331438273,261,,rD044,100200824,100.00,,
15.331438273,79827729,,rFF44,100200504,100.00,,
15.331438273,1351763865,,instructions,100200474,100.00,3.60,insn per cycle
15.331438273,375748790,,cycles,100200114,100.00,,
15.431640592,251,,rD044,100202175,100.00,,
15.431640592,79987833,,rFF44,100202525,100.00,,
15.431640592,1354442145,,instructions,100202495,100.00,3.60,insn per cycle
15.431640592,375757860,,cycles,100202565,100.00,,
15.531871681,353,,rD044,100244305,100.00,,
15.531871681,79976755,,rFF44,100244065,100.00,,
15.531871681,1354609873,,instructions,100244235,100.00,3.60,insn per cycle
15.531871681,375913180,,cycles,100244065,100.00,,
15.632088171,285,,rD044,100201535,100.00,,
15.632088171,80019068,,rFF44,100201365,100.00,,
15.632088171,1355004992,,instructions,100201435,100.00,3.61,insn per cycle
15.632088171,375754444,,cycles,100201645,100.00,,
15.732289950,347,,rD044,100201065,100.00,,
15.732289950,80002315,,rFF44,100201125,100.00,,
15.732289950,1354723019,,instructions,100200745,100.00,3.61,insn per cycle
15.732289950,375751575,,cycles,100200925,100.00,,
15.832491379,851,,rD044,100201254,100.00,,
15.832491379,79925289,,rFF44,100201464,100.00,,
15.832491379,1353432976,,instructions,100201704,100.00,3.60,insn per cycle
15.832491379,375751463,,cycles,100201634,100.00,,
15.932693958,315,,rD044,100201645,100.00,,
15.932693958,79975285,,rFF44,100201325,100.00,,
15.932693958,1354586013,,instructions,100201435,100.00,3.60,insn per cycle
15.932693958,375752711,,cycles,100201275,100.00,,
16.032893857,439,,rD044,100182465,100.00,,
16.032893857,79882511,,rFF44,100183025,100.00,,
16.032893857,1352689446,,instructions,100182945,100.00,3.60,insn per cycle
16.032893857,375658126,,cycles,100183025,100.00,,
16.133096316,425,,rD044,100201895,100.00,,
16.133096316,79924659,,rFF44,100201315,100.00,,
16.133096316,1353411407,,instructions,100201065,100.00,3.60,insn per cycle
16.133096316,375751440,,cycles,100200945,100.00,,
16.233297115,830,,rD044,100200844,100.00,,
16.233297115,79809970,,rFF44,100201284,100.00,,
16.233297115,1351459742,,instructions,100201634,100.00,3.60,insn per cycle
16.233297115,375755114,,cycles,100201824,100.00,,
16.333487234,763,,rD044,100188265,100.00,,
16.333487234,79899715,,rFF44,100187955,100.00,,
16.333487234,1352948776,,instructions,100188155,100.00,3.60,insn per cycle
16.333487234,375703518,,cycles,100188105,100.00,,
16.433691683,1048,,rD044,100204645,100.00,,
16.433691683,79817853,,rFF44,100204945,100.00,,
16.433691683,1351922219,,instructions,100204505,100.00,3.60,insn per cycle
16.433691683,375764822,,cycles,100204365,100.00,,
16.533900003,668,,rD044,100194135,100.00,,
16.533900003,79864205,,rFF44,100194345,100.00,,
16.533900003,1352365176,,instructions,100194435,100.00,3.60,insn per cycle
16.533900003,375701696,,cycles,100194735,100.00,,
16.634102062,525,,rD044,100201974,100.00,,
16.634102062,79832088,,rFF44,100201414,100.00,,
16.634102062,1351859378,,instructions,100201514,100.00,3.60,insn per cycle
16.634102062,375753605,,cycles,100201424,100.00,,
16.734305241,801,,rD044,100202175,100.00,,
16.734305241,79903222,,rFF44,100202595,100.00,,
16.734305241,1353032753,,instructions,100202485,100.00,3.60,insn per cycle
16.734305241,375754027,,cycles,100202415,100.00,,
16.834521680,702,,rD044,100216335,100.00,,
16.834521680,79872299,,rFF44,100215965,100.00,,
16.834521680,1352532448,,instructions,100215945,100.00,3.60,insn per cycle
16.834521680,375805711,,cycles,100215965,100.00,,
16.934724749,261,,rD044,100201545,100.00,,
16.934724749,79928346,,rFF44,100201755,100.00,,
16.934724749,1353781076,,instructions,100202085,100.00,3.60,insn per cycle
16.934724749,375756074,,cycles,100202145,100.00,,
17.034927088,480,,rD044,100189054,100.00,,
17.034927088,79853432,,rFF44,100189104,100.00,,
17.034927088,1352199807,,instructions,100188704,100.00,3.60,insn per cycle
17.034927088,375680592,,cycles,100188874,100.00,,
17.135132118,268,,rD044,100203755,100.00,,
17.135132118,79910944,,rFF44,100203195,100.00,,
17.135132118,1353189328,,instructions,100203165,100.00,3.60,insn per cycle
17.135132118,375757401,,cycles,100202625,100.00,,
17.235333757,400,,rD044,100201515,100.00,,
17.235333757,79918642,,rFF44,100202215,100.00,,
17.235333757,1353294912,,instructions,100202315,100.00,3.60,insn per cycle
17.235333757,375758775,,cycles,100202805,100.00,,
17.335536836,258,,rD044,100202515,100.00,,
17.335536836,79863467,,rFF44,100202165,100.00,,
17.335536836,1352349541,,instructions,100202405,100.00,3.60,insn per cycle
17.335536836,375756025,,cycles,100202095,100.00,,
17.435754685,256,,rD044,100216535,100.00,,
17.435754685,80037527,,rFF44,100216855,100.00,,
17.435754685,1355654382,,instructions,100216775,100.00,3.61,insn per cycle
17.435754685,375810893,,cycles,100216725,100.00,,
17.535955984,360,,rD044,100200934,100.00,,
17.535955984,80026440,,rFF44,100200464,100.00,,
17.535955984,1355129060,,instructions,100200404,100.00,3.61,insn per cycle
17.535955984,375751230,,cycles,100200824,100.00,,
17.636163343,341,,rD044,100206515,100.00,,
17.636163343,79986561,,rFF44,100206695,100.00,,
17.636163343,1354433165,,instructions,100206825,100.00,3.60,insn per cycle
17.636163343,375772722,,cycles,100206485,100.00,,
17.736365373,365,,rD044,100200915,100.00,,
17.736365373,79877616,,rFF44,100201055,100.00,,
17.736365373,1352576061,,instructions,100200895,100.00,3.60,insn per cycle
17.736365373,375750896,,cycles,100200785,100.00,,
17.836566892,283,,rD044,100201295,100.00,,
17.836566892,79986854,,rFF44,100200985,100.00,,
17.836566892,1354834817,,instructions,100201275,100.00,3.61,insn per cycle
17.836566892,375753789,,cycles,100201485,100.00,,
17.936769311,288,,rD044,100201934,100.00,,
17.936769311,79859823,,rFF44,100202344,100.00,,
17.936769311,1352362978,,instructions,100201944,100.00,3.60,insn per cycle
17.936769311,375755848,,cycles,100201824,100.00,,
18.036975420,507,,rD044,100188795,100.00,,
18.036975420,79744573,,rFF44,100188955,100.00,,
18.036975420,1350342818,,instructions,100188925,100.00,3.59,insn per cycle
18.036975420,375680153,,cycles,100188945,100.00,,
18.137176979,379,,rD044,100200885,100.00,,
18.137176979,79804705,,rFF44,100200355,100.00,,
18.137176979,1351371435,,instructions,100200615,100.00,3.60,insn per cycle
18.137176979,375750317,,cycles,100200585,100.00,,
18.237378928,363,,rD044,100200725,100.00,,
18.237378928,79789478,,rFF44,100201295,100.00,,
18.237378928,1351163105,,instructions,100201265,100.00,3.60,insn per cycle
18.237378928,375754206,,cycles,100201485,100.00,,
18.337581977,205,,rD044,100203044,100.00,,
18.337581977,79903090,,rFF44,100202984,100.00,,
18.337581977,1353342721,,instructions,100202964,100.00,3.60,insn per cycle
18.337581977,375758741,,cycles,100202934,100.00,,
18.437785466,239,,rD044,100202905,100.00,,
18.437785466,79921266,,rFF44,100202455,100.00,,
18.437785466,1353329923,,instructions,100202235,100.00,3.60,insn per cycle
18.437785466,375757051,,cycles,100202375,100.00,,
18.537987535,337,,rD044,100200865,100.00,,
18.537987535,79947054,,rFF44,100200695,100.00,,
18.537987535,1353814248,,instructions,100200805,100.00,3.60,insn per cycle
18.537987535,375750486,,cycles,100200605,100.00,,
18.638185575,342,,rD044,100197595,100.00,,
18.638185575,79663045,,rFF44,100197635,100.00,,
18.638185575,1348970368,,instructions,100197815,100.00,3.59,insn per cycle
18.638185575,375739337,,cycles,100197645,100.00,,
18.738386354,383,,rD044,100200494,100.00,,
18.738386354,79955939,,rFF44,100200874,100.00,,
18.738386354,1353910698,,instructions,100200894,100.00,3.60,insn per cycle
18.738386354,375752220,,cycles,100201044,100.00,,
18.838589443,615,,rD044,100202315,100.00,,
18.838589443,79692252,,rFF44,100202025,100.00,,
18.838589443,1349834312,,instructions,100201935,100.00,3.59,insn per cycle
18.838589443,375755689,,cycles,100201955,100.00,,
18.938790812,202,,rD044,100201025,100.00,,
18.938790812,79932428,,rFF44,100200785,100.00,,
18.938790812,1353499755,,instructions,100200885,100.00,3.60,insn per cycle
18.938790812,375750715,,cycles,100200765,100.00,,
19.039008291,304,,rD044,100199104,100.00,,
19.039008291,79961129,,rFF44,100199454,100.00,,
19.039008291,1354047151,,instructions,100199184,100.00,3.60,insn per cycle
19.039008291,375718450,,cycles,100199154,100.00,,
19.139210730,309,,rD044,100201265,100.00,,
19.139210730,79824158,,rFF44,100201295,100.00,,
19.139210730,1351726335,,instructions,100201435,100.00,3.60,insn per cycle
19.139210730,375754552,,cycles,100201715,100.00,,
19.239413109,319,,rD044,100202294,100.00,,
19.239413109,79774251,,rFF44,100202324,100.00,,
19.239413109,1351148106,,instructions,100202074,100.00,3.60,insn per cycle
19.239413109,375754973,,cycles,100201824,100.00,,
19.339629859,220,,rD044,100215745,100.00,,
19.339629859,79973809,,rFF44,100215835,100.00,,
19.339629859,1354248554,,instructions,100216085,100.00,3.60,insn per cycle
19.339629859,375808121,,cycles,100216005,100.00,,
19.439832588,306,,rD044,100201395,100.00,,
19.439832588,79738877,,rFF44,100201025,100.00,,
19.439832588,1350290318,,instructions,100201015,100.00,3.59,insn per cycle
19.439832588,375752421,,cycles,100201075,100.00,,
19.540049587,320,,rD044,100217365,100.00,,
19.540049587,79980090,,rFF44,100217665,100.00,,
19.540049587,1354370165,,instructions,100217505,100.00,3.60,insn per cycle
19.540049587,375814566,,cycles,100217745,100.00,,
19.640251496,323,,rD044,100200424,100.00,,
19.640251496,79918431,,rFF44,100200464,100.00,,
19.640251496,1353286643,,instructions,100200754,100.00,3.60,insn per cycle
19.640251496,375750679,,cycles,100200685,100.00,,
19.740455195,455,,rD044,100203705,100.00,,
19.740455195,79740328,,rFF44,100203205,100.00,,
19.740455195,1350591267,,instructions,100203185,100.00,3.59,insn per cycle
19.740455195,375745754,,cycles,100202904,100.00,,
19.840656854,403,,rD044,100200515,100.00,,
19.840656854,79897201,,rFF44,100200805,100.00,,
19.840656854,1352937357,,instructions,100200605,100.00,3.60,insn per cycle
19.840656854,375751531,,cycles,100200885,100.00,,
19.940860154,290,,rD044,100203755,100.00,,
19.940860154,79867810,,rFF44,100204305,100.00,,
19.940860154,1352726107,,instructions,100218705,100.00,3.60,insn per cycle
19.940860154,375819412,,cycles,100218805,100.00,,
20.041078193,455,,rD044,100202535,100.00,,
20.041078193,79883673,,rFF44,100202155,100.00,,
20.041078193,1352537368,,instructions,100187795,100.00,3.60,insn per cycle
20.041078193,375673833,,cycles,100187665,100.00,,
20.141279732,421,,rD044,100200644,100.00,,
20.141279732,79656390,,rFF44,100200284,100.00,,
20.141279732,1348859532,,instructions,100200314,100.00,3.59,insn per cycle
20.141279732,375749725,,cycles,100200334,100.00,,
20.241481961,1144,,rD044,100201275,100.00,,
20.241481961,79751678,,rFF44,100201805,100.00,,
20.241481961,1350780994,,instructions,100201965,100.00,3.59,insn per cycle
20.241481961,375755237,,cycles,100201955,100.00,,
20.341671310,782,,rD044,100188065,100.00,,
20.341671310,79564757,,rFF44,100187475,100.00,,
20.341671310,1347286064,,instructions,100187285,100.00,3.59,insn per cycle
20.341671310,375700206,,cycles,100187075,100.00,,
20.441870879,962,,rD044,100234535,100.00,,
20.441870879,79839125,,rFF44,100235525,100.00,,
20.441870879,1352128766,,instructions,100235495,100.00,3.60,insn per cycle
20.441870879,375882119,,cycles,100235855,100.00,,
20.542107899,549,,rD044,100187344,100.00,,
20.542107899,79780229,,rFF44,100187064,100.00,,
20.542107899,1350960229,,instructions,100187194,100.00,3.60,insn per cycle
20.542107899,375673693,,cycles,100187265,100.00,,
20.642312278,378,,rD044,100203575,100.00,,
20.642312278,79847054,,rFF44,100203195,100.00,,
20.642312278,1352057917,,instructions,100202945,100.00,3.60,insn per cycle
20.642312278,375758528,,cycles,100202634,100.00,,
20.742512267,385,,rD044,100199415,100.00,,
20.742512267,79748366,,rFF44,100199565,100.00,,
20.742512267,1350553006,,instructions,100199855,100.00,3.59,insn per cycle
20.742512267,375747609,,cycles,100199915,100.00,,
20.842715456,427,,rD044,100202655,100.00,,
20.842715456,79858518,,rFF44,100202095,100.00,,
20.842715456,1352329307,,instructions,100202115,100.00,3.60,insn per cycle
20.842715456,375755757,,cycles,100202095,100.00,,
20.942917745,283,,rD044,100201614,100.00,,
20.942917745,79797693,,rFF44,100202045,100.00,,
20.942917745,1351500171,,instructions,100201935,100.00,3.60,insn per cycle
20.942917745,375756826,,cycles,100202315,100.00,,
21.043121614,383,,rD044,100187885,100.00,,
21.043121614,79853666,,rFF44,100187754,100.00,,
21.043121614,1352179954,,instructions,100187484,100.00,3.60,insn per cycle
21.043121614,375674404,,cycles,100187344,100.00,,
21.143324633,345,,rD044,100202065,100.00,,
21.143324633,79842570,,rFF44,100202215,100.00,,
21.143324633,1352120418,,instructions,100202275,100.00,3.60,insn per cycle
21.143324633,375755372,,cycles,100201925,100.00,,
21.243558903,376,,rD044,100234325,100.00,,
21.243558903,79731187,,rFF44,100234505,100.00,,
21.243558903,1350109921,,instructions,100234645,100.00,3.59,insn per cycle
21.243558903,375878755,,cycles,100234815,100.00,,
21.343762412,284,,rD044,100202865,100.00,,
21.343762412,79932469,,rFF44,100202265,100.00,,
21.343762412,1353529974,,instructions,100202425,100.00,3.60,insn per cycle
21.343762412,375758365,,cycles,100202705,100.00,,
21.443966351,285,,rD044,100202254,100.00,,
21.443966351,79747860,,rFF44,100202854,100.00,,
21.443966351,1350750914,,instructions,100202884,100.00,3.59,insn per cycle
21.443966351,375758894,,cycles,100202715,100.00,,
21.544167540,282,,rD044,100200305,100.00,,
21.544167540,79958053,,rFF44,100200535,100.00,,
21.544167540,1353938729,,instructions,100200555,100.00,3.60,insn per cycle
21.544167540,375749331,,cycles,100200434,100.00,,
21.644370829,260,,rD044,100203475,100.00,,
21.644370829,80047303,,rFF44,100203315,100.00,,
21.644370829,1355513642,,instructions,100203185,100.00,3.61,insn per cycle
21.644370829,375760485,,cycles,100203195,100.00,,
21.744570488,437,,rD044,100199155,100.00,,
21.744570488,79850121,,rFF44,100199525,100.00,,
21.744570488,1352165835,,instructions,100199365,100.00,3.60,insn per cycle
21.744570488,375745303,,cycles,100199275,100.00,,
21.844772957,946,,rD044,100201444,100.00,,
21.844772957,79642656,,rFF44,100201015,100.00,,
21.844772957,1348933657,,instructions,100201375,100.00,3.59,insn per cycle
21.844772957,375750710,,cycles,100201365,100.00,,
21.944983127,758,,rD044,100192855,100.00,,
21.944983127,79845765,,rFF44,100192644,100.00,,
21.944983127,1352068371,,instructions,100192504,100.00,3.60,insn per cycle
21.944983127,375690476,,cycles,100192674,100.00,,
22.045184336,483,,rD044,100201095,100.00,,
22.045184336,79667135,,rFF44,100200725,100.00,,
22.045184336,1349082399,,instructions,100200715,100.00,3.59,insn per cycle
22.045184336,375750371,,cycles,100200745,100.00,,
22.145387365,237,,rD044,100201745,100.00,,
22.145387365,79901190,,rFF44,100202315,100.00,,
22.145387365,1352983034,,instructions,100202275,100.00,3.60,insn per cycle
22.145387365,375755056,,cycles,100201875,100.00,,
22.245588024,345,,rD044,100200115,100.00,,
22.245588024,79881323,,rFF44,100199785,100.00,,
22.245588024,1352721513,,instructions,100199985,100.00,3.60,insn per cycle
22.245588024,375750051,,cycles,100200485,100.00,,
22.345790243,294,,rD044,100202514,100.00,,
22.345790243,79907266,,rFF44,100201894,100.00,,
22.345790243,1353420114,,instructions,100201734,100.00,3.60,insn per cycle
22.345790243,375753572,,cycles,100201444,100.00,,
22.446031133,263,,rD044,100239655,100.00,,
22.446031133,79692475,,rFF44,100240385,100.00,,
22.446031133,1349477444,,instructions,100240185,100.00,3.59,insn per cycle
22.446031133,375899577,,cycles,100240255,100.00,,
22.546232272,333,,rD044,100199735,100.00,,
22.546232272,79925380,,rFF44,100199585,100.00,,
22.546232272,1353382929,,instructions,100199725,100.00,3.60,insn per cycle
22.546232272,375745864,,cycles,100199525,100.00,,
22.646433491,272,,rD044,100200645,100.00,,
22.646433491,79768920,,rFF44,100200525,100.00,,
22.646433491,1350743602,,instructions,100200585,100.00,3.59,insn per cycle
22.646433491,375751132,,cycles,100200765,100.00,,
22.746634210,395,,rD044,100200114,100.00,,
22.746634210,79968168,,rFF44,100200265,100.00,,
22.746634210,1354125760,,instructions,100200465,100.00,3.60,insn per cycle
22.746634210,375749483,,cycles,100200345,100.00,,
22.846834269,326,,rD044,100199595,100.00,,
22.846834269,79917840,,rFF44,100199414,100.00,,
22.846834269,1353664480,,instructions,100199344,100.00,3.60,insn per cycle
22.846834269,375747268,,cycles,100199614,100.00,,
22.947050318,267,,rD044,100215435,100.00,,
22.947050318,79940231,,rFF44,100215455,100.00,,
22.947050318,1353630788,,instructions,100215425,100.00,3.60,insn per cycle
22.947050318,375805663,,cycles,100215475,100.00,,
23.047251537,271,,rD044,100187365,100.00,,
23.047251537,79930119,,rFF44,100187405,100.00,,
23.047251537,1353486862,,instructions,100187335,100.00,3.60,insn per cycle
23.047251537,375672328,,cycles,100187135,100.00,,
23.147485557,285,,rD044,100233275,100.00,,
23.147485557,79999896,,rFF44,100233805,100.00,,
23.147485557,1354689579,,instructions,100233595,100.00,3.60,insn per cycle
23.147485557,375875583,,cycles,100234025,100.00,,
23.247687796,265,,rD044,100201154,100.00,,
23.247687796,79987682,,rFF44,100200445,100.00,,
23.247687796,1354808892,,instructions,100200605,100.00,3.61,insn per cycle
23.247687796,375749382,,cycles,100200295,100.00,,
23.347901595,278,,rD044,100212875,100.00,,
23.347901595,79948790,,rFF44,100213104,100.00,,
23.347901595,1353830295,,instructions,100213864,100.00,3.60,insn per cycle
23.347901595,375800827,,cycles,100213974,100.00,,
23.448103864,241,,rD044,100202405,100.00,,
23.448103864,79994663,,rFF44,100202365,100.00,,
23.448103864,1354561844,,instructions,100201285,100.00,3.60,insn per cycle
23.448103864,375751782,,cycles,100201015,100.00,,
23.548305754,245,,rD044,100200915,100.00,,
23.548305754,80034450,,rFF44,100200995,100.00,,
23.548305754,1355292020,,instructions,100201425,100.00,3.61,insn per cycle
23.548305754,375753084,,cycles,100201275,100.00,,
23.648508973,286,,rD044,100202715,100.00,,
23.648508973,79945720,,rFF44,100202815,100.00,,
23.648508973,1353768310,,instructions,100202835,100.00,3.60,insn per cycle
23.648508973,375758864,,cycles,100202945,100.00,,
23.748713142,315,,rD044,100203644,100.00,,
23.748713142,79920579,,rFF44,100204004,100.00,,
23.748713142,1353624557,,instructions,100203764,100.00,3.60,insn per cycle
23.748713142,375761373,,cycles,100203514,100.00,,
23.848917911,890,,rD044,100204595,100.00,,
23.848917911,79826911,,rFF44,100204925,100.00,,
23.848917911,1351736837,,instructions,100204825,100.00,3.60,insn per cycle
23.848917911,375765559,,cycles,100205305,100.00,,
23.949122850,278,,rD044,100204365,100.00,,
23.949122850,79933040,,rFF44,100203905,100.00,,
23.949122850,1353541365,,instructions,100204035,100.00,3.60,insn per cycle
23.949122850,375763678,,cycles,100204025,100.00,,
24.049324659,412,,rD044,100186195,100.00,,
24.049324659,79951967,,rFF44,100185935,100.00,,
24.049324659,1353914441,,instructions,100185815,100.00,3.60,insn per cycle
24.049324659,375667780,,cycles,100185845,100.00,,
24.149527418,306,,rD044,100202434,100.00,,
24.149527418,79928023,,rFF44,100202584,100.00,,
24.149527418,1353445358,,instructions,100202614,100.00,3.60,insn per cycle
24.149527418,375757876,,cycles,100202534,100.00,,
24.249734667,1052,,rD044,100207285,100.00,,
24.249734667,79812720,,rFF44,100207165,100.00,,
24.249734667,1351801495,,instructions,100207025,100.00,3.60,insn per cycle
24.249734667,375773482,,cycles,100206855,100.00,,
24.349934897,787,,rD044,100199095,100.00,,
24.349934897,79790421,,rFF44,100198725,100.00,,
24.349934897,1351118132,,instructions,100198935,100.00,3.60,insn per cycle
24.349934897,375744705,,cycles,100199045,100.00,,
24.450138166,913,,rD044,100201595,100.00,,
24.450138166,79797445,,rFF44,100201955,100.00,,
24.450138166,1351247419,,instructions,100201985,100.00,3.60,insn per cycle
24.450138166,375755870,,cycles,100202065,100.00,,
24.550338915,429,,rD044,100187074,100.00,,
24.550338915,79910166,,rFF44,100187214,100.00,,
24.550338915,1353156740,,instructions,100187094,100.00,3.60,insn per cycle
24.550338915,375675572,,cycles,100187194,100.00,,
24.650542104,481,,rD044,100202425,100.00,,
24.650542104,79830867,,rFF44,100202745,100.00,,
24.650542104,1351817265,,instructions,100202635,100.00,3.60,insn per cycle
24.650542104,375756482,,cycles,100202245,100.00,,
24.750744273,339,,rD044,100202295,100.00,,
24.750744273,80032826,,rFF44,100201875,100.00,,
24.750744273,1355567470,,instructions,100202155,100.00,3.61,insn per cycle
24.750744273,375756850,,cycles,100202285,100.00,,
24.850946302,486,,rD044,100200975,100.00,,
24.850946302,79966628,,rFF44,100201215,100.00,,
24.850946302,1354112625,,instructions,100201365,100.00,3.60,insn per cycle
24.850946302,375753365,,cycles,100201355,100.00,,
24.951149311,393,,rD044,100185444,100.00,,
24.951149311,79874093,,rFF44,100185515,100.00,,
24.951149311,1352565571,,instructions,100185195,100.00,3.60,insn per cycle
24.951149311,375667002,,cycles,100185305,100.00,,
25.051365761,324,,rD044,100215935,100.00,,
25.051365761,79870349,,rFF44,100215394,100.00,,
25.051365761,1352482304,,instructions,100215394,100.00,3.60,insn per cycle
25.051365761,375806170,,cycles,100215424,100.00,,
25.151567440,237,,rD044,100200975,100.00,,
25.151567440,79984442,,rFF44,100201335,100.00,,
25.151567440,1354730088,,instructions,100201265,100.00,3.61,insn per cycle
25.151567440,375750976,,cycles,100200855,100.00,,
25.251770549,290,,rD044,100202405,100.00,,
25.251770549,79937401,,rFF44,100202365,100.00,,
25.251770549,1353597911,,instructions,100202325,100.00,3.60,insn per cycle
25.251770549,375758781,,cycles,100202635,100.00,,
25.351971738,269,,rD044,100200825,100.00,,
25.351971738,79990768,,rFF44,100201105,100.00,,
25.351971738,1354539577,,instructions,100201245,100.00,3.60,insn per cycle
25.351971738,375752627,,cycles,100201225,100.00,,
25.452175427,300,,rD044,100202444,100.00,,
25.452175427,80053320,,rFF44,100202074,100.00,,
25.452175427,1355641058,,instructions,100201934,100.00,3.61,insn per cycle
25.452175427,375754133,,cycles,100201674,100.00,,
25.552373746,218,,rD044,100197285,100.00,,
25.552373746,79944975,,rFF44,100196895,100.00,,
25.552373746,1353755730,,instructions,100197145,100.00,3.60,insn per cycle
25.552373746,375738645,,cycles,100197465,100.00,,
25.652574065,353,,rD044,100199945,100.00,,
25.652574065,80004732,,rFF44,100200345,100.00,,
25.652574065,1355009038,,instructions,100200175,100.00,3.61,insn per cycle
25.652574065,375748215,,cycles,100200035,100.00,,
25.752778314,320,,rD044,100203535,100.00,,
25.752778314,79857106,,rFF44,100203625,100.00,,
25.752778314,1352228221,,instructions,100203665,100.00,3.60,insn per cycle
25.752778314,375762831,,cycles,100203875,100.00,,
25.852979673,465,,rD044,100201404,100.00,,
25.852979673,79954695,,rFF44,100201194,100.00,,
25.852979673,1354006917,,instructions,100201514,100.00,3.60,insn per cycle
25.852979673,375753476,,cycles,100201394,100.00,,
25.953184113,267,,rD044,100203435,100.00,,
25.953184113,79936624,,rFF44,100203285,100.00,,
25.953184113,1353590130,,instructions,100202955,100.00,3.60,insn per cycle
25.953184113,375760096,,cycles,100203045,100.00,,
26.053383262,562,,rD044,100185195,100.00,,
26.053383262,79891168,,rFF44,100185695,100.00,,
26.053383262,1352858685,,instructions,100185845,100.00,3.60,insn per cycle
26.053383262,375666903,,cycles,100185685,100.00,,
26.153585731,195,,rD044,100201235,100.00,,
26.153585731,79967670,,rFF44,100201175,100.00,,
26.153585731,1354326988,,instructions,100201075,100.00,3.60,insn per cycle
26.153585731,375752739,,cycles,100201075,100.00,,
26.253786370,304,,rD044,100200014,100.00,,
26.253786370,80016059,,rFF44,100200234,100.00,,
26.253786370,1354934538,,instructions,100200204,100.00,3.61,insn per cycle
26.253786370,375748561,,cycles,100200164,100.00,,
26.353987519,328,,rD044,100201515,100.00,,
26.353987519,79906922,,rFF44,100200935,100.00,,
26.353987519,1353260187,,instructions,100201005,100.00,3.60,insn per cycle
26.353987519,375751971,,cycles,100201085,100.00,,
26.454186828,707,,rD044,100198065,100.00,,
26.454186828,79942466,,rFF44,100198105,100.00,,
26.454186828,1353715099,,instructions,100197955,100.00,3.60,insn per cycle
26.454186828,375739447,,cycles,100198375,100.00,,
26.554387927,262,,rD044,100200135,100.00,,
26.554387927,79885236,,rFF44,100200245,100.00,,
26.554387927,1352928784,,instructions,100200395,100.00,3.60,insn per cycle
26.554387927,375749610,,cycles,100200415,100.00,,
26.654590286,367,,rD044,100201724,100.00,,
26.654590286,79946491,,rFF44,100202094,100.00,,
26.654590286,1353843654,,instructions,100202224,100.00,3.60,insn per cycle
26.654590286,375754404,,cycles,100201644,100.00,,
26.754794285,348,,rD044,100203315,100.00,,
26.754794285,79677208,,rFF44,100202685,100.00,,
26.754794285,1349199324,,instructions,100202645,100.00,3.59,insn per cycle
26.754794285,375758188,,cycles,100202635,100.00,,
26.855009855,399,,rD044,100215535,100.00,,
26.855009855,79978219,,rFF44,100215955,100.00,,
26.855009855,1354432992,,instructions,100215945,100.00,3.60,insn per cycle
26.855009855,375808303,,cycles,100216035,100.00,,
26.922513395,1315,,rD044,61348747,100.00,,
26.922513395,42349027,,rFF44,61343727,100.00,,
26.922513395,736554834,,instructions,61341497,100.00,3.20,insn per cycle
26.922513395,229945001,,cycles,61339367,100.00,,
