0.100123205,2481,,rD044,99305020,100.00,,
0.100123205,27714376,,rFF44,99309310,100.00,,
0.100123205,587611994,,instructions,99311470,100.00,1.58,insn per cycle
0.100123205,372346076,,cycles,99313740,100.00,,
0.200381451,886,,rD044,100253975,100.00,,
0.200381451,28374807,,rFF44,100254235,100.00,,
0.200381451,597044666,,instructions,100254255,100.00,1.59,insn per cycle
0.200381451,375951181,,cycles,100254135,100.00,,
0.300583297,426,,rD044,100201335,100.00,,
0.300583297,33169925,,rFF44,100201225,100.00,,
0.300583297,323436263,,instructions,100201195,100.00,0.86,insn per cycle
0.300583297,375752857,,cycles,100201255,100.00,,
0.400785593,417,,rD044,100172645,100.00,,
0.400785593,38242057,,rFF44,100173145,100.00,,
0.400785593,47261785,,instructions,100173135,100.00,0.13,insn per cycle
0.400785593,375618365,,cycles,100173095,100.00,,
0.500984359,431,,rD044,100199305,100.00,,
0.500984359,65239113,,rFF44,100199565,100.00,,
0.500984359,901566480,,instructions,100199695,100.00,2.40,insn per cycle
0.500984359,375747234,,cycles,100199745,100.00,,
0.601186864,595,,rD044,100201324,100.00,,
0.601186864,79558026,,rFF44,100200934,100.00,,
0.601186864,1347089044,,instructions,100200854,100.00,3.59,insn per cycle
0.601186864,375751336,,cycles,100200864,100.00,,
0.701388100,344,,rD044,100200375,100.00,,
0.701388100,79613425,,rFF44,100200465,100.00,,
0.701388100,1348178015,,instructions,100200605,100.00,3.59,insn per cycle
0.701388100,375751010,,cycles,100200755,100.00,,
0.801590276,1830,,rD044,100201685,100.00,,
0.801590276,78599994,,rFF44,100201315,100.00,,
0.801590276,1333769431,,instructions,100201315,100.00,3.55,insn per cycle
0.801590276,375752260,,cycles,100201065,100.00,,
0.901794392,433,,rD044,100203685,100.00,,
0.901794392,79717231,,rFF44,100203875,100.00,,
0.901794392,1350108733,,instructions,100204155,100.00,3.59,insn per cycle
0.901794392,375764300,,cycles,100204295,100.00,,
1.001999867,344,,rD044,100204564,100.00,,
1.001999867,79677138,,rFF44,100205465,100.00,,
1.001999867,1349276088,,instructions,100205215,100.00,3.59,insn per cycle
1.001999867,375767850,,cycles,100205245,100.00,,
1.102201533,368,,rD044,100200935,100.00,,
1.102201533,79752551,,rFF44,100200084,100.00,,
1.102201533,1350694832,,instructions,100200024,100.00,3.59,insn per cycle
1.102201533,375748558,,cycles,100200124,100.00,,
1.202400269,431,,rD044,100198495,100.00,,
1.202400269,79678848,,rFF44,100198745,100.00,,
1.202400269,1349339410,,instructions,100198795,100.00,3.59,insn per cycle
1.202400269,375744398,,cycles,100198995,100.00,,
1.302602185,384,,rD044,100201015,100.00,,
1.302602185,79676298,,rFF44,100200995,100.00,,
1.302602185,1349296361,,instructions,100201025,100.00,3.59,insn per cycle
1.302602185,375751155,,cycles,100200795,100.00,,
1.402803771,341,,rD044,100200794,100.00,,
1.402803771,79799204,,rFF44,100201195,100.00,,
1.402803771,1351384979,,instructions,100201175,100.00,3.60,insn per cycle
1.402803771,375751395,,cycles,100200855,100.00,,
1.503008406,365,,rD044,100203735,100.00,,
1.503008406,79709794,,rFF44,100203564,100.00,,
1.503008406,1349862275,,instructions,100203714,100.00,3.59,insn per cycle
1.503008406,375763118,,cycles,100203984,100.00,,
1.603212392,475,,rD044,100203575,100.00,,
1.603212392,79723136,,rFF44,100203405,100.00,,
1.603212392,1350274293,,instructions,100203185,100.00,3.59,insn per cycle
1.603212392,375760206,,cycles,100203205,100.00,,
1.703414328,303,,rD044,100201555,100.00,,
1.703414328,79767964,,rFF44,100201325,100.00,,
1.703414328,1350838850,,instructions,100201435,100.00,3.60,insn per cycle
1.703414328,375752586,,cycles,100201175,100.00,,
1.803618874,338,,rD044,100203955,100.00,,
1.803618874,79758473,,rFF44,100204185,100.00,,
1.803618874,1350597364,,instructions,100204155,100.00,3.59,insn per cycle
1.803618874,375765649,,cycles,100204655,100.00,,
1.903823790,522,,rD044,100184164,100.00,,
1.903823790,79673623,,rFF44,100184244,100.00,,
1.903823790,1349257836,,instructions,100184064,100.00,3.59,insn per cycle
1.903823790,375656777,,cycles,100183624,100.00,,
2.004028366,411,,rD044,100203945,100.00,,
2.004028366,79741073,,rFF44,100203445,100.00,,
2.004028366,1350693044,,instructions,100203615,100.00,3.59,insn per cycle
2.004028366,375761843,,cycles,100203665,100.00,,
2.104272972,509,,rD044,100244485,100.00,,
2.104272972,79413396,,rFF44,100244855,100.00,,
2.104272972,1344912882,,instructions,100244645,100.00,3.58,insn per cycle
2.104272972,375916173,,cycles,100244765,100.00,,
2.204473967,411,,rD044,100199835,100.00,,
2.204473967,79627649,,rFF44,100199505,100.00,,
2.204473967,1348502672,,instructions,100199585,100.00,3.59,insn per cycle
2.204473967,375746897,,cycles,100199665,100.00,,
2.304675863,491,,rD044,100201195,100.00,,
2.304675863,79205497,,rFF44,100201145,100.00,,
2.304675863,1341264977,,instructions,100201315,100.00,3.57,insn per cycle
2.304675863,375753440,,cycles,100201405,100.00,,
2.404879359,279,,rD044,100203164,100.00,,
2.404879359,79641827,,rFF44,100203464,100.00,,
2.404879359,1348763177,,instructions,100203254,100.00,3.59,insn per cycle
2.404879359,375759587,,cycles,100203034,100.00,,
2.505115285,431,,rD044,100235685,100.00,,
2.505115285,79313515,,rFF44,100235555,100.00,,
2.505115285,1343374144,,instructions,100235585,100.00,3.57,insn per cycle
2.505115285,375881743,,cycles,100235625,100.00,,
2.605316741,345,,rD044,100201305,100.00,,
2.605316741,79711815,,rFF44,100200965,100.00,,
2.605316741,1349934929,,instructions,100200925,100.00,3.59,insn per cycle
2.605316741,375751734,,cycles,100200945,100.00,,
2.705519007,474,,rD044,100200915,100.00,,
2.705519007,79085495,,rFF44,100201285,100.00,,
2.705519007,1339500837,,instructions,100201735,100.00,3.56,insn per cycle
2.705519007,375755010,,cycles,100201815,100.00,,
2.805721743,360,,rD044,100202015,100.00,,
2.805721743,79455372,,rFF44,100201925,100.00,,
2.805721743,1345606954,,instructions,100201645,100.00,3.58,insn per cycle
2.805721743,375755047,,cycles,100201825,100.00,,
2.905940489,603,,rD044,100202994,100.00,,
2.905940489,79116197,,rFF44,100203024,100.00,,
2.905940489,1339979083,,instructions,100202934,100.00,3.57,insn per cycle
2.905940489,375730703,,cycles,100202704,100.00,,
3.006142294,337,,rD044,100201385,100.00,,
3.006142294,79723804,,rFF44,100201425,100.00,,
3.006142294,1349953544,,instructions,100201305,100.00,3.59,insn per cycle
3.006142294,375752330,,cycles,100201105,100.00,,
3.106344490,507,,rD044,100201905,100.00,,
3.106344490,79283463,,rFF44,100201875,100.00,,
3.106344490,1342722857,,instructions,100201865,100.00,3.57,insn per cycle
3.106344490,375755358,,cycles,100201895,100.00,,
3.206546396,441,,rD044,100200905,100.00,,
3.206546396,79417167,,rFF44,100200675,100.00,,
3.206546396,1345177379,,instructions,100200915,100.00,3.58,insn per cycle
3.206546396,375752023,,cycles,100201045,100.00,,
3.306747822,482,,rD044,100200844,100.00,,
3.306747822,79469656,,rFF44,100200954,100.00,,
3.306747822,1345833563,,instructions,100200834,100.00,3.58,insn per cycle
3.306747822,375751832,,cycles,100200974,100.00,,
3.406949958,423,,rD044,100201275,100.00,,
3.406949958,79284045,,rFF44,100201375,100.00,,
3.406949958,1342777156,,instructions,100201385,100.00,3.57,insn per cycle
3.406949958,375752897,,cycles,100201255,100.00,,
3.507152683,431,,rD044,100202935,100.00,,
3.507152683,79643112,,rFF44,100202555,100.00,,
3.507152683,1348780819,,instructions,100202655,100.00,3.59,insn per cycle
3.507152683,375758379,,cycles,100202595,100.00,,
3.607355869,654,,rD044,100202505,100.00,,
3.607355869,79121152,,rFF44,100203325,100.00,,
3.607355869,1340023558,,instructions,100203345,100.00,3.57,insn per cycle
3.607355869,375760679,,cycles,100203455,100.00,,
3.707557855,1318,,rD044,100200474,100.00,,
3.707557855,79578549,,rFF44,100200344,100.00,,
3.707557855,1347581121,,instructions,100200214,100.00,3.59,insn per cycle
3.707557855,375748136,,cycles,100199994,100.00,,
3.807760871,945,,rD044,100188755,100.00,,
3.807760871,79401013,,rFF44,100188265,100.00,,
3.807760871,1344693175,,instructions,100188335,100.00,3.58,insn per cycle
3.807760871,375678458,,cycles,100188595,100.00,,
3.907954776,1037,,rD044,100178565,100.00,,
3.907954776,79561902,,rFF44,100178715,100.00,,
3.907954776,1347650933,,instructions,100178605,100.00,3.59,insn per cycle
3.907954776,375641587,,cycles,100178605,100.00,,
4.008203833,501,,rD044,100248535,100.00,,
4.008203833,79136960,,rFF44,100248775,100.00,,
4.008203833,1340210951,,instructions,100248725,100.00,3.57,insn per cycle
4.008203833,375931871,,cycles,100248985,100.00,,
4.108408489,480,,rD044,100203745,100.00,,
4.108408489,79579480,,rFF44,100203465,100.00,,
4.108408489,1347696783,,instructions,100203525,100.00,3.59,insn per cycle
4.108408489,375759357,,cycles,100202975,100.00,,
4.208610764,500,,rD044,100201074,100.00,,
4.208610764,79232365,,rFF44,100201264,100.00,,
4.208610764,1341861280,,instructions,100201414,100.00,3.57,insn per cycle
4.208610764,375754920,,cycles,100201804,100.00,,
4.308811740,360,,rD044,100200675,100.00,,
4.308811740,79780618,,rFF44,100200265,100.00,,
4.308811740,1351045210,,instructions,100200305,100.00,3.60,insn per cycle
4.308811740,375748380,,cycles,100200055,100.00,,
4.409012396,393,,rD044,100199105,100.00,,
4.409012396,79374063,,rFF44,100199425,100.00,,
4.409012396,1344321077,,instructions,100199325,100.00,3.58,insn per cycle
4.409012396,375746879,,cycles,100199645,100.00,,
4.509214562,341,,rD044,100202235,100.00,,
4.509214562,79645688,,rFF44,100202125,100.00,,
4.509214562,1348806696,,instructions,100202115,100.00,3.59,insn per cycle
4.509214562,375754269,,cycles,100201625,100.00,,
4.609416258,401,,rD044,100200814,100.00,,
4.609416258,79230565,,rFF44,100201114,100.00,,
4.609416258,1342022638,,instructions,100201004,100.00,3.57,insn per cycle
4.609416258,375752758,,cycles,100201224,100.00,,
4.709616923,356,,rD044,100200055,100.00,,
4.709616923,79606467,,rFF44,100199835,100.00,,
4.709616923,1348172320,,instructions,100199865,100.00,3.59,insn per cycle
4.709616923,375747797,,cycles,100199895,100.00,,
4.809816319,546,,rD044,100180445,100.00,,
4.809816319,79250208,,rFF44,100180265,100.00,,
4.809816319,1342085910,,instructions,100180255,100.00,3.57,insn per cycle
4.809816319,375648036,,cycles,100180335,100.00,,
4.910019095,516,,rD044,100202585,100.00,,
4.910019095,79579201,,rFF44,100202995,100.00,,
4.910019095,1347592691,,instructions,100202885,100.00,3.59,insn per cycle
4.910019095,375759036,,cycles,100202895,100.00,,
5.010221841,438,,rD044,100201944,100.00,,
5.010221841,79304898,,rFF44,100201704,100.00,,
5.010221841,1343075065,,instructions,100201864,100.00,3.57,insn per cycle
5.010221841,375755454,,cycles,100201934,100.00,,
5.110423956,365,,rD044,100201375,100.00,,
5.110423956,79521243,,rFF44,100201485,100.00,,
5.110423956,1346902176,,instructions,100201655,100.00,3.58,insn per cycle
5.110423956,375754115,,cycles,100201585,100.00,,
5.210627992,572,,rD044,100203775,100.00,,
5.210627992,79529285,,rFF44,100203695,100.00,,
5.210627992,1346786853,,instructions,100203515,100.00,3.58,insn per cycle
5.210627992,375761036,,cycles,100203425,100.00,,
5.310829818,927,,rD044,100201225,100.00,,
5.310829818,79496814,,rFF44,100201595,100.00,,
5.310829818,1346382543,,instructions,100201795,100.00,3.58,insn per cycle
5.310829818,375751735,,cycles,100201745,100.00,,
5.411031544,398,,rD044,100201454,100.00,,
5.411031544,79434656,,rFF44,100201435,100.00,,
5.411031544,1345319571,,instructions,100201395,100.00,3.58,insn per cycle
5.411031544,375753225,,cycles,100201345,100.00,,
5.511233940,513,,rD044,100201205,100.00,,
5.511233940,79318514,,rFF44,100201104,100.00,,
5.511233940,1343285346,,instructions,100200974,100.00,3.58,insn per cycle
5.511233940,375736073,,cycles,100201124,100.00,,
5.611437186,621,,rD044,100202615,100.00,,
5.611437186,79626551,,rFF44,100202615,100.00,,
5.611437186,1348354613,,instructions,100202675,100.00,3.59,insn per cycle
5.611437186,375758062,,cycles,100202635,100.00,,
5.711639961,801,,rD044,100177605,100.00,,
5.711639961,79253306,,rFF44,100177375,100.00,,
5.711639961,1342142978,,instructions,100177275,100.00,3.57,insn per cycle
5.711639961,375635979,,cycles,100177435,100.00,,
5.811842937,473,,rD044,100202615,100.00,,
5.811842937,79503264,,rFF44,100202945,100.00,,
5.811842937,1346706916,,instructions,100202905,100.00,3.58,insn per cycle
5.811842937,375758164,,cycles,100202665,100.00,,
5.912085193,518,,rD044,100228704,100.00,,
5.912085193,79379409,,rFF44,100228124,100.00,,
5.912085193,1344285651,,instructions,100228215,100.00,3.58,insn per cycle
5.912085193,375828787,,cycles,100228535,100.00,,
6.012286759,473,,rD044,100200995,100.00,,
6.012286759,79755272,,rFF44,100200945,100.00,,
6.012286759,1350565192,,instructions,100200964,100.00,3.59,insn per cycle
6.012286759,375750794,,cycles,100200694,100.00,,
6.112490855,402,,rD044,100203785,100.00,,
6.112490855,79526767,,rFF44,100203805,100.00,,
6.112490855,1346840916,,instructions,100203905,100.00,3.58,insn per cycle
6.112490855,375762774,,cycles,100203885,100.00,,
6.212693821,361,,rD044,100201955,100.00,,
6.212693821,79557886,,rFF44,100202475,100.00,,
6.212693821,1347307971,,instructions,100202525,100.00,3.59,insn per cycle
6.212693821,375757839,,cycles,100202575,100.00,,
6.312897077,412,,rD044,100202495,100.00,,
6.312897077,79390639,,rFF44,100201965,100.00,,
6.312897077,1344606903,,instructions,100201835,100.00,3.58,insn per cycle
6.312897077,375754241,,cycles,100201615,100.00,,
6.413110622,500,,rD044,100212564,100.00,,
6.413110622,79593954,,rFF44,100212554,100.00,,
6.413110622,1347910868,,instructions,100212464,100.00,3.59,insn per cycle
6.413110622,375795315,,cycles,100212574,100.00,,
6.513310798,529,,rD044,100199555,100.00,,
6.513310798,79257616,,rFF44,100199845,100.00,,
6.513310798,1342458854,,instructions,100199845,100.00,3.57,insn per cycle
6.513310798,375748035,,cycles,100199965,100.00,,
6.613512724,389,,rD044,100201995,100.00,,
6.613512724,79633864,,rFF44,100201815,100.00,,
6.613512724,1348614697,,instructions,100201885,100.00,3.59,insn per cycle
6.613512724,375755255,,cycles,100201885,100.00,,
6.713715880,549,,rD044,100201855,100.00,,
6.713715880,79470869,,rFF44,100202485,100.00,,
6.713715880,1345702484,,instructions,100202505,100.00,3.58,insn per cycle
6.713715880,375758985,,cycles,100202885,100.00,,
6.813917646,450,,rD044,100217884,100.00,,
6.813917646,79605364,,rFF44,100217614,100.00,,
6.813917646,1348140877,,instructions,100217444,100.00,3.59,insn per cycle
6.813917646,375812257,,cycles,100217074,100.00,,
6.914136502,366,,rD044,100186905,100.00,,
6.914136502,79405692,,rFF44,100186795,100.00,,
6.914136502,1344719901,,instructions,100186875,100.00,3.58,insn per cycle
6.914136502,375673365,,cycles,100186905,100.00,,
7.014339537,449,,rD044,100202245,100.00,,
7.014339537,79626204,,rFF44,100202485,100.00,,
7.014339537,1348770252,,instructions,100202535,100.00,3.59,insn per cycle
7.014339537,375757763,,cycles,100202555,100.00,,
7.114543753,392,,rD044,100204335,100.00,,
7.114543753,79497584,,rFF44,100204005,100.00,,
7.114543753,1346308224,,instructions,100203915,100.00,3.58,insn per cycle
7.114543753,375761631,,cycles,100203595,100.00,,
7.214746029,462,,rD044,100200984,100.00,,
7.214746029,79578460,,rFF44,100201164,100.00,,
7.214746029,1347612859,,instructions,100201215,100.00,3.59,insn per cycle
7.214746029,375753165,,cycles,100201325,100.00,,
7.314946215,490,,rD044,100199855,100.00,,
7.314946215,79451089,,rFF44,100200385,100.00,,
7.314946215,1345546829,,instructions,100200414,100.00,3.58,insn per cycle
7.314946215,375750101,,cycles,100200514,100.00,,
7.415150531,485,,rD044,100203625,100.00,,
7.415150531,79583384,,rFF44,100203225,100.00,,
7.415150531,1347807647,,instructions,100203305,100.00,3.59,insn per cycle
7.415150531,375760979,,cycles,100203405,100.00,,
7.515353256,497,,rD044,100202235,100.00,,
7.515353256,79468599,,rFF44,100201835,100.00,,
7.515353256,1345861933,,instructions,100201755,100.00,3.58,insn per cycle
7.515353256,375754111,,cycles,100201585,100.00,,
7.615556312,621,,rD044,100202255,100.00,,
7.615556312,79585020,,rFF44,100202695,100.00,,
7.615556312,1347742016,,instructions,100202635,100.00,3.59,insn per cycle
7.615556312,375757162,,cycles,100202395,100.00,,
7.715759538,1090,,rD044,100202704,100.00,,
7.715759538,79205407,,rFF44,100202054,100.00,,
7.715759538,1341639272,,instructions,100202274,100.00,3.57,insn per cycle
7.715759538,375758653,,cycles,100202794,100.00,,
7.815965024,941,,rD044,100173895,100.00,,
7.815965024,79468245,,rFF44,100173845,100.00,,
7.815965024,1345799418,,instructions,100173875,100.00,3.58,insn per cycle
7.815965024,375596289,,cycles,100173675,100.00,,
7.916198500,1104,,rD044,100231775,100.00,,
7.916198500,79331094,,rFF44,100232535,100.00,,
7.916198500,1343312798,,instructions,100232875,100.00,3.57,insn per cycle
7.916198500,375871589,,cycles,100232895,100.00,,
8.016401546,482,,rD044,100202665,100.00,,
8.016401546,79670781,,rFF44,100201915,100.00,,
8.016401546,1349263629,,instructions,100201495,100.00,3.59,insn per cycle
8.016401546,375754065,,cycles,100201565,100.00,,
8.116604412,487,,rD044,100201994,100.00,,
8.116604412,79367129,,rFF44,100202675,100.00,,
8.116604412,1344242655,,instructions,100202535,100.00,3.58,insn per cycle
8.116604412,375757705,,cycles,100202555,100.00,,
8.216806567,439,,rD044,100201535,100.00,,
8.216806567,79573148,,rFF44,100201324,100.00,,
8.216806567,1347579904,,instructions,100201304,100.00,3.59,insn per cycle
8.216806567,375752473,,cycles,100201144,100.00,,
8.317008613,429,,rD044,100201145,100.00,,
8.317008613,79488269,,rFF44,100200815,100.00,,
8.317008613,1346150183,,instructions,100200805,100.00,3.58,insn per cycle
8.317008613,375751697,,cycles,100200935,100.00,,
8.417210849,427,,rD044,100201525,100.00,,
8.417210849,79575668,,rFF44,100201485,100.00,,
8.417210849,1347672736,,instructions,100201735,100.00,3.59,insn per cycle
8.417210849,375754312,,cycles,100201635,100.00,,
8.517412095,451,,rD044,100200855,100.00,,
8.517412095,79605028,,rFF44,100200825,100.00,,
8.517412095,1348138343,,instructions,100200765,100.00,3.59,insn per cycle
8.517412095,375752007,,cycles,100201015,100.00,,
8.617614220,315,,rD044,100201314,100.00,,
8.617614220,79546306,,rFF44,100201664,100.00,,
8.617614220,1347073820,,instructions,100201444,100.00,3.58,insn per cycle
8.617614220,375752955,,cycles,100201284,100.00,,
8.717814956,388,,rD044,100200945,100.00,,
8.717814956,79565517,,rFF44,100200795,100.00,,
8.717814956,1347462133,,instructions,100200855,100.00,3.59,insn per cycle
8.717814956,375751348,,cycles,100200845,100.00,,
8.818016872,438,,rD044,100200915,100.00,,
8.818016872,79434478,,rFF44,100200825,100.00,,
8.818016872,1345473073,,instructions,100200765,100.00,3.58,insn per cycle
8.818016872,375750830,,cycles,100200705,100.00,,
8.918219138,582,,rD044,100186455,100.00,,
8.918219138,79422364,,rFF44,100186725,100.00,,
8.918219138,1345024830,,instructions,100186915,100.00,3.58,insn per cycle
8.918219138,375674412,,cycles,100187095,100.00,,
9.018423484,482,,rD044,100203094,100.00,,
9.018423484,79636065,,rFF44,100202994,100.00,,
9.018423484,1348617471,,instructions,100202794,100.00,3.59,insn per cycle
9.018423484,375758085,,cycles,100202664,100.00,,
9.118625789,358,,rD044,100201365,100.00,,
9.118625789,79749200,,rFF44,100201495,100.00,,
9.118625789,1350409306,,instructions,100201675,100.00,3.59,insn per cycle
9.118625789,375754571,,cycles,100201705,100.00,,
9.218827415,831,,rD044,100200815,100.00,,
9.218827415,79625542,,rFF44,100200625,100.00,,
9.218827415,1348460045,,instructions,100200635,100.00,3.59,insn per cycle
9.218827415,375754934,,cycles,100201825,100.00,,
9.319031791,349,,rD044,100204405,100.00,,
9.319031791,79651956,,rFF44,100204645,100.00,,
9.319031791,1349116227,,instructions,100204605,100.00,3.59,insn per cycle
9.319031791,375761842,,cycles,100203645,100.00,,
9.419233827,369,,rD044,100201064,100.00,,
9.419233827,79677693,,rFF44,100201284,100.00,,
9.419233827,1349333633,,instructions,100201284,100.00,3.59,insn per cycle
9.419233827,375751063,,cycles,100200764,100.00,,
9.519434693,1555,,rD044,100200075,100.00,,
9.519434693,79402469,,rFF44,100199715,100.00,,
9.519434693,1344690536,,instructions,100199775,100.00,3.58,insn per cycle
9.519434693,375744662,,cycles,100199875,100.00,,
9.619638038,721,,rD044,100203465,100.00,,
9.619638038,79712934,,rFF44,100203545,100.00,,
9.619638038,1349938940,,instructions,100203535,100.00,3.59,insn per cycle
9.619638038,375762110,,cycles,100203715,100.00,,
9.719842544,739,,rD044,100203155,100.00,,
9.719842544,79648102,,rFF44,100203285,100.00,,
9.719842544,1348842355,,instructions,100203365,100.00,3.59,insn per cycle
9.719842544,375761608,,cycles,100203565,100.00,,
9.820108041,780,,rD044,100264555,100.00,,
9.820108041,79746529,,rFF44,100264785,100.00,,
9.820108041,1350573133,,instructions,100264485,100.00,3.59,insn per cycle
9.820108041,375989404,,cycles,100264345,100.00,,
9.920308596,830,,rD044,100183654,100.00,,
9.920308596,79521860,,rFF44,100183574,100.00,,
9.920308596,1346702417,,instructions,100183654,100.00,3.58,insn per cycle
9.920308596,375657132,,cycles,100183464,100.00,,
10.020511752,835,,rD044,100202595,100.00,,
10.020511752,79628650,,rFF44,100202455,100.00,,
10.020511752,1348661995,,instructions,100202415,100.00,3.59,insn per cycle
10.020511752,375758369,,cycles,100202715,100.00,,
10.120714848,754,,rD044,100202335,100.00,,
10.120714848,79603756,,rFF44,100202265,100.00,,
10.120714848,1348104282,,instructions,100202495,100.00,3.59,insn per cycle
10.120714848,375756954,,cycles,100202335,100.00,,
10.220916644,752,,rD044,100210825,100.00,,
10.220916644,79554706,,rFF44,100211055,100.00,,
10.220916644,1347152784,,instructions,100210785,100.00,3.58,insn per cycle
10.220916644,375788447,,cycles,100210735,100.00,,
10.321128230,764,,rD044,100201215,100.00,,
10.321128230,79554304,,rFF44,100200815,100.00,,
10.321128230,1347227243,,instructions,100200975,100.00,3.59,insn per cycle
10.321128230,375751861,,cycles,100200965,100.00,,
10.421330376,787,,rD044,100201664,100.00,,
10.421330376,79656916,,rFF44,100201874,100.00,,
10.421330376,1348982802,,instructions,100201824,100.00,3.59,insn per cycle
10.421330376,375755135,,cycles,100201874,100.00,,
10.521533521,767,,rD044,100202835,100.00,,
10.521533521,79679247,,rFF44,100203225,100.00,,
10.521533521,1349654058,,instructions,100203295,100.00,3.59,insn per cycle
10.521533521,375760543,,cycles,100203295,100.00,,
10.621738187,716,,rD044,100203795,100.00,,
10.621738187,79634337,,rFF44,100203225,100.00,,
10.621738187,1348598260,,instructions,100203225,100.00,3.59,insn per cycle
10.621738187,375759636,,cycles,100203055,100.00,,
10.721940303,705,,rD044,100201615,100.00,,
10.721940303,79627225,,rFF44,100201275,100.00,,
10.721940303,1348366641,,instructions,100201185,100.00,3.59,insn per cycle
10.721940303,375753307,,cycles,100201365,100.00,,
10.822141669,789,,rD044,100183853,100.00,,
10.822141669,79616532,,rFF44,100184183,100.00,,
10.822141669,1348292019,,instructions,100184303,100.00,3.59,insn per cycle
10.822141669,375661805,,cycles,100184353,100.00,,
10.922345435,835,,rD044,100202715,100.00,,
10.922345435,79568264,,rFF44,100202885,100.00,,
10.922345435,1347667733,,instructions,100202825,100.00,3.59,insn per cycle
10.922345435,375757589,,cycles,100202505,100.00,,
11.022547050,733,,rD044,100200625,100.00,,
11.022547050,79701215,,rFF44,100200745,100.00,,
11.022547050,1349744735,,instructions,100200845,100.00,3.59,insn per cycle
11.022547050,375751629,,cycles,100200915,100.00,,
11.122751826,819,,rD044,100204255,100.00,,
11.122751826,79703714,,rFF44,100204255,100.00,,
11.122751826,1349786526,,instructions,100204115,100.00,3.59,insn per cycle
11.122751826,375764274,,cycles,100204295,100.00,,
11.222952842,773,,rD044,100200304,100.00,,
11.222952842,79711927,,rFF44,100200714,100.00,,
11.222952842,1349950629,,instructions,100200884,100.00,3.59,insn per cycle
11.222952842,375752422,,cycles,100201134,100.00,,
11.323156538,981,,rD044,100203945,100.00,,
11.323156538,79296672,,rFF44,100203285,100.00,,
11.323156538,1343021646,,instructions,100203175,100.00,3.57,insn per cycle
11.323156538,375759796,,cycles,100203065,100.00,,
11.423359804,794,,rD044,100201645,100.00,,
11.423359804,79586717,,rFF44,100201825,100.00,,
11.423359804,1347781152,,instructions,100201745,100.00,3.59,insn per cycle
11.423359804,375754849,,cycles,100201775,100.00,,
11.523560889,868,,rD044,100200475,100.00,,
11.523560889,79378797,,rFF44,100200015,100.00,,
11.523560889,1344277353,,instructions,100199885,100.00,3.58,insn per cycle
11.523560889,375747407,,cycles,100199795,100.00,,
11.623764255,928,,rD044,100202324,100.00,,
11.623764255,79585764,,rFF44,100202694,100.00,,
11.623764255,1348008512,,instructions,100202954,100.00,3.59,insn per cycle
11.623764255,375758515,,cycles,100202754,100.00,,
11.723986021,1215,,rD044,100206605,100.00,,
11.723986021,79254925,,rFF44,100205625,100.00,,
11.723986021,1342252105,,instructions,100205505,100.00,3.57,insn per cycle
11.723986021,375741205,,cycles,100205565,100.00,,
11.824185827,1053,,rD044,100199775,100.00,,
11.824185827,79525200,,rFF44,100200465,100.00,,
11.824185827,1346754221,,instructions,100200445,100.00,3.58,insn per cycle
11.824185827,375750361,,cycles,100200585,100.00,,
11.924396063,1144,,rD044,100194815,100.00,,
11.924396063,79306833,,rFF44,100194975,100.00,,
11.924396063,1342966609,,instructions,100195035,100.00,3.57,insn per cycle
11.924396063,375700492,,cycles,100194945,100.00,,
12.024598589,736,,rD044,100201775,100.00,,
12.024598589,79632509,,rFF44,100202375,100.00,,
12.024598589,1348544473,,instructions,100202355,100.00,3.59,insn per cycle
12.024598589,375757800,,cycles,100202565,100.00,,
12.124801035,834,,rD044,100202734,100.00,,
12.124801035,79414035,,rFF44,100202624,100.00,,
12.124801035,1345094286,,instructions,100202914,100.00,3.58,insn per cycle
12.124801035,375760183,,cycles,100203204,100.00,,
12.225004550,762,,rD044,100202365,100.00,,
12.225004550,79632574,,rFF44,100202115,100.00,,
12.225004550,1348558021,,instructions,100201905,100.00,3.59,insn per cycle
12.225004550,375753855,,cycles,100201485,100.00,,
12.325209646,1085,,rD044,100204665,100.00,,
12.325209646,79351037,,rFF44,100204175,100.00,,
12.325209646,1343922675,,instructions,100204245,100.00,3.58,insn per cycle
12.325209646,375762819,,cycles,100203925,100.00,,
12.425414062,859,,rD044,100203545,100.00,,
12.425414062,79340871,,rFF44,100203445,100.00,,
12.425414062,1343688848,,instructions,100203305,100.00,3.58,insn per cycle
12.425414062,375761595,,cycles,100203585,100.00,,
12.525618078,822,,rD044,100203254,100.00,,
12.525618078,79380586,,rFF44,100203434,100.00,,
12.525618078,1344321235,,instructions,100203264,100.00,3.58,insn per cycle
12.525618078,375760643,,cycles,100203314,100.00,,
12.625820223,768,,rD044,100201335,100.00,,
12.625820223,79602587,,rFF44,100201345,100.00,,
12.625820223,1347992620,,instructions,100201655,100.00,3.59,insn per cycle
12.625820223,375753567,,cycles,100201435,100.00,,
12.726023299,782,,rD044,100202225,100.00,,
12.726023299,79426828,,rFF44,100202475,100.00,,
12.726023299,1345080144,,instructions,100202435,100.00,3.58,insn per cycle
12.726023299,375757284,,cycles,100202435,100.00,,
12.826228125,850,,rD044,100185005,100.00,,
12.826228125,79545514,,rFF44,100185155,100.00,,
12.826228125,1347419749,,instructions,100184965,100.00,3.59,insn per cycle
12.826228125,375664615,,cycles,100184835,100.00,,
12.926432171,840,,rD044,100203454,100.00,,
12.926432171,79251345,,rFF44,100202984,100.00,,
12.926432171,1342098705,,instructions,100202914,100.00,3.57,insn per cycle
12.926432171,375759919,,cycles,100203134,100.00,,
13.026635877,828,,rD044,100203315,100.00,,
13.026635877,79442192,,rFF44,100203255,100.00,,
13.026635877,1345430354,,instructions,100203395,100.00,3.58,insn per cycle
13.026635877,375761342,,cycles,100203505,100.00,,
13.126837992,853,,rD044,100201015,100.00,,
13.126837992,79436929,,rFF44,100201175,100.00,,
13.126837992,1345283511,,instructions,100201195,100.00,3.58,insn per cycle
13.126837992,375752656,,cycles,100201195,100.00,,
13.227056628,756,,rD044,100216895,100.00,,
13.227056628,79616472,,rFF44,100216635,100.00,,
13.227056628,1348297515,,instructions,100216695,100.00,3.59,insn per cycle
13.227056628,375810035,,cycles,100216495,100.00,,
13.327256244,823,,rD044,100200935,100.00,,
13.327256244,79528361,,rFF44,100201145,100.00,,
13.327256244,1346889030,,instructions,100201065,100.00,3.58,insn per cycle
13.327256244,375753515,,cycles,100201425,100.00,,
13.427460570,825,,rD044,100202884,100.00,,
13.427460570,79442262,,rFF44,100203214,100.00,,
13.427460570,1345328866,,instructions,100203274,100.00,3.58,insn per cycle
13.427460570,375759855,,cycles,100203104,100.00,,
13.527665126,824,,rD044,100203875,100.00,,
13.527665126,79586466,,rFF44,100203345,100.00,,
13.527665126,1348035195,,instructions,100203195,100.00,3.59,insn per cycle
13.527665126,375759231,,cycles,100202955,100.00,,
13.627883932,830,,rD044,100218275,100.00,,
13.627883932,79470526,,rFF44,100218735,100.00,,
13.627883932,1345886980,,instructions,100218815,100.00,3.58,insn per cycle
13.627883932,375819645,,cycles,100219055,100.00,,
13.728100358,910,,rD044,100214505,100.00,,
13.728100358,79594237,,rFF44,100214155,100.00,,
13.728100358,1347967952,,instructions,100214125,100.00,3.59,insn per cycle
13.728100358,375785924,,cycles,100213895,100.00,,
13.828300074,853,,rD044,100180363,100.00,,
13.828300074,79428955,,rFF44,100180754,100.00,,
13.828300074,1344921990,,instructions,100180734,100.00,3.58,insn per cycle
13.828300074,375650306,,cycles,100181074,100.00,,
13.928503919,897,,rD044,100204165,100.00,,
13.928503919,79639931,,rFF44,100203954,100.00,,
13.928503919,1348769035,,instructions,100203964,100.00,3.59,insn per cycle
13.928503919,375762703,,cycles,100203874,100.00,,
14.028706955,871,,rD044,100202395,100.00,,
14.028706955,79375324,,rFF44,100202395,100.00,,
14.028706955,1344439975,,instructions,100202545,100.00,3.58,insn per cycle
14.028706955,375756918,,cycles,100202335,100.00,,
14.128909321,902,,rD044,100201135,100.00,,
14.128909321,79657374,,rFF44,100216345,100.00,,
14.128909321,1349034909,,instructions,100216635,100.00,3.59,insn per cycle
14.128909321,375811679,,cycles,100216935,100.00,,
14.229128327,800,,rD044,100217655,100.00,,
14.229128327,79437477,,rFF44,100202365,100.00,,
14.229128327,1345283296,,instructions,100201975,100.00,3.58,insn per cycle
14.229128327,375755482,,cycles,100201935,100.00,,
14.329331623,751,,rD044,100203524,100.00,,
14.329331623,79588780,,rFF44,100203504,100.00,,
14.329331623,1347827042,,instructions,100203394,100.00,3.59,insn per cycle
14.329331623,375760024,,cycles,100203164,100.00,,
14.429534249,814,,rD044,100202745,100.00,,
14.429534249,79379876,,rFF44,100202855,100.00,,
14.429534249,1344350184,,instructions,100203055,100.00,3.58,insn per cycle
14.429534249,375758721,,cycles,100202805,100.00,,
14.529736764,799,,rD044,100201025,100.00,,
14.529736764,79611276,,rFF44,100201165,100.00,,
14.529736764,1348205197,,instructions,100201145,100.00,3.59,insn per cycle
14.529736764,375752942,,cycles,100201275,100.00,,
14.629939230,840,,rD044,100202365,100.00,,
14.629939230,79374339,,rFF44,100202305,100.00,,
14.629939230,1344242904,,instructions,100202225,100.00,3.58,insn per cycle
14.629939230,375758062,,cycles,100202635,100.00,,
14.730140706,779,,rD044,100200504,100.00,,
14.730140706,79599117,,rFF44,100200324,100.00,,
14.730140706,1348262540,,instructions,100200324,100.00,3.59,insn per cycle
14.730140706,375747749,,cycles,100199874,100.00,,
14.830342522,855,,rD044,100201395,100.00,,
14.830342522,79451832,,rFF44,100201345,100.00,,
14.830342522,1345520937,,instructions,100201425,100.00,3.58,insn per cycle
14.830342522,375755042,,cycles,100201835,100.00,,
14.930545288,851,,rD044,100186005,100.00,,
14.930545288,79584587,,rFF44,100186525,100.00,,
14.930545288,1347586511,,instructions,100186325,100.00,3.59,insn per cycle
14.930545288,375668686,,cycles,100186105,100.00,,
15.030745353,957,,rD044,100199455,100.00,,
15.030745353,79521450,,rFF44,100198795,100.00,,
15.030745353,1346716345,,instructions,100198745,100.00,3.58,insn per cycle
15.030745353,375743788,,cycles,100198835,100.00,,
15.130949729,772,,rD044,100203294,100.00,,
15.130949729,79546454,,rFF44,100204254,100.00,,
15.130949729,1347099983,,instructions,100204454,100.00,3.58,insn per cycle
15.130949729,375765717,,cycles,100204694,100.00,,
15.231152505,829,,rD044,100201955,100.00,,
15.231152505,79553432,,rFF44,100201405,100.00,,
15.231152505,1347446172,,instructions,100201435,100.00,3.59,insn per cycle
15.231152505,375751785,,cycles,100200965,100.00,,
15.331357431,754,,rD044,100204635,100.00,,
15.331357431,79582365,,rFF44,100205115,100.00,,
15.331357431,1347735362,,instructions,100205165,100.00,3.59,insn per cycle
15.331357431,375768809,,cycles,100205505,100.00,,
15.431561167,688,,rD044,100203315,100.00,,
15.431561167,79670795,,rFF44,100202945,100.00,,
15.431561167,1349252468,,instructions,100202835,100.00,3.59,insn per cycle
15.431561167,375758255,,cycles,100202675,100.00,,
15.531780863,716,,rD044,100219595,100.00,,
15.531780863,79653685,,rFF44,100219765,100.00,,
15.531780863,1348930892,,instructions,100219815,100.00,3.59,insn per cycle
15.531780863,375822931,,cycles,100219945,100.00,,
15.631990328,1035,,rD044,100208324,100.00,,
15.631990328,79568452,,rFF44,100208434,100.00,,
15.631990328,1347528911,,instructions,100208474,100.00,3.59,insn per cycle
15.631990328,375779643,,cycles,100208384,100.00,,
15.732183194,1108,,rD044,100177855,100.00,,
15.732183194,79423868,,rFF44,100177505,100.00,,
15.732183194,1345031189,,instructions,100177395,100.00,3.58,insn per cycle
15.732183194,375636139,,cycles,100177355,100.00,,
15.832384130,1071,,rD044,100182275,100.00,,
15.832384130,79510091,,rFF44,100181905,100.00,,
15.832384130,1346475793,,instructions,100181665,100.00,3.58,insn per cycle
15.832384130,375651108,,cycles,100181895,100.00,,
15.932590056,1175,,rD044,100204875,100.00,,
15.932590056,79555655,,rFF44,100205285,100.00,,
15.932590056,1347524453,,instructions,100205505,100.00,3.59,insn per cycle
15.932590056,375767781,,cycles,100205225,100.00,,
16.032793341,766,,rD044,100202734,100.00,,
16.032793341,79685032,,rFF44,100202884,100.00,,
16.032793341,1349457001,,instructions,100202924,100.00,3.59,insn per cycle
16.032793341,375759931,,cycles,100203134,100.00,,
16.132995917,798,,rD044,100201705,100.00,,
16.132995917,79619090,,rFF44,100201705,100.00,,
16.132995917,1348166266,,instructions,100201745,100.00,3.59,insn per cycle
16.132995917,375754578,,cycles,100201705,100.00,,
16.233199043,775,,rD044,100202635,100.00,,
16.233199043,79630003,,rFF44,100202675,100.00,,
16.233199043,1348516233,,instructions,100202745,100.00,3.59,insn per cycle
16.233199043,375757125,,cycles,100202385,100.00,,
16.333401229,771,,rD044,100201735,100.00,,
16.333401229,79653758,,rFF44,100201975,100.00,,
16.333401229,1349225196,,instructions,100202045,100.00,3.59,insn per cycle
16.333401229,375756526,,cycles,100202225,100.00,,
16.433606215,965,,rD044,100204174,100.00,,
16.433606215,79554793,,rFF44,100204164,100.00,,
16.433606215,1347259839,,instructions,100203894,100.00,3.59,insn per cycle
16.433606215,375764373,,cycles,100204314,100.00,,
16.533812071,754,,rD044,100205175,100.00,,
16.533812071,79743786,,rFF44,100205465,100.00,,
16.533812071,1350468398,,instructions,100205685,100.00,3.59,insn per cycle
16.533812071,375766527,,cycles,100204865,100.00,,
16.634015146,771,,rD044,100202505,100.00,,
16.634015146,79629273,,rFF44,100202055,100.00,,
16.634015146,1348451513,,instructions,100202085,100.00,3.59,insn per cycle
16.634015146,375757083,,cycles,100202405,100.00,,
16.734214782,752,,rD044,100199125,100.00,,
16.734214782,79750866,,rFF44,100199425,100.00,,
16.734214782,1350570455,,instructions,100199335,100.00,3.59,insn per cycle
16.734214782,375746649,,cycles,100199585,100.00,,
16.834418198,798,,rD044,100183814,100.00,,
16.834418198,79549039,,rFF44,100183174,100.00,,
16.834418198,1347310930,,instructions,100182994,100.00,3.59,insn per cycle
16.834418198,375655268,,cycles,100182825,100.00,,
16.934618764,768,,rD044,100200005,100.00,,
16.934618764,79590963,,rFF44,100200225,100.00,,
16.934618764,1347864952,,instructions,100200275,100.00,3.59,insn per cycle
16.934618764,375750132,,cycles,100200514,100.00,,
17.034822849,774,,rD044,100203495,100.00,,
17.034822849,79560203,,rFF44,100203055,100.00,,
17.034822849,1347413836,,instructions,100202995,100.00,3.59,insn per cycle
17.034822849,375758450,,cycles,100202745,100.00,,
17.135023165,756,,rD044,100199675,100.00,,
17.135023165,79620110,,rFF44,100199785,100.00,,
17.135023165,1348383536,,instructions,100199995,100.00,3.59,insn per cycle
17.135023165,375748306,,cycles,100200025,100.00,,
17.235225141,730,,rD044,100201324,100.00,,
17.235225141,79662806,,rFF44,100201255,100.00,,
17.235225141,1349081260,,instructions,100201115,100.00,3.59,insn per cycle
17.235225141,375752794,,cycles,100201235,100.00,,
17.335426107,708,,rD044,100200485,100.00,,
17.335426107,79709654,,rFF44,100200814,100.00,,
17.335426107,1349865794,,instructions,100201034,100.00,3.59,insn per cycle
17.335426107,375751735,,cycles,100200944,100.00,,
17.435660533,850,,rD044,100233445,100.00,,
17.435660533,79578307,,rFF44,100233665,100.00,,
17.435660533,1347646498,,instructions,100233605,100.00,3.59,insn per cycle
17.435660533,375874065,,cycles,100233575,100.00,,
17.535863389,743,,rD044,100202365,100.00,,
17.535863389,79608362,,rFF44,100202005,100.00,,
17.535863389,1348393043,,instructions,100201935,100.00,3.59,insn per cycle
17.535863389,375756818,,cycles,100202285,100.00,,
17.636082745,700,,rD044,100218455,100.00,,
17.636082745,79633215,,rFF44,100218595,100.00,,
17.636082745,1348611571,,instructions,100218595,100.00,3.59,insn per cycle
17.636082745,375817859,,cycles,100218595,100.00,,
17.736284561,773,,rD044,100201325,100.00,,
17.736284561,79598492,,rFF44,100201375,100.00,,
17.736284561,1347830219,,instructions,100201435,100.00,3.59,insn per cycle
17.736284561,375753040,,cycles,100201295,100.00,,
17.836488396,702,,rD044,100203594,100.00,,
17.836488396,79653520,,rFF44,100203634,100.00,,
17.836488396,1348919267,,instructions,100203694,100.00,3.59,insn per cycle
17.836488396,375761063,,cycles,100203434,100.00,,
17.936690732,986,,rD044,100185824,100.00,,
17.936690732,79486091,,rFF44,100185784,100.00,,
17.936690732,1346166850,,instructions,100185434,100.00,3.58,insn per cycle
17.936690732,375668146,,cycles,100185694,100.00,,
18.036893348,796,,rD044,100201975,100.00,,
18.036893348,79469321,,rFF44,100202255,100.00,,
18.036893348,1346075179,,instructions,100202615,100.00,3.58,insn per cycle
18.036893348,375758166,,cycles,100202665,100.00,,
18.137109954,770,,rD044,100215915,100.00,,
18.137109954,79525874,,rFF44,100215885,100.00,,
18.137109954,1346739400,,instructions,100215785,100.00,3.58,insn per cycle
18.137109954,375807465,,cycles,100215805,100.00,,
18.237312670,785,,rD044,100201984,100.00,,
18.237312670,79527806,,rFF44,100201804,100.00,,
18.237312670,1346863506,,instructions,100202034,100.00,3.58,insn per cycle
18.237312670,375754615,,cycles,100201714,100.00,,
18.337515276,840,,rD044,100201795,100.00,,
18.337515276,79313085,,rFF44,100202295,100.00,,
18.337515276,1343199424,,instructions,100202205,100.00,3.57,insn per cycle
18.337515276,375757490,,cycles,100202485,100.00,,
18.437717861,794,,rD044,100202075,100.00,,
18.437717861,79571934,,rFF44,100201825,100.00,,
18.437717861,1347545072,,instructions,100201755,100.00,3.59,insn per cycle
18.437717861,375754023,,cycles,100201555,100.00,,
18.537932937,763,,rD044,100214455,100.00,,
18.537932937,79473626,,rFF44,100214015,100.00,,
18.537932937,1345905846,,instructions,100213875,100.00,3.58,insn per cycle
18.537932937,375800384,,cycles,100213925,100.00,,
18.638143153,763,,rD044,100210195,100.00,,
18.638143153,79696802,,rFF44,100210455,100.00,,
18.638143153,1349638768,,instructions,100210445,100.00,3.59,insn per cycle
18.638143153,375787711,,cycles,100210535,100.00,,
18.738344769,770,,rD044,100199724,100.00,,
18.738344769,79499820,,rFF44,100199484,100.00,,
18.738344769,1346551338,,instructions,100199514,100.00,3.58,insn per cycle
18.738344769,375745747,,cycles,100199354,100.00,,
18.838546315,784,,rD044,100183375,100.00,,
18.838546315,79533634,,rFF44,100183895,100.00,,
18.838546315,1346953341,,instructions,100183925,100.00,3.59,insn per cycle
18.838546315,375661083,,cycles,100184065,100.00,,
18.938748710,805,,rD044,100201545,100.00,,
18.938748710,79346796,,rFF44,100201275,100.00,,
18.938748710,1343562575,,instructions,100201245,100.00,3.58,insn per cycle
18.938748710,375752898,,cycles,100201275,100.00,,
19.038951666,794,,rD044,100201795,100.00,,
19.038951666,79582337,,rFF44,100201415,100.00,,
19.038951666,1347735362,,instructions,100201645,100.00,3.59,insn per cycle
19.038951666,375754986,,cycles,100201795,100.00,,
19.139153232,865,,rD044,100201704,100.00,,
19.139153232,79557117,,rFF44,100201794,100.00,,
19.139153232,1347534557,,instructions,100201594,100.00,3.59,insn per cycle
19.139153232,375752304,,cycles,100201124,100.00,,
19.239354388,802,,rD044,100199895,100.00,,
19.239354388,79454105,,rFF44,100199865,100.00,,
19.239354388,1345526236,,instructions,100199885,100.00,3.58,insn per cycle
19.239354388,375748747,,cycles,100200145,100.00,,
19.339584444,761,,rD044,100230005,100.00,,
19.339584444,79607316,,rFF44,100230155,100.00,,
19.339584444,1348146175,,instructions,100230155,100.00,3.59,insn per cycle
19.339584444,375861033,,cycles,100230095,100.00,,
19.439787380,847,,rD044,100202345,100.00,,
19.439787380,79424262,,rFF44,100202555,100.00,,
19.439787380,1345150886,,instructions,100202645,100.00,3.58,insn per cycle
19.439787380,375758264,,cycles,100202695,100.00,,
19.539989976,813,,rD044,100201334,100.00,,
19.539989976,79470942,,rFF44,100201084,100.00,,
19.539989976,1345859403,,instructions,100201274,100.00,3.58,insn per cycle
19.539989976,375753345,,cycles,100201365,100.00,,
19.640194111,997,,rD044,100203265,100.00,,
19.640194111,79602360,,rFF44,100203295,100.00,,
19.640194111,1348038454,,instructions,100203085,100.00,3.59,insn per cycle
19.640194111,375759781,,cycles,100203094,100.00,,
19.740384167,1145,,rD044,100175365,100.00,,
19.740384167,79441077,,rFF44,100175575,100.00,,
19.740384167,1345353679,,instructions,100175405,100.00,3.58,insn per cycle
19.740384167,375628998,,cycles,100175195,100.00,,
19.840586963,1226,,rD044,100182835,100.00,,
19.840586963,79295542,,rFF44,100182625,100.00,,
19.840586963,1343133089,,instructions,100182685,100.00,3.58,insn per cycle
19.840586963,375656806,,cycles,100182825,100.00,,
19.940785189,1111,,rD044,100195664,100.00,,
19.940785189,79483645,,rFF44,100195004,100.00,,
19.940785189,1346034477,,instructions,100194934,100.00,3.58,insn per cycle
19.940785189,375729295,,cycles,100194954,100.00,,
20.040984284,866,,rD044,100200375,100.00,,
20.040984284,79375864,,rFF44,100200575,100.00,,
20.040984284,1344246895,,instructions,100200625,100.00,3.58,insn per cycle
20.040984284,375749769,,cycles,100200435,100.00,,
20.141186460,850,,rD044,100201805,100.00,,
20.141186460,79566316,,rFF44,100202595,100.00,,
20.141186460,1347353923,,instructions,100202675,100.00,3.59,insn per cycle
20.141186460,375759729,,cycles,100203075,100.00,,
20.241389096,817,,rD044,100202015,100.00,,
20.241389096,79558983,,rFF44,100201775,100.00,,
20.241389096,1347420945,,instructions,100201755,100.00,3.59,insn per cycle
20.241389096,375754616,,cycles,100201715,100.00,,
20.341592342,705,,rD044,100202284,100.00,,
20.341592342,79707938,,rFF44,100202034,100.00,,
20.341592342,1349988853,,instructions,100201974,100.00,3.59,insn per cycle
20.341592342,375753679,,cycles,100201474,100.00,,
20.441794948,854,,rD044,100201985,100.00,,
20.441794948,79441761,,rFF44,100202005,100.00,,
20.441794948,1345340306,,instructions,100202085,100.00,3.58,insn per cycle
20.441794948,375756409,,cycles,100202185,100.00,,
20.541997313,858,,rD044,100201875,100.00,,
20.541997313,79614735,,rFF44,100202075,100.00,,
20.541997313,1348395011,,instructions,100201925,100.00,3.59,insn per cycle
20.541997313,375755961,,cycles,100202075,100.00,,
20.642201289,886,,rD044,100203295,100.00,,
20.642201289,79374379,,rFF44,100203255,100.00,,
20.642201289,1344263557,,instructions,100203585,100.00,3.58,insn per cycle
20.642201289,375763516,,cycles,100204095,100.00,,
20.742409525,765,,rD044,100207575,100.00,,
20.742409525,79617125,,rFF44,100207615,100.00,,
20.742409525,1348294306,,instructions,100207415,100.00,3.59,insn per cycle
20.742409525,375773312,,cycles,100206695,100.00,,
20.842610501,812,,rD044,100182314,100.00,,
20.842610501,79570253,,rFF44,100182344,100.00,,
20.842610501,1347477861,,instructions,100182334,100.00,3.59,insn per cycle
20.842610501,375655324,,cycles,100182464,100.00,,
20.942812727,840,,rD044,100202065,100.00,,
20.942812727,79379713,,rFF44,100202355,100.00,,
20.942812727,1344259773,,instructions,100202285,100.00,3.58,insn per cycle
20.942812727,375757159,,cycles,100202385,100.00,,
21.043016332,782,,rD044,100202725,100.00,,
21.043016332,79533623,,rFF44,100202545,100.00,,
21.043016332,1347172116,,instructions,100202665,100.00,3.59,insn per cycle
21.043016332,375758945,,cycles,100202875,100.00,,
21.143220608,738,,rD044,100203585,100.00,,
21.143220608,79371433,,rFF44,100203345,100.00,,
21.143220608,1344177597,,instructions,100203235,100.00,3.58,insn per cycle
21.143220608,375759824,,cycles,100203105,100.00,,
21.243452884,836,,rD044,100231554,100.00,,
21.243452884,79530034,,rFF44,100231424,100.00,,
21.243452884,1346810422,,instructions,100231574,100.00,3.58,insn per cycle
21.243452884,375866558,,cycles,100231565,100.00,,
21.343654810,717,,rD044,100201255,100.00,,
21.343654810,79647466,,rFF44,100201485,100.00,,
21.343654810,1348741952,,instructions,100201335,100.00,3.59,insn per cycle
21.343654810,375752867,,cycles,100201254,100.00,,
21.443856566,882,,rD044,100201555,100.00,,
21.443856566,79600586,,rFF44,100201625,100.00,,
21.443856566,1348054499,,instructions,100201515,100.00,3.59,insn per cycle
21.443856566,375753148,,cycles,100201325,100.00,,
21.544076462,823,,rD044,100217935,100.00,,
21.544076462,79350372,,rFF44,100217855,100.00,,
21.544076462,1343925207,,instructions,100217995,100.00,3.58,insn per cycle
21.544076462,375816948,,cycles,100218335,100.00,,
21.644279238,784,,rD044,100202745,100.00,,
21.644279238,79615826,,rFF44,100203385,100.00,,
21.644279238,1348288929,,instructions,100203535,100.00,3.59,insn per cycle
21.644279238,375760808,,cycles,100203365,100.00,,
21.744481974,850,,rD044,100202354,100.00,,
21.744481974,79338415,,rFF44,100201804,100.00,,
21.744481974,1343774268,,instructions,100201584,100.00,3.58,insn per cycle
21.744481974,375754833,,cycles,100201774,100.00,,
21.844682869,803,,rD044,100182055,100.00,,
21.844682869,79569520,,rFF44,100182115,100.00,,
21.844682869,1347510451,,instructions,100182145,100.00,3.59,insn per cycle
21.844682869,375654708,,cycles,100182005,100.00,,
21.944886335,877,,rD044,100202915,100.00,,
21.944886335,79556211,,rFF44,100203245,100.00,,
21.944886335,1347277791,,instructions,100203345,100.00,3.59,insn per cycle
21.944886335,375760845,,cycles,100203485,100.00,,
22.045104991,928,,rD044,100216925,100.00,,
22.045104991,79518363,,rFF44,100216385,100.00,,
22.045104991,1346532104,,instructions,100216235,100.00,3.58,insn per cycle
22.045104991,375794145,,cycles,100216145,100.00,,
22.145307577,928,,rD044,100202524,100.00,,
22.145307577,79362686,,rFF44,100202724,100.00,,
22.145307577,1343960067,,instructions,100202994,100.00,3.58,insn per cycle
22.145307577,375758873,,cycles,100202845,100.00,,
22.245509953,773,,rD044,100202055,100.00,,
22.245509953,79532422,,rFF44,100202205,100.00,,
22.245509953,1347177433,,instructions,100202325,100.00,3.59,insn per cycle
22.245509953,375757049,,cycles,100202364,100.00,,
22.345712249,1765,,rD044,100201875,100.00,,
22.345712249,79201665,,rFF44,100201645,100.00,,
22.345712249,1341280575,,instructions,100201315,100.00,3.57,insn per cycle
22.345712249,375753465,,cycles,100201415,100.00,,
22.445916294,1048,,rD044,100218335,100.00,,
22.445916294,79464672,,rFF44,100218155,100.00,,
22.445916294,1345738388,,instructions,100218445,100.00,3.58,insn per cycle
22.445916294,375817121,,cycles,100218385,100.00,,
22.546134900,922,,rD044,100202385,100.00,,
22.546134900,79509488,,rFF44,100202545,100.00,,
22.546134900,1346498793,,instructions,100202165,100.00,3.58,insn per cycle
22.546134900,375756520,,cycles,100202225,100.00,,
22.646339086,1586,,rD044,100204174,100.00,,
22.646339086,79360549,,rFF44,100204014,100.00,,
22.646339086,1344024248,,instructions,100204214,100.00,3.58,insn per cycle
22.646339086,375758273,,cycles,100204194,100.00,,
22.746541332,366,,rD044,100200445,100.00,,
22.746541332,79668626,,rFF44,100201005,100.00,,
22.746541332,1349187203,,instructions,100201175,100.00,3.59,insn per cycle
22.746541332,375753086,,cycles,100201305,100.00,,
22.846742278,467,,rD044,100183435,100.00,,
22.846742278,79715382,,rFF44,100182875,100.00,,
22.846742278,1349980896,,instructions,100182825,100.00,3.59,insn per cycle
22.846742278,375655565,,cycles,100182575,100.00,,
22.946947733,385,,rD044,100204765,100.00,,
22.946947733,79706210,,rFF44,100204565,100.00,,
22.946947733,1350021866,,instructions,100204335,100.00,3.59,insn per cycle
22.946947733,375764304,,cycles,100204325,100.00,,
23.047149369,384,,rD044,100201074,100.00,,
23.047149369,79772434,,rFF44,100201384,100.00,,
23.047149369,1350944202,,instructions,100201464,100.00,3.60,insn per cycle
23.047149369,375754259,,cycles,100201614,100.00,,
23.147380705,360,,rD044,100230775,100.00,,
23.147380705,79693500,,rFF44,100230285,100.00,,
23.147380705,1349501059,,instructions,100230275,100.00,3.59,insn per cycle
23.147380705,375861813,,cycles,100230305,100.00,,
23.247582351,549,,rD044,100200395,100.00,,
23.247582351,79593184,,rFF44,100200995,100.00,,
23.247582351,1347884346,,instructions,100200815,100.00,3.59,insn per cycle
23.247582351,375750116,,cycles,100200515,100.00,,
23.347782317,283,,rD044,100199315,100.00,,
23.347782317,79646452,,rFF44,100199005,100.00,,
23.347782317,1348793154,,instructions,100199285,100.00,3.59,insn per cycle
23.347782317,375746238,,cycles,100199485,100.00,,
23.447983673,359,,rD044,100200985,100.00,,
23.447983673,79661334,,rFF44,100201065,100.00,,
23.447983673,1349340296,,instructions,100200975,100.00,3.59,insn per cycle
23.447983673,375752590,,cycles,100201175,100.00,,
23.548184398,342,,rD044,100200084,100.00,,
23.548184398,79713325,,rFF44,100200234,100.00,,
23.548184398,1349933591,,instructions,100200174,100.00,3.59,insn per cycle
23.548184398,375747472,,cycles,100199814,100.00,,
23.648385704,822,,rD044,100201285,100.00,,
23.648385704,79552705,,rFF44,100201425,100.00,,
23.648385704,1347095680,,instructions,100201555,100.00,3.59,insn per cycle
23.648385704,375754349,,cycles,100201635,100.00,,
23.748583070,1386,,rD044,100183104,100.00,,
23.748583070,79490284,,rFF44,100182934,100.00,,
23.748583070,1346143166,,instructions,100182574,100.00,3.58,insn per cycle
23.748583070,375655598,,cycles,100182564,100.00,,
23.848784396,984,,rD044,100184525,100.00,,
23.848784396,79482699,,rFF44,100184605,100.00,,
23.848784396,1346217047,,instructions,100185005,100.00,3.58,insn per cycle
23.848784396,375663545,,cycles,100185065,100.00,,
23.948991062,857,,rD044,100205964,100.00,,
23.948991062,79586172,,rFF44,100205614,100.00,,
23.948991062,1347784226,,instructions,100205494,100.00,3.59,insn per cycle
23.948991062,375768379,,cycles,100205394,100.00,,
24.049192888,437,,rD044,100201215,100.00,,
24.049192888,79629796,,rFF44,100201175,100.00,,
24.049192888,1348507317,,instructions,100201095,100.00,3.59,insn per cycle
24.049192888,375752526,,cycles,100201145,100.00,,
24.149395903,415,,rD044,100202275,100.00,,
24.149395903,79619620,,rFF44,100202675,100.00,,
24.149395903,1348442462,,instructions,100202735,100.00,3.59,insn per cycle
24.149395903,375757938,,cycles,100202605,100.00,,
24.249599059,318,,rD044,100202325,100.00,,
24.249599059,79744851,,rFF44,100201905,100.00,,
24.249599059,1350466963,,instructions,100201815,100.00,3.59,insn per cycle
24.249599059,375756061,,cycles,100202075,100.00,,
24.349802075,451,,rD044,100202064,100.00,,
24.349802075,79669726,,rFF44,100201954,100.00,,
24.349802075,1349223847,,instructions,100202014,100.00,3.59,insn per cycle
24.349802075,375755584,,cycles,100202004,100.00,,
24.450005601,390,,rD044,100203165,100.00,,
24.450005601,79624600,,rFF44,100203525,100.00,,
24.450005601,1348419659,,instructions,100203595,100.00,3.59,insn per cycle
24.450005601,375761640,,cycles,100203585,100.00,,
24.550209956,311,,rD044,100204225,100.00,,
24.550209956,79657385,,rFF44,100203695,100.00,,
24.550209956,1349182498,,instructions,100203735,100.00,3.59,insn per cycle
24.550209956,375761708,,cycles,100203595,100.00,,
24.650414152,379,,rD044,100203395,100.00,,
24.650414152,79711290,,rFF44,100204205,100.00,,
24.650414152,1349931341,,instructions,100204805,100.00,3.59,insn per cycle
24.650414152,375766180,,cycles,100204815,100.00,,
24.750618018,354,,rD044,100203304,100.00,,
24.750618018,79741521,,rFF44,100203274,100.00,,
24.750618018,1350409638,,instructions,100202754,100.00,3.59,insn per cycle
24.750618018,375758712,,cycles,100202814,100.00,,
24.850822014,394,,rD044,100186035,100.00,,
24.850822014,79661179,,rFF44,100185405,100.00,,
24.850822014,1348947554,,instructions,100185095,100.00,3.59,insn per cycle
24.850822014,375665009,,cycles,100185065,100.00,,
24.951024420,462,,rD044,100201595,100.00,,
24.951024420,79731836,,rFF44,100201935,100.00,,
24.951024420,1350244578,,instructions,100201925,100.00,3.59,insn per cycle
24.951024420,375754602,,cycles,100201695,100.00,,
25.051243466,354,,rD044,100218625,100.00,,
25.051243466,79750230,,rFF44,100218985,100.00,,
25.051243466,1350874453,,instructions,100219105,100.00,3.59,insn per cycle
25.051243466,375820646,,cycles,100219295,100.00,,
25.151444151,401,,rD044,100199165,100.00,,
25.151444151,79638751,,rFF44,100198915,100.00,,
25.151444151,1348670648,,instructions,100198845,100.00,3.59,insn per cycle
25.151444151,375744497,,cycles,100199065,100.00,,
25.251645247,390,,rD044,100201094,100.00,,
25.251645247,79675113,,rFF44,100200794,100.00,,
25.251645247,1349132024,,instructions,100200904,100.00,3.59,insn per cycle
25.251645247,375751255,,cycles,100200814,100.00,,
25.351847563,385,,rD044,100201745,100.00,,
25.351847563,79674785,,rFF44,100202155,100.00,,
25.351847563,1349279939,,instructions,100202125,100.00,3.59,insn per cycle
25.351847563,375756413,,cycles,100202205,100.00,,
25.452061989,396,,rD044,100213615,100.00,,
25.452061989,79751327,,rFF44,100213165,100.00,,
25.452061989,1350589711,,instructions,100213115,100.00,3.59,insn per cycle
25.452061989,375797739,,cycles,100213205,100.00,,
25.552262195,344,,rD044,100199755,100.00,,
25.552262195,79672532,,rFF44,100199905,100.00,,
25.552262195,1349515691,,instructions,100200105,100.00,3.59,insn per cycle
25.552262195,375747060,,cycles,100199705,100.00,,
25.652464571,389,,rD044,100201844,100.00,,
25.652464571,79718028,,rFF44,100202074,100.00,,
25.652464571,1350010770,,instructions,100201944,100.00,3.59,insn per cycle
25.652464571,375756560,,cycles,100202234,100.00,,
25.752668296,615,,rD044,100203215,100.00,,
25.752668296,79669876,,rFF44,100202845,100.00,,
25.752668296,1349117657,,instructions,100202735,100.00,3.59,insn per cycle
25.752668296,375757080,,cycles,100202375,100.00,,
25.852862302,894,,rD044,100175525,100.00,,
25.852862302,79659440,,rFF44,100175795,100.00,,
25.852862302,1349017021,,instructions,100176015,100.00,3.59,insn per cycle
25.852862302,375631309,,cycles,100176295,100.00,,
25.953078938,731,,rD044,100216465,100.00,,
25.953078938,79756669,,rFF44,100216585,100.00,,
25.953078938,1350821661,,instructions,100216465,100.00,3.59,insn per cycle
25.953078938,375809765,,cycles,100216425,100.00,,
26.053282474,376,,rD044,100202264,100.00,,
26.053282474,79589219,,rFF44,100201864,100.00,,
26.053282474,1347828132,,instructions,100201884,100.00,3.59,insn per cycle
26.053282474,375756281,,cycles,100202154,100.00,,
26.153482180,317,,rD044,100198715,100.00,,
26.153482180,79755216,,rFF44,100199045,100.00,,
26.153482180,1350649193,,instructions,100199005,100.00,3.59,insn per cycle
26.153482180,375743067,,cycles,100198635,100.00,,
26.253683985,409,,rD044,100201575,100.00,,
26.253683985,79665626,,rFF44,100201695,100.00,,
26.253683985,1349217715,,instructions,100201805,100.00,3.59,insn per cycle
26.253683985,375755754,,cycles,100202025,100.00,,
26.353886281,356,,rD044,100201765,100.00,,
26.353886281,79673591,,rFF44,100201325,100.00,,
26.353886281,1349262280,,instructions,100201405,100.00,3.59,insn per cycle
26.353886281,375752064,,cycles,100201035,100.00,,
26.454103767,554,,rD044,100217845,100.00,,
26.454103767,79723346,,rFF44,100217995,100.00,,
26.454103767,1350133053,,instructions,100217925,100.00,3.59,insn per cycle
26.454103767,375816063,,cycles,100218105,100.00,,
26.554306213,390,,rD044,100201074,100.00,,
26.554306213,79697657,,rFF44,100201374,100.00,,
26.554306213,1349664874,,instructions,100201164,100.00,3.59,insn per cycle
26.554306213,375752720,,cycles,100201204,100.00,,
26.654507939,405,,rD044,100201105,100.00,,
26.654507939,79622660,,rFF44,100201095,100.00,,
26.654507939,1348657742,,instructions,100201145,100.00,3.59,insn per cycle
26.654507939,375752472,,cycles,100201115,100.00,,
26.754711784,395,,rD044,100203015,100.00,,
26.754711784,79418509,,rFF44,100202915,100.00,,
26.754711784,1344952552,,instructions,100203035,100.00,3.58,insn per cycle
26.754711784,375758892,,cycles,100202855,100.00,,
26.854914060,422,,rD044,100185365,100.00,,
26.854914060,79738614,,rFF44,100213945,100.00,,
26.854914060,1350349504,,instructions,100213975,100.00,3.59,insn per cycle
26.854914060,375775255,,cycles,100214425,100.00,,
26.955157617,405,,rD044,100242445,100.00,,
26.955157617,79657353,,rFF44,100213365,100.00,,
26.955157617,1348835507,,instructions,100213335,100.00,3.59,insn per cycle
26.955157617,375797662,,cycles,100213225,100.00,,
27.025125393,1438,,rD044,60985023,100.00,,
27.025125393,41675021,,rFF44,60980453,100.00,,
27.025125393,725570475,,instructions,60978103,100.00,3.17,insn per cycle
27.025125393,228556653,,cycles,60975643,100.00,,
