0.100126128,4643749,,rD044,92505553,100.00,,
0.100126128,20428605,,rFF44,92512233,100.00,,
0.100126128,443252409,,instructions,92517123,100.00,1.29,insn per cycle
0.100126128,343161174,,cycles,92522923,100.00,,
0.200400458,5490853,,rD044,100202125,100.00,,
0.200400458,23977757,,rFF44,100201665,100.00,,
0.200400458,505180562,,instructions,100201315,100.00,1.34,insn per cycle
0.200400458,375695164,,cycles,100200255,100.00,,
0.300634687,5487031,,rD044,100174785,100.00,,
0.300634687,23973550,,rFF44,100174785,100.00,,
0.300634687,505187635,,instructions,100175115,100.00,1.35,insn per cycle
0.300634687,375603678,,cycles,100175305,100.00,,
0.400851205,6784616,,rD044,100153714,100.00,,
0.400851205,28967862,,rFF44,100154014,100.00,,
0.400851205,78382210,,instructions,100154224,100.00,0.21,insn per cycle
0.400851205,375518477,,cycles,100153924,100.00,,
0.501066334,6918070,,rD044,100130234,100.00,,
0.501066334,29903780,,rFF44,100129514,100.00,,
0.501066334,37325877,,instructions,100129124,100.00,0.10,insn per cycle
0.501066334,375389629,,cycles,100129194,100.00,,
0.601282083,13037843,,rD044,3362516041,100.00,,
0.601282083,269152779,,rFF44,3384600443,100.00,,
0.601282083,39809653357,,instructions,3404518484,100.00,3.10,insn per cycle
0.601282083,12835342817,,cycles,3423870163,100.00,,
0.702779186,19163823,,rD044,6495027531,100.00,,
0.702779186,495016246,,rFF44,6494130449,100.00,,
0.702779186,76798161869,,instructions,6493305562,100.00,3.15,insn per cycle
0.702779186,24346939215,,cycles,6492754893,100.00,,
0.804216749,19743709,,rD044,6490197276,100.00,,
0.804216749,498299563,,rFF44,6487865250,100.00,,
0.804216749,77183531459,,instructions,6487033521,100.00,3.17,insn per cycle
0.804216749,24322357386,,cycles,6486091284,100.00,,
0.905565560,19917924,,rD044,6485849031,100.00,,
0.905565560,498204188,,rFF44,6485803301,100.00,,
0.905565560,77222413683,,instructions,6484536710,100.00,3.18,insn per cycle
0.905565560,24315573582,,cycles,6484218569,100.00,,
1.006867691,20820233,,rD044,6483359654,100.00,,
1.006867691,501643807,,rFF44,6484368313,100.00,,
1.006867691,77677704676,,instructions,6485985225,100.00,3.19,insn per cycle
1.006867691,24320114769,,cycles,6485452052,100.00,,
1.108218543,20480898,,rD044,6487016010,100.00,,
1.108218543,499434369,,rFF44,6486023105,100.00,,
1.108218543,77406083285,,instructions,6484877920,100.00,3.18,insn per cycle
1.108218543,24317823187,,cycles,6484784640,100.00,,
1.209547354,20932287,,rD044,6483737109,100.00,,
1.209547354,502128393,,rFF44,6483555336,100.00,,
1.209547354,77730706394,,instructions,6483979651,100.00,3.20,insn per cycle
1.209547354,24322441515,,cycles,6486024267,100.00,,
1.310882905,19258429,,rD044,6484119268,100.00,,
1.310882905,486058874,,rFF44,6483622795,100.00,,
1.310882905,75824043255,,instructions,6482723367,100.00,3.12,insn per cycle
1.310882905,24299374444,,cycles,6480063772,100.00,,
1.412156146,21043147,,rD044,6481707907,100.00,,
1.412156146,501791715,,rFF44,6482228919,100.00,,
1.412156146,77682244149,,instructions,6482473921,100.00,3.20,insn per cycle
1.412156146,24312336981,,cycles,6483322104,100.00,,
1.513468647,20553041,,rD044,6483771946,100.00,,
1.513468647,502931918,,rFF44,6483046755,100.00,,
1.513468647,77807362434,,instructions,6482204510,100.00,3.20,insn per cycle
1.513468647,24301373842,,cycles,6480411461,100.00,,
1.614688817,20991588,,rD044,6478679687,100.00,,
1.614688817,502017575,,rFF44,6479261807,100.00,,
1.614688817,77708283828,,instructions,6480399676,100.00,3.20,insn per cycle
1.614688817,24307152064,,cycles,6481943249,100.00,,
1.716001078,20911097,,rD044,6484142079,100.00,,
1.716001078,501940769,,rFF44,6484801499,100.00,,
1.716001078,77700077662,,instructions,6483604872,100.00,3.20,insn per cycle
1.716001078,24312046604,,cycles,6483268935,100.00,,
1.817306379,20630940,,rD044,6483383344,100.00,,
1.817306379,502983647,,rFF44,6482689794,100.00,,
1.817306379,77827425800,,instructions,6483171926,100.00,3.20,insn per cycle
1.817306379,24316266835,,cycles,6484377209,100.00,,
1.918631880,20794707,,rD044,6484071125,100.00,,
1.918631880,502675591,,rFF44,6483448337,100.00,,
1.918631880,77785222832,,instructions,6483169224,100.00,3.20,insn per cycle
1.918631880,24309552237,,cycles,6482585591,100.00,,
2.019963621,20853552,,rD044,6485667143,100.00,,
2.019963621,503634049,,rFF44,6485455989,100.00,,
2.019963621,77821724131,,instructions,6481327637,100.00,3.20,insn per cycle
2.019963621,24305106172,,cycles,6481405420,100.00,,
2.121192502,20730349,,rD044,6478995525,100.00,,
2.121192502,502015060,,rFF44,6479993277,100.00,,
2.121192502,77795076254,,instructions,6484789440,100.00,3.20,insn per cycle
2.121192502,24322069324,,cycles,6485919960,100.00,,
2.222541023,20444994,,rD044,6485636487,100.00,,
2.222541023,502813110,,rFF44,6485687830,100.00,,
2.222541023,77801242069,,instructions,6484735108,100.00,3.20,insn per cycle
2.222541023,24312439293,,cycles,6483360017,100.00,,
2.323822474,20809971,,rD044,6481802256,100.00,,
2.323822474,503333637,,rFF44,6481341676,100.00,,
2.323822474,77864154246,,instructions,6482123520,100.00,3.20,insn per cycle
2.323822474,24307227753,,cycles,6481959015,100.00,,
2.425115125,20715359,,rD044,6482972775,100.00,,
2.425115125,502290919,,rFF44,6483493865,100.00,,
2.425115125,77739425940,,instructions,6482879673,100.00,3.20,insn per cycle
2.425115125,24310520908,,cycles,6482852303,100.00,,
2.526413346,20472553,,rD044,6479573222,100.00,,
2.526413346,501754981,,rFF44,6477061380,100.00,,
2.526413346,77706267135,,instructions,6480145292,100.00,3.20,insn per cycle
2.526413346,24310549295,,cycles,6482896172,100.00,,
2.627713346,20359552,,rD044,6486348809,100.00,,
2.627713346,503634254,,rFF44,6489015258,100.00,,
2.627713346,77884331677,,instructions,6487143987,100.00,3.20,insn per cycle
2.627713346,24315851086,,cycles,6484336518,100.00,,
2.729027188,20587173,,rD044,6483612647,100.00,,
2.729027188,502808630,,rFF44,6483993566,100.00,,
2.729027188,77819147143,,instructions,6484830416,100.00,3.20,insn per cycle
2.729027188,24318355813,,cycles,6484945924,100.00,,
2.830352499,20658917,,rD044,6484729424,100.00,,
2.830352499,503236133,,rFF44,6483165722,100.00,,
2.830352499,77830612583,,instructions,6481111791,100.00,3.20,insn per cycle
2.830352499,24301481715,,cycles,6480431682,100.00,,
2.931612609,20761756,,rD044,6480194181,100.00,,
2.931612609,502381001,,rFF44,6480812096,100.00,,
2.931612609,77743894744,,instructions,6480777555,100.00,3.20,insn per cycle
2.931612609,24306332531,,cycles,6481831100,100.00,,
3.032892680,20726279,,rD044,6484261620,100.00,,
3.032892680,503257979,,rFF44,6487814547,100.00,,
3.032892680,77890263971,,instructions,6489159530,100.00,3.20,insn per cycle
3.032892680,24330542116,,cycles,6488203224,100.00,,
3.134281412,21473636,,rD044,6487515896,100.00,,
3.134281412,503071219,,rFF44,6483424449,100.00,,
3.134281412,77819463007,,instructions,6482258490,100.00,3.20,insn per cycle
3.134281412,24313076336,,cycles,6483528245,100.00,,
3.235589463,20725056,,rD044,6482654264,100.00,,
3.235589463,502640691,,rFF44,6483805109,100.00,,
3.235589463,77796604787,,instructions,6484499328,100.00,3.20,insn per cycle
3.235589463,24315075410,,cycles,6484059157,100.00,,
3.336898114,20923435,,rD044,6484003229,100.00,,
3.336898114,503261626,,rFF44,6484305258,100.00,,
3.336898114,77871917772,,instructions,6485193162,100.00,3.20,insn per cycle
3.336898114,24317721843,,cycles,6484766855,100.00,,
3.438222985,20786246,,rD044,6484735077,100.00,,
3.438222985,502631148,,rFF44,6484044537,100.00,,
3.438222985,77775605905,,instructions,6483201843,100.00,3.20,insn per cycle
3.438222985,24314681049,,cycles,6483948782,100.00,,
3.539555576,20625439,,rD044,6485014115,100.00,,
3.539555576,502954468,,rFF44,6485096159,100.00,,
3.539555576,77828475457,,instructions,6484969816,100.00,3.20,insn per cycle
3.539555576,24319372941,,cycles,6485235821,100.00,,
3.640865917,20876280,,rD044,6484198557,100.00,,
3.640865917,503185318,,rFF44,6484408320,100.00,,
3.640865917,77852516340,,instructions,6484729008,100.00,3.20,insn per cycle
3.640865917,24315934920,,cycles,6484335820,100.00,,
3.742194939,21156795,,rD044,6485018888,100.00,,
3.742194939,502552329,,rFF44,6486083177,100.00,,
3.742194939,77774107005,,instructions,6485024579,100.00,3.20,insn per cycle
3.742194939,24317072821,,cycles,6484592309,100.00,,
3.843533870,20774935,,rD044,6484282110,100.00,,
3.843533870,503532648,,rFF44,6482247599,100.00,,
3.843533870,77888553403,,instructions,6482279071,100.00,3.20,insn per cycle
3.843533870,24311786642,,cycles,6483181864,100.00,,
3.944819751,21047619,,rD044,6482827105,100.00,,
3.944819751,502416372,,rFF44,6483135625,100.00,,
3.944819751,77758704801,,instructions,6483469766,100.00,3.20,insn per cycle
3.944819751,24306977313,,cycles,6481948879,100.00,,
4.046095641,20530944,,rD044,6482230740,100.00,,
4.046095641,502375719,,rFF44,6484265628,100.00,,
4.046095641,77779954335,,instructions,6485684991,100.00,3.20,insn per cycle
4.046095641,24324574142,,cycles,6486592157,100.00,,
4.147454683,20826248,,rD044,6486031874,100.00,,
4.147454683,503260424,,rFF44,6484512048,100.00,,
4.147454683,77850402779,,instructions,6483799459,100.00,3.20,insn per cycle
4.147454683,24316011800,,cycles,6484302882,100.00,,
4.248765074,21111460,,rD044,6484195751,100.00,,
4.248765074,502888567,,rFF44,6484175568,100.00,,
4.248765074,77806688376,,instructions,6483184225,100.00,3.20,insn per cycle
4.248765074,24305258906,,cycles,6481440445,100.00,,
4.350038705,20260889,,rD044,6481433165,100.00,,
4.350038705,503103958,,rFF44,6481339308,100.00,,
4.350038705,77831367481,,instructions,6481014432,100.00,3.20,insn per cycle
4.350038705,24307632197,,cycles,6482065710,100.00,,
4.451326096,21144292,,rD044,6482982485,100.00,,
4.451326096,502258865,,rFF44,6483756513,100.00,,
4.451326096,77774072136,,instructions,6486326679,100.00,3.20,insn per cycle
4.451326096,24326575226,,cycles,6487118599,100.00,,
4.552690637,20965519,,rD044,6486475453,100.00,,
4.552690637,502903084,,rFF44,6486771942,100.00,,
4.552690637,77816754160,,instructions,6486297468,100.00,3.20,insn per cycle
4.552690637,24320667608,,cycles,6485803993,100.00,,
4.654049829,20871567,,rD044,6486822586,100.00,,
4.654049829,503080203,,rFF44,6486071195,100.00,,
4.654049829,77816232561,,instructions,6484091124,100.00,3.20,insn per cycle
4.654049829,24317471394,,cycles,6484748257,100.00,,
4.755383150,21381951,,rD044,6484570513,100.00,,
4.755383150,499075340,,rFF44,6485688700,100.00,,
4.755383150,77376572852,,instructions,6486418364,100.00,3.18,insn per cycle
4.755383150,24319334972,,cycles,6485408907,100.00,,
4.852182441,15892080,,rD044,5883751048,100.00,,
4.852182441,380393953,,rFF44,5863696709,100.00,,
4.852182441,61315146754,,instructions,5846654140,100.00,2.80,insn per cycle
4.852182441,21860291470,,cycles,5829711557,100.00,,
