0.100127648,4657621,,rD044,92849556,100.00,,
0.100127648,20565801,,rFF44,92855546,100.00,,
0.100127648,446151599,,instructions,92860206,100.00,1.30,insn per cycle
0.100127648,344341833,,cycles,92864726,100.00,,
0.200430057,5495153,,rD044,100297235,100.00,,
0.200430057,23937002,,rFF44,100296905,100.00,,
0.200430057,504095832,,instructions,100296275,100.00,1.34,insn per cycle
0.200430057,376109696,,cycles,100296405,100.00,,
0.300641365,5491776,,rD044,100210765,100.00,,
0.300641365,24007070,,rFF44,100211235,100.00,,
0.300641365,506222583,,instructions,100211595,100.00,1.35,insn per cycle
0.300641365,375790831,,cycles,100211285,100.00,,
0.400853123,6804057,,rD044,100211465,100.00,,
0.400853123,29025153,,rFF44,100211565,100.00,,
0.400853123,75775498,,instructions,100211345,100.00,0.20,insn per cycle
0.400853123,375792301,,cycles,100211585,100.00,,
0.501082522,6940238,,rD044,100228804,100.00,,
0.501082522,30042661,,rFF44,100227914,100.00,,
0.501082522,37487447,,instructions,100228804,100.00,0.10,insn per cycle
0.501082522,375855398,,cycles,100228585,100.00,,
0.601283470,3076562,,rD044,1795059383,100.00,,
0.601283470,166815544,,rFF44,1798638029,100.00,,
0.601283470,24006749842,,instructions,1801502054,100.00,3.55,insn per cycle
0.601283470,6763852289,,cycles,1804337560,100.00,,
0.701867182,122379,,rD044,3218632498,100.00,,
0.701867182,285319821,,rFF44,3218595538,100.00,,
0.701867182,44413460902,,instructions,3218328219,100.00,3.68,insn per cycle
0.701867182,12067730156,,cycles,3218081972,100.00,,
0.802426834,116355,,rD044,3217642591,100.00,,
0.802426834,288327523,,rFF44,3217345068,100.00,,
0.802426834,44796900242,,instructions,3217190791,100.00,3.71,insn per cycle
0.802426834,12064004573,,cycles,3217089584,100.00,,
0.902960976,110833,,rD044,3216786375,100.00,,
0.902960976,279470649,,rFF44,3216620614,100.00,,
0.902960976,43681902291,,instructions,3216747995,100.00,3.62,insn per cycle
0.902960976,12062328467,,cycles,3216636762,100.00,,
1.003464098,110672,,rD044,3216104972,100.00,,
1.003464098,287563390,,rFF44,3216206503,100.00,,
1.003464098,44697253749,,instructions,3216196252,100.00,3.71,insn per cycle
1.003464098,12060766057,,cycles,3216226102,100.00,,
1.103975959,108046,,rD044,3216273898,100.00,,
1.103975959,281580811,,rFF44,3216118471,100.00,,
1.103975959,43945929889,,instructions,3216184982,100.00,3.64,insn per cycle
1.103975959,12061156409,,cycles,3216330006,100.00,,
1.204490191,106381,,rD044,3216365949,100.00,,
1.204490191,281769647,,rFF44,3216463792,100.00,,
1.204490191,43957758298,,instructions,3216379407,100.00,3.64,insn per cycle
1.204490191,12060766190,,cycles,3216226210,100.00,,
1.305000472,107963,,rD044,3216315731,100.00,,
1.305000472,282381670,,rFF44,3216204522,100.00,,
1.305000472,44020154769,,instructions,3216169278,100.00,3.65,insn per cycle
1.305000472,12061058535,,cycles,3216296982,100.00,,
1.405509364,106988,,rD044,3216142440,100.00,,
1.405509364,283885022,,rFF44,3216186732,100.00,,
1.405509364,44225097959,,instructions,3216195881,100.00,3.67,insn per cycle
1.405509364,12060435152,,cycles,3216173210,100.00,,
1.506020045,107143,,rD044,3216272909,100.00,,
1.506020045,282647758,,rFF44,3216265352,100.00,,
1.506020045,44086558817,,instructions,3216198122,100.00,3.66,insn per cycle
1.506020045,12060122314,,cycles,3216052153,100.00,,
1.606520247,109192,,rD044,3216020845,100.00,,
1.606520247,284817258,,rFF44,3215955702,100.00,,
1.606520247,44367454716,,instructions,3215985947,100.00,3.68,insn per cycle
1.606520247,12060093584,,cycles,3216044823,100.00,,
1.707025899,109638,,rD044,3216171614,100.00,,
1.707025899,287832967,,rFF44,3216307352,100.00,,
1.707025899,44743526296,,instructions,3216260984,100.00,3.71,insn per cycle
1.707025899,12061078784,,cycles,3216312112,100.00,,
1.807539770,107244,,rD044,3216465462,100.00,,
1.807539770,285754925,,rFF44,3216519132,100.00,,
1.807539770,44487585417,,instructions,3216623227,100.00,3.69,insn per cycle
1.807539770,12062325229,,cycles,3216632732,100.00,,
1.908090372,108676,,rD044,3217566358,100.00,,
1.908090372,281209242,,rFF44,3217496844,100.00,,
1.908090372,43879358391,,instructions,3217448922,100.00,3.64,insn per cycle
1.908090372,12064904115,,cycles,3217324984,100.00,,
2.008634924,109302,,rD044,3217338768,100.00,,
2.008634924,282980161,,rFF44,3217318455,100.00,,
2.008634924,44108255980,,instructions,3217279094,100.00,3.66,insn per cycle
2.008634924,12065265769,,cycles,3217421042,100.00,,
2.109137626,106112,,rD044,3215992742,100.00,,
2.109137626,278482421,,rFF44,3215914690,100.00,,
2.109137626,43526632854,,instructions,3215891142,100.00,3.61,insn per cycle
2.109137626,12059221128,,cycles,3215813142,100.00,,
2.209631377,107796,,rD044,3215777922,100.00,,
2.209631377,280317662,,rFF44,3215879563,100.00,,
2.209631377,43773189301,,instructions,3216007812,100.00,3.63,insn per cycle
2.209631377,12060535740,,cycles,3216167079,100.00,,
2.310150929,106840,,rD044,3216685203,100.00,,
2.310150929,279004509,,rFF44,3216775792,100.00,,
2.310150929,43653880053,,instructions,3216846726,100.00,3.62,insn per cycle
2.310150929,12062868197,,cycles,3216780367,100.00,,
2.410672600,111205,,rD044,3216754633,100.00,,
2.410672600,290727120,,rFF44,3216851778,100.00,,
2.410672600,45093981305,,instructions,3216820520,100.00,3.74,insn per cycle
2.410672600,12063974271,,cycles,3217074222,100.00,,
2.511206422,109311,,rD044,3216792072,100.00,,
2.511206422,284076180,,rFF44,3216442735,100.00,,
2.511206422,44281531510,,instructions,3216405672,100.00,3.67,insn per cycle
2.511206422,12059930206,,cycles,3216008428,100.00,,
2.611697094,107697,,rD044,3215766210,100.00,,
2.611697094,285276827,,rFF44,3215794855,100.00,,
2.611697094,44412149725,,instructions,3215855562,100.00,3.68,insn per cycle
2.611697094,12060569950,,cycles,3216167083,100.00,,
2.712211045,108931,,rD044,3216480900,100.00,,
2.712211045,282481990,,rFF44,3216470172,100.00,,
2.712211045,44044609554,,instructions,3216274267,100.00,3.65,insn per cycle
2.712211045,12059767177,,cycles,3215953937,100.00,,
2.812712957,107097,,rD044,3216170858,100.00,,
2.812712957,282320880,,rFF44,3216303744,100.00,,
2.812712957,44047782644,,instructions,3216663819,100.00,3.65,insn per cycle
2.812712957,12064792694,,cycles,3217298282,100.00,,
2.913250909,109785,,rD044,3217161463,100.00,,
2.913250909,287373282,,rFF44,3217217882,100.00,,
2.913250909,44646364627,,instructions,3217049302,100.00,3.70,insn per cycle
2.913250909,12062011162,,cycles,3216560860,100.00,,
3.013772040,108858,,rD044,3216560520,100.00,,
3.013772040,280514090,,rFF44,3216375272,100.00,,
3.013772040,43814619810,,instructions,3216375868,100.00,3.63,insn per cycle
3.013772040,12061143829,,cycles,3216332196,100.00,,
3.114279012,108735,,rD044,3216242485,100.00,,
3.114279012,286856446,,rFF44,3216329202,100.00,,
3.114279012,44590899576,,instructions,3216211882,100.00,3.70,insn per cycle
3.114279012,12060896689,,cycles,3216264942,100.00,,
3.214790743,107716,,rD044,3216245632,100.00,,
3.214790743,283256181,,rFF44,3216331539,100.00,,
3.214790743,44162691538,,instructions,3216515748,100.00,3.66,insn per cycle
3.214790743,12061950543,,cycles,3216551402,100.00,,
3.315316935,107542,,rD044,3216729448,100.00,,
3.315316935,286221261,,rFF44,3216487417,100.00,,
3.315316935,44470753787,,instructions,3216317382,100.00,3.69,insn per cycle
3.315316935,12060677523,,cycles,3216200612,100.00,,
3.415818957,108308,,rD044,3216191397,100.00,,
3.415818957,280698911,,rFF44,3216608592,100.00,,
3.415818957,43838772636,,instructions,3216686337,100.00,3.63,insn per cycle
3.415818957,12062713605,,cycles,3216738214,100.00,,
3.516345228,108382,,rD044,3216589013,100.00,,
3.516345228,284493376,,rFF44,3216235672,100.00,,
3.516345228,44280607868,,instructions,3216173159,100.00,3.67,insn per cycle
3.516345228,12060671819,,cycles,3216222932,100.00,,
3.616850550,106268,,rD044,3216214712,100.00,,
3.616850550,280969773,,rFF44,3216303005,100.00,,
3.616850550,43846888858,,instructions,3216248792,100.00,3.64,insn per cycle
3.616850550,12060651450,,cycles,3216188982,100.00,,
3.717356511,109998,,rD044,3216284250,100.00,,
3.717356511,282575028,,rFF44,3216300241,100.00,,
3.717356511,44103602811,,instructions,3216130372,100.00,3.66,insn per cycle
3.717356511,12059821239,,cycles,3215969001,100.00,,
3.817873423,113219,,rD044,3216579898,100.00,,
3.817873423,287315886,,rFF44,3218227336,100.00,,
3.817873423,44670733017,,instructions,3218475644,100.00,3.70,insn per cycle
3.817873423,12069662731,,cycles,3218596725,100.00,,
3.918452295,110452,,rD044,3218290820,100.00,,
3.918452295,281207823,,rFF44,3216655128,100.00,,
3.918452295,43891044970,,instructions,3216420282,100.00,3.64,insn per cycle
3.918452295,12060708305,,cycles,3216228103,100.00,,
4.018954707,111262,,rD044,3215882061,100.00,,
4.018954707,281958312,,rFF44,3215932732,100.00,,
4.018954707,44015244590,,instructions,3216165560,100.00,3.65,insn per cycle
4.018954707,12060892500,,cycles,3216328907,100.00,,
4.119460988,109404,,rD044,3216049576,100.00,,
4.119460988,283435427,,rFF44,3216012672,100.00,,
4.119460988,44176770766,,instructions,3215991319,100.00,3.66,insn per cycle
4.119460988,12060201141,,cycles,3216131216,100.00,,
4.219972310,112057,,rD044,3216229469,100.00,,
4.219972310,286869577,,rFF44,3216114083,100.00,,
4.219972310,44614080988,,instructions,3216233217,100.00,3.70,insn per cycle
4.219972310,12061117496,,cycles,3216377432,100.00,,
4.320490052,108313,,rD044,3216598232,100.00,,
4.320490052,283691650,,rFF44,3216814430,100.00,,
4.320490052,44201058822,,instructions,3216617822,100.00,3.66,insn per cycle
4.320490052,12061243794,,cycles,3216347830,100.00,,
4.421002743,112103,,rD044,3216462936,100.00,,
4.421002743,288202284,,rFF44,3216464765,100.00,,
4.421002743,44793848104,,instructions,3216574942,100.00,3.71,insn per cycle
4.421002743,12062338052,,cycles,3216637716,100.00,,
4.521519165,107558,,rD044,3216349807,100.00,,
4.521519165,286170242,,rFF44,3216215622,100.00,,
4.521519165,44537631222,,instructions,3216116453,100.00,3.69,insn per cycle
4.521519165,12060222907,,cycles,3216079662,100.00,,
4.622023236,108518,,rD044,3216116595,100.00,,
4.622023236,282588136,,rFF44,3216077538,100.00,,
4.622023236,44083379701,,instructions,3216119383,100.00,3.66,insn per cycle
4.622023236,12060475763,,cycles,3216148372,100.00,,
4.722525678,108524,,rD044,3216035922,100.00,,
4.722525678,281921424,,rFF44,3216024240,100.00,,
4.722525678,43987762679,,instructions,3216062892,100.00,3.65,insn per cycle
4.722525678,12060483324,,cycles,3216143915,100.00,,
4.823031349,109354,,rD044,3216174360,100.00,,
4.823031349,279933716,,rFF44,3216276410,100.00,,
4.823031349,43736761689,,instructions,3216270922,100.00,3.63,insn per cycle
4.823031349,12060766619,,cycles,3216220604,100.00,,
4.923544281,110269,,rD044,3216537039,100.00,,
4.923544281,285109344,,rFF44,3216652002,100.00,,
4.923544281,44378850076,,instructions,3216587750,100.00,3.68,insn per cycle
4.923544281,12062172653,,cycles,3216595129,100.00,,
5.024071193,109210,,rD044,3216786519,100.00,,
5.024071193,281117681,,rFF44,3216748936,100.00,,
5.024071193,43894742779,,instructions,3216792636,100.00,3.64,insn per cycle
5.024071193,12062889299,,cycles,3216792302,100.00,,
5.124586024,108716,,rD044,3216256082,100.00,,
5.124586024,284864236,,rFF44,3216032117,100.00,,
5.124586024,44369682775,,instructions,3216012752,100.00,3.68,insn per cycle
5.124586024,12059794811,,cycles,3215971511,100.00,,
5.225088856,109800,,rD044,3216110964,100.00,,
5.225088856,283691926,,rFF44,3216222484,100.00,,
5.225088856,44216896886,,instructions,3216247001,100.00,3.67,insn per cycle
5.225088856,12060376135,,cycles,3216126480,100.00,,
5.325591707,104733,,rD044,3216078464,100.00,,
5.325591707,278626869,,rFF44,3216049172,100.00,,
5.325591707,43530902721,,instructions,3215957117,100.00,3.61,insn per cycle
5.325591707,12059742722,,cycles,3215950656,100.00,,
5.426107059,111058,,rD044,3216449339,100.00,,
5.426107059,287099392,,rFF44,3216533499,100.00,,
5.426107059,44628130521,,instructions,3216554009,100.00,3.70,insn per cycle
5.426107059,12061994988,,cycles,3216554082,100.00,,
5.526611981,110902,,rD044,3216253702,100.00,,
5.526611981,288635134,,rFF44,3216299812,100.00,,
5.526611981,44834657427,,instructions,3216427772,100.00,3.72,insn per cycle
5.526611981,12062364229,,cycles,3216645613,100.00,,
5.627133642,109327,,rD044,3216670516,100.00,,
5.627133642,287453665,,rFF44,3216626017,100.00,,
5.627133642,44641830671,,instructions,3216509232,100.00,3.70,insn per cycle
5.627133642,12061791619,,cycles,3216493882,100.00,,
5.727694224,109790,,rD044,3217865030,100.00,,
5.727694224,286277783,,rFF44,3217910153,100.00,,
5.727694224,44531823259,,instructions,3217955524,100.00,3.69,insn per cycle
5.727694224,12067437373,,cycles,3218002233,100.00,,
5.828213686,113095,,rD044,3216682572,100.00,,
5.828213686,282798767,,rFF44,3216692553,100.00,,
5.828213686,44125264364,,instructions,3216780712,100.00,3.66,insn per cycle
5.828213686,12062312071,,cycles,3216633479,100.00,,
5.928734888,108982,,rD044,3216656751,100.00,,
5.928734888,282693521,,rFF44,3216590162,100.00,,
5.928734888,44088258562,,instructions,3216563091,100.00,3.66,insn per cycle
5.928734888,12062262975,,cycles,3216617877,100.00,,
6.029256569,111820,,rD044,3216635795,100.00,,
6.029256569,288249105,,rFF44,3216616892,100.00,,
6.029256569,44781604973,,instructions,3216541284,100.00,3.71,insn per cycle
6.029256569,12061658822,,cycles,3216461962,100.00,,
6.129768401,109473,,rD044,3216239312,100.00,,
6.129768401,287164497,,rFF44,3216378255,100.00,,
6.129768401,44648758297,,instructions,3216640863,100.00,3.70,insn per cycle
6.129768401,12062574270,,cycles,3216724977,100.00,,
6.230289473,110426,,rD044,3216528752,100.00,,
6.230289473,284998024,,rFF44,3216432581,100.00,,
6.230289473,44382152268,,instructions,3216097122,100.00,3.68,insn per cycle
6.230289473,12059755008,,cycles,3215967142,100.00,,
6.330795524,107380,,rD044,3216124115,100.00,,
6.330795524,281529470,,rFF44,3216254072,100.00,,
6.330795524,43941389794,,instructions,3216368100,100.00,3.64,insn per cycle
6.330795524,12061528607,,cycles,3216441879,100.00,,
6.431315256,110457,,rD044,3216644091,100.00,,
6.431315256,282523089,,rFF44,3216573341,100.00,,
6.431315256,44050107169,,instructions,3216511146,100.00,3.65,insn per cycle
6.431315256,12061801699,,cycles,3216513652,100.00,,
6.531838658,109458,,rD044,3216474184,100.00,,
6.531838658,281205715,,rFF44,3216734215,100.00,,
6.531838658,43891738767,,instructions,3216642592,100.00,3.64,insn per cycle
6.531838658,12061737026,,cycles,3216493986,100.00,,
6.632351529,108993,,rD044,3216326776,100.00,,
6.632351529,280026370,,rFF44,3215941552,100.00,,
6.632351529,43736378113,,instructions,3215977712,100.00,3.63,insn per cycle
6.632351529,12060232168,,cycles,3216088769,100.00,,
6.732857541,109066,,rD044,3216089345,100.00,,
6.732857541,284353729,,rFF44,3216088382,100.00,,
6.732857541,44293056323,,instructions,3216094273,100.00,3.67,insn per cycle
6.732857541,12060321334,,cycles,3216120223,100.00,,
6.833365582,112556,,rD044,3216253155,100.00,,
6.833365582,284057997,,rFF44,3216325563,100.00,,
6.833365582,44260137668,,instructions,3216300623,100.00,3.67,insn per cycle
6.833365582,12061230200,,cycles,3216356372,100.00,,
6.933884414,107826,,rD044,3216575353,100.00,,
6.933884414,279671931,,rFF44,3216583403,100.00,,
6.933884414,43730487045,,instructions,3216687612,100.00,3.63,insn per cycle
6.933884414,12062606087,,cycles,3216730449,100.00,,
7.034408566,109307,,rD044,3216668061,100.00,,
7.034408566,284152798,,rFF44,3216649872,100.00,,
7.034408566,44244177417,,instructions,3216574359,100.00,3.67,insn per cycle
7.034408566,12061618138,,cycles,3216459827,100.00,,
7.134917267,108347,,rD044,3216258184,100.00,,
7.134917267,279499792,,rFF44,3216065212,100.00,,
7.134917267,43663388025,,instructions,3216043151,100.00,3.62,insn per cycle
7.134917267,12060147397,,cycles,3216066182,100.00,,
7.235416449,108138,,rD044,3215790111,100.00,,
7.235416449,282845638,,rFF44,3215891495,100.00,,
7.235416449,44089089266,,instructions,3215950657,100.00,3.66,insn per cycle
7.235416449,12060033000,,cycles,3216040271,100.00,,
7.335927130,107780,,rD044,3216477034,100.00,,
7.335927130,279728345,,rFF44,3216469300,100.00,,
7.335927130,43697343521,,instructions,3216509272,100.00,3.62,insn per cycle
7.335927130,12061139659,,cycles,3216331677,100.00,,
7.436445612,108709,,rD044,3216178336,100.00,,
7.436445612,281957014,,rFF44,3216131770,100.00,,
7.436445612,43978504799,,instructions,3216031841,100.00,3.65,insn per cycle
7.436445612,12060339401,,cycles,3216132427,100.00,,
7.536972424,108481,,rD044,3216709046,100.00,,
7.536972424,278636285,,rFF44,3216748472,100.00,,
7.536972424,43539100903,,instructions,3216816752,100.00,3.61,insn per cycle
7.536972424,12062526525,,cycles,3216703642,100.00,,
7.637471595,111183,,rD044,3215933822,100.00,,
7.637471595,284703697,,rFF44,3215910660,100.00,,
7.637471595,44354927855,,instructions,3215754953,100.00,3.68,insn per cycle
7.637471595,12058882291,,cycles,3215729872,100.00,,
7.737965966,109860,,rD044,3215627811,100.00,,
7.737965966,279202666,,rFF44,3215490261,100.00,,
7.737965966,43636104695,,instructions,3215692301,100.00,3.62,insn per cycle
7.737965966,12059020466,,cycles,3215770545,100.00,,
7.838463418,109947,,rD044,3215935902,100.00,,
7.838463418,281570057,,rFF44,3216072715,100.00,,
7.838463418,43921841951,,instructions,3215960741,100.00,3.64,insn per cycle
7.838463418,12059918237,,cycles,3216008341,100.00,,
7.938976230,108343,,rD044,3216153257,100.00,,
7.938976230,279830503,,rFF44,3216029192,100.00,,
7.938976230,43684977174,,instructions,3216039355,100.00,3.62,insn per cycle
7.938976230,12059895486,,cycles,3216034170,100.00,,
8.039482681,108896,,rD044,3216025627,100.00,,
8.039482681,282463359,,rFF44,3216087491,100.00,,
8.039482681,44056324883,,instructions,3216027399,100.00,3.65,insn per cycle
8.039482681,12059422305,,cycles,3215946181,100.00,,
8.111034154,250018,,rD044,2160952671,100.00,,
8.111034154,142593491,,rFF44,2158000491,100.00,,
8.111034154,23612291519,,instructions,2155642590,100.00,2.92,insn per cycle
8.111034154,8074182670,,cycles,2153277699,100.00,,
