0.100121703,2634,,rD044,99411812,100.00,,
0.100121703,27647510,,rFF44,99416352,100.00,,
0.100121703,586053068,,instructions,99418862,100.00,1.57,insn per cycle
0.100121703,372757247,,cycles,99421152,100.00,,
0.200380038,1645,,rD044,100255805,100.00,,
0.200380038,28251199,,rFF44,100256485,100.00,,
0.200380038,594417268,,instructions,100256415,100.00,1.58,insn per cycle
0.200380038,375960547,,cycles,100256635,100.00,,
0.300580582,1205,,rD044,100198594,100.00,,
0.300580582,32644411,,rFF44,100198944,100.00,,
0.300580582,326756383,,instructions,100198534,100.00,0.87,insn per cycle
0.300580582,375740318,,cycles,100197894,100.00,,
0.400782627,635,,rD044,100178285,100.00,,
0.400782627,38378232,,rFF44,100177325,100.00,,
0.400782627,47410664,,instructions,100177435,100.00,0.13,insn per cycle
0.400782627,375637801,,cycles,100178055,100.00,,
0.500981371,1303,,rD044,100199075,100.00,,
0.500981371,63687521,,rFF44,100199555,100.00,,
0.500981371,865766350,,instructions,100199675,100.00,2.30,insn per cycle
0.500981371,375745536,,cycles,100199415,100.00,,
0.601182576,1137,,rD044,100200405,100.00,,
0.601182576,79555898,,rFF44,100200955,100.00,,
0.601182576,1347247390,,instructions,100200945,100.00,3.59,insn per cycle
0.601182576,375753392,,cycles,100201275,100.00,,
0.701387300,685,,rD044,100204324,100.00,,
0.701387300,79593750,,rFF44,100204134,100.00,,
0.701387300,1347765860,,instructions,100204304,100.00,3.59,insn per cycle
0.701387300,375764160,,cycles,100204134,100.00,,
0.801587475,3246,,rD044,100198555,100.00,,
0.801587475,78512553,,rFF44,100198935,100.00,,
0.801587475,1332156208,,instructions,100199115,100.00,3.55,insn per cycle
0.801587475,375743895,,cycles,100198985,100.00,,
0.901785939,1478,,rD044,100181925,100.00,,
0.901785939,79501591,,rFF44,100181305,100.00,,
0.901785939,1346211118,,instructions,100181135,100.00,3.58,insn per cycle
0.901785939,375650010,,cycles,100181295,100.00,,
1.001987984,1541,,rD044,100201515,100.00,,
1.001987984,79532026,,rFF44,100201365,100.00,,
1.001987984,1346725024,,instructions,100201525,100.00,3.58,insn per cycle
1.001987984,375753342,,cycles,100201395,100.00,,
1.102192598,1152,,rD044,100205194,100.00,,
1.102192598,79579376,,rFF44,100205154,100.00,,
1.102192598,1347933173,,instructions,100205004,100.00,3.59,insn per cycle
1.102192598,375765599,,cycles,100204704,100.00,,
1.202407333,1551,,rD044,100213005,100.00,,
1.202407333,79642565,,rFF44,100212535,100.00,,
1.202407333,1348608574,,instructions,100212475,100.00,3.59,insn per cycle
1.202407333,375795242,,cycles,100212555,100.00,,
1.302608567,1421,,rD044,100200505,100.00,,
1.302608567,79591393,,rFF44,100200955,100.00,,
1.302608567,1347737304,,instructions,100201135,100.00,3.59,insn per cycle
1.302608567,375753920,,cycles,100201525,100.00,,
1.402811182,1608,,rD044,100201445,100.00,,
1.402811182,79623890,,rFF44,100201725,100.00,,
1.402811182,1348310851,,instructions,100201845,100.00,3.59,insn per cycle
1.402811182,375753389,,cycles,100201395,100.00,,
1.503018946,1351,,rD044,100182814,100.00,,
1.503018946,79574256,,rFF44,100182384,100.00,,
1.503018946,1347469301,,instructions,100182035,100.00,3.59,insn per cycle
1.503018946,375653503,,cycles,100182285,100.00,,
1.603217991,1471,,rD044,100198175,100.00,,
1.603217991,79632619,,rFF44,100198355,100.00,,
1.603217991,1348717442,,instructions,100198534,100.00,3.59,insn per cycle
1.603217991,375743254,,cycles,100198684,100.00,,
1.703455265,1300,,rD044,100237175,100.00,,
1.703455265,79644052,,rFF44,100237065,100.00,,
1.703455265,1348664892,,instructions,100237045,100.00,3.59,insn per cycle
1.703455265,375887127,,cycles,100237005,100.00,,
1.803656880,936,,rD044,100200805,100.00,,
1.803656880,79604669,,rFF44,100200385,100.00,,
1.803656880,1348130699,,instructions,100200355,100.00,3.59,insn per cycle
1.803656880,375749730,,cycles,100200465,100.00,,
1.903857424,573,,rD044,100199475,100.00,,
1.903857424,79619523,,rFF44,100199555,100.00,,
1.903857424,1348257009,,instructions,100199605,100.00,3.59,insn per cycle
1.903857424,375746015,,cycles,100199415,100.00,,
2.004056809,1005,,rD044,100179143,100.00,,
2.004056809,79501357,,rFF44,100179463,100.00,,
2.004056809,1346324631,,instructions,100179433,100.00,3.58,insn per cycle
2.004056809,375646156,,cycles,100179633,100.00,,
2.104292684,899,,rD044,100235995,100.00,,
2.104292684,79297317,,rFF44,100236175,100.00,,
2.104292684,1342824516,,instructions,100235975,100.00,3.57,insn per cycle
2.104292684,375882316,,cycles,100235775,100.00,,
2.204495948,1332,,rD044,100201955,100.00,,
2.204495948,79450752,,rFF44,100201465,100.00,,
2.204495948,1345401521,,instructions,100201525,100.00,3.58,insn per cycle
2.204495948,375754164,,cycles,100201595,100.00,,
2.304697912,592,,rD044,100200695,100.00,,
2.304697912,79057750,,rFF44,100201195,100.00,,
2.304697912,1339114443,,instructions,100201195,100.00,3.56,insn per cycle
2.304697912,375751632,,cycles,100200925,100.00,,
2.404898867,1504,,rD044,100200735,100.00,,
2.404898867,79435721,,rFF44,100200465,100.00,,
2.404898867,1345152473,,instructions,100200435,100.00,3.58,insn per cycle
2.404898867,375750896,,cycles,100200725,100.00,,
2.505102121,1362,,rD044,100202674,100.00,,
2.505102121,79076429,,rFF44,100202574,100.00,,
2.505102121,1339160544,,instructions,100202924,100.00,3.56,insn per cycle
2.505102121,375758657,,cycles,100202784,100.00,,
2.605304646,1426,,rD044,100201805,100.00,,
2.605304646,79604608,,rFF44,100201985,100.00,,
2.605304646,1348021566,,instructions,100201635,100.00,3.59,insn per cycle
2.605304646,375755584,,cycles,100201895,100.00,,
2.705506200,1639,,rD044,100201135,100.00,,
2.705506200,79048996,,rFF44,100201195,100.00,,
2.705506200,1338748032,,instructions,100201395,100.00,3.56,insn per cycle
2.705506200,375751822,,cycles,100200995,100.00,,
2.805708705,1001,,rD044,100201745,100.00,,
2.805708705,79585276,,rFF44,100201585,100.00,,
2.805708705,1347680647,,instructions,100201725,100.00,3.59,insn per cycle
2.805708705,375754203,,cycles,100201665,100.00,,
2.905910119,1544,,rD044,100201064,100.00,,
2.905910119,79012023,,rFF44,100201334,100.00,,
2.905910119,1337991253,,instructions,100201344,100.00,3.56,insn per cycle
2.905910119,375750870,,cycles,100201514,100.00,,
3.006114004,1533,,rD044,100203215,100.00,,
3.006114004,79541770,,rFF44,100203015,100.00,,
3.006114004,1347324150,,instructions,100202805,100.00,3.59,insn per cycle
3.006114004,375759835,,cycles,100203115,100.00,,
3.106315458,1832,,rD044,100185625,100.00,,
3.106315458,79178161,,rFF44,100185675,100.00,,
3.106315458,1340788493,,instructions,100185585,100.00,3.57,insn per cycle
3.106315458,375665029,,cycles,100185115,100.00,,
3.206516832,1198,,rD044,100200355,100.00,,
3.206516832,79255303,,rFF44,100201085,100.00,,
3.206516832,1342183540,,instructions,100201425,100.00,3.57,insn per cycle
3.206516832,375754612,,cycles,100201715,100.00,,
3.306720637,1489,,rD044,100202494,100.00,,
3.306720637,79516299,,rFF44,100201994,100.00,,
3.306720637,1346531060,,instructions,100201704,100.00,3.58,insn per cycle
3.306720637,375754703,,cycles,100201734,100.00,,
3.406920681,1816,,rD044,100200445,100.00,,
3.406920681,78986958,,rFF44,100201165,100.00,,
3.406920681,1337685082,,instructions,100201145,100.00,3.56,insn per cycle
3.406920681,375751520,,cycles,100200895,100.00,,
3.507121566,1413,,rD044,100199815,100.00,,
3.507121566,79599795,,rFF44,100199975,100.00,,
3.507121566,1347906581,,instructions,100200005,100.00,3.59,insn per cycle
3.507121566,375748521,,cycles,100200085,100.00,,
3.607325010,1560,,rD044,100202855,100.00,,
3.607325010,79062965,,rFF44,100201885,100.00,,
3.607325010,1338833484,,instructions,100201945,100.00,3.56,insn per cycle
3.607325010,375756055,,cycles,100202105,100.00,,
3.707525945,1349,,rD044,100200754,100.00,,
3.707525945,79567809,,rFF44,100200704,100.00,,
3.707525945,1347756855,,instructions,100200624,100.00,3.59,insn per cycle
3.707525945,375750755,,cycles,100200574,100.00,,
3.807728319,1120,,rD044,100201675,100.00,,
3.807728319,79307527,,rFF44,100201695,100.00,,
3.807728319,1343014567,,instructions,100202075,100.00,3.57,insn per cycle
3.807728319,375756052,,cycles,100202205,100.00,,
3.907930224,378,,rD044,100201745,100.00,,
3.907930224,79403696,,rFF44,100201545,100.00,,
3.907930224,1344665407,,instructions,100201165,100.00,3.58,insn per cycle
3.907930224,375752703,,cycles,100201205,100.00,,
4.008181649,1299,,rD044,100231285,100.00,,
4.008181649,79367991,,rFF44,100231175,100.00,,
4.008181649,1343993307,,instructions,100231055,100.00,3.58,insn per cycle
4.008181649,375837044,,cycles,100230725,100.00,,
4.108382703,1223,,rD044,100200475,100.00,,
4.108382703,79530160,,rFF44,100200825,100.00,,
4.108382703,1346942568,,instructions,100200825,100.00,3.58,insn per cycle
4.108382703,375752092,,cycles,100201065,100.00,,
4.208582927,1668,,rD044,100199134,100.00,,
4.208582927,79125790,,rFF44,100199154,100.00,,
4.208582927,1339901362,,instructions,100199224,100.00,3.57,insn per cycle
4.208582927,375745548,,cycles,100199204,100.00,,
4.308784852,1127,,rD044,100201495,100.00,,
4.308784852,79524251,,rFF44,100201125,100.00,,
4.308784852,1346633984,,instructions,100201295,100.00,3.58,insn per cycle
4.308784852,375752282,,cycles,100201185,100.00,,
4.408988006,1241,,rD044,100203245,100.00,,
4.408988006,79389779,,rFF44,100203365,100.00,,
4.408988006,1344716774,,instructions,100203255,100.00,3.58,insn per cycle
4.408988006,375762527,,cycles,100203775,100.00,,
4.509192401,364,,rD044,100202835,100.00,,
4.509192401,79484310,,rFF44,100203395,100.00,,
4.509192401,1345971584,,instructions,100203415,100.00,3.58,insn per cycle
4.509192401,375759469,,cycles,100203065,100.00,,
4.609409945,487,,rD044,100217685,100.00,,
4.609409945,79129153,,rFF44,100217525,100.00,,
4.609409945,1339979630,,instructions,100217665,100.00,3.57,insn per cycle
4.609409945,375814246,,cycles,100217625,100.00,,
4.709612030,1086,,rD044,100201184,100.00,,
4.709612030,79535786,,rFF44,100201174,100.00,,
4.709612030,1346865905,,instructions,100200964,100.00,3.58,insn per cycle
4.709612030,375752132,,cycles,100201044,100.00,,
4.809815704,2253,,rD044,100202535,100.00,,
4.809815704,79284406,,rFF44,100201755,100.00,,
4.809815704,1342801501,,instructions,100202025,100.00,3.57,insn per cycle
4.809815704,375755765,,cycles,100202025,100.00,,
4.910011689,1538,,rD044,100180305,100.00,,
4.910011689,79234718,,rFF44,100180955,100.00,,
4.910011689,1341757346,,instructions,100181135,100.00,3.57,insn per cycle
4.910011689,375650023,,cycles,100181125,100.00,,
5.010210793,2515,,rD044,100179074,100.00,,
5.010210793,79305925,,rFF44,100178554,100.00,,
5.010210793,1342929150,,instructions,100177924,100.00,3.58,insn per cycle
5.010210793,375639219,,cycles,100178084,100.00,,
5.110431078,2148,,rD044,100219434,100.00,,
5.110431078,79267006,,rFF44,100219614,100.00,,
5.110431078,1342680909,,instructions,100219824,100.00,3.57,insn per cycle
5.110431078,375819053,,cycles,100219624,100.00,,
5.210629612,876,,rD044,100197685,100.00,,
5.210629612,79506285,,rFF44,100198025,100.00,,
5.210629612,1346298200,,instructions,100197825,100.00,3.58,insn per cycle
5.210629612,375740098,,cycles,100197845,100.00,,
5.310828467,1648,,rD044,100198775,100.00,,
5.310828467,79134695,,rFF44,100199505,100.00,,
5.310828467,1340041723,,instructions,100199675,100.00,3.57,insn per cycle
5.310828467,375744076,,cycles,100199515,100.00,,
5.411031591,1695,,rD044,100202175,100.00,,
5.411031591,79691135,,rFF44,100202085,100.00,,
5.411031591,1349493110,,instructions,100202075,100.00,3.59,insn per cycle
5.411031591,375755277,,cycles,100201965,100.00,,
5.511233246,1732,,rD044,100201364,100.00,,
5.511233246,79244420,,rFF44,100200854,100.00,,
5.511233246,1342174634,,instructions,100200604,100.00,3.57,insn per cycle
5.511233246,375750954,,cycles,100200634,100.00,,
5.611450120,1589,,rD044,100216005,100.00,,
5.611450120,79575588,,rFF44,100216785,100.00,,
5.611450120,1347524004,,instructions,100216805,100.00,3.59,insn per cycle
5.611450120,375811420,,cycles,100216975,100.00,,
5.711650955,1542,,rD044,100200085,100.00,,
5.711650955,79118939,,rFF44,100199485,100.00,,
5.711650955,1339730429,,instructions,100199715,100.00,3.57,insn per cycle
5.711650955,375746812,,cycles,100199635,100.00,,
5.811853569,1509,,rD044,100202095,100.00,,
5.811853569,79568362,,rFF44,100201745,100.00,,
5.811853569,1347690792,,instructions,100201735,100.00,3.59,insn per cycle
5.811853569,375755057,,cycles,100201835,100.00,,
5.912085814,1254,,rD044,100231685,100.00,,
5.912085814,79381460,,rFF44,100231575,100.00,,
5.912085814,1344252178,,instructions,100231625,100.00,3.58,insn per cycle
5.912085814,375866394,,cycles,100231525,100.00,,
6.012313099,1248,,rD044,100227215,100.00,,
6.012313099,79558376,,rFF44,100227155,100.00,,
6.012313099,1347215111,,instructions,100227125,100.00,3.58,insn per cycle
6.012313099,375850221,,cycles,100227205,100.00,,
6.112513903,1238,,rD044,100186044,100.00,,
6.112513903,79311470,,rFF44,100186204,100.00,,
6.112513903,1343002496,,instructions,100185974,100.00,3.57,insn per cycle
6.112513903,375667541,,cycles,100186124,100.00,,
6.212715957,1091,,rD044,100201235,100.00,,
6.212715957,79547979,,rFF44,100200675,100.00,,
6.212715957,1347437583,,instructions,100201075,100.00,3.59,insn per cycle
6.212715957,375735225,,cycles,100200765,100.00,,
6.312917222,403,,rD044,100200255,100.00,,
6.312917222,79305470,,rFF44,100200595,100.00,,
6.312917222,1342886318,,instructions,100200565,100.00,3.57,insn per cycle
6.312917222,375751901,,cycles,100200995,100.00,,
6.413120986,1417,,rD044,100202945,100.00,,
6.413120986,79555020,,rFF44,100202995,100.00,,
6.413120986,1347158147,,instructions,100202985,100.00,3.59,insn per cycle
6.413120986,375757815,,cycles,100202565,100.00,,
6.513322491,1266,,rD044,100200824,100.00,,
6.513322491,79392115,,rFF44,100201054,100.00,,
6.513322491,1344545252,,instructions,100201004,100.00,3.58,insn per cycle
6.513322491,375751606,,cycles,100200904,100.00,,
6.613523335,1108,,rD044,100200245,100.00,,
6.613523335,79491560,,rFF44,100200135,100.00,,
6.613523335,1346111150,,instructions,100200235,100.00,3.58,insn per cycle
6.613523335,375749834,,cycles,100200455,100.00,,
6.713725700,1689,,rD044,100201865,100.00,,
6.713725700,79262095,,rFF44,100202365,100.00,,
6.713725700,1342287533,,instructions,100202665,100.00,3.57,insn per cycle
6.713725700,375757940,,cycles,100202595,100.00,,
6.813930364,1089,,rD044,100203645,100.00,,
6.813930364,79698489,,rFF44,100203625,100.00,,
6.813930364,1349534804,,instructions,100203175,100.00,3.59,insn per cycle
6.813930364,375760239,,cycles,100203215,100.00,,
6.914135949,1263,,rD044,100204244,100.00,,
6.914135949,79270458,,rFF44,100204074,100.00,,
6.914135949,1342726135,,instructions,100204134,100.00,3.57,insn per cycle
6.914135949,375763738,,cycles,100204024,100.00,,
7.014335413,1441,,rD044,100180265,100.00,,
7.014335413,79580652,,rFF44,100180235,100.00,,
7.014335413,1347560394,,instructions,100180055,100.00,3.59,insn per cycle
7.014335413,375648636,,cycles,100180375,100.00,,
7.114535638,1339,,rD044,100200225,100.00,,
7.114535638,79031507,,rFF44,100200365,100.00,,
7.114535638,1338276184,,instructions,100200295,100.00,3.56,insn per cycle
7.114535638,375747581,,cycles,100199905,100.00,,
7.214737092,1512,,rD044,100200955,100.00,,
7.214737092,79587962,,rFF44,100200335,100.00,,
7.214737092,1347771988,,instructions,100200675,100.00,3.59,insn per cycle
7.214737092,375751679,,cycles,100200995,100.00,,
7.314939966,1440,,rD044,100201514,100.00,,
7.314939966,79369551,,rFF44,100201684,100.00,,
7.314939966,1344026724,,instructions,100201694,100.00,3.58,insn per cycle
7.314939966,375754487,,cycles,100201674,100.00,,
7.415140741,1602,,rD044,100200775,100.00,,
7.415140741,79513695,,rFF44,100200955,100.00,,
7.415140741,1346677662,,instructions,100200975,100.00,3.58,insn per cycle
7.415140741,375751722,,cycles,100200955,100.00,,
7.515345025,1366,,rD044,100203365,100.00,,
7.515345025,79379310,,rFF44,100203445,100.00,,
7.515345025,1344145898,,instructions,100203115,100.00,3.58,insn per cycle
7.515345025,375758680,,cycles,100202795,100.00,,
7.615547360,1544,,rD044,100202455,100.00,,
7.615547360,79459633,,rFF44,100202105,100.00,,
7.615547360,1345849471,,instructions,100202495,100.00,3.58,insn per cycle
7.615547360,375758539,,cycles,100202765,100.00,,
7.715752744,1859,,rD044,100204764,100.00,,
7.715752744,79408224,,rFF44,100205024,100.00,,
7.715752744,1344701119,,instructions,100204584,100.00,3.58,insn per cycle
7.715752744,375765625,,cycles,100204594,100.00,,
7.815954319,1490,,rD044,100201325,100.00,,
7.815954319,79522981,,rFF44,100201165,100.00,,
7.815954319,1346638646,,instructions,100201805,100.00,3.58,insn per cycle
7.815954319,375754934,,cycles,100201845,100.00,,
7.916171023,1612,,rD044,100215235,100.00,,
7.916171023,79308436,,rFF44,100215275,100.00,,
7.916171023,1342933735,,instructions,100214885,100.00,3.57,insn per cycle
7.916171023,375802710,,cycles,100214555,100.00,,
8.016368928,1129,,rD044,100177495,100.00,,
8.016368928,79619323,,rFF44,100177755,100.00,,
8.016368928,1348218108,,instructions,100177505,100.00,3.59,insn per cycle
8.016368928,375639196,,cycles,100178165,100.00,,
8.116572422,1594,,rD044,100202544,100.00,,
8.116572422,79276067,,rFF44,100202494,100.00,,
8.116572422,1342752456,,instructions,100202795,100.00,3.57,insn per cycle
8.116572422,375757002,,cycles,100202355,100.00,,
8.216774697,1128,,rD044,100202045,100.00,,
8.216774697,79596584,,rFF44,100202135,100.00,,
8.216774697,1347816383,,instructions,100202114,100.00,3.59,insn per cycle
8.216774697,375756877,,cycles,100202324,100.00,,
8.316978151,729,,rD044,100202205,100.00,,
8.316978151,79061018,,rFF44,100201875,100.00,,
8.316978151,1339045789,,instructions,100201665,100.00,3.56,insn per cycle
8.316978151,375753156,,cycles,100201325,100.00,,
8.417179316,604,,rD044,100201335,100.00,,
8.417179316,79509258,,rFF44,100201275,100.00,,
8.417179316,1346387101,,instructions,100201555,100.00,3.58,insn per cycle
8.417179316,375754540,,cycles,100201695,100.00,,
8.517384760,435,,rD044,100204675,100.00,,
8.517384760,79422525,,rFF44,100205635,100.00,,
8.517384760,1344922423,,instructions,100205595,100.00,3.58,insn per cycle
8.517384760,375769291,,cycles,100205525,100.00,,
8.617586234,416,,rD044,100200784,100.00,,
8.617586234,79601418,,rFF44,100199864,100.00,,
8.617586234,1347944865,,instructions,100199864,100.00,3.59,insn per cycle
8.617586234,375747585,,cycles,100199944,100.00,,
8.717783061,1464,,rD044,100194845,100.00,,
8.717783061,79371438,,rFF44,100195195,100.00,,
8.717783061,1344000219,,instructions,100195325,100.00,3.58,insn per cycle
8.717783061,375730064,,cycles,100195165,100.00,,
8.817983808,2549,,rD044,100201535,100.00,,
8.817983808,79412823,,rFF44,100201585,100.00,,
8.817983808,1345134293,,instructions,100201265,100.00,3.58,insn per cycle
8.817983808,375750181,,cycles,100201225,100.00,,
8.918184545,2044,,rD044,100184185,100.00,,
8.918184545,79447164,,rFF44,100183355,100.00,,
8.918184545,1345266169,,instructions,100183585,100.00,3.58,insn per cycle
8.918184545,375660071,,cycles,100183515,100.00,,
9.018375252,1952,,rD044,100189284,100.00,,
9.018375252,79457982,,rFF44,100189654,100.00,,
9.018375252,1345575611,,instructions,100189894,100.00,3.58,insn per cycle
9.018375252,375712760,,cycles,100190554,100.00,,
9.118576499,1159,,rD044,100183924,100.00,,
9.118576499,79530135,,rFF44,100183674,100.00,,
9.118576499,1346715289,,instructions,100183344,100.00,3.58,insn per cycle
9.118576499,375657715,,cycles,100182934,100.00,,
9.218777626,827,,rD044,100200695,100.00,,
9.218777626,79473396,,rFF44,100201205,100.00,,
9.218777626,1345805742,,instructions,100201015,100.00,3.58,insn per cycle
9.218777626,375751066,,cycles,100200775,100.00,,
9.318978223,670,,rD044,100200794,100.00,,
9.318978223,79533568,,rFF44,100200924,100.00,,
9.318978223,1346899569,,instructions,100201055,100.00,3.58,insn per cycle
9.318978223,375754117,,cycles,100201455,100.00,,
9.419182280,1307,,rD044,100201375,100.00,,
9.419182280,79646867,,rFF44,100200805,100.00,,
9.419182280,1348670443,,instructions,100200614,100.00,3.59,insn per cycle
9.419182280,375749709,,cycles,100200484,100.00,,
9.519382987,567,,rD044,100201525,100.00,,
9.519382987,79428233,,rFF44,100201815,100.00,,
9.519382987,1345286367,,instructions,100202045,100.00,3.58,insn per cycle
9.519382987,375755790,,cycles,100202075,100.00,,
9.619583714,506,,rD044,100199755,100.00,,
9.619583714,79596307,,rFF44,100200175,100.00,,
9.619583714,1347884271,,instructions,100200165,100.00,3.59,insn per cycle
9.619583714,375748499,,cycles,100200085,100.00,,
9.719785201,852,,rD044,100200664,100.00,,
9.719785201,79490022,,rFF44,100200095,100.00,,
9.719785201,1346077114,,instructions,100200055,100.00,3.58,insn per cycle
9.719785201,375748722,,cycles,100200145,100.00,,
9.820002688,1047,,rD044,100217785,100.00,,
9.820002688,79621771,,rFF44,100217974,100.00,,
9.820002688,1348186701,,instructions,100218204,100.00,3.59,insn per cycle
9.820002688,375817278,,cycles,100218374,100.00,,
9.920205905,1173,,rD044,100201145,100.00,,
9.920205905,79602717,,rFF44,100201135,100.00,,
9.920205905,1347925448,,instructions,100200935,100.00,3.59,insn per cycle
9.920205905,375750923,,cycles,100200785,100.00,,
10.020429262,1153,,rD044,100202595,100.00,,
10.020429262,79464573,,rFF44,100202125,100.00,,
10.020429262,1345995880,,instructions,100202245,100.00,3.58,insn per cycle
10.020429262,375728827,,cycles,100202095,100.00,,
10.120625739,780,,rD044,100196285,100.00,,
10.120625739,79647138,,rFF44,100196545,100.00,,
10.120625739,1348674978,,instructions,100196465,100.00,3.59,insn per cycle
10.120625739,375734577,,cycles,100196485,100.00,,
10.220828026,1121,,rD044,100200944,100.00,,
10.220828026,79472829,,rFF44,100200934,100.00,,
10.220828026,1345837295,,instructions,100200674,100.00,3.58,insn per cycle
10.220828026,375750538,,cycles,100200674,100.00,,
10.321030743,1032,,rD044,100203055,100.00,,
10.321030743,79608052,,rFF44,100203295,100.00,,
10.321030743,1348083805,,instructions,100203575,100.00,3.59,insn per cycle
10.321030743,375763182,,cycles,100204005,100.00,,
10.421236330,656,,rD044,100204295,100.00,,
10.421236330,79486103,,rFF44,100204315,100.00,,
10.421236330,1345993581,,instructions,100204205,100.00,3.58,insn per cycle
10.421236330,375763206,,cycles,100203995,100.00,,
10.521452907,950,,rD044,100216255,100.00,,
10.521452907,79512729,,rFF44,100216325,100.00,,
10.521452907,1346565496,,instructions,100216345,100.00,3.58,insn per cycle
10.521452907,375807941,,cycles,100215945,100.00,,
10.621651524,987,,rD044,100197595,100.00,,
10.621651524,79635141,,rFF44,100197085,100.00,,
10.621651524,1348489329,,instructions,100197035,100.00,3.59,insn per cycle
10.621651524,375740226,,cycles,100197885,100.00,,
10.721853001,450,,rD044,100200684,100.00,,
10.721853001,79433032,,rFF44,100201234,100.00,,
10.721853001,1345387881,,instructions,100201304,100.00,3.58,insn per cycle
10.721853001,375751261,,cycles,100200724,100.00,,
10.822055148,1376,,rD044,100201085,100.00,,
10.822055148,79586307,,rFF44,100200735,100.00,,
10.822055148,1347689692,,instructions,100200885,100.00,3.59,insn per cycle
10.822055148,375750326,,cycles,100200655,100.00,,
10.922255215,1209,,rD044,100198805,100.00,,
10.922255215,79562894,,rFF44,100198895,100.00,,
10.922255215,1347234010,,instructions,100198825,100.00,3.59,insn per cycle
10.922255215,375781487,,cycles,100208885,100.00,,
11.022465412,972,,rD044,100191305,100.00,,
11.022465412,79570048,,rFF44,100191585,100.00,,
11.022465412,1347385823,,instructions,100191435,100.00,3.59,insn per cycle
11.022465412,375653182,,cycles,100181705,100.00,,
11.122665189,441,,rD044,100199064,100.00,,
11.122665189,79564681,,rFF44,100198714,100.00,,
11.122665189,1347292848,,instructions,100198874,100.00,3.59,insn per cycle
11.122665189,375742236,,cycles,100198574,100.00,,
11.222867076,576,,rD044,100202095,100.00,,
11.222867076,79401391,,rFF44,100202945,100.00,,
11.222867076,1344986001,,instructions,100202905,100.00,3.58,insn per cycle
11.222867076,375760514,,cycles,100203295,100.00,,
11.323071813,665,,rD044,100203625,100.00,,
11.323071813,79379324,,rFF44,100203225,100.00,,
11.323071813,1344153002,,instructions,100203075,100.00,3.58,insn per cycle
11.323071813,375758955,,cycles,100202875,100.00,,
11.423286280,1121,,rD044,100213665,100.00,,
11.423286280,79556130,,rFF44,100213105,100.00,,
11.423286280,1347292719,,instructions,100213065,100.00,3.59,insn per cycle
11.423286280,375796228,,cycles,100212805,100.00,,
11.523487997,980,,rD044,100199984,100.00,,
11.523487997,79414781,,rFF44,100200454,100.00,,
11.523487997,1344805963,,instructions,100200924,100.00,3.58,insn per cycle
11.523487997,375752831,,cycles,100201244,100.00,,
11.623686624,1073,,rD044,100198525,100.00,,
11.623686624,79519619,,rFF44,100198195,100.00,,
11.623686624,1346699647,,instructions,100197705,100.00,3.58,insn per cycle
11.623686624,375740232,,cycles,100197875,100.00,,
11.723924191,875,,rD044,100236305,100.00,,
11.723924191,79298783,,rFF44,100236345,100.00,,
11.723924191,1342775626,,instructions,100236675,100.00,3.57,insn per cycle
11.723924191,375884945,,cycles,100236465,100.00,,
11.824126598,722,,rD044,100202395,100.00,,
11.824126598,79586409,,rFF44,100202505,100.00,,
11.824126598,1347663520,,instructions,100202785,100.00,3.59,insn per cycle
11.824126598,375760263,,cycles,100203235,100.00,,
11.924330605,698,,rD044,100203375,100.00,,
11.924330605,79505901,,rFF44,100203545,100.00,,
11.924330605,1346755688,,instructions,100203155,100.00,3.58,insn per cycle
11.924330605,375759316,,cycles,100202965,100.00,,
12.024532592,1074,,rD044,100180944,100.00,,
12.024532592,79642864,,rFF44,100180744,100.00,,
12.024532592,1348606206,,instructions,100180744,100.00,3.59,insn per cycle
12.024532592,375647856,,cycles,100180544,100.00,,
12.124736609,838,,rD044,100202805,100.00,,
12.124736609,79298575,,rFF44,100202915,100.00,,
12.124736609,1342810712,,instructions,100202945,100.00,3.57,insn per cycle
12.124736609,375758872,,cycles,100202855,100.00,,
12.224939876,1425,,rD044,100203135,100.00,,
12.224939876,79616446,,rFF44,100203355,100.00,,
12.224939876,1348159686,,instructions,100203495,100.00,3.59,insn per cycle
12.224939876,375761013,,cycles,100203315,100.00,,
12.325144683,1327,,rD044,100203085,100.00,,
12.325144683,79314135,,rFF44,100202625,100.00,,
12.325144683,1343406824,,instructions,100202645,100.00,3.58,insn per cycle
12.325144683,375758215,,cycles,100202775,100.00,,
12.425344330,1024,,rD044,100199394,100.00,,
12.425344330,79588741,,rFF44,100199304,100.00,,
12.425344330,1347686163,,instructions,100199184,100.00,3.59,insn per cycle
12.425344330,375745866,,cycles,100199384,100.00,,
12.525546447,1307,,rD044,100201255,100.00,,
12.525546447,79460104,,rFF44,100201365,100.00,,
12.525546447,1345556608,,instructions,100201225,100.00,3.58,insn per cycle
12.525546447,375752012,,cycles,100201025,100.00,,
12.625755414,1329,,rD044,100207605,100.00,,
12.625755414,79657449,,rFF44,100207635,100.00,,
12.625755414,1349032462,,instructions,100207595,100.00,3.59,insn per cycle
12.625755414,375777100,,cycles,100207705,100.00,,
12.725956811,1231,,rD044,100201025,100.00,,
12.725956811,79492405,,rFF44,100200515,100.00,,
12.725956811,1346185374,,instructions,100200435,100.00,3.58,insn per cycle
12.725956811,375749336,,cycles,100200265,100.00,,
12.826156458,2077,,rD044,100199644,100.00,,
12.826156458,79501679,,rFF44,100199994,100.00,,
12.826156458,1346237257,,instructions,100199944,100.00,3.58,insn per cycle
12.826156458,375748208,,cycles,100200055,100.00,,
12.926357505,1382,,rD044,100187055,100.00,,
12.926357505,79397385,,rFF44,100186955,100.00,,
12.926357505,1344460971,,instructions,100187015,100.00,3.58,insn per cycle
12.926357505,375675147,,cycles,100187224,100.00,,
13.026557612,1528,,rD044,100179955,100.00,,
13.026557612,79151435,,rFF44,100180505,100.00,,
13.026557612,1340767097,,instructions,100180565,100.00,3.57,insn per cycle
13.026557612,375648854,,cycles,100180635,100.00,,
13.126761509,1490,,rD044,100202925,100.00,,
13.126761509,79430799,,rFF44,100202565,100.00,,
13.126761509,1345015077,,instructions,100202725,100.00,3.58,insn per cycle
13.126761509,375757822,,cycles,100202535,100.00,,
13.226961386,1453,,rD044,100199904,100.00,,
13.226961386,79503678,,rFF44,100200544,100.00,,
13.226961386,1346297663,,instructions,100200225,100.00,3.58,insn per cycle
13.226961386,375747447,,cycles,100199895,100.00,,
13.327164793,1888,,rD044,100202225,100.00,,
13.327164793,79318990,,rFF44,100201335,100.00,,
13.327164793,1343225675,,instructions,100201574,100.00,3.57,insn per cycle
13.327164793,375755716,,cycles,100201994,100.00,,
13.427366020,1494,,rD044,100200535,100.00,,
13.427366020,79642573,,rFF44,100202035,100.00,,
13.427366020,1348668338,,instructions,100202035,100.00,3.59,insn per cycle
13.427366020,375754397,,cycles,100201665,100.00,,
13.527567477,498,,rD044,100200035,100.00,,
13.527567477,79236227,,rFF44,100198755,100.00,,
13.527567477,1341899541,,instructions,100198905,100.00,3.57,insn per cycle
13.527567477,375745004,,cycles,100199155,100.00,,
13.627796744,1171,,rD044,100228295,100.00,,
13.627796744,79529037,,rFF44,100228215,100.00,,
13.627796744,1346749593,,instructions,100228105,100.00,3.58,insn per cycle
13.627796744,375853336,,cycles,100228035,100.00,,
13.727995751,1169,,rD044,100199564,100.00,,
13.727995751,79376496,,rFF44,100200004,100.00,,
13.727995751,1344441477,,instructions,100199914,100.00,3.58,insn per cycle
13.727995751,375747451,,cycles,100199804,100.00,,
13.828197378,2128,,rD044,100200265,100.00,,
13.828197378,79685347,,rFF44,100200025,100.00,,
13.828197378,1349353919,,instructions,100199945,100.00,3.59,insn per cycle
13.828197378,375746864,,cycles,100200355,100.00,,
13.928431266,1471,,rD044,100233895,100.00,,
13.928431266,79624944,,rFF44,100233925,100.00,,
13.928431266,1348357837,,instructions,100234005,100.00,3.59,insn per cycle
13.928431266,375874601,,cycles,100233715,100.00,,
14.028625362,1698,,rD044,100173855,100.00,,
14.028625362,79368534,,rFF44,100173815,100.00,,
14.028625362,1343882687,,instructions,100173665,100.00,3.58,insn per cycle
14.028625362,375624719,,cycles,100173895,100.00,,
14.128826369,1350,,rD044,100200234,100.00,,
14.128826369,79599503,,rFF44,100200455,100.00,,
14.128826369,1347941008,,instructions,100200565,100.00,3.59,insn per cycle
14.128826369,375750260,,cycles,100200555,100.00,,
14.229027196,1446,,rD044,100199975,100.00,,
14.229027196,79292403,,rFF44,100199754,100.00,,
14.229027196,1342975070,,instructions,100199744,100.00,3.57,insn per cycle
14.229027196,375746447,,cycles,100199534,100.00,,
14.329230133,1519,,rD044,100202065,100.00,,
14.329230133,79572396,,rFF44,100202035,100.00,,
14.329230133,1347482426,,instructions,100202205,100.00,3.59,insn per cycle
14.329230133,375757114,,cycles,100202275,100.00,,
14.429442650,1732,,rD044,100212725,100.00,,
14.429442650,79291759,,rFF44,100212835,100.00,,
14.429442650,1342828176,,instructions,100212795,100.00,3.57,insn per cycle
14.429442650,375779092,,cycles,100212745,100.00,,
14.529642957,1206,,rD044,100199375,100.00,,
14.529642957,79582265,,rFF44,100199645,100.00,,
14.529642957,1347674536,,instructions,100199745,100.00,3.59,insn per cycle
14.529642957,375747396,,cycles,100199795,100.00,,
14.629845274,1214,,rD044,100201494,100.00,,
14.629845274,79420167,,rFF44,100201084,100.00,,
14.629845274,1344873464,,instructions,100200734,100.00,3.58,insn per cycle
14.629845274,375750529,,cycles,100200624,100.00,,
14.730047811,1178,,rD044,100201465,100.00,,
14.730047811,79532081,,rFF44,100201395,100.00,,
14.730047811,1346781321,,instructions,100202265,100.00,3.58,insn per cycle
14.730047811,375757227,,cycles,100202405,100.00,,
14.830247568,1384,,rD044,100199225,100.00,,
14.830247568,79449444,,rFF44,100199615,100.00,,
14.830247568,1345343133,,instructions,100199055,100.00,3.58,insn per cycle
14.830247568,375743585,,cycles,100198785,100.00,,
14.930463445,1221,,rD044,100215935,100.00,,
14.930463445,79462760,,rFF44,100215735,100.00,,
14.930463445,1345939599,,instructions,100215965,100.00,3.58,insn per cycle
14.930463445,375808965,,cycles,100216205,100.00,,
15.030666402,1408,,rD044,100182994,100.00,,
15.030666402,79646574,,rFF44,100183084,100.00,,
15.030666402,1348691270,,instructions,100183154,100.00,3.59,insn per cycle
15.030666402,375656909,,cycles,100183104,100.00,,
15.130868649,1659,,rD044,100201055,100.00,,
15.130868649,79617751,,rFF44,100201225,100.00,,
15.130868649,1348185834,,instructions,100200845,100.00,3.59,insn per cycle
15.130868649,375751191,,cycles,100200805,100.00,,
15.231071946,1164,,rD044,100203205,100.00,,
15.231071946,79658664,,rFF44,100202815,100.00,,
15.231071946,1348891077,,instructions,100202935,100.00,3.59,insn per cycle
15.231071946,375758705,,cycles,100202765,100.00,,
15.331284433,1416,,rD044,100211155,100.00,,
15.331284433,79573274,,rFF44,100211065,100.00,,
15.331284433,1347455551,,instructions,100210705,100.00,3.59,insn per cycle
15.331284433,375787898,,cycles,100210625,100.00,,
15.431483400,828,,rD044,100198064,100.00,,
15.431483400,79511372,,rFF44,100198494,100.00,,
15.431483400,1346677037,,instructions,100198695,100.00,3.58,insn per cycle
15.431483400,375744666,,cycles,100199065,100.00,,
15.531699607,1700,,rD044,100215985,100.00,,
15.531699607,79543493,,rFF44,100215525,100.00,,
15.531699607,1346937475,,instructions,100215494,100.00,3.58,insn per cycle
15.531699607,375804193,,cycles,100214934,100.00,,
15.631898294,1062,,rD044,100197545,100.00,,
15.631898294,79497727,,rFF44,100197435,100.00,,
15.631898294,1346375092,,instructions,100197285,100.00,3.58,insn per cycle
15.631898294,375739384,,cycles,100197655,100.00,,
15.732099411,903,,rD044,100200175,100.00,,
15.732099411,79744334,,rFF44,100200675,100.00,,
15.732099411,1350345201,,instructions,100200795,100.00,3.59,insn per cycle
15.732099411,375751464,,cycles,100200855,100.00,,
15.832300168,1000,,rD044,100200325,100.00,,
15.832300168,79566808,,rFF44,100200275,100.00,,
15.832300168,1347468766,,instructions,100200455,100.00,3.59,insn per cycle
15.832300168,375751101,,cycles,100200795,100.00,,
15.932505285,1370,,rD044,100205094,100.00,,
15.932505285,79667577,,rFF44,100205334,100.00,,
15.932505285,1349057358,,instructions,100205464,100.00,3.59,insn per cycle
15.932505285,375769028,,cycles,100205514,100.00,,
16.032698972,927,,rD044,100173115,100.00,,
16.032698972,79475163,,rFF44,100172985,100.00,,
16.032698972,1345783491,,instructions,100172785,100.00,3.58,insn per cycle
16.032698972,375616133,,cycles,100172485,100.00,,
16.132901249,1003,,rD044,100202125,100.00,,
16.132901249,79505587,,rFF44,100202075,100.00,,
16.132901249,1346676605,,instructions,100201935,100.00,3.58,insn per cycle
16.132901249,375755670,,cycles,100201965,100.00,,
16.233104186,1175,,rD044,100201985,100.00,,
16.233104186,79626954,,rFF44,100201395,100.00,,
16.233104186,1348352020,,instructions,100201475,100.00,3.59,insn per cycle
16.233104186,375754010,,cycles,100201585,100.00,,
16.333313193,1929,,rD044,100207684,100.00,,
16.333313193,79454856,,rFF44,100208774,100.00,,
16.333313193,1345374531,,instructions,100209344,100.00,3.58,insn per cycle
16.333313193,375780261,,cycles,100209244,100.00,,
16.433516080,1613,,rD044,100202885,100.00,,
16.433516080,79622601,,rFF44,100202385,100.00,,
16.433516080,1348285680,,instructions,100201765,100.00,3.59,insn per cycle
16.433516080,375754339,,cycles,100201635,100.00,,
16.533714927,1590,,rD044,100198215,100.00,,
16.533714927,79584051,,rFF44,100198045,100.00,,
16.533714927,1347954784,,instructions,100197985,100.00,3.59,insn per cycle
16.533714927,375739556,,cycles,100197705,100.00,,
16.633917314,954,,rD044,100201965,100.00,,
16.633917314,79675214,,rFF44,100201645,100.00,,
16.633917314,1349167952,,instructions,100201705,100.00,3.59,insn per cycle
16.633917314,375755598,,cycles,100201975,100.00,,
16.734119711,1302,,rD044,100200674,100.00,,
16.734119711,79576920,,rFF44,100200794,100.00,,
16.734119711,1347485596,,instructions,100200844,100.00,3.59,insn per cycle
16.734119711,375751105,,cycles,100200784,100.00,,
16.834308288,2327,,rD044,100173765,100.00,,
16.834308288,79491323,,rFF44,100173585,100.00,,
16.834308288,1346169498,,instructions,100173485,100.00,3.58,insn per cycle
16.834308288,375623213,,cycles,100173615,100.00,,
16.934508775,1574,,rD044,100200255,100.00,,
16.934508775,79549962,,rFF44,100200095,100.00,,
16.934508775,1347066126,,instructions,100200175,100.00,3.59,insn per cycle
16.934508775,375748987,,cycles,100200215,100.00,,
17.034704032,1689,,rD044,100179455,100.00,,
17.034704032,79361825,,rFF44,100179435,100.00,,
17.034704032,1344008529,,instructions,100179675,100.00,3.58,insn per cycle
17.034704032,375646686,,cycles,100179595,100.00,,
17.134904629,1128,,rD044,100200694,100.00,,
17.134904629,79675393,,rFF44,100201604,100.00,,
17.134904629,1349167237,,instructions,100201214,100.00,3.59,insn per cycle
17.134904629,375752237,,cycles,100201054,100.00,,
17.235107546,1407,,rD044,100201175,100.00,,
17.235107546,79479904,,rFF44,100201255,100.00,,
17.235107546,1346185158,,instructions,100201565,100.00,3.58,insn per cycle
17.235107546,375755063,,cycles,100201855,100.00,,
17.335339053,922,,rD044,100230715,100.00,,
17.335339053,79525909,,rFF44,100230755,100.00,,
17.335339053,1346693591,,instructions,100230665,100.00,3.58,insn per cycle
17.335339053,375863227,,cycles,100230685,100.00,,
17.435541220,1509,,rD044,100201925,100.00,,
17.435541220,79510580,,rFF44,100201275,100.00,,
17.435541220,1346386545,,instructions,100200995,100.00,3.58,insn per cycle
17.435541220,375750981,,cycles,100200715,100.00,,
17.535744347,310,,rD044,100202264,100.00,,
17.535744347,79560030,,rFF44,100202684,100.00,,
17.535744347,1347123980,,instructions,100202834,100.00,3.59,insn per cycle
17.535744347,375759508,,cycles,100203054,100.00,,
17.635932534,1914,,rD044,100183665,100.00,,
17.635932534,79371825,,rFF44,100183365,100.00,,
17.635932534,1344116689,,instructions,100183425,100.00,3.58,insn per cycle
17.635932534,375682811,,cycles,100183395,100.00,,
17.736123950,2130,,rD044,100194775,100.00,,
17.736123950,79337758,,rFF44,100195475,100.00,,
17.736123950,1343764384,,instructions,100195695,100.00,3.58,insn per cycle
17.736123950,375728558,,cycles,100195595,100.00,,
17.836325548,728,,rD044,100200375,100.00,,
17.836325548,79467438,,rFF44,100200215,100.00,,
17.836325548,1345679981,,instructions,100200155,100.00,3.58,insn per cycle
17.836325548,375749186,,cycles,100200235,100.00,,
17.936526674,775,,rD044,100200844,100.00,,
17.936526674,79452717,,rFF44,100200164,100.00,,
17.936526674,1345660470,,instructions,100199934,100.00,3.58,insn per cycle
17.936526674,375748092,,cycles,100199884,100.00,,
18.036730531,892,,rD044,100185305,100.00,,
18.036730531,79255381,,rFF44,100185435,100.00,,
18.036730531,1342135673,,instructions,100185825,100.00,3.57,insn per cycle
18.036730531,375665824,,cycles,100185675,100.00,,
18.136917708,1455,,rD044,100184975,100.00,,
18.136917708,79591224,,rFF44,100184835,100.00,,
18.136917708,1347765759,,instructions,100184535,100.00,3.59,insn per cycle
18.136917708,375690714,,cycles,100184685,100.00,,
18.237116915,1266,,rD044,100199365,100.00,,
18.237116915,79399564,,rFF44,100199615,100.00,,
18.237116915,1344578473,,instructions,100199745,100.00,3.58,insn per cycle
18.237116915,375748164,,cycles,100199995,100.00,,
18.337318132,1335,,rD044,100200774,100.00,,
18.337318132,79346985,,rFF44,100200224,100.00,,
18.337318132,1343607507,,instructions,100200134,100.00,3.58,insn per cycle
18.337318132,375748813,,cycles,100200164,100.00,,
18.437517549,1843,,rD044,100199085,100.00,,
18.437517549,79378231,,rFF44,100199535,100.00,,
18.437517549,1344574127,,instructions,100199685,100.00,3.58,insn per cycle
18.437517549,375747246,,cycles,100199615,100.00,,
18.537720216,1711,,rD044,100202305,100.00,,
18.537720216,79310466,,rFF44,100202705,100.00,,
18.537720216,1342981610,,instructions,100202445,100.00,3.57,insn per cycle
18.537720216,375756271,,cycles,100202295,100.00,,
18.637908673,1799,,rD044,100186474,100.00,,
18.637908673,79484084,,rFF44,100185855,100.00,,
18.637908673,1346035264,,instructions,100186265,100.00,3.58,insn per cycle
18.637908673,375696499,,cycles,100186215,100.00,,
18.738106810,1530,,rD044,100197005,100.00,,
18.738106810,79589466,,rFF44,100197214,100.00,,
18.738106810,1347771750,,instructions,100197054,100.00,3.59,insn per cycle
18.738106810,375736730,,cycles,100196944,100.00,,
18.838308477,1823,,rD044,100201695,100.00,,
18.838308477,79494358,,rFF44,100201335,100.00,,
18.838308477,1346129013,,instructions,100200895,100.00,3.58,insn per cycle
18.838308477,375751711,,cycles,100200935,100.00,,
18.938507834,1542,,rD044,100198705,100.00,,
18.938507834,79394239,,rFF44,100199035,100.00,,
18.938507834,1344565755,,instructions,100199425,100.00,3.58,insn per cycle
18.938507834,375746016,,cycles,100199365,100.00,,
19.038706891,1766,,rD044,100179364,100.00,,
19.038706891,79483498,,rFF44,100179144,100.00,,
19.038706891,1345968235,,instructions,100178824,100.00,3.58,insn per cycle
19.038706891,375641220,,cycles,100178685,100.00,,
19.138892827,2051,,rD044,100184755,100.00,,
19.138892827,79192001,,rFF44,100184455,100.00,,
19.138892827,1341369813,,instructions,100184585,100.00,3.57,insn per cycle
19.138892827,375691192,,cycles,100184824,100.00,,
19.239106655,1751,,rD044,100213295,100.00,,
19.239106655,79689776,,rFF44,100214025,100.00,,
19.239106655,1349415488,,instructions,100213945,100.00,3.59,insn per cycle
19.239106655,375800067,,cycles,100213835,100.00,,
19.339305511,1480,,rD044,100198555,100.00,,
19.339305511,79326111,,rFF44,100198415,100.00,,
19.339305511,1343286904,,instructions,100198535,100.00,3.58,insn per cycle
19.339305511,375743869,,cycles,100198855,100.00,,
19.439508198,1607,,rD044,100202274,100.00,,
19.439508198,79453483,,rFF44,100202384,100.00,,
19.439508198,1345410347,,instructions,100202464,100.00,3.58,insn per cycle
19.439508198,375755548,,cycles,100201965,100.00,,
19.539709255,1928,,rD044,100200115,100.00,,
19.539709255,79285418,,rFF44,100200145,100.00,,
19.539709255,1342587531,,instructions,100200895,100.00,3.57,insn per cycle
19.539709255,375751862,,cycles,100200974,100.00,,
19.639901922,1512,,rD044,100191825,100.00,,
19.639901922,79484021,,rFF44,100191225,100.00,,
19.639901922,1346247730,,instructions,100190475,100.00,3.58,insn per cycle
19.639901922,375713711,,cycles,100190815,100.00,,
19.740100419,857,,rD044,100197425,100.00,,
19.740100419,79226734,,rFF44,100198695,100.00,,
19.740100419,1341578004,,instructions,100198585,100.00,3.57,insn per cycle
19.740100419,375742811,,cycles,100198565,100.00,,
19.840303846,1201,,rD044,100203104,100.00,,
19.840303846,79374847,,rFF44,100201834,100.00,,
19.840303846,1344385864,,instructions,100201794,100.00,3.58,insn per cycle
19.840303846,375755351,,cycles,100201894,100.00,,
19.940505143,1773,,rD044,100200485,100.00,,
19.940505143,79581535,,rFF44,100201175,100.00,,
19.940505143,1347644811,,instructions,100201295,100.00,3.59,insn per cycle
19.940505143,375752101,,cycles,100201005,100.00,,
20.040706220,1744,,rD044,100184195,100.00,,
20.040706220,79115786,,rFF44,100183875,100.00,,
20.040706220,1339744340,,instructions,100183885,100.00,3.57,insn per cycle
20.040706220,375663358,,cycles,100184225,100.00,,
20.140903167,1673,,rD044,100196195,100.00,,
20.140903167,79608289,,rFF44,100196345,100.00,,
20.140903167,1347946893,,instructions,100196025,100.00,3.59,insn per cycle
20.140903167,375732205,,cycles,100195785,100.00,,
20.241103424,1634,,rD044,100199384,100.00,,
20.241103424,79319527,,rFF44,100199824,100.00,,
20.241103424,1343296101,,instructions,100200244,100.00,3.57,insn per cycle
20.241103424,375749144,,cycles,100200254,100.00,,
20.341306621,1526,,rD044,100202245,100.00,,
20.341306621,79413156,,rFF44,100201875,100.00,,
20.341306621,1345021625,,instructions,100201835,100.00,3.58,insn per cycle
20.341306621,375755869,,cycles,100202055,100.00,,
20.441510358,1429,,rD044,100202695,100.00,,
20.441510358,79610410,,rFF44,100203135,100.00,,
20.441510358,1348091815,,instructions,100203125,100.00,3.59,insn per cycle
20.441510358,375758699,,cycles,100202795,100.00,,
20.541711845,1164,,rD044,100201985,100.00,,
20.541711845,79329018,,rFF44,100202475,100.00,,
20.541711845,1343516356,,instructions,100202345,100.00,3.58,insn per cycle
20.541711845,375757869,,cycles,100202505,100.00,,
20.641908952,1610,,rD044,100195734,100.00,,
20.641908952,79402215,,rFF44,100194344,100.00,,
20.641908952,1344603089,,instructions,100194534,100.00,3.58,insn per cycle
20.641908952,375727970,,cycles,100194694,100.00,,
20.742109959,1666,,rD044,100200045,100.00,,
20.742109959,79423889,,rFF44,100200315,100.00,,
20.742109959,1344936653,,instructions,100200125,100.00,3.58,insn per cycle
20.742109959,375747648,,cycles,100199855,100.00,,
20.842300745,1968,,rD044,100172615,100.00,,
20.842300745,79197679,,rFF44,100172435,100.00,,
20.842300745,1341136805,,instructions,100172645,100.00,3.57,insn per cycle
20.842300745,375620975,,cycles,100172905,100.00,,
20.942501922,1877,,rD044,100201095,100.00,,
20.942501922,79545113,,rFF44,100201655,100.00,,
20.942501922,1346959991,,instructions,100201515,100.00,3.58,insn per cycle
20.942501922,375752120,,cycles,100201075,100.00,,
21.042709270,1904,,rD044,100189244,100.00,,
21.042709270,79324895,,rFF44,100189364,100.00,,
21.042709270,1343662685,,instructions,100189474,100.00,3.58,insn per cycle
21.042709270,375681974,,cycles,100189694,100.00,,
21.142933867,1682,,rD044,100223635,100.00,,
21.142933867,79588651,,rFF44,100222695,100.00,,
21.142933867,1347684967,,instructions,100222615,100.00,3.59,insn per cycle
21.142933867,375831887,,cycles,100222275,100.00,,
21.243133174,1749,,rD044,100198635,100.00,,
21.243133174,79252003,,rFF44,100199445,100.00,,
21.243133174,1342083326,,instructions,100199775,100.00,3.57,insn per cycle
21.243133174,375749396,,cycles,100200375,100.00,,
21.343333281,1876,,rD044,100199365,100.00,,
21.343333281,79632670,,rFF44,100199375,100.00,,
21.343333281,1348505811,,instructions,100198995,100.00,3.59,insn per cycle
21.343333281,375742724,,cycles,100198535,100.00,,
21.443535998,2187,,rD044,100202315,100.00,,
21.443535998,79208767,,rFF44,100202105,100.00,,
21.443535998,1341337692,,instructions,100202155,100.00,3.57,insn per cycle
21.443535998,375756928,,cycles,100202335,100.00,,
21.543739185,1947,,rD044,100202424,100.00,,
21.543739185,79527237,,rFF44,100202684,100.00,,
21.543739185,1346765194,,instructions,100202804,100.00,3.58,insn per cycle
21.543739185,375758720,,cycles,100202814,100.00,,
21.643939592,1882,,rD044,100199215,100.00,,
21.643939592,79549940,,rFF44,100198525,100.00,,
21.643939592,1347081468,,instructions,100198285,100.00,3.59,insn per cycle
21.643939592,375740972,,cycles,100198005,100.00,,
21.744140639,928,,rD044,100200465,100.00,,
21.744140639,79098334,,rFF44,100200565,100.00,,
21.744140639,1339766721,,instructions,100200795,100.00,3.57,insn per cycle
21.744140639,375752357,,cycles,100201105,100.00,,
21.844344006,1016,,rD044,100202615,100.00,,
21.844344006,79560881,,rFF44,100203165,100.00,,
21.844344006,1347240931,,instructions,100202905,100.00,3.59,insn per cycle
21.844344006,375758294,,cycles,100202775,100.00,,
21.944546342,857,,rD044,100201734,100.00,,
21.944546342,79281440,,rFF44,100201314,100.00,,
21.944546342,1342531322,,instructions,100201384,100.00,3.57,insn per cycle
21.944546342,375754128,,cycles,100201584,100.00,,
22.044751819,865,,rD044,100188975,100.00,,
22.044751819,79477346,,rFF44,100189455,100.00,,
22.044751819,1345856406,,instructions,100189415,100.00,3.58,insn per cycle
22.044751819,375682251,,cycles,100189425,100.00,,
22.144951806,726,,rD044,100198275,100.00,,
22.144951806,79501905,,rFF44,100198125,100.00,,
22.144951806,1346258301,,instructions,100198055,100.00,3.58,insn per cycle
22.144951806,375741607,,cycles,100198235,100.00,,
22.245157553,791,,rD044,100205525,100.00,,
22.245157553,79532687,,rFF44,100205425,100.00,,
22.245157553,1347052302,,instructions,100205715,100.00,3.58,insn per cycle
22.245157553,375768420,,cycles,100205405,100.00,,
22.345359850,1367,,rD044,100200774,100.00,,
22.345359850,79438393,,rFF44,100200764,100.00,,
22.345359850,1345170143,,instructions,100200804,100.00,3.58,insn per cycle
22.345359850,375751324,,cycles,100200834,100.00,,
22.445562127,1727,,rD044,100201855,100.00,,
22.445562127,79478234,,rFF44,100201565,100.00,,
22.445562127,1346086335,,instructions,100201525,100.00,3.58,insn per cycle
22.445562127,375753845,,cycles,100201505,100.00,,
22.545765634,1514,,rD044,100203785,100.00,,
22.545765634,79500646,,rFF44,100204315,100.00,,
22.545765634,1346270808,,instructions,100204455,100.00,3.58,insn per cycle
22.545765634,375764027,,cycles,100204235,100.00,,
22.645970761,1473,,rD044,100203775,100.00,,
22.645970761,79513747,,rFF44,100203375,100.00,,
22.645970761,1346430412,,instructions,100203175,100.00,3.58,insn per cycle
22.645970761,375760794,,cycles,100203365,100.00,,
22.746173038,1740,,rD044,100201804,100.00,,
22.746173038,79513666,,rFF44,100201844,100.00,,
22.746173038,1346423166,,instructions,100201874,100.00,3.58,insn per cycle
22.746173038,375741311,,cycles,100201734,100.00,,
22.846373595,1810,,rD044,100199085,100.00,,
22.846373595,79466013,,rFF44,100198975,100.00,,
22.846373595,1345619465,,instructions,100198765,100.00,3.58,insn per cycle
22.846373595,375744222,,cycles,100198945,100.00,,
22.946574202,1667,,rD044,100199915,100.00,,
22.946574202,79606793,,rFF44,100199775,100.00,,
22.946574202,1348397224,,instructions,100199795,100.00,3.59,insn per cycle
22.946574202,375747210,,cycles,100199735,100.00,,
23.046804560,1464,,rD044,100212905,100.00,,
23.046804560,79526868,,rFF44,100213115,100.00,,
23.046804560,1346667435,,instructions,100213685,100.00,3.58,insn per cycle
23.046804560,375771836,,cycles,100213825,100.00,,
23.147008077,920,,rD044,100202675,100.00,,
23.147008077,79413158,,rFF44,100203185,100.00,,
23.147008077,1344788953,,instructions,100202605,100.00,3.58,insn per cycle
23.147008077,375759028,,cycles,100202795,100.00,,
23.247211404,1851,,rD044,100202894,100.00,,
23.247211404,79575486,,rFF44,100202054,100.00,,
23.247211404,1347509674,,instructions,100202354,100.00,3.59,insn per cycle
23.247211404,375755772,,cycles,100202174,100.00,,
23.347422311,1612,,rD044,100209165,100.00,,
23.347422311,79529966,,rFF44,100209955,100.00,,
23.347422311,1346910733,,instructions,100209655,100.00,3.58,insn per cycle
23.347422311,375784154,,cycles,100209595,100.00,,
23.447622598,1520,,rD044,100200195,100.00,,
23.447622598,79480070,,rFF44,100199685,100.00,,
23.447622598,1345854670,,instructions,100199765,100.00,3.58,insn per cycle
23.447622598,375748664,,cycles,100199995,100.00,,
23.547823854,1232,,rD044,100200755,100.00,,
23.547823854,79510406,,rFF44,100200715,100.00,,
23.547823854,1346375092,,instructions,100200805,100.00,3.58,insn per cycle
23.547823854,375750368,,cycles,100200725,100.00,,
23.648027064,1716,,rD044,100201764,100.00,,
23.648027064,79566774,,rFF44,100201714,100.00,,
23.648027064,1347639500,,instructions,100201794,100.00,3.59,insn per cycle
23.648027064,375754690,,cycles,100201724,100.00,,
23.748228002,1362,,rD044,100200595,100.00,,
23.748228002,79692878,,rFF44,100200935,100.00,,
23.748228002,1349486152,,instructions,100200515,100.00,3.59,insn per cycle
23.748228002,375749969,,cycles,100200485,100.00,,
23.848456160,1493,,rD044,100226435,100.00,,
23.848456160,79503324,,rFF44,100226315,100.00,,
23.848456160,1346234051,,instructions,100226705,100.00,3.58,insn per cycle
23.848456160,375848540,,cycles,100226755,100.00,,
23.948656618,1520,,rD044,100200505,100.00,,
23.948656618,79501966,,rFF44,100200355,100.00,,
23.948656618,1346227792,,instructions,100200235,100.00,3.58,insn per cycle
23.948656618,375748753,,cycles,100200155,100.00,,
24.048856156,1414,,rD044,100180435,100.00,,
24.048856156,79472060,,rFF44,100180745,100.00,,
24.048856156,1346120941,,instructions,100181015,100.00,3.58,insn per cycle
24.048856156,375650850,,cycles,100181035,100.00,,
24.149056814,1426,,rD044,100200014,100.00,,
24.149056814,79601728,,rFF44,100200074,100.00,,
24.149056814,1347914823,,instructions,100199724,100.00,3.59,insn per cycle
24.149056814,375747663,,cycles,100199864,100.00,,
24.249260832,1453,,rD044,100203935,100.00,,
24.249260832,79515452,,rFF44,100211555,100.00,,
24.249260832,1346459660,,instructions,100211495,100.00,3.58,insn per cycle
24.249260832,375790676,,cycles,100211335,100.00,,
24.349468731,991,,rD044,100205525,100.00,,
24.349468731,79510845,,rFF44,100197835,100.00,,
24.349468731,1346439198,,instructions,100197835,100.00,3.58,insn per cycle
24.349468731,375739656,,cycles,100197725,100.00,,
24.449671709,1063,,rD044,100203175,100.00,,
24.449671709,79680586,,rFF44,100202915,100.00,,
24.449671709,1349278827,,instructions,100202965,100.00,3.59,insn per cycle
24.449671709,375759169,,cycles,100202925,100.00,,
24.549879917,2002,,rD044,100206444,100.00,,
24.549879917,79438794,,rFF44,100206564,100.00,,
24.549879917,1345395449,,instructions,100206724,100.00,3.58,insn per cycle
24.549879917,375773874,,cycles,100206854,100.00,,
24.650080725,1880,,rD044,100201315,100.00,,
24.650080725,79531160,,rFF44,100200975,100.00,,
24.650080725,1346737172,,instructions,100200995,100.00,3.58,insn per cycle
24.650080725,375751294,,cycles,100200835,100.00,,
24.750292133,1847,,rD044,100210805,100.00,,
24.750292133,79564267,,rFF44,100210685,100.00,,
24.750292133,1347574265,,instructions,100210675,100.00,3.59,insn per cycle
24.750292133,375789531,,cycles,100211025,100.00,,
24.850481531,1987,,rD044,100174385,100.00,,
24.850481531,79521847,,rFF44,100174575,100.00,,
24.850481531,1346605749,,instructions,100174435,100.00,3.58,insn per cycle
24.850481531,375624926,,cycles,100174275,100.00,,
24.950697869,1684,,rD044,100214894,100.00,,
24.950697869,79618442,,rFF44,100214974,100.00,,
24.950697869,1348219362,,instructions,100215094,100.00,3.59,insn per cycle
24.950697869,375804104,,cycles,100214904,100.00,,
25.050902847,2088,,rD044,100191215,100.00,,
25.050902847,79457210,,rFF44,100191075,100.00,,
25.050902847,1345462291,,instructions,100191125,100.00,3.58,insn per cycle
25.050902847,375691455,,cycles,100191475,100.00,,
25.151104605,1800,,rD044,100201895,100.00,,
25.151104605,79509277,,rFF44,100202005,100.00,,
25.151104605,1346359977,,instructions,100201645,100.00,3.58,insn per cycle
25.151104605,375752859,,cycles,100201245,100.00,,
25.251306273,1291,,rD044,100199825,100.00,,
25.251306273,79445835,,rFF44,100199615,100.00,,
25.251306273,1345708273,,instructions,100199745,100.00,3.58,insn per cycle
25.251306273,375748152,,cycles,100199995,100.00,,
25.351509031,1557,,rD044,100202624,100.00,,
25.351509031,79582035,,rFF44,100203065,100.00,,
25.351509031,1347579748,,instructions,100203015,100.00,3.59,insn per cycle
25.351509031,375760155,,cycles,100203085,100.00,,
25.451709589,1843,,rD044,100199745,100.00,,
25.451709589,79501583,,rFF44,100199324,100.00,,
25.451709589,1346270211,,instructions,100199354,100.00,3.58,insn per cycle
25.451709589,375745292,,cycles,100199214,100.00,,
25.551911847,2097,,rD044,100201755,100.00,,
25.551911847,79622930,,rFF44,100202245,100.00,,
25.551911847,1348346918,,instructions,100202345,100.00,3.59,insn per cycle
25.551911847,375756863,,cycles,100202445,100.00,,
25.652112445,1647,,rD044,100200385,100.00,,
25.652112445,79452982,,rFF44,100199945,100.00,,
25.652112445,1345467124,,instructions,100200005,100.00,3.58,insn per cycle
25.652112445,375747892,,cycles,100199865,100.00,,
25.752313203,1133,,rD044,100199144,100.00,,
25.752313203,79472301,,rFF44,100199165,100.00,,
25.752313203,1345929809,,instructions,100199225,100.00,3.58,insn per cycle
25.752313203,375746646,,cycles,100199505,100.00,,
25.852514871,1490,,rD044,100201265,100.00,,
25.852514871,79564456,,rFF44,100201224,100.00,,
25.852514871,1347296057,,instructions,100201164,100.00,3.59,insn per cycle
25.852514871,375750785,,cycles,100200834,100.00,,
25.952716799,938,,rD044,100201335,100.00,,
25.952716799,79418899,,rFF44,100201905,100.00,,
25.952716799,1345127794,,instructions,100201845,100.00,3.58,insn per cycle
25.952716799,375755452,,cycles,100201855,100.00,,
26.052918167,1536,,rD044,100183655,100.00,,
26.052918167,79628308,,rFF44,100183085,100.00,,
26.052918167,1348410852,,instructions,100183235,100.00,3.59,insn per cycle
26.052918167,375658982,,cycles,100183475,100.00,,
26.153121155,1855,,rD044,100201415,100.00,,
26.153121155,79511025,,rFF44,100202015,100.00,,
26.153121155,1346368587,,instructions,100201695,100.00,3.58,insn per cycle
26.153121155,375754032,,cycles,100201505,100.00,,
26.253320943,1084,,rD044,100199614,100.00,,
26.253320943,79472639,,rFF44,100199374,100.00,,
26.253320943,1345742991,,instructions,100199794,100.00,3.58,insn per cycle
26.253320943,375747910,,cycles,100199984,100.00,,
26.353524011,1619,,rD044,100202485,100.00,,
26.353524011,79525849,,rFF44,100201775,100.00,,
26.353524011,1346644591,,instructions,100201575,100.00,3.58,insn per cycle
26.353524011,375753527,,cycles,100201435,100.00,,
26.453723269,1464,,rD044,100198175,100.00,,
26.453723269,79503954,,rFF44,100198525,100.00,,
26.453723269,1346646910,,instructions,100198365,100.00,3.58,insn per cycle
26.453723269,375742119,,cycles,100198375,100.00,,
26.553922927,1756,,rD044,100199745,100.00,,
26.553922927,79482780,,rFF44,100200055,100.00,,
26.553922927,1345987954,,instructions,100199985,100.00,3.58,insn per cycle
26.553922927,375748057,,cycles,100199925,100.00,,
26.654125285,1576,,rD044,100202054,100.00,,
26.654125285,79472380,,rFF44,100201914,100.00,,
26.654125285,1345830741,,instructions,100202414,100.00,3.58,insn per cycle
26.654125285,375758481,,cycles,100202794,100.00,,
26.754329213,1692,,rD044,100202855,100.00,,
26.754329213,79385597,,rFF44,100203325,100.00,,
26.754329213,1344290966,,instructions,100203075,100.00,3.58,insn per cycle
26.754329213,375759656,,cycles,100203055,100.00,,
26.854547371,1305,,rD044,100217185,100.00,,
26.854547371,79475654,,rFF44,100216455,100.00,,
26.854547371,1345926070,,instructions,100216555,100.00,3.58,insn per cycle
26.854547371,375808222,,cycles,100216015,100.00,,
26.954744909,2023,,rD044,100196485,100.00,,
26.954744909,79552889,,rFF44,100197165,100.00,,
26.954744909,1347149543,,instructions,100197165,100.00,3.59,insn per cycle
26.954744909,375738818,,cycles,100197505,100.00,,
27.054480912,2657,,rD044,92540538,100.00,,
27.054480912,66575686,,rFF44,92535308,100.00,,
27.054480912,1147050020,,instructions,92532768,100.00,3.31,insn per cycle
27.054480912,346879024,,cycles,92530338,100.00,,
