0.100122694,3189,,rD044,99317721,100.00,,
0.100122694,27555419,,rFF44,99322231,100.00,,
0.100122694,584319104,,instructions,99324511,100.00,1.57,insn per cycle
0.100122694,372400308,,cycles,99326691,100.00,,
0.200378209,1874,,rD044,100238215,100.00,,
0.200378209,28209301,,rFF44,100238565,100.00,,
0.200378209,593348097,,instructions,100238435,100.00,1.58,insn per cycle
0.200378209,375863519,,cycles,100238575,100.00,,
0.300578204,2093,,rD044,100182265,100.00,,
0.300578204,32963997,,rFF44,100182285,100.00,,
0.300578204,329768489,,instructions,100182895,100.00,0.88,insn per cycle
0.300578204,375660351,,cycles,100183505,100.00,,
0.400778088,991,,rD044,100199735,100.00,,
0.400778088,38901308,,rFF44,100199745,100.00,,
0.400778088,48001258,,instructions,100199135,100.00,0.13,insn per cycle
0.400778088,375742982,,cycles,100198605,100.00,,
0.500980663,1640,,rD044,100203144,100.00,,
0.500980663,65555857,,rFF44,100203364,100.00,,
0.500980663,907880021,,instructions,100203514,100.00,2.42,insn per cycle
0.500980663,375760819,,cycles,100203404,100.00,,
0.601190508,1665,,rD044,100208655,100.00,,
0.601190508,79400402,,rFF44,100208455,100.00,,
0.601190508,1344881338,,instructions,100208435,100.00,3.58,insn per cycle
0.601190508,375779829,,cycles,100208435,100.00,,
0.701391843,1355,,rD044,100201025,100.00,,
0.701391843,79345989,,rFF44,100200415,100.00,,
0.701391843,1343806669,,instructions,100200305,100.00,3.58,insn per cycle
0.701391843,375748259,,cycles,100199995,100.00,,
0.801584507,2845,,rD044,100189185,100.00,,
0.801584507,78407560,,rFF44,100189085,100.00,,
0.801584507,1330478541,,instructions,100188945,100.00,3.54,insn per cycle
0.801584507,375708243,,cycles,100189365,100.00,,
0.901762171,1496,,rD044,100178194,100.00,,
0.901762171,79344002,,rFF44,100178794,100.00,,
0.901762171,1343721380,,instructions,100179004,100.00,3.58,insn per cycle
0.901762171,375669348,,cycles,100178964,100.00,,
1.001964576,1374,,rD044,100202375,100.00,,
1.001964576,79440460,,rFF44,100202695,100.00,,
1.001964576,1345467219,,instructions,100202735,100.00,3.58,insn per cycle
1.001964576,375757313,,cycles,100202435,100.00,,
1.102174641,1596,,rD044,100209955,100.00,,
1.102174641,79364978,,rFF44,100210005,100.00,,
1.102174641,1343945812,,instructions,100209965,100.00,3.58,insn per cycle
1.102174641,375786106,,cycles,100210135,100.00,,
1.202375116,1197,,rD044,100200224,100.00,,
1.202375116,79421396,,rFF44,100199355,100.00,,
1.202375116,1345119706,,instructions,100199205,100.00,3.58,insn per cycle
1.202375116,375746100,,cycles,100199445,100.00,,
1.302575900,1415,,rD044,100199975,100.00,,
1.302575900,79490123,,rFF44,100200454,100.00,,
1.302575900,1346419865,,instructions,100200714,100.00,3.58,insn per cycle
1.302575900,375750539,,cycles,100200624,100.00,,
1.402774875,1497,,rD044,100198085,100.00,,
1.402774875,79351815,,rFF44,100197845,100.00,,
1.402774875,1343941125,,instructions,100197745,100.00,3.58,insn per cycle
1.402774875,375739612,,cycles,100197715,100.00,,
1.502977470,1302,,rD044,100180535,100.00,,
1.502977470,79453421,,rFF44,100180585,100.00,,
1.502977470,1345659387,,instructions,100180495,100.00,3.58,insn per cycle
1.502977470,375645371,,cycles,100180355,100.00,,
1.603189144,1489,,rD044,100211065,100.00,,
1.603189144,79335625,,rFF44,100211575,100.00,,
1.603189144,1343492572,,instructions,100211635,100.00,3.58,insn per cycle
1.603189144,375790727,,cycles,100211345,100.00,,
1.703391439,1349,,rD044,100201164,100.00,,
1.703391439,79404537,,rFF44,100201384,100.00,,
1.703391439,1344886924,,instructions,100201404,100.00,3.58,insn per cycle
1.703391439,375754502,,cycles,100201684,100.00,,
1.803593424,1597,,rD044,100201985,100.00,,
1.803593424,79447266,,rFF44,100201775,100.00,,
1.803593424,1345470923,,instructions,100201595,100.00,3.58,insn per cycle
1.803593424,375753256,,cycles,100201355,100.00,,
1.903781438,1340,,rD044,100185805,100.00,,
1.903781438,79420293,,rFF44,100185065,100.00,,
1.903781438,1345089310,,instructions,100185145,100.00,3.58,insn per cycle
1.903781438,375692530,,cycles,100185165,100.00,,
2.003982493,1248,,rD044,100201275,100.00,,
2.003982493,79450570,,rFF44,100201385,100.00,,
2.003982493,1345668777,,instructions,100201705,100.00,3.58,insn per cycle
2.003982493,375755439,,cycles,100201935,100.00,,
2.104236578,1421,,rD044,100253965,100.00,,
2.104236578,79069051,,rFF44,100254465,100.00,,
2.104236578,1339307796,,instructions,100254075,100.00,3.56,insn per cycle
2.104236578,375953001,,cycles,100254595,100.00,,
2.204437223,1346,,rD044,100199204,100.00,,
2.204437223,79425731,,rFF44,100198614,100.00,,
2.204437223,1345225628,,instructions,100199004,100.00,3.58,insn per cycle
2.204437223,375743169,,cycles,100198654,100.00,,
2.304636797,1626,,rD044,100199525,100.00,,
2.304636797,78838908,,rFF44,100199625,100.00,,
2.304636797,1335071561,,instructions,100199505,100.00,3.55,insn per cycle
2.304636797,375746841,,cycles,100199645,100.00,,
2.404835262,1354,,rD044,100197765,100.00,,
2.404835262,79351735,,rFF44,100197465,100.00,,
2.404835262,1344044536,,instructions,100197465,100.00,3.58,insn per cycle
2.404835262,375737122,,cycles,100197055,100.00,,
2.505034497,1601,,rD044,100182324,100.00,,
2.505034497,78876963,,rFF44,100201815,100.00,,
2.505034497,1335861617,,instructions,100201795,100.00,3.56,insn per cycle
2.505034497,375727345,,cycles,100201855,100.00,,
2.605253871,1745,,rD044,100219655,100.00,,
2.605253871,79382574,,rFF44,100200894,100.00,,
2.605253871,1344490453,,instructions,100200744,100.00,3.58,insn per cycle
2.605253871,375751213,,cycles,100200804,100.00,,
2.705455796,1771,,rD044,100200835,100.00,,
2.705455796,78871438,,rFF44,100200405,100.00,,
2.705455796,1335974627,,instructions,100200295,100.00,3.56,insn per cycle
2.705455796,375749081,,cycles,100200235,100.00,,
2.805656631,1786,,rD044,100201245,100.00,,
2.805656631,79226880,,rFF44,100201515,100.00,,
2.805656631,1341856303,,instructions,100201505,100.00,3.57,insn per cycle
2.805656631,375754986,,cycles,100201815,100.00,,
2.905846465,1840,,rD044,100187695,100.00,,
2.905846465,78919941,,rFF44,100187865,100.00,,
2.905846465,1336702702,,instructions,100187915,100.00,3.56,insn per cycle
2.905846465,375702666,,cycles,100187855,100.00,,
3.006056800,1191,,rD044,100209484,100.00,,
3.006056800,79326120,,rFF44,100208704,100.00,,
3.006056800,1343483658,,instructions,100208574,100.00,3.58,insn per cycle
3.006056800,375779786,,cycles,100208444,100.00,,
3.106258365,1652,,rD044,100201105,100.00,,
3.106258365,79084244,,rFF44,100201615,100.00,,
3.106258365,1339549941,,instructions,100201865,100.00,3.56,insn per cycle
3.106258365,375754442,,cycles,100201665,100.00,,
3.206457909,1623,,rD044,100200205,100.00,,
3.206457909,79104831,,rFF44,100200255,100.00,,
3.206457909,1339512891,,instructions,100200105,100.00,3.56,insn per cycle
3.206457909,375748660,,cycles,100200125,100.00,,
3.306659544,1509,,rD044,100200495,100.00,,
3.306659544,79257161,,rFF44,100200665,100.00,,
3.306659544,1342428325,,instructions,100200685,100.00,3.57,insn per cycle
3.306659544,375752170,,cycles,100201065,100.00,,
3.406860839,1663,,rD044,100199994,100.00,,
3.406860839,78906128,,rFF44,100200224,100.00,,
3.406860839,1336537121,,instructions,100200354,100.00,3.56,insn per cycle
3.406860839,375747543,,cycles,100199824,100.00,,
3.507061463,1556,,rD044,100183745,100.00,,
3.507061463,79252888,,rFF44,100183205,100.00,,
3.507061463,1342327502,,instructions,100183105,100.00,3.57,insn per cycle
3.507061463,375658507,,cycles,100183185,100.00,,
3.607260828,1783,,rD044,100199245,100.00,,
3.607260828,78922399,,rFF44,100199725,100.00,,
3.607260828,1336716846,,instructions,100199905,100.00,3.56,insn per cycle
3.607260828,375748388,,cycles,100200065,100.00,,
3.707461513,1462,,rD044,100199865,100.00,,
3.707461513,79310204,,rFF44,100199855,100.00,,
3.707461513,1343389474,,instructions,100199855,100.00,3.58,insn per cycle
3.707461513,375747801,,cycles,100199905,100.00,,
3.807663527,1696,,rD044,100202234,100.00,,
3.807663527,79025435,,rFF44,100202244,100.00,,
3.807663527,1338491445,,instructions,100202384,100.00,3.56,insn per cycle
3.807663527,375757982,,cycles,100202614,100.00,,
3.907853092,1431,,rD044,100186635,100.00,,
3.907853092,79316723,,rFF44,100186415,100.00,,
3.907853092,1343135504,,instructions,100186205,100.00,3.58,insn per cycle
3.907853092,375695212,,cycles,100185855,100.00,,
4.008092867,1389,,rD044,100240205,100.00,,
4.008092867,79262965,,rFF44,100239845,100.00,,
4.008092867,1342504950,,instructions,100239905,100.00,3.57,insn per cycle
4.008092867,375898753,,cycles,100240165,100.00,,
4.108295411,1584,,rD044,100202275,100.00,,
4.108295411,79353074,,rFF44,100202615,100.00,,
4.108295411,1343973238,,instructions,100202545,100.00,3.58,insn per cycle
4.108295411,375755521,,cycles,100201955,100.00,,
4.208503776,2097,,rD044,100207815,100.00,,
4.208503776,78765787,,rFF44,100207935,100.00,,
4.208503776,1334061270,,instructions,100207955,100.00,3.55,insn per cycle
4.208503776,375779730,,cycles,100208415,100.00,,
4.308703281,1745,,rD044,100183434,100.00,,
4.308703281,79268434,,rFF44,100182814,100.00,,
4.308703281,1342544111,,instructions,100183234,100.00,3.57,insn per cycle
4.308703281,375659545,,cycles,100183524,100.00,,
4.408902846,1942,,rD044,100199425,100.00,,
4.408902846,79132961,,rFF44,100199875,100.00,,
4.408902846,1340337493,,instructions,100199355,100.00,3.57,insn per cycle
4.408902846,375744368,,cycles,100198975,100.00,,
4.509099620,2197,,rD044,100176695,100.00,,
4.509099620,79121668,,rFF44,100176115,100.00,,
4.509099620,1340086560,,instructions,100176065,100.00,3.57,insn per cycle
4.509099620,375631633,,cycles,100176135,100.00,,
4.609297775,1530,,rD044,100199174,100.00,,
4.609297775,78994982,,rFF44,100199675,100.00,,
4.609297775,1337852115,,instructions,100199915,100.00,3.56,insn per cycle
4.609297775,375747717,,cycles,100199875,100.00,,
4.709499639,1833,,rD044,100199845,100.00,,
4.709499639,79166640,,rFF44,100200014,100.00,,
4.709499639,1340936025,,instructions,100199804,100.00,3.57,insn per cycle
4.709499639,375747799,,cycles,100199894,100.00,,
4.809702124,1594,,rD044,100202485,100.00,,
4.809702124,79269643,,rFF44,100201945,100.00,,
4.809702124,1342312554,,instructions,100201855,100.00,3.57,insn per cycle
4.809702124,375741709,,cycles,100202065,100.00,,
4.909889439,1420,,rD044,100185045,100.00,,
4.909889439,78986752,,rFF44,100185265,100.00,,
4.909889439,1337843286,,instructions,100185445,100.00,3.56,insn per cycle
4.909889439,375691494,,cycles,100184845,100.00,,
5.010086573,1208,,rD044,100197564,100.00,,
5.010086573,79401762,,rFF44,100197774,100.00,,
5.010086573,1344899712,,instructions,100197474,100.00,3.58,insn per cycle
5.010086573,375739445,,cycles,100197684,100.00,,
5.110286948,1605,,rD044,100200745,100.00,,
5.110286948,79048003,,rFF44,100201195,100.00,,
5.110286948,1338893697,,instructions,100201335,100.00,3.56,insn per cycle
5.110286948,375754201,,cycles,100201605,100.00,,
5.210490753,1067,,rD044,100202635,100.00,,
5.210490753,79463038,,rFF44,100202365,100.00,,
5.210490753,1345820885,,instructions,100202425,100.00,3.58,insn per cycle
5.210490753,375757504,,cycles,100202505,100.00,,
5.310697367,1662,,rD044,100205975,100.00,,
5.310697367,78876624,,rFF44,100205845,100.00,,
5.310697367,1335949075,,instructions,100205805,100.00,3.56,insn per cycle
5.310697367,375769539,,cycles,100205675,100.00,,
5.410899512,1515,,rD044,100201794,100.00,,
5.410899512,79354127,,rFF44,100201874,100.00,,
5.410899512,1344055993,,instructions,100202125,100.00,3.58,insn per cycle
5.410899512,375755804,,cycles,100202035,100.00,,
5.511096697,2108,,rD044,100178375,100.00,,
5.511096697,79099154,,rFF44,100178255,100.00,,
5.511096697,1339440264,,instructions,100177964,100.00,3.57,insn per cycle
5.511096697,375635275,,cycles,100177814,100.00,,
5.611298731,1513,,rD044,100201055,100.00,,
5.611298731,79314643,,rFF44,100200995,100.00,,
5.611298731,1343386214,,instructions,100201225,100.00,3.58,insn per cycle
5.611298731,375752207,,cycles,100201075,100.00,,
5.711502226,1931,,rD044,100203345,100.00,,
5.711502226,78925494,,rFF44,100203935,100.00,,
5.711502226,1336851438,,instructions,100204145,100.00,3.56,insn per cycle
5.711502226,375765202,,cycles,100204535,100.00,,
5.811705921,1727,,rD044,100203334,100.00,,
5.811705921,79326631,,rFF44,100202935,100.00,,
5.811705921,1343499502,,instructions,100202775,100.00,3.58,insn per cycle
5.811705921,375758381,,cycles,100202725,100.00,,
5.911909915,1829,,rD044,100201145,100.00,,
5.911909915,79151278,,rFF44,100201154,100.00,,
5.911909915,1340587466,,instructions,100200984,100.00,3.57,insn per cycle
5.911909915,375751444,,cycles,100200864,100.00,,
6.012106200,1579,,rD044,100196575,100.00,,
6.012106200,79292098,,rFF44,100196825,100.00,,
6.012106200,1343091620,,instructions,100196695,100.00,3.57,insn per cycle
6.012106200,375736302,,cycles,100196835,100.00,,
6.112306075,1983,,rD044,100199655,100.00,,
6.112306075,79033172,,rFF44,100199895,100.00,,
6.112306075,1338587114,,instructions,100200245,100.00,3.56,insn per cycle
6.112306075,375747803,,cycles,100199885,100.00,,
6.212506089,1383,,rD044,100199484,100.00,,
6.212506089,79380327,,rFF44,100199415,100.00,,
6.212506089,1344180277,,instructions,100199225,100.00,3.58,insn per cycle
6.212506089,375746467,,cycles,100199555,100.00,,
6.312710024,1746,,rD044,100203535,100.00,,
6.312710024,79020399,,rFF44,100203574,100.00,,
6.312710024,1338427798,,instructions,100203594,100.00,3.56,insn per cycle
6.312710024,375761719,,cycles,100203604,100.00,,
6.412912228,1474,,rD044,100201405,100.00,,
6.412912228,79421604,,rFF44,100201225,100.00,,
6.412912228,1345194677,,instructions,100201295,100.00,3.58,insn per cycle
6.412912228,375753583,,cycles,100201445,100.00,,
6.513115473,1789,,rD044,100186815,100.00,,
6.513115473,78990709,,rFF44,100186265,100.00,,
6.513115473,1337729293,,instructions,100186185,100.00,3.56,insn per cycle
6.513115473,375667639,,cycles,100185885,100.00,,
6.613316608,1559,,rD044,100200945,100.00,,
6.613316608,79445920,,rFF44,100200795,100.00,,
6.613316608,1345571653,,instructions,100200715,100.00,3.58,insn per cycle
6.613316608,375751740,,cycles,100200965,100.00,,
6.713526233,1845,,rD044,100209354,100.00,,
6.713526233,79039471,,rFF44,100209864,100.00,,
6.713526233,1338815290,,instructions,100209934,100.00,3.56,insn per cycle
6.713526233,375784711,,cycles,100209734,100.00,,
6.813728947,1550,,rD044,100201505,100.00,,
6.813728947,79378067,,rFF44,100201325,100.00,,
6.813728947,1344379255,,instructions,100201115,100.00,3.58,insn per cycle
6.813728947,375752805,,cycles,100201245,100.00,,
6.913916342,1671,,rD044,100185505,100.00,,
6.913916342,79015611,,rFF44,100185795,100.00,,
6.913916342,1338136766,,instructions,100186175,100.00,3.56,insn per cycle
6.913916342,375697377,,cycles,100186435,100.00,,
7.014114246,2254,,rD044,100198084,100.00,,
7.014114246,79241428,,rFF44,100197475,100.00,,
7.014114246,1342119095,,instructions,100197185,100.00,3.57,insn per cycle
7.014114246,375736092,,cycles,100196785,100.00,,
7.114313921,1858,,rD044,100199445,100.00,,
7.114313921,78978315,,rFF44,100200204,100.00,,
7.114313921,1337778537,,instructions,100200154,100.00,3.56,insn per cycle
7.114313921,375747834,,cycles,100199894,100.00,,
7.214514446,1386,,rD044,100199585,100.00,,
7.214514446,79268868,,rFF44,100199375,100.00,,
7.214514446,1342349837,,instructions,100199285,100.00,3.57,insn per cycle
7.214514446,375747461,,cycles,100199825,100.00,,
7.314714600,1564,,rD044,100200405,100.00,,
7.314714600,79206450,,rFF44,100200375,100.00,,
7.314714600,1341471018,,instructions,100200425,100.00,3.57,insn per cycle
7.314714600,375747933,,cycles,100199935,100.00,,
7.414915775,1602,,rD044,100200154,100.00,,
7.414915775,79272402,,rFF44,100199995,100.00,,
7.414915775,1342789426,,instructions,100200175,100.00,3.57,insn per cycle
7.414915775,375750985,,cycles,100200725,100.00,,
7.515115550,1532,,rD044,100182675,100.00,,
7.515115550,79114174,,rFF44,100182344,100.00,,
7.515115550,1339934494,,instructions,100182494,100.00,3.57,insn per cycle
7.515115550,375654579,,cycles,100182134,100.00,,
7.615316594,1821,,rD044,100200725,100.00,,
7.615316594,79402308,,rFF44,100201845,100.00,,
7.615316594,1344755839,,instructions,100201825,100.00,3.58,insn per cycle
7.615316594,375754595,,cycles,100201695,100.00,,
7.715517449,1526,,rD044,100200295,100.00,,
7.715517449,79045746,,rFF44,100199715,100.00,,
7.715517449,1338841460,,instructions,100199535,100.00,3.56,insn per cycle
7.715517449,375747129,,cycles,100199725,100.00,,
7.815750504,1657,,rD044,100232385,100.00,,
7.815750504,79375593,,rFF44,100232395,100.00,,
7.815750504,1344420372,,instructions,100232575,100.00,3.58,insn per cycle
7.815750504,375869160,,cycles,100232255,100.00,,
7.915939748,1416,,rD044,100187874,100.00,,
7.915939748,79077463,,rFF44,100187504,100.00,,
7.915939748,1339049751,,instructions,100187194,100.00,3.56,insn per cycle
7.915939748,375701853,,cycles,100187634,100.00,,
8.016136663,1574,,rD044,100196045,100.00,,
8.016136663,79438414,,rFF44,100195725,100.00,,
8.016136663,1345433545,,instructions,100195825,100.00,3.58,insn per cycle
8.016136663,375732480,,cycles,100195825,100.00,,
8.116334118,1715,,rD044,100198445,100.00,,
8.116334118,79015033,,rFF44,100199035,100.00,,
8.116334118,1338377151,,instructions,100199155,100.00,3.56,insn per cycle
8.116334118,375745975,,cycles,100199415,100.00,,
8.216534102,2020,,rD044,100198545,100.00,,
8.216534102,79328451,,rFF44,100198515,100.00,,
8.216534102,1343546472,,instructions,100198595,100.00,3.58,insn per cycle
8.216534102,375742160,,cycles,100198415,100.00,,
8.316744887,2133,,rD044,100196733,100.00,,
8.316744887,78878732,,rFF44,100196293,100.00,,
8.316744887,1335996613,,instructions,100196103,100.00,3.56,insn per cycle
8.316744887,375704750,,cycles,100195763,100.00,,
8.416948632,2132,,rD044,100203325,100.00,,
8.416948632,79239905,,rFF44,100204035,100.00,,
8.416948632,1342097019,,instructions,100204095,100.00,3.57,insn per cycle
8.416948632,375763803,,cycles,100204165,100.00,,
8.517144796,2360,,rD044,100179045,100.00,,
8.517144796,78964453,,rFF44,100178365,100.00,,
8.517144796,1337457525,,instructions,100178365,100.00,3.56,insn per cycle
8.517144796,375640000,,cycles,100178505,100.00,,
8.617342901,1816,,rD044,100197815,100.00,,
8.617342901,79268021,,rFF44,100197815,100.00,,
8.617342901,1342296364,,instructions,100197925,100.00,3.57,insn per cycle
8.617342901,375740065,,cycles,100197835,100.00,,
8.717543896,1639,,rD044,100200254,100.00,,
8.717543896,79200064,,rFF44,100200794,100.00,,
8.717543896,1341434689,,instructions,100200544,100.00,3.57,insn per cycle
8.717543896,375749143,,cycles,100200254,100.00,,
8.817747190,1978,,rD044,100202395,100.00,,
8.817747190,79267620,,rFF44,100202765,100.00,,
8.817747190,1342481910,,instructions,100203145,100.00,3.57,insn per cycle
8.817747190,375761625,,cycles,100203585,100.00,,
8.917945635,1620,,rD044,100197125,100.00,,
8.917945635,79273365,,rFF44,100196765,100.00,,
8.917945635,1342605860,,instructions,100196435,100.00,3.57,insn per cycle
8.917945635,375734415,,cycles,100196335,100.00,,
9.018145000,1597,,rD044,100199005,100.00,,
9.018145000,79346012,,rFF44,100198195,100.00,,
9.018145000,1343919621,,instructions,100198355,100.00,3.58,insn per cycle
9.018145000,375742278,,cycles,100198265,100.00,,
9.118343904,1292,,rD044,100198934,100.00,,
9.118343904,79403789,,rFF44,100199154,100.00,,
9.118343904,1344901481,,instructions,100199054,100.00,3.58,insn per cycle
9.118343904,375743721,,cycles,100198964,100.00,,
9.218544989,1325,,rD044,100200665,100.00,,
9.218544989,79415335,,rFF44,100201125,100.00,,
9.218544989,1345022850,,instructions,100201455,100.00,3.58,insn per cycle
9.218544989,375754300,,cycles,100201655,100.00,,
9.318750414,1531,,rD044,100205205,100.00,,
9.318750414,79334796,,rFF44,100205665,100.00,,
9.318750414,1343392857,,instructions,100205345,100.00,3.58,insn per cycle
9.318750414,375767635,,cycles,100205185,100.00,,
9.418954148,1465,,rD044,100202005,100.00,,
9.418954148,79482464,,rFF44,100202235,100.00,,
9.418954148,1346201185,,instructions,100202025,100.00,3.58,insn per cycle
9.418954148,375755734,,cycles,100202005,100.00,,
9.519159193,1567,,rD044,100188954,100.00,,
9.519159193,79349797,,rFF44,100187854,100.00,,
9.519159193,1343945392,,instructions,100187994,100.00,3.58,insn per cycle
9.519159193,375678136,,cycles,100188114,100.00,,
9.619360258,1291,,rD044,100200645,100.00,,
9.619360258,79428129,,rFF44,100200625,100.00,,
9.619360258,1345250680,,instructions,100200765,100.00,3.58,insn per cycle
9.619360258,375751446,,cycles,100200855,100.00,,
9.719560042,1562,,rD044,100199445,100.00,,
9.719560042,79402638,,rFF44,100199925,100.00,,
9.719560042,1344808795,,instructions,100199915,100.00,3.58,insn per cycle
9.719560042,375747573,,cycles,100199855,100.00,,
9.819798417,1719,,rD044,100237655,100.00,,
9.819798417,79365195,,rFF44,100237375,100.00,,
9.819798417,1344196686,,instructions,100237415,100.00,3.58,insn per cycle
9.819798417,375889627,,cycles,100237715,100.00,,
9.920003292,1311,,rD044,100187195,100.00,,
9.920003292,79442116,,rFF44,100187375,100.00,,
9.920003292,1345500941,,instructions,100187625,100.00,3.58,insn per cycle
9.920003292,375671920,,cycles,100187275,100.00,,
10.020215337,1561,,rD044,100212834,100.00,,
10.020215337,79399397,,rFF44,100212554,100.00,,
10.020215337,1344498851,,instructions,100212154,100.00,3.58,insn per cycle
10.020215337,375793512,,cycles,100212064,100.00,,
10.120414962,1633,,rD044,100198855,100.00,,
10.120414962,79511856,,rFF44,100198685,100.00,,
10.120414962,1346679041,,instructions,100198975,100.00,3.58,insn per cycle
10.120414962,375744783,,cycles,100199085,100.00,,
10.220616466,1121,,rD044,100201245,100.00,,
10.220616466,79357881,,rFF44,100201345,100.00,,
10.220616466,1344170615,,instructions,100201035,100.00,3.58,insn per cycle
10.220616466,375751926,,cycles,100201025,100.00,,
10.320817221,1625,,rD044,100200005,100.00,,
10.320817221,79400977,,rFF44,100200065,100.00,,
10.320817221,1344781811,,instructions,100200145,100.00,3.58,insn per cycle
10.320817221,375748932,,cycles,100200195,100.00,,
10.421019566,1327,,rD044,100201414,100.00,,
10.421019566,79441075,,rFF44,100202014,100.00,,
10.421019566,1345326845,,instructions,100202114,100.00,3.58,insn per cycle
10.421019566,375757418,,cycles,100202464,100.00,,
10.521232160,1653,,rD044,100196465,100.00,,
10.521232160,79244072,,rFF44,100195885,100.00,,
10.521232160,1342184814,,instructions,100195745,100.00,3.57,insn per cycle
10.521232160,375704214,,cycles,100195135,100.00,,
10.621433835,1144,,rD044,100199785,100.00,,
10.621433835,79529098,,rFF44,100200005,100.00,,
10.621433835,1346990905,,instructions,100200425,100.00,3.58,insn per cycle
10.621433835,375749387,,cycles,100200315,100.00,,
10.721632700,1632,,rD044,100199375,100.00,,
10.721632700,79321266,,rFF44,100198985,100.00,,
10.721632700,1343274101,,instructions,100198685,100.00,3.57,insn per cycle
10.721632700,375746093,,cycles,100199445,100.00,,
10.821834244,1251,,rD044,100201104,100.00,,
10.821834244,79472699,,rFF44,100201644,100.00,,
10.821834244,1346009967,,instructions,100202054,100.00,3.58,insn per cycle
10.821834244,375753736,,cycles,100201485,100.00,,
10.922033639,1488,,rD044,100198235,100.00,,
10.922033639,79336503,,rFF44,100211155,100.00,,
10.922033639,1343836949,,instructions,100211065,100.00,3.58,insn per cycle
10.922033639,375791150,,cycles,100211454,100.00,,
11.022246274,1695,,rD044,100211815,100.00,,
11.022246274,79438466,,rFF44,100198325,100.00,,
11.022246274,1345414834,,instructions,100197825,100.00,3.58,insn per cycle
11.022246274,375738729,,cycles,100197485,100.00,,
11.122448078,1564,,rD044,100201205,100.00,,
11.122448078,79463325,,rFF44,100201455,100.00,,
11.122448078,1345585169,,instructions,100201725,100.00,3.58,insn per cycle
11.122448078,375754810,,cycles,100201765,100.00,,
11.222649523,1127,,rD044,100200425,100.00,,
11.222649523,79246287,,rFF44,100200495,100.00,,
11.222649523,1342281636,,instructions,100200315,100.00,3.57,insn per cycle
11.222649523,375751347,,cycles,100200825,100.00,,
11.322849738,2039,,rD044,100199524,100.00,,
11.322849738,79307253,,rFF44,100199664,100.00,,
11.322849738,1343245313,,instructions,100199524,100.00,3.57,insn per cycle
11.322849738,375744668,,cycles,100199054,100.00,,
11.423061832,1430,,rD044,100212135,100.00,,
11.423061832,79171475,,rFF44,100211865,100.00,,
11.423061832,1340833010,,instructions,100211925,100.00,3.57,insn per cycle
11.423061832,375792128,,cycles,100211705,100.00,,
11.523262797,1764,,rD044,100186415,100.00,,
11.523262797,79263711,,rFF44,100186735,100.00,,
11.523262797,1342440844,,instructions,100186945,100.00,3.57,insn per cycle
11.523262797,375673330,,cycles,100187225,100.00,,
11.623465032,1277,,rD044,100201945,100.00,,
11.623465032,79194231,,rFF44,100201895,100.00,,
11.623465032,1341447008,,instructions,100201695,100.00,3.57,insn per cycle
11.623465032,375753475,,cycles,100201415,100.00,,
11.723692977,1745,,rD044,100226034,100.00,,
11.723692977,79243438,,rFF44,100225354,100.00,,
11.723692977,1342120328,,instructions,100225524,100.00,3.57,insn per cycle
11.723692977,375844041,,cycles,100225565,100.00,,
11.823901921,1749,,rD044,100208795,100.00,,
11.823901921,79397532,,rFF44,100209445,100.00,,
11.823901921,1344491272,,instructions,100209375,100.00,3.58,insn per cycle
11.823901921,375784732,,cycles,100209764,100.00,,
11.924101546,1660,,rD044,100199545,100.00,,
11.924101546,79052923,,rFF44,100199005,100.00,,
11.924101546,1339025456,,instructions,100199045,100.00,3.56,insn per cycle
11.924101546,375743587,,cycles,100198755,100.00,,
12.024301571,1527,,rD044,100198895,100.00,,
12.024301571,79497641,,rFF44,100199255,100.00,,
12.024301571,1346456195,,instructions,100199545,100.00,3.58,insn per cycle
12.024301571,375747731,,cycles,100199855,100.00,,
12.124503325,1644,,rD044,100200835,100.00,,
12.124503325,79060715,,rFF44,100200775,100.00,,
12.124503325,1338921250,,instructions,100200345,100.00,3.56,insn per cycle
12.124503325,375748588,,cycles,100200105,100.00,,
12.224704500,1719,,rD044,100200794,100.00,,
12.224704500,79445840,,rFF44,100200424,100.00,,
12.224704500,1345537287,,instructions,100200724,100.00,3.58,insn per cycle
12.224704500,375751350,,cycles,100200864,100.00,,
12.324910935,2114,,rD044,100192225,100.00,,
12.324910935,78967281,,rFF44,100192495,100.00,,
12.324910935,1337591749,,instructions,100192755,100.00,3.56,insn per cycle
12.324910935,375691163,,cycles,100192705,100.00,,
12.425112419,2117,,rD044,100200465,100.00,,
12.425112419,79270455,,rFF44,100200445,100.00,,
12.425112419,1342561805,,instructions,100200015,100.00,3.57,insn per cycle
12.425112419,375747917,,cycles,100199935,100.00,,
12.525311284,2215,,rD044,100182415,100.00,,
12.525311284,79180860,,rFF44,100182935,100.00,,
12.525311284,1340926187,,instructions,100182775,100.00,3.57,insn per cycle
12.525311284,375655926,,cycles,100182675,100.00,,
12.625512199,1229,,rD044,100201194,100.00,,
12.625512199,79320349,,rFF44,100200654,100.00,,
12.625512199,1343452717,,instructions,100200574,100.00,3.58,insn per cycle
12.625512199,375751035,,cycles,100200764,100.00,,
12.725713423,1445,,rD044,100199845,100.00,,
12.725713423,79288896,,rFF44,100199725,100.00,,
12.725713423,1342954041,,instructions,100200005,100.00,3.57,insn per cycle
12.725713423,375747925,,cycles,100199935,100.00,,
12.825913988,1708,,rD044,100200155,100.00,,
12.825913988,79316445,,rFF44,100199975,100.00,,
12.825913988,1343182509,,instructions,100199805,100.00,3.57,insn per cycle
12.825913988,375747979,,cycles,100199925,100.00,,
12.926114503,1431,,rD044,100200095,100.00,,
12.926114503,79177597,,rFF44,100200225,100.00,,
12.926114503,1341010085,,instructions,100200435,100.00,3.57,insn per cycle
12.926114503,375749980,,cycles,100200485,100.00,,
13.026316407,1550,,rD044,100202164,100.00,,
13.026316407,79332719,,rFF44,100202464,100.00,,
13.026316407,1343811273,,instructions,100202564,100.00,3.58,insn per cycle
13.026316407,375758426,,cycles,100202724,100.00,,
13.126522832,1872,,rD044,100205325,100.00,,
13.126522832,79084822,,rFF44,100205195,100.00,,
13.126522832,1339407590,,instructions,100204935,100.00,3.56,insn per cycle
13.126522832,375750716,,cycles,100204575,100.00,,
13.226724127,1474,,rD044,100200145,100.00,,
13.226724127,79406102,,rFF44,100200065,100.00,,
13.226724127,1344758175,,instructions,100200185,100.00,3.58,insn per cycle
13.226724127,375750067,,cycles,100200515,100.00,,
13.326924851,1678,,rD044,100200125,100.00,,
13.326924851,79068088,,rFF44,100199755,100.00,,
13.326924851,1339223369,,instructions,100199665,100.00,3.56,insn per cycle
13.326924851,375746092,,cycles,100199445,100.00,,
13.427124936,1595,,rD044,100199314,100.00,,
13.427124936,79389316,,rFF44,100199944,100.00,,
13.427124936,1344663230,,instructions,100199804,100.00,3.58,insn per cycle
13.427124936,375746247,,cycles,100199484,100.00,,
13.527327201,1437,,rD044,100186765,100.00,,
13.527327201,79097653,,rFF44,100186565,100.00,,
13.527327201,1339381143,,instructions,100186765,100.00,3.57,insn per cycle
13.527327201,375672756,,cycles,100186985,100.00,,
13.627557166,1420,,rD044,100228655,100.00,,
13.627557166,79454128,,rFF44,100229055,100.00,,
13.627557166,1345708306,,instructions,100229145,100.00,3.58,insn per cycle
13.627557166,375858130,,cycles,100229325,100.00,,
13.727761810,1789,,rD044,100204545,100.00,,
13.727761810,79106121,,rFF44,100204275,100.00,,
13.727761810,1339890711,,instructions,100204175,100.00,3.57,insn per cycle
13.727761810,375762536,,cycles,100203845,100.00,,
13.827962975,1858,,rD044,100199934,100.00,,
13.827962975,79365948,,rFF44,100199905,100.00,,
13.827962975,1344177047,,instructions,100200055,100.00,3.58,insn per cycle
13.827962975,375749282,,cycles,100200275,100.00,,
13.928178600,1571,,rD044,100214355,100.00,,
13.928178600,79187673,,rFF44,100214174,100.00,,
13.928178600,1341129332,,instructions,100213974,100.00,3.57,insn per cycle
13.928178600,375800452,,cycles,100213924,100.00,,
14.028376294,1732,,rD044,100197875,100.00,,
14.028376294,79346415,,rFF44,100198445,100.00,,
14.028376294,1343894590,,instructions,100198455,100.00,3.58,insn per cycle
14.028376294,375742398,,cycles,100198465,100.00,,
14.128579209,1290,,rD044,100202715,100.00,,
14.128579209,79404896,,rFF44,100201895,100.00,,
14.128579209,1344911037,,instructions,100201615,100.00,3.58,insn per cycle
14.128579209,375753871,,cycles,100201505,100.00,,
14.228780914,1697,,rD044,100200085,100.00,,
14.228780914,79278527,,rFF44,100200255,100.00,,
14.228780914,1342424757,,instructions,100200495,100.00,3.57,insn per cycle
14.228780914,375750396,,cycles,100200605,100.00,,
14.328980728,1445,,rD044,100199294,100.00,,
14.328980728,79266797,,rFF44,100199444,100.00,,
14.328980728,1342551063,,instructions,100199304,100.00,3.57,insn per cycle
14.328980728,375746294,,cycles,100199494,100.00,,
14.429187883,1611,,rD044,100207105,100.00,,
14.429187883,79231368,,rFF44,100207415,100.00,,
14.429187883,1342012579,,instructions,100207755,100.00,3.57,insn per cycle
14.429187883,375776712,,cycles,100207605,100.00,,
14.529388468,1517,,rD044,100183444,100.00,,
14.529388468,79230945,,rFF44,100183574,100.00,,
14.529388468,1341916411,,instructions,100183694,100.00,3.57,insn per cycle
14.529388468,375660294,,cycles,100183704,100.00,,
14.629593622,1685,,rD044,100204805,100.00,,
14.629593622,79251877,,rFF44,100204285,100.00,,
14.629593622,1342170716,,instructions,100204095,100.00,3.57,insn per cycle
14.629593622,375764473,,cycles,100204325,100.00,,
14.729794407,1597,,rD044,100200174,100.00,,
14.729794407,79252378,,rFF44,100200384,100.00,,
14.729794407,1342330746,,instructions,100200324,100.00,3.57,insn per cycle
14.729794407,375748725,,cycles,100200164,100.00,,
14.829996922,1802,,rD044,100201035,100.00,,
14.829996922,79274220,,rFF44,100201515,100.00,,
14.829996922,1342712859,,instructions,100201695,100.00,3.57,insn per cycle
14.829996922,375754038,,cycles,100201555,100.00,,
14.930202917,1371,,rD044,100205485,100.00,,
14.930202917,79380186,,rFF44,100204735,100.00,,
14.930202917,1344130361,,instructions,100204515,100.00,3.58,insn per cycle
14.930202917,375764376,,cycles,100204325,100.00,,
15.030402271,1429,,rD044,100198465,100.00,,
15.030402271,79436036,,rFF44,100198735,100.00,,
15.030402271,1345381764,,instructions,100198795,100.00,3.58,insn per cycle
15.030402271,375744613,,cycles,100199035,100.00,,
15.130608846,1365,,rD044,100207174,100.00,,
15.130608846,79356605,,rFF44,100207344,100.00,,
15.130608846,1344148526,,instructions,100207294,100.00,3.58,insn per cycle
15.130608846,375775407,,cycles,100207294,100.00,,
15.230808791,1295,,rD044,100197875,100.00,,
15.230808791,79440023,,rFF44,100197835,100.00,,
15.230808791,1345448957,,instructions,100197865,100.00,3.58,insn per cycle
15.230808791,375739263,,cycles,100197625,100.00,,
15.331008785,1660,,rD044,100199555,100.00,,
15.331008785,79392880,,rFF44,100200335,100.00,,
15.331008785,1344499411,,instructions,100200565,100.00,3.58,insn per cycle
15.331008785,375751422,,cycles,100200855,100.00,,
15.431246400,1440,,rD044,100237835,100.00,,
15.431246400,79393806,,rFF44,100237635,100.00,,
15.431246400,1344708173,,instructions,100237555,100.00,3.58,insn per cycle
15.431246400,375888279,,cycles,100237365,100.00,,
15.531448815,1523,,rD044,100183775,100.00,,
15.531448815,79364871,,rFF44,100183505,100.00,,
15.531448815,1344200513,,instructions,100183415,100.00,3.58,insn per cycle
15.531448815,375659348,,cycles,100183415,100.00,,
15.631655330,1184,,rD044,100206424,100.00,,
15.631655330,79455396,,rFF44,100205904,100.00,,
15.631655330,1345526099,,instructions,100205604,100.00,3.58,insn per cycle
15.631655330,375769376,,cycles,100205654,100.00,,
15.731854524,1386,,rD044,100198405,100.00,,
15.731854524,79494808,,rFF44,100198325,100.00,,
15.731854524,1346407250,,instructions,100198575,100.00,3.58,insn per cycle
15.731854524,375742460,,cycles,100198475,100.00,,
15.832063769,1499,,rD044,100207185,100.00,,
15.832063769,79400240,,rFF44,100207435,100.00,,
15.832063769,1344917870,,instructions,100207705,100.00,3.58,insn per cycle
15.832063769,375777192,,cycles,100207735,100.00,,
15.932268134,1581,,rD044,100204005,100.00,,
15.932268134,79406488,,rFF44,100203875,100.00,,
15.932268134,1344876691,,instructions,100203665,100.00,3.58,insn per cycle
15.932268134,375762197,,cycles,100203715,100.00,,
16.032468908,1283,,rD044,100200314,100.00,,
16.032468908,79444679,,rFF44,100200384,100.00,,
16.032468908,1345241697,,instructions,100200284,100.00,3.58,insn per cycle
16.032468908,375750327,,cycles,100200594,100.00,,
16.132673093,1363,,rD044,100204405,100.00,,
16.132673093,79316585,,rFF44,100204375,100.00,,
16.132673093,1343402285,,instructions,100204495,100.00,3.58,insn per cycle
16.132673093,375764086,,cycles,100204245,100.00,,
16.232871688,1879,,rD044,100197705,100.00,,
16.232871688,79426092,,rFF44,100197635,100.00,,
16.232871688,1345253095,,instructions,100197775,100.00,3.58,insn per cycle
16.232871688,375740211,,cycles,100197865,100.00,,
16.333066612,1966,,rD044,100178825,100.00,,
16.333066612,79270026,,rFF44,100178865,100.00,,
16.333066612,1342526519,,instructions,100178685,100.00,3.57,insn per cycle
16.333066612,375641256,,cycles,100178825,100.00,,
16.433267527,2352,,rD044,100200594,100.00,,
16.433267527,79389298,,rFF44,100200604,100.00,,
16.433267527,1344566517,,instructions,100200674,100.00,3.58,insn per cycle
16.433267527,375749550,,cycles,100200364,100.00,,
16.533465372,1977,,rD044,100181975,100.00,,
16.533465372,79194865,,rFF44,100182445,100.00,,
16.533465372,1341338245,,instructions,100182155,100.00,3.57,insn per cycle
16.533465372,375654393,,cycles,100182365,100.00,,
16.633673196,1253,,rD044,100206985,100.00,,
16.633673196,79453076,,rFF44,100206825,100.00,,
16.633673196,1345719677,,instructions,100206665,100.00,3.58,insn per cycle
16.633673196,375774893,,cycles,100207125,100.00,,
16.733872901,1294,,rD044,100199125,100.00,,
16.733872901,79471983,,rFF44,100199375,100.00,,
16.733872901,1345624305,,instructions,100199715,100.00,3.58,insn per cycle
16.733872901,375745141,,cycles,100199185,100.00,,
16.834074306,1553,,rD044,100201324,100.00,,
16.834074306,79315980,,rFF44,100201194,100.00,,
16.834074306,1343435715,,instructions,100201084,100.00,3.58,insn per cycle
16.834074306,375750777,,cycles,100200684,100.00,,
16.934269620,1338,,rD044,100193445,100.00,,
16.934269620,79481264,,rFF44,100192975,100.00,,
16.934269620,1346145064,,instructions,100193045,100.00,3.58,insn per cycle
16.934269620,375723144,,cycles,100193305,100.00,,
17.034469875,1453,,rD044,100201095,100.00,,
17.034469875,79302972,,rFF44,100201685,100.00,,
17.034469875,1343147815,,instructions,100201485,100.00,3.57,insn per cycle
17.034469875,375753623,,cycles,100201475,100.00,,
17.134678489,1535,,rD044,100206645,100.00,,
17.134678489,79468305,,rFF44,100206525,100.00,,
17.134678489,1345934909,,instructions,100206805,100.00,3.58,insn per cycle
17.134678489,375774338,,cycles,100206975,100.00,,
17.234879594,1202,,rD044,100200864,100.00,,
17.234879594,79382851,,rFF44,100200784,100.00,,
17.234879594,1344479517,,instructions,100200844,100.00,3.58,insn per cycle
17.234879594,375751641,,cycles,100200914,100.00,,
17.335110299,1618,,rD044,100230035,100.00,,
17.335110299,79452942,,rFF44,100230465,100.00,,
17.335110299,1345676213,,instructions,100230395,100.00,3.58,insn per cycle
17.335110299,375861458,,cycles,100230215,100.00,,
17.435311664,1205,,rD044,100201585,100.00,,
17.435311664,79432224,,rFF44,100201615,100.00,,
17.435311664,1345054107,,instructions,100201585,100.00,3.58,insn per cycle
17.435311664,375754301,,cycles,100201615,100.00,,
17.535515789,1619,,rD044,100188895,100.00,,
17.535515789,79310127,,rFF44,100188985,100.00,,
17.535515789,1343238168,,instructions,100189065,100.00,3.58,insn per cycle
17.535515789,375681073,,cycles,100189165,100.00,,
17.635724853,1195,,rD044,100207805,100.00,,
17.635724853,79440233,,rFF44,100207485,100.00,,
17.635724853,1345435098,,instructions,100207145,100.00,3.58,insn per cycle
17.635724853,375775087,,cycles,100207165,100.00,,
17.735925938,1359,,rD044,100200824,100.00,,
17.735925938,79326217,,rFF44,100200374,100.00,,
17.735925938,1343659327,,instructions,100200914,100.00,3.58,insn per cycle
17.735925938,375751012,,cycles,100200764,100.00,,
17.836125283,1536,,rD044,100197915,100.00,,
17.836125283,79442932,,rFF44,100198605,100.00,,
17.836125283,1345508049,,instructions,100198235,100.00,3.58,insn per cycle
17.836125283,375741777,,cycles,100198285,100.00,,
17.936315737,1478,,rD044,100189785,100.00,,
17.936315737,79306874,,rFF44,100189805,100.00,,
17.936315737,1343109371,,instructions,100189865,100.00,3.57,insn per cycle
17.936315737,375710254,,cycles,100189865,100.00,,
18.036513242,1847,,rD044,100197455,100.00,,
18.036513242,79190307,,rFF44,100196965,100.00,,
18.036513242,1341306395,,instructions,100197155,100.00,3.57,insn per cycle
18.036513242,375738178,,cycles,100197335,100.00,,
18.136720936,3122,,rD044,100207514,100.00,,
18.136720936,79277209,,rFF44,100207074,100.00,,
18.136720936,1342541068,,instructions,100207084,100.00,3.57,insn per cycle
18.136720936,375766474,,cycles,100207114,100.00,,
18.236923211,1601,,rD044,100200545,100.00,,
18.236923211,79018910,,rFF44,100201375,100.00,,
18.236923211,1338363113,,instructions,100201425,100.00,3.56,insn per cycle
18.236923211,375753487,,cycles,100201385,100.00,,
18.337124516,1861,,rD044,100200735,100.00,,
18.337124516,79384078,,rFF44,100200715,100.00,,
18.337124516,1344475235,,instructions,100200195,100.00,3.58,insn per cycle
18.337124516,375748811,,cycles,100200175,100.00,,
18.437327200,1823,,rD044,100202275,100.00,,
18.437327200,79395694,,rFF44,100202615,100.00,,
18.437327200,1344808134,,instructions,100203085,100.00,3.58,insn per cycle
18.437327200,375758100,,cycles,100202645,100.00,,
18.537527995,1683,,rD044,100182403,100.00,,
18.537527995,79319974,,rFF44,100182083,100.00,,
18.537527995,1343455730,,instructions,100181873,100.00,3.58,insn per cycle
18.537527995,375655271,,cycles,100182333,100.00,,
18.637737710,2632,,rD044,100208695,100.00,,
18.637737710,79009836,,rFF44,100209045,100.00,,
18.637737710,1338076078,,instructions,100209215,100.00,3.56,insn per cycle
18.637737710,375778785,,cycles,100208985,100.00,,
18.737937515,1448,,rD044,100198955,100.00,,
18.737937515,79309885,,rFF44,100198405,100.00,,
18.737937515,1343358585,,instructions,100198295,100.00,3.58,insn per cycle
18.737937515,375741984,,cycles,100198355,100.00,,
18.838138549,1668,,rD044,100199815,100.00,,
18.838138549,79162719,,rFF44,100199415,100.00,,
18.838138549,1340487644,,instructions,100199365,100.00,3.57,insn per cycle
18.838138549,375745359,,cycles,100199245,100.00,,
18.938324904,1414,,rD044,100184804,100.00,,
18.938324904,79382644,,rFF44,100184994,100.00,,
18.938324904,1344468865,,instructions,100184844,100.00,3.58,insn per cycle
18.938324904,375692315,,cycles,100185114,100.00,,
19.038522518,1668,,rD044,100198525,100.00,,
19.038522518,79395167,,rFF44,100199175,100.00,,
19.038522518,1344732008,,instructions,100199365,100.00,3.58,insn per cycle
19.038522518,375745718,,cycles,100199335,100.00,,
19.138732043,1847,,rD044,100209505,100.00,,
19.138732043,79062955,,rFF44,100208645,100.00,,
19.138732043,1339164644,,instructions,100208525,100.00,3.56,insn per cycle
19.138732043,375779418,,cycles,100208325,100.00,,
19.238949108,1496,,rD044,100215765,100.00,,
19.238949108,79470292,,rFF44,100215895,100.00,,
19.238949108,1345968793,,instructions,100216265,100.00,3.58,insn per cycle
19.238949108,375810203,,cycles,100216565,100.00,,
19.339150463,2110,,rD044,100201054,100.00,,
19.339150463,79114310,,rFF44,100201375,100.00,,
19.339150463,1339924898,,instructions,100201365,100.00,3.57,insn per cycle
19.339150463,375751833,,cycles,100200945,100.00,,
19.439342297,1702,,rD044,100171595,100.00,,
19.439342297,79306989,,rFF44,100171504,100.00,,
19.439342297,1343213298,,instructions,100171324,100.00,3.58,insn per cycle
19.439342297,375613373,,cycles,100171234,100.00,,
19.539543312,1611,,rD044,100200455,100.00,,
19.539543312,79313931,,rFF44,100200995,100.00,,
19.539543312,1343066412,,instructions,100200805,100.00,3.57,insn per cycle
19.539543312,375751759,,cycles,100200975,100.00,,
19.639752876,1626,,rD044,100208705,100.00,,
19.639752876,79295503,,rFF44,100208245,100.00,,
19.639752876,1343038327,,instructions,100208395,100.00,3.57,insn per cycle
19.639752876,375779735,,cycles,100208395,100.00,,
19.739953751,1695,,rD044,100200394,100.00,,
19.739953751,79143863,,rFF44,100200355,100.00,,
19.739953751,1340476401,,instructions,100200335,100.00,3.57,insn per cycle
19.739953751,375749902,,cycles,100200465,100.00,,
19.840156636,1439,,rD044,100202175,100.00,,
19.840156636,79362603,,rFF44,100201714,100.00,,
19.840156636,1344198330,,instructions,100201674,100.00,3.58,insn per cycle
19.840156636,375753320,,cycles,100201394,100.00,,
19.940343150,1350,,rD044,100184805,100.00,,
19.940343150,79319545,,rFF44,100185355,100.00,,
19.940343150,1343443168,,instructions,100185485,100.00,3.58,insn per cycle
19.940343150,375695668,,cycles,100185965,100.00,,
20.040545605,1548,,rD044,100202405,100.00,,
20.040545605,79346709,,rFF44,100202435,100.00,,
20.040545605,1343786326,,instructions,100202265,100.00,3.58,insn per cycle
20.040545605,375755508,,cycles,100201955,100.00,,
20.140756010,2112,,rD044,100209814,100.00,,
20.140756010,79209627,,rFF44,100209425,100.00,,
20.140756010,1341626200,,instructions,100209685,100.00,3.57,insn per cycle
20.140756010,375785641,,cycles,100210015,100.00,,
20.240956124,2108,,rD044,100200055,100.00,,
20.240956124,79384564,,rFF44,100199804,100.00,,
20.240956124,1344321796,,instructions,100199494,100.00,3.58,insn per cycle
20.240956124,375746597,,cycles,100199554,100.00,,
20.341159929,1975,,rD044,100190575,100.00,,
20.341159929,78995131,,rFF44,100190605,100.00,,
20.341159929,1337903490,,instructions,100190555,100.00,3.56,insn per cycle
20.341159929,375685889,,cycles,100190585,100.00,,
20.441361204,2255,,rD044,100199855,100.00,,
20.441361204,79351106,,rFF44,100199435,100.00,,
20.441361204,1343993915,,instructions,100199535,100.00,3.58,insn per cycle
20.441361204,375744960,,cycles,100199135,100.00,,
20.541557428,2057,,rD044,100178654,100.00,,
20.541557428,79193380,,rFF44,100179325,100.00,,
20.541557428,1341330940,,instructions,100179145,100.00,3.57,insn per cycle
20.541557428,375639811,,cycles,100178895,100.00,,
20.641767083,1939,,rD044,100208775,100.00,,
20.641767083,79225848,,rFF44,100208424,100.00,,
20.641767083,1341801864,,instructions,100208444,100.00,3.57,insn per cycle
20.641767083,375782761,,cycles,100209234,100.00,,
20.741970258,1710,,rD044,100202295,100.00,,
20.741970258,79307342,,rFF44,100202745,100.00,,
20.741970258,1343191251,,instructions,100203035,100.00,3.57,insn per cycle
20.741970258,375757516,,cycles,100202515,100.00,,
20.842181713,1367,,rD044,100210995,100.00,,
20.842181713,79117248,,rFF44,100210825,100.00,,
20.842181713,1340050032,,instructions,100210675,100.00,3.57,insn per cycle
20.842181713,375788718,,cycles,100210785,100.00,,
20.942374377,1589,,rD044,100190955,100.00,,
20.942374377,79457074,,rFF44,100191325,100.00,,
20.942374377,1345430148,,instructions,100191315,100.00,3.58,insn per cycle
20.942374377,375715358,,cycles,100191245,100.00,,
21.042580812,1375,,rD044,100206664,100.00,,
21.042580812,79374201,,rFF44,100205934,100.00,,
21.042580812,1344344316,,instructions,100206134,100.00,3.58,insn per cycle
21.042580812,375770974,,cycles,100206084,100.00,,
21.142825717,1798,,rD044,100244355,100.00,,
21.142825717,79388371,,rFF44,100245155,100.00,,
21.142825717,1344662762,,instructions,100244765,100.00,3.58,insn per cycle
21.142825717,375915932,,cycles,100244725,100.00,,
21.243025412,1537,,rD044,100199675,100.00,,
21.243025412,79182009,,rFF44,100199285,100.00,,
21.243025412,1341117693,,instructions,100199585,100.00,3.57,insn per cycle
21.243025412,375746443,,cycles,100199525,100.00,,
21.343232336,1635,,rD044,100206125,100.00,,
21.343232336,79438413,,rFF44,100206225,100.00,,
21.343232336,1345461645,,instructions,100206285,100.00,3.58,insn per cycle
21.343232336,375758512,,cycles,100206405,100.00,,
21.443433781,1780,,rD044,100200435,100.00,,
21.443433781,79102787,,rFF44,100200795,100.00,,
21.443433781,1339694174,,instructions,100200695,100.00,3.57,insn per cycle
21.443433781,375751532,,cycles,100200895,100.00,,
21.543635816,1488,,rD044,100183934,100.00,,
21.543635816,79360046,,rFF44,100183884,100.00,,
21.543635816,1344120719,,instructions,100183954,100.00,3.58,insn per cycle
21.543635816,375662200,,cycles,100183924,100.00,,
21.643843630,1459,,rD044,100206895,100.00,,
21.643843630,79432297,,rFF44,100206715,100.00,,
21.643843630,1345065716,,instructions,100206535,100.00,3.58,insn per cycle
21.643843630,375772045,,cycles,100206365,100.00,,
21.744044485,1636,,rD044,100207885,100.00,,
21.744044485,79307781,,rFF44,100207605,100.00,,
21.744044485,1343186110,,instructions,100207585,100.00,3.57,insn per cycle
21.744044485,375776045,,cycles,100207425,100.00,,
21.844250100,1357,,rD044,100197735,100.00,,
21.844250100,79252729,,rFF44,100197555,100.00,,
21.844250100,1342312979,,instructions,100197775,100.00,3.57,insn per cycle
21.844250100,375739815,,cycles,100197775,100.00,,
21.944444954,1781,,rD044,100193094,100.00,,
21.944444954,79370397,,rFF44,100193194,100.00,,
21.944444954,1344375977,,instructions,100193054,100.00,3.58,insn per cycle
21.944444954,375721595,,cycles,100192904,100.00,,
22.044644159,1771,,rD044,100199065,100.00,,
22.044644159,79234389,,rFF44,100199295,100.00,,
22.044644159,1341959028,,instructions,100199415,100.00,3.57,insn per cycle
22.044644159,375746784,,cycles,100199625,100.00,,
22.144851054,1616,,rD044,100206405,100.00,,
22.144851054,79361671,,rFF44,100206495,100.00,,
22.144851054,1344058822,,instructions,100206865,100.00,3.58,insn per cycle
22.144851054,375774678,,cycles,100207075,100.00,,
22.245061878,1416,,rD044,100209535,100.00,,
22.245061878,79355153,,rFF44,100209235,100.00,,
22.245061878,1344097508,,instructions,100208955,100.00,3.58,insn per cycle
22.245061878,375782247,,cycles,100209065,100.00,,
22.345260853,1689,,rD044,100199704,100.00,,
22.345260853,79275226,,rFF44,100200084,100.00,,
22.345260853,1342395219,,instructions,100200264,100.00,3.57,insn per cycle
22.345260853,375747712,,cycles,100199894,100.00,,
22.445452628,1604,,rD044,100172555,100.00,,
22.445452628,79260200,,rFF44,100172155,100.00,,
22.445452628,1342381687,,instructions,100171635,100.00,3.57,insn per cycle
22.445452628,375616058,,cycles,100171735,100.00,,
22.545649172,1796,,rD044,100195325,100.00,,
22.545649172,79242462,,rFF44,100195395,100.00,,
22.545649172,1342168054,,instructions,100195435,100.00,3.57,insn per cycle
22.545649172,375730467,,cycles,100195255,100.00,,
22.645854067,1247,,rD044,100204815,100.00,,
22.645854067,79385366,,rFF44,100204405,100.00,,
22.645854067,1344579957,,instructions,100204505,100.00,3.58,insn per cycle
22.645854067,375766324,,cycles,100204835,100.00,,
22.746062322,1654,,rD044,100207444,100.00,,
22.746062322,79403656,,rFF44,100208304,100.00,,
22.746062322,1344840926,,instructions,100208514,100.00,3.58,insn per cycle
22.746062322,375779102,,cycles,100208244,100.00,,
22.846263766,1310,,rD044,100201625,100.00,,
22.846263766,79414914,,rFF44,100201675,100.00,,
22.846263766,1344918774,,instructions,100201795,100.00,3.58,insn per cycle
22.846263766,375754709,,cycles,100201765,100.00,,
22.946464301,1280,,rD044,100198605,100.00,,
22.946464301,79409996,,rFF44,100198445,100.00,,
22.946464301,1344965173,,instructions,100198125,100.00,3.58,insn per cycle
22.946464301,375741068,,cycles,100198105,100.00,,
23.046682986,1432,,rD044,100218975,100.00,,
23.046682986,79441912,,rFF44,100218785,100.00,,
23.046682986,1345289020,,instructions,100218745,100.00,3.58,insn per cycle
23.046682986,375818321,,cycles,100218705,100.00,,
23.146890181,1342,,rD044,100206095,100.00,,
23.146890181,79339547,,rFF44,100206495,100.00,,
23.146890181,1343734105,,instructions,100206595,100.00,3.58,insn per cycle
23.146890181,375774087,,cycles,100206905,100.00,,
23.247091025,1477,,rD044,100200034,100.00,,
23.247091025,79440803,,rFF44,100199614,100.00,,
23.247091025,1345467958,,instructions,100199694,100.00,3.58,insn per cycle
23.247091025,375747012,,cycles,100199674,100.00,,
23.347291550,1698,,rD044,100200405,100.00,,
23.347291550,79442876,,rFF44,100200755,100.00,,
23.347291550,1345622674,,instructions,100200705,100.00,3.58,insn per cycle
23.347291550,375750796,,cycles,100200715,100.00,,
23.447491265,1649,,rD044,100198555,100.00,,
23.447491265,79432321,,rFF44,100198365,100.00,,
23.447491265,1345313266,,instructions,100198225,100.00,3.58,insn per cycle
23.447491265,375742121,,cycles,100198385,100.00,,
23.547690959,1310,,rD044,100183345,100.00,,
23.547690959,79347060,,rFF44,100183015,100.00,,
23.547690959,1343631234,,instructions,100183125,100.00,3.58,insn per cycle
23.547690959,375658843,,cycles,100183125,100.00,,
23.647897114,2256,,rD044,100205314,100.00,,
23.647897114,79292287,,rFF44,100205364,100.00,,
23.647897114,1343031581,,instructions,100205664,100.00,3.57,insn per cycle
23.647897114,375766235,,cycles,100205644,100.00,,
23.748098928,1361,,rD044,100201415,100.00,,
23.748098928,79441981,,rFF44,100201565,100.00,,
23.748098928,1345394556,,instructions,100201005,100.00,3.58,insn per cycle
23.748098928,375751550,,cycles,100200895,100.00,,
23.848298833,1514,,rD044,100199375,100.00,,
23.848298833,79381557,,rFF44,100199445,100.00,,
23.848298833,1344444304,,instructions,100199685,100.00,3.58,insn per cycle
23.848298833,375746764,,cycles,100199625,100.00,,
23.948496448,1231,,rD044,100196415,100.00,,
23.948496448,79474525,,rFF44,100196015,100.00,,
23.948496448,1346026392,,instructions,100196395,100.00,3.58,insn per cycle
23.948496448,375735286,,cycles,100196555,100.00,,
24.048695142,1628,,rD044,100198104,100.00,,
24.048695142,79377898,,rFF44,100198134,100.00,,
24.048695142,1344482931,,instructions,100197594,100.00,3.58,insn per cycle
24.048695142,375739472,,cycles,100197684,100.00,,
24.148899327,1686,,rD044,100203425,100.00,,
24.148899327,79388048,,rFF44,100203255,100.00,,
24.148899327,1344578467,,instructions,100203505,100.00,3.58,insn per cycle
24.148899327,375760137,,cycles,100203185,100.00,,
24.249098072,2411,,rD044,100198475,100.00,,
24.249098072,79349992,,rFF44,100199815,100.00,,
24.249098072,1343628090,,instructions,100199685,100.00,3.58,insn per cycle
24.249098072,375748331,,cycles,100200035,100.00,,
24.349301196,1952,,rD044,100190295,100.00,,
24.349301196,79327841,,rFF44,100189695,100.00,,
24.349301196,1343574930,,instructions,100190925,100.00,3.58,insn per cycle
24.349301196,375686753,,cycles,100190655,100.00,,
24.449505701,2114,,rD044,100203354,100.00,,
24.449505701,79409084,,rFF44,100202904,100.00,,
24.449505701,1344910493,,instructions,100201784,100.00,3.58,insn per cycle
24.449505701,375755440,,cycles,100201784,100.00,,
24.549705446,2332,,rD044,100183325,100.00,,
24.549705446,79127088,,rFF44,100182965,100.00,,
24.549705446,1340139396,,instructions,100182795,100.00,3.57,insn per cycle
24.549705446,375656091,,cycles,100182685,100.00,,
24.649908990,1601,,rD044,100202915,100.00,,
24.649908990,79524094,,rFF44,100203615,100.00,,
24.649908990,1346884690,,instructions,100203755,100.00,3.58,insn per cycle
24.649908990,375762140,,cycles,100203725,100.00,,
24.750108825,1326,,rD044,100199125,100.00,,
24.750108825,79413911,,rFF44,100199185,100.00,,
24.750108825,1345026723,,instructions,100199105,100.00,3.58,insn per cycle
24.750108825,375745856,,cycles,100199365,100.00,,
24.850309020,1608,,rD044,100200634,100.00,,
24.850309020,79432598,,rFF44,100200564,100.00,,
24.850309020,1345347296,,instructions,100200724,100.00,3.58,insn per cycle
24.850309020,375751416,,cycles,100200854,100.00,,
24.950526005,1334,,rD044,100215425,100.00,,
24.950526005,79447608,,rFF44,100215655,100.00,,
24.950526005,1345290418,,instructions,100215645,100.00,3.58,insn per cycle
24.950526005,375806657,,cycles,100215615,100.00,,
25.050726279,1575,,rD044,100199275,100.00,,
25.050726279,79445579,,rFF44,100198925,100.00,,
25.050726279,1345536128,,instructions,100199055,100.00,3.58,insn per cycle
25.050726279,375742665,,cycles,100198525,100.00,,
25.150926674,1593,,rD044,100199995,100.00,,
25.150926674,79440524,,rFF44,100199375,100.00,,
25.150926674,1345585058,,instructions,100199105,100.00,3.58,insn per cycle
25.150926674,375745203,,cycles,100199205,100.00,,
25.251125809,1303,,rD044,100198034,100.00,,
25.251125809,79367745,,rFF44,100198374,100.00,,
25.251125809,1344233596,,instructions,100198364,100.00,3.58,insn per cycle
25.251125809,375742599,,cycles,100198504,100.00,,
25.351326593,1516,,rD044,100200085,100.00,,
25.351326593,79467664,,rFF44,100200745,100.00,,
25.351326593,1345893680,,instructions,100200775,100.00,3.58,insn per cycle
25.351326593,375750880,,cycles,100200725,100.00,,
25.451517418,1468,,rD044,100171275,100.00,,
25.451517418,79336884,,rFF44,100170815,100.00,,
25.451517418,1343633477,,instructions,100170985,100.00,3.58,insn per cycle
25.451517418,375611161,,cycles,100170975,100.00,,
25.551716502,1608,,rD044,100198715,100.00,,
25.551716502,79404973,,rFF44,100198905,100.00,,
25.551716502,1344886842,,instructions,100198865,100.00,3.58,insn per cycle
25.551716502,375744752,,cycles,100199105,100.00,,
25.651920307,1318,,rD044,100203664,100.00,,
25.651920307,79477759,,rFF44,100203634,100.00,,
25.651920307,1345906738,,instructions,100203214,100.00,3.58,insn per cycle
25.651920307,375759491,,cycles,100203014,100.00,,
25.752119972,1108,,rD044,100198395,100.00,,
25.752119972,79466606,,rFF44,100198565,100.00,,
25.752119972,1345895854,,instructions,100198865,100.00,3.58,insn per cycle
25.752119972,375744598,,cycles,100199035,100.00,,
25.852321206,1594,,rD044,100199895,100.00,,
25.852321206,79413784,,rFF44,100200295,100.00,,
25.852321206,1345122616,,instructions,100200315,100.00,3.58,insn per cycle
25.852321206,375748572,,cycles,100200115,100.00,,
25.952521621,1099,,rD044,100201135,100.00,,
25.952521621,79368196,,rFF44,100200625,100.00,,
25.952521621,1344212958,,instructions,100200585,100.00,3.58,insn per cycle
25.952521621,375751423,,cycles,100200865,100.00,,
26.052722536,1303,,rD044,100199794,100.00,,
26.052722536,79480333,,rFF44,100200034,100.00,,
26.052722536,1346126228,,instructions,100200194,100.00,3.58,insn per cycle
26.052722536,375748309,,cycles,100200024,100.00,,
26.152922700,1481,,rD044,100199335,100.00,,
26.152922700,79387381,,rFF44,100199435,100.00,,
26.152922700,1344313153,,instructions,100199375,100.00,3.58,insn per cycle
26.152922700,375746556,,cycles,100199575,100.00,,
26.253123685,1173,,rD044,100200415,100.00,,
26.253123685,79446773,,rFF44,100199975,100.00,,
26.253123685,1345604767,,instructions,100199925,100.00,3.58,insn per cycle
26.253123685,375747755,,cycles,100199885,100.00,,
26.353322009,1795,,rD044,100197655,100.00,,
26.353322009,79382850,,rFF44,100198075,100.00,,
26.353322009,1344444420,,instructions,100198145,100.00,3.58,insn per cycle
26.353322009,375741663,,cycles,100198265,100.00,,
26.453523484,1329,,rD044,100201294,100.00,,
26.453523484,79501551,,rFF44,100200634,100.00,,
26.453523484,1346493666,,instructions,100200444,100.00,3.58,insn per cycle
26.453523484,375749753,,cycles,100200414,100.00,,
26.553722519,1676,,rD044,100184315,100.00,,
26.553722519,79339028,,rFF44,100184455,100.00,,
26.553722519,1343859923,,instructions,100184725,100.00,3.58,insn per cycle
26.553722519,375665490,,cycles,100184855,100.00,,
26.653921923,1995,,rD044,100199445,100.00,,
26.653921923,79056215,,rFF44,100198955,100.00,,
26.653921923,1339021609,,instructions,100198665,100.00,3.56,insn per cycle
26.653921923,375743173,,cycles,100198665,100.00,,
26.754122468,1256,,rD044,100199075,100.00,,
26.754122468,79460790,,rFF44,100200065,100.00,,
26.754122468,1345791977,,instructions,100200275,100.00,3.58,insn per cycle
26.754122468,375747106,,cycles,100199715,100.00,,
26.854351763,2113,,rD044,100228634,100.00,,
26.854351763,79305351,,rFF44,100228525,100.00,,
26.854351763,1342896059,,instructions,100228445,100.00,3.57,insn per cycle
26.854351763,375852833,,cycles,100228655,100.00,,
26.954553218,1627,,rD044,100200745,100.00,,
26.954553218,79140546,,rFF44,100200984,100.00,,
26.954553218,1340452711,,instructions,100200934,100.00,3.57,insn per cycle
26.954553218,375752341,,cycles,100201084,100.00,,
27.054754632,1792,,rD044,100201135,100.00,,
27.054754632,79371646,,rFF44,100201295,100.00,,
27.054754632,1344275749,,instructions,100201415,100.00,3.58,insn per cycle
27.054754632,375751975,,cycles,100201005,100.00,,
27.104324039,1839,,rD044,42882129,100.00,,
27.104324039,27267959,,rFF44,42876459,100.00,,
27.104324039,481154736,,instructions,42874219,100.00,2.99,insn per cycle
27.104324039,160676708,,cycles,42872269,100.00,,
