0.100124999,4658090,,rD044,92651632,100.00,,
0.100124999,20484756,,rFF44,92656812,100.00,,
0.100124999,444138496,,instructions,92661182,100.00,1.29,insn per cycle
0.100124999,343599760,,cycles,92665932,100.00,,
0.200385309,5490340,,rD044,100158474,100.00,,
0.200385309,23968794,,rFF44,100159304,100.00,,
0.200385309,504665127,,instructions,100159764,100.00,1.34,insn per cycle
0.200385309,375530554,,cycles,100160404,100.00,,
0.300596709,5462608,,rD044,100147475,100.00,,
0.300596709,23906317,,rFF44,100148305,100.00,,
0.300596709,503779478,,instructions,100148335,100.00,1.34,insn per cycle
0.300596709,375497855,,cycles,100148085,100.00,,
0.400810659,6749179,,rD044,100148525,100.00,,
0.400810659,29284080,,rFF44,100147845,100.00,,
0.400810659,80052076,,instructions,100148125,100.00,0.21,insn per cycle
0.400810659,375499872,,cycles,100148435,100.00,,
0.501024599,6928406,,rD044,100153835,100.00,,
0.501024599,30250010,,rFF44,100153755,100.00,,
0.501024599,37728764,,instructions,100153265,100.00,0.10,insn per cycle
0.501024599,375513616,,cycles,100152165,100.00,,
0.601232028,5354788,,rD044,940687923,100.00,,
0.601232028,91504322,,rFF44,942842580,100.00,,
0.601232028,12121886821,,instructions,944494070,100.00,3.42,insn per cycle
0.601232028,3544645080,,cycles,945568640,100.00,,
0.701840213,5008775,,rD044,1609236040,100.00,,
0.701840213,136645875,,rFF44,1608286756,100.00,,
0.701840213,21229777574,,instructions,1607604986,100.00,3.52,insn per cycle
0.701840213,6027278980,,cycles,1607309126,100.00,,
0.802292545,4174750,,rD044,1607737944,100.00,,
0.802292545,138619590,,rFF44,1607807626,100.00,,
0.802292545,21457847113,,instructions,1607756796,100.00,3.56,insn per cycle
0.802292545,6029043071,,cycles,1607771061,100.00,,
0.902787748,4081358,,rD044,1607055592,100.00,,
0.902787748,137001333,,rFF44,1606897225,100.00,,
0.902787748,21248201586,,instructions,1606884005,100.00,3.53,insn per cycle
0.902787748,6025670475,,cycles,1606874720,100.00,,
1.003225701,4028082,,rD044,1607100755,100.00,,
1.003225701,137619655,,rFF44,1607303196,100.00,,
1.003225701,21332095655,,instructions,1607310066,100.00,3.54,insn per cycle
1.003225701,6027120788,,cycles,1607260416,100.00,,
1.103685903,4758641,,rD044,1607171043,100.00,,
1.103685903,137898347,,rFF44,1606939045,100.00,,
1.103685903,21376086079,,instructions,1606857985,100.00,3.55,insn per cycle
1.103685903,6025670508,,cycles,1606872885,100.00,,
1.204118146,4038667,,rD044,1607434277,100.00,,
1.204118146,138453675,,rFF44,1608179694,100.00,,
1.204118146,21442775822,,instructions,1608459055,100.00,3.56,insn per cycle
1.204118146,6031592707,,cycles,1608474110,100.00,,
1.304666059,4546257,,rD044,1608264674,100.00,,
1.304666059,136874173,,rFF44,1607872906,100.00,,
1.304666059,21245416002,,instructions,1607704106,100.00,3.52,insn per cycle
1.304666059,6029055014,,cycles,1607772026,100.00,,
1.405155052,4005732,,rD044,1607592245,100.00,,
1.405155052,137202140,,rFF44,1607387515,100.00,,
1.405155052,21276872602,,instructions,1607597537,100.00,3.53,insn per cycle
1.405155052,6030018416,,cycles,1608034865,100.00,,
1.505662665,4820434,,rD044,1607868616,100.00,,
1.505662665,136285275,,rFF44,1607848394,100.00,,
1.505662665,21187248904,,instructions,1607757249,100.00,3.51,insn per cycle
1.505662665,6029677330,,cycles,1607943076,100.00,,
1.606171989,3928726,,rD044,1608189432,100.00,,
1.606171989,138300374,,rFF44,1608318544,100.00,,
1.606171989,21420500940,,instructions,1608266546,100.00,3.55,insn per cycle
1.606171989,6028716101,,cycles,1607691616,100.00,,
1.706650011,4604775,,rD044,1607117503,100.00,,
1.706650011,138464963,,rFF44,1606800415,100.00,,
1.706650011,21430406626,,instructions,1606592655,100.00,3.56,insn per cycle
1.706650011,6024338393,,cycles,1606525675,100.00,,
1.807076884,4386698,,rD044,1606676112,100.00,,
1.807076884,138933132,,rFF44,1606733481,100.00,,
1.807076884,21486257028,,instructions,1607053106,100.00,3.57,insn per cycle
1.807076884,6026846900,,cycles,1607185626,100.00,,
1.907547586,4652559,,rD044,1607364505,100.00,,
1.907547586,137857130,,rFF44,1607262298,100.00,,
1.907547586,21362111962,,instructions,1606986135,100.00,3.55,insn per cycle
1.907547586,6025423643,,cycles,1606813345,100.00,,
2.008018779,4222564,,rD044,1608093326,100.00,,
2.008018779,137971961,,rFF44,1608665577,100.00,,
2.008018779,21392930735,,instructions,1609062638,100.00,3.54,insn per cycle
2.008018779,6037081814,,cycles,1609911261,100.00,,
2.108602243,4184123,,rD044,1608490289,100.00,,
2.108602243,138807214,,rFF44,1608284959,100.00,,
2.108602243,21477893985,,instructions,1608572747,100.00,3.56,insn per cycle
2.108602243,6030819671,,cycles,1608300704,100.00,,
2.209128137,4631635,,rD044,1608267156,100.00,,
2.209128137,137795770,,rFF44,1608077077,100.00,,
2.209128137,21351765394,,instructions,1607455086,100.00,3.54,insn per cycle
2.209128137,6026702351,,cycles,1607157496,100.00,,
2.309602389,4772089,,rD044,1607549150,100.00,,
2.309602389,136520403,,rFF44,1607420474,100.00,,
2.309602389,21203738836,,instructions,1607318604,100.00,3.52,insn per cycle
2.309602389,6026631692,,cycles,1607182114,100.00,,
2.410051912,4103141,,rD044,1607236606,100.00,,
2.410051912,137338531,,rFF44,1607441745,100.00,,
2.410051912,21313982260,,instructions,1607588745,100.00,3.54,insn per cycle
2.410051912,6028163910,,cycles,1607535485,100.00,,
2.510562805,4406785,,rD044,1607621770,100.00,,
2.510562805,136467828,,rFF44,1607354175,100.00,,
2.510562805,21211877198,,instructions,1607326095,100.00,3.52,insn per cycle
2.510562805,6027638415,,cycles,1607418390,100.00,,
2.611003587,4397218,,rD044,1607300364,100.00,,
2.611003587,139016767,,rFF44,1607739246,100.00,,
2.611003587,21510705691,,instructions,1607617836,100.00,3.57,insn per cycle
2.611003587,6028344434,,cycles,1607565681,100.00,,
2.711477360,4120363,,rD044,1607691640,100.00,,
2.711477360,137474358,,rFF44,1607456706,100.00,,
2.711477360,21311347924,,instructions,1607509596,100.00,3.54,insn per cycle
2.711477360,6028325849,,cycles,1607561430,100.00,,
2.811952453,4043628,,rD044,1607318476,100.00,,
2.811952453,137386247,,rFF44,1607502976,100.00,,
2.811952453,21305566597,,instructions,1607543576,100.00,3.53,insn per cycle
2.811952453,6027912331,,cycles,1607452748,100.00,,
2.912420506,3970903,,rD044,1607575968,100.00,,
2.912420506,136986528,,rFF44,1607656326,100.00,,
2.912420506,21277937434,,instructions,1607815684,100.00,3.53,insn per cycle
2.912420506,6029825361,,cycles,1607960316,100.00,,
3.012923439,4332522,,rD044,1607788856,100.00,,
3.012923439,137556253,,rFF44,1607595306,100.00,,
3.012923439,21337416415,,instructions,1607399208,100.00,3.54,insn per cycle
3.012923439,6026953386,,cycles,1607196256,100.00,,
3.113382961,4088491,,rD044,1607552046,100.00,,
3.113382961,137442383,,rFF44,1607601726,100.00,,
3.113382961,21319986765,,instructions,1608167652,100.00,3.53,insn per cycle
3.113382961,6032279788,,cycles,1608614916,100.00,,
3.213912795,4639396,,rD044,1608203826,100.00,,
3.213912795,137823866,,rFF44,1608051127,100.00,,
3.213912795,21363153510,,instructions,1607517546,100.00,3.54,insn per cycle
3.213912795,6026302150,,cycles,1607022146,100.00,,
3.314344577,4510506,,rD044,1607054576,100.00,,
3.314344577,137291192,,rFF44,1606800646,100.00,,
3.314344577,21307495332,,instructions,1606677466,100.00,3.54,insn per cycle
3.314344577,6024830862,,cycles,1606638336,100.00,,
3.414758509,3761952,,rD044,1606450226,100.00,,
3.414758509,138557318,,rFF44,1606477255,100.00,,
3.414758509,21454502952,,instructions,1606454360,100.00,3.56,insn per cycle
3.414758509,6024315280,,cycles,1606490885,100.00,,
3.515170601,4037652,,rD044,1607053936,100.00,,
3.515170601,136786353,,rFF44,1607529076,100.00,,
3.515170601,21242197001,,instructions,1608509372,100.00,3.52,insn per cycle
3.515170601,6032146923,,cycles,1608581847,100.00,,
3.615686645,4240517,,rD044,1607779896,100.00,,
3.615686645,137489611,,rFF44,1607432586,100.00,,
3.615686645,21312395074,,instructions,1606461135,100.00,3.54,insn per cycle
3.615686645,6023726548,,cycles,1606334756,100.00,,
3.716096627,4292097,,rD044,1606595026,100.00,,
3.716096627,138082756,,rFF44,1606630056,100.00,,
3.716096627,21389599147,,instructions,1606944801,100.00,3.55,insn per cycle
3.716096627,6027158107,,cycles,1607249366,100.00,,
3.816604280,4317859,,rD044,1608151616,100.00,,
3.816604280,137828997,,rFF44,1607992096,100.00,,
3.816604280,21374282863,,instructions,1607688460,100.00,3.55,insn per cycle
3.816604280,6027660544,,cycles,1607384306,100.00,,
3.917014452,4754701,,rD044,1606740776,100.00,,
3.917014452,135492591,,rFF44,1606849686,100.00,,
3.917014452,21084600163,,instructions,1606909132,100.00,3.50,insn per cycle
3.917014452,6026077792,,cycles,1606961392,100.00,,
4.017451394,4471723,,rD044,1606976335,100.00,,
4.017451394,138654876,,rFF44,1606970306,100.00,,
4.017451394,21467889948,,instructions,1606941346,100.00,3.56,insn per cycle
4.017451394,6025897998,,cycles,1606914816,100.00,,
4.117882397,3768398,,rD044,1606543554,100.00,,
4.117882397,137134608,,rFF44,1606372826,100.00,,
4.117882397,21276599804,,instructions,1606827796,100.00,3.53,insn per cycle
4.117882397,6026959747,,cycles,1607196664,100.00,,
4.218333829,3951888,,rD044,1607336387,100.00,,
4.218333829,139302775,,rFF44,1607393676,100.00,,
4.218333829,21524477061,,instructions,1606903016,100.00,3.57,insn per cycle
4.218333829,6024406855,,cycles,1606520726,100.00,,
4.318740181,4168688,,rD044,1606357782,100.00,,
4.318740181,138705190,,rFF44,1606308620,100.00,,
4.318740181,21471087741,,instructions,1606320846,100.00,3.56,insn per cycle
4.318740181,6023726046,,cycles,1606341666,100.00,,
4.419138153,4580580,,rD044,1606548376,100.00,,
4.419138153,137098186,,rFF44,1606629426,100.00,,
4.419138153,21290875975,,instructions,1606673433,100.00,3.53,insn per cycle
4.419138153,6025654077,,cycles,1606848636,100.00,,
4.519592816,4615897,,rD044,1607218676,100.00,,
4.519592816,138853901,,rFF44,1607337776,100.00,,
4.519592816,21499290323,,instructions,1607545001,100.00,3.57,insn per cycle
4.519592816,6029884824,,cycles,1607973276,100.00,,
4.620076798,4025643,,rD044,1608038766,100.00,,
4.620076798,136946989,,rFF44,1608302182,100.00,,
4.620076798,21264643340,,instructions,1608521234,100.00,3.53,insn per cycle
4.620076798,6030838373,,cycles,1608234966,100.00,,
4.720588152,4148936,,rD044,1608091156,100.00,,
4.720588152,139364548,,rFF44,1608044206,100.00,,
4.720588152,21556932088,,instructions,1607981526,100.00,3.57,insn per cycle
4.720588152,6030408584,,cycles,1608115158,100.00,,
4.821098685,4498951,,rD044,1608166495,100.00,,
4.821098685,138373666,,rFF44,1607915776,100.00,,
4.821098685,21434824453,,instructions,1607478376,100.00,3.56,insn per cycle
4.821098685,6026408617,,cycles,1607051874,100.00,,
4.921543937,4566382,,rD044,1606866160,100.00,,
4.921543937,138510876,,rFF44,1606731316,100.00,,
4.921543937,21454090503,,instructions,1606715286,100.00,3.56,insn per cycle
4.921543937,6025055587,,cycles,1606707626,100.00,,
5.021955059,4270046,,rD044,1606512793,100.00,,
5.021955059,138084005,,rFF44,1606852018,100.00,,
5.021955059,21408130152,,instructions,1607073996,100.00,3.55,insn per cycle
5.021955059,6026714559,,cycles,1607132036,100.00,,
5.122399442,4183762,,rD044,1607110756,100.00,,
5.122399442,136059877,,rFF44,1606873449,100.00,,
5.122399442,21161538115,,instructions,1606835716,100.00,3.51,insn per cycle
5.122399442,6026027757,,cycles,1606948386,100.00,,
5.222837884,4232086,,rD044,1606940196,100.00,,
5.222837884,136315287,,rFF44,1606937175,100.00,,
5.222837884,21179559333,,instructions,1606859321,100.00,3.52,insn per cycle
5.222837884,6025210335,,cycles,1606738316,100.00,,
5.323256846,4762536,,rD044,1606983866,100.00,,
5.323256846,139405385,,rFF44,1607275756,100.00,,
5.323256846,21570711049,,instructions,1607273944,100.00,3.58,insn per cycle
5.323256846,6027402867,,cycles,1607314836,100.00,,
5.423715089,4703718,,rD044,1607079506,100.00,,
5.423715089,137335224,,rFF44,1606824766,100.00,,
5.423715089,21319923403,,instructions,1606837667,100.00,3.54,insn per cycle
5.423715089,6025927915,,cycles,1606922096,100.00,,
5.524155861,4689364,,rD044,1607250416,100.00,,
5.524155861,136960701,,rFF44,1607228436,100.00,,
5.524155861,21270195466,,instructions,1607228886,100.00,3.53,insn per cycle
5.524155861,6027730572,,cycles,1607407615,100.00,,
5.624622544,4655643,,rD044,1607565506,100.00,,
5.624622544,136734058,,rFF44,1607778196,100.00,,
5.624622544,21240435777,,instructions,1607687680,100.00,3.52,insn per cycle
5.624622544,6027406306,,cycles,1607317067,100.00,,
5.725088967,4467296,,rD044,1607142816,100.00,,
5.725088967,138008821,,rFF44,1607062326,100.00,,
5.725088967,21394002574,,instructions,1607084022,100.00,3.55,insn per cycle
5.725088967,6027078071,,cycles,1607227805,100.00,,
5.825552329,4672420,,rD044,1607358616,100.00,,
5.825552329,139485291,,rFF44,1607221766,100.00,,
5.825552329,21577691368,,instructions,1607230506,100.00,3.58,insn per cycle
5.825552329,6026471800,,cycles,1607068173,100.00,,
5.925966982,4601396,,rD044,1607064485,100.00,,
5.925966982,137010612,,rFF44,1607138536,100.00,,
5.925966982,21258957999,,instructions,1607086376,100.00,3.53,insn per cycle
5.925966982,6026509486,,cycles,1607081200,100.00,,
6.026407804,4605070,,rD044,1606669829,100.00,,
6.026407804,135672140,,rFF44,1607070186,100.00,,
6.026407804,21101135751,,instructions,1607599316,100.00,3.50,insn per cycle
6.026407804,6028656121,,cycles,1607654433,100.00,,
6.126889557,4727496,,rD044,1607892663,100.00,,
6.126889557,138534485,,rFF44,1607541166,100.00,,
6.126889557,21447808750,,instructions,1607111366,100.00,3.56,insn per cycle
6.126889557,6026512789,,cycles,1607118865,100.00,,
6.227343429,4600559,,rD044,1607077546,100.00,,
6.227343429,137283089,,rFF44,1607180796,100.00,,
6.227343429,21299112141,,instructions,1607633641,100.00,3.53,insn per cycle
6.227343429,6029151221,,cycles,1607798090,100.00,,
6.327835812,4736349,,rD044,1607747567,100.00,,
6.327835812,138791228,,rFF44,1608022196,100.00,,
6.327835812,21469378832,,instructions,1607790165,100.00,3.56,insn per cycle
6.327835812,6028642188,,cycles,1607682086,100.00,,
6.428323425,4521354,,rD044,1607697856,100.00,,
6.428323425,138932269,,rFF44,1607208306,100.00,,
6.428323425,21496323259,,instructions,1606978119,100.00,3.57,insn per cycle
6.428323425,6025764299,,cycles,1606878616,100.00,,
6.528751488,4527829,,rD044,1606702936,100.00,,
6.528751488,137599024,,rFF44,1606662766,100.00,,
6.528751488,21344140963,,instructions,1606720199,100.00,3.54,insn per cycle
6.528751488,6025311460,,cycles,1606757481,100.00,,
6.629172360,4457420,,rD044,1606854952,100.00,,
6.629172360,138257554,,rFF44,1607069536,100.00,,
6.629172360,21415470194,,instructions,1607171896,100.00,3.55,insn per cycle
6.629172360,6027370962,,cycles,1607306575,100.00,,
6.729628812,4798482,,rD044,1607155534,100.00,,
6.729628812,137550342,,rFF44,1606907696,100.00,,
6.729628812,21339017242,,instructions,1606750016,100.00,3.54,insn per cycle
6.729628812,6024784152,,cycles,1606623096,100.00,,
6.830050745,4235596,,rD044,1607082874,100.00,,
6.830050745,137766541,,rFF44,1607421186,100.00,,
6.830050745,21345878412,,instructions,1607525366,100.00,3.54,insn per cycle
6.830050745,6029981050,,cycles,1608002174,100.00,,
6.930568968,4557270,,rD044,1607944703,100.00,,
6.930568968,138493021,,rFF44,1607851916,100.00,,
6.930568968,21457407405,,instructions,1608008776,100.00,3.56,insn per cycle
6.930568968,6028632652,,cycles,1607643593,100.00,,
7.031031910,4298640,,rD044,1607592527,100.00,,
7.031031910,136717801,,rFF44,1607603306,100.00,,
7.031031910,21221166095,,instructions,1607519678,100.00,3.52,insn per cycle
7.031031910,6028464025,,cycles,1607604887,100.00,,
7.131519973,4777276,,rD044,1607703046,100.00,,
7.131519973,138081846,,rFF44,1607775756,100.00,,
7.131519973,21401193675,,instructions,1607623811,100.00,3.55,insn per cycle
7.131519973,6028747863,,cycles,1607680216,100.00,,
7.231984606,4362687,,rD044,1607384686,100.00,,
7.231984606,137785611,,rFF44,1607051716,100.00,,
7.231984606,21368608257,,instructions,1607029280,100.00,3.55,insn per cycle
7.231984606,6025590945,,cycles,1606833266,100.00,,
7.332414608,4801343,,rD044,1606669916,100.00,,
7.332414608,138217661,,rFF44,1606638226,100.00,,
7.332414608,21420689511,,instructions,1606552945,100.00,3.56,insn per cycle
7.332414608,6024065081,,cycles,1606437590,100.00,,
7.432818610,4291471,,rD044,1607262762,100.00,,
7.432818610,138164847,,rFF44,1608249606,100.00,,
7.432818610,21407155833,,instructions,1608710237,100.00,3.55,insn per cycle
7.432818610,6035306246,,cycles,1609420542,100.00,,
7.533445485,4282472,,rD044,1609265400,100.00,,
7.533445485,137536629,,rFF44,1608305765,100.00,,
7.533445485,21326260949,,instructions,1607875981,100.00,3.54,insn per cycle
7.533445485,6027076321,,cycles,1607230506,100.00,,
7.633860077,4820555,,rD044,1606723486,100.00,,
7.633860077,138661047,,rFF44,1606751137,100.00,,
7.633860077,21458260659,,instructions,1606794414,100.00,3.56,insn per cycle
7.633860077,6025560817,,cycles,1606823726,100.00,,
7.734286439,4360456,,rD044,1606966336,100.00,,
7.734286439,138229056,,rFF44,1607466836,100.00,,
7.734286439,21424134092,,instructions,1607444588,100.00,3.55,insn per cycle
7.734286439,6027621977,,cycles,1607373116,100.00,,
7.834744062,4775901,,rD044,1607074016,100.00,,
7.834744062,137341268,,rFF44,1606720256,100.00,,
7.834744062,21328659192,,instructions,1606906618,100.00,3.54,insn per cycle
7.834744062,6025934073,,cycles,1606929156,100.00,,
7.935182204,4352278,,rD044,1606938746,100.00,,
7.935182204,138399161,,rFF44,1606824776,100.00,,
7.935182204,21434203043,,instructions,1606587268,100.00,3.56,insn per cycle
7.935182204,6025426639,,cycles,1606787783,100.00,,
8.035605546,4476921,,rD044,1607189735,100.00,,
8.035605546,138433711,,rFF44,1607428436,100.00,,
8.035605546,21444533838,,instructions,1607560076,100.00,3.56,insn per cycle
8.035605546,6027581796,,cycles,1607362896,100.00,,
8.136065889,4445061,,rD044,1607257964,100.00,,
8.136065889,135930605,,rFF44,1607562026,100.00,,
8.136065889,21144498956,,instructions,1607662500,100.00,3.51,insn per cycle
8.136065889,6029397092,,cycles,1607855999,100.00,,
8.236573612,4286964,,rD044,1607901769,100.00,,
8.236573612,138734115,,rFF44,1607532466,100.00,,
8.236573612,21475679533,,instructions,1607583910,100.00,3.56,insn per cycle
8.236573612,6028428240,,cycles,1607596136,100.00,,
8.337043545,4329960,,rD044,1607377056,100.00,,
8.337043545,136779499,,rFF44,1607162256,100.00,,
8.337043545,21234628799,,instructions,1606917469,100.00,3.52,insn per cycle
8.337043545,6025152783,,cycles,1606714846,100.00,,
8.437459747,4274404,,rD044,1607049416,100.00,,
8.437459747,136324568,,rFF44,1607527376,100.00,,
8.437459747,21195053146,,instructions,1607786195,100.00,3.51,insn per cycle
8.437459747,6030202886,,cycles,1608060986,100.00,,
8.537963740,3950840,,rD044,1607643126,100.00,,
8.537963740,137209881,,rFF44,1607186686,100.00,,
8.537963740,21275756289,,instructions,1606876956,100.00,3.53,insn per cycle
8.537963740,6024699448,,cycles,1606595476,100.00,,
8.638378682,4699952,,rD044,1606649836,100.00,,
8.638378682,137022185,,rFF44,1606797236,100.00,,
8.638378682,21269500013,,instructions,1607245620,100.00,3.53,insn per cycle
8.638378682,6028292722,,cycles,1607551826,100.00,,
8.738857905,4488826,,rD044,1607636646,100.00,,
8.738857905,138902280,,rFF44,1607508146,100.00,,
8.738857905,21492567746,,instructions,1607105682,100.00,3.57,insn per cycle
8.738857905,6025385459,,cycles,1606777550,100.00,,
8.839273697,4426329,,rD044,1607012484,100.00,,
8.839273697,138712538,,rFF44,1607215536,100.00,,
8.839273697,21473490329,,instructions,1607254126,100.00,3.56,insn per cycle
8.839273697,6027504591,,cycles,1607342146,100.00,,
8.939733040,4356618,,rD044,1607150633,100.00,,
8.939733040,137736374,,rFF44,1607326116,100.00,,
8.939733040,21361463620,,instructions,1607444766,100.00,3.54,insn per cycle
8.939733040,6028619698,,cycles,1607639771,100.00,,
9.040221473,3314148,,rD044,1607812261,100.00,,
9.040221473,136598206,,rFF44,1607377936,100.00,,
9.040221473,21190992756,,instructions,1607458226,100.00,3.52,insn per cycle
9.040221473,6026790569,,cycles,1607152265,100.00,,
9.140659895,4371790,,rD044,1606827803,100.00,,
9.140659895,137812139,,rFF44,1607002116,100.00,,
9.140659895,21356336860,,instructions,1606815816,100.00,3.54,insn per cycle
9.140659895,6025527845,,cycles,1606815233,100.00,,
9.241084557,4134442,,rD044,1606699397,100.00,,
9.241084557,137760988,,rFF44,1606516406,100.00,,
9.241084557,21344882093,,instructions,1606445086,100.00,3.54,insn per cycle
9.241084557,6024222431,,cycles,1606487965,100.00,,
9.341510550,3865633,,rD044,1606927472,100.00,,
9.341510550,136301140,,rFF44,1606934684,100.00,,
9.341510550,21181722628,,instructions,1606962606,100.00,3.51,insn per cycle
9.341510550,6026184031,,cycles,1606990556,100.00,,
9.441945942,4599743,,rD044,1607288726,100.00,,
9.441945942,135590788,,rFF44,1607682418,100.00,,
9.441945942,21103217344,,instructions,1607827256,100.00,3.50,insn per cycle
9.441945942,6030226575,,cycles,1608067266,100.00,,
9.542438605,4169235,,rD044,1607382626,100.00,,
9.542438605,136360628,,rFF44,1606976534,100.00,,
9.542438605,21199547316,,instructions,1606827316,100.00,3.52,insn per cycle
9.542438605,6024450715,,cycles,1606528196,100.00,,
9.642840667,4447453,,rD044,1607297491,100.00,,
9.642840667,138189478,,rFF44,1608202618,100.00,,
9.642840667,21432255011,,instructions,1608559166,100.00,3.55,insn per cycle
9.642840667,6033816840,,cycles,1609035846,100.00,,
9.743419511,5255973,,rD044,1608575536,100.00,,
9.743419511,138708947,,rFF44,1607944856,100.00,,
9.743419511,21477207645,,instructions,1607969200,100.00,3.56,insn per cycle
9.743419511,6030646540,,cycles,1608179032,100.00,,
9.843936094,4463034,,rD044,1608297347,100.00,,
9.843936094,137897435,,rFF44,1608082516,100.00,,
9.843936094,21379025482,,instructions,1607716120,100.00,3.55,insn per cycle
9.843936094,6026456210,,cycles,1607063656,100.00,,
9.944380477,4523136,,rD044,1607153706,100.00,,
9.944380477,137626237,,rFF44,1607990112,100.00,,
9.944380477,21350051177,,instructions,1608687694,100.00,3.54,insn per cycle
9.944380477,6033867211,,cycles,1609038996,100.00,,
10.044933340,3804589,,rD044,1608530436,100.00,,
10.044933340,137658692,,rFF44,1607638092,100.00,,
10.044933340,21324889194,,instructions,1606898716,100.00,3.54,insn per cycle
10.044933340,6024245965,,cycles,1606485786,100.00,,
10.145339022,4305991,,rD044,1606661204,100.00,,
10.145339022,137154034,,rFF44,1606641972,100.00,,
10.145339022,21301757816,,instructions,1606672974,100.00,3.54,insn per cycle
10.145339022,6025388120,,cycles,1606813084,100.00,,
10.245780055,4288736,,rD044,1607228865,100.00,,
10.245780055,137346660,,rFF44,1607969449,100.00,,
10.245780055,21338262553,,instructions,1608537845,100.00,3.54,insn per cycle
10.245780055,6033203109,,cycles,1608887415,100.00,,
10.346318868,4798467,,rD044,1608122090,100.00,,
10.346318868,138314264,,rFF44,1607691058,100.00,,
10.346318868,21432122582,,instructions,1607292136,100.00,3.56,insn per cycle
10.346318868,6026150524,,cycles,1607019286,100.00,,
10.446787481,4475434,,rD044,1607378654,100.00,,
10.446787481,137601314,,rFF44,1607209946,100.00,,
10.446787481,21345663067,,instructions,1607184016,100.00,3.54,insn per cycle
10.446787481,6026818143,,cycles,1607159356,100.00,,
10.547225273,4196910,,rD044,1607205249,100.00,,
10.547225273,138163653,,rFF44,1607855796,100.00,,
10.547225273,21434118279,,instructions,1608483829,100.00,3.55,insn per cycle
10.547225273,6033547096,,cycles,1608953892,100.00,,
10.647793977,4375403,,rD044,1609547977,100.00,,
10.647793977,137586072,,rFF44,1609025096,100.00,,
10.647793977,21341816992,,instructions,1608278679,100.00,3.54,insn per cycle
10.647793977,6029425574,,cycles,1607853146,100.00,,
10.748278650,4415558,,rD044,1607051386,100.00,,
10.748278650,137517610,,rFF44,1607057226,100.00,,
10.748278650,21333953239,,instructions,1607012739,100.00,3.54,insn per cycle
10.748278650,6025627754,,cycles,1606843686,100.00,,
10.848713312,4010639,,rD044,1606841366,100.00,,
10.848713312,138998314,,rFF44,1606521536,100.00,,
10.848713312,21495210539,,instructions,1606485257,100.00,3.57,insn per cycle
10.848713312,6024088471,,cycles,1606432086,100.00,,
10.949104064,4657858,,rD044,1606254515,100.00,,
10.949104064,138512127,,rFF44,1606236846,100.00,,
10.949104064,21450342374,,instructions,1606245506,100.00,3.56,insn per cycle
10.949104064,6023344788,,cycles,1606232950,100.00,,
11.049508226,4951585,,rD044,1606451491,100.00,,
11.049508226,138247522,,rFF44,1606573897,100.00,,
11.049508226,21403997373,,instructions,1606702556,100.00,3.55,insn per cycle
11.049508226,6025473890,,cycles,1606800226,100.00,,
11.149929779,4427340,,rD044,1606818426,100.00,,
11.149929779,137605321,,rFF44,1607037810,100.00,,
11.149929779,21347998746,,instructions,1607042216,100.00,3.54,insn per cycle
11.149929779,6026211952,,cycles,1606997866,100.00,,
11.250388141,3996913,,rD044,1607213796,100.00,,
11.250388141,138430739,,rFF44,1606943665,100.00,,
11.250388141,21441453320,,instructions,1606827469,100.00,3.56,insn per cycle
11.250388141,6025318645,,cycles,1606767176,100.00,,
11.350791413,3781737,,rD044,1606906116,100.00,,
11.350791413,136252617,,rFF44,1607052846,100.00,,
11.350791413,21153217306,,instructions,1607090881,100.00,3.51,insn per cycle
11.350791413,6026963275,,cycles,1607197756,100.00,,
11.451242906,4168353,,rD044,1606861296,100.00,,
11.451242906,137493463,,rFF44,1607252276,100.00,,
11.451242906,21329096643,,instructions,1607908007,100.00,3.54,insn per cycle
11.451242906,6030192997,,cycles,1608070496,100.00,,
11.551752029,3979005,,rD044,1608076416,100.00,,
11.551752029,137738635,,rFF44,1607723396,100.00,,
11.551752029,21361656208,,instructions,1607182174,100.00,3.54,insn per cycle
11.551752029,6026428400,,cycles,1607058716,100.00,,
11.652193911,4186451,,rD044,1607117746,100.00,,
11.652193911,136699083,,rFF44,1607010176,100.00,,
11.652193911,21232029495,,instructions,1606924988,100.00,3.52,insn per cycle
11.652193911,6026287397,,cycles,1607018006,100.00,,
11.752630484,4681721,,rD044,1607203016,100.00,,
11.752630484,138296591,,rFF44,1607514966,100.00,,
11.752630484,21427053840,,instructions,1607885462,100.00,3.55,insn per cycle
11.752630484,6032185974,,cycles,1608589086,100.00,,
11.853188897,4683408,,rD044,1608993141,100.00,,
11.853188897,138386794,,rFF44,1609351472,100.00,,
11.853188897,21435387246,,instructions,1609403831,100.00,3.55,insn per cycle
11.853188897,6032705325,,cycles,1608729836,100.00,,
11.953717351,4525742,,rD044,1608257346,100.00,,
11.953717351,138974831,,rFF44,1607534636,100.00,,
11.953717351,21506632409,,instructions,1607133466,100.00,3.57,insn per cycle
11.953717351,6026141752,,cycles,1606984039,100.00,,
12.054152343,4335570,,rD044,1606853009,100.00,,
12.054152343,137480160,,rFF44,1607038116,100.00,,
12.054152343,21309651995,,instructions,1607046236,100.00,3.54,insn per cycle
12.054152343,6026804809,,cycles,1607155544,100.00,,
12.154599966,5219224,,rD044,1607041861,100.00,,
12.154599966,139208199,,rFF44,1606837806,100.00,,
12.154599966,21545765949,,instructions,1606860766,100.00,3.58,insn per cycle
12.154599966,6025725237,,cycles,1606867565,100.00,,
12.255028168,4350222,,rD044,1606780453,100.00,,
12.255028168,139041901,,rFF44,1606776080,100.00,,
12.255028168,21511091373,,instructions,1606644466,100.00,3.57,insn per cycle
12.255028168,6024087211,,cycles,1606438246,100.00,,
12.355433240,3774247,,rD044,1606491446,100.00,,
12.355433240,135382809,,rFF44,1606453156,100.00,,
12.355433240,21048090010,,instructions,1606442107,100.00,3.49,insn per cycle
12.355433240,6024551519,,cycles,1606554786,100.00,,
12.455842152,4325259,,rD044,1606693096,100.00,,
12.455842152,138575722,,rFF44,1606752706,100.00,,
12.455842152,21461893438,,instructions,1606843019,100.00,3.56,insn per cycle
12.455842152,6027394845,,cycles,1607316866,100.00,,
12.556303255,4766717,,rD044,1607474296,100.00,,
12.556303255,138425417,,rFF44,1607901996,100.00,,
12.556303255,21441081198,,instructions,1607911814,100.00,3.56,insn per cycle
12.556303255,6028110584,,cycles,1607503676,100.00,,
12.656777047,4509631,,rD044,1607589456,100.00,,
12.656777047,136748213,,rFF44,1607538996,100.00,,
12.656777047,21250771474,,instructions,1607987253,100.00,3.52,insn per cycle
12.656777047,6029929358,,cycles,1607989866,100.00,,
12.757271770,4776901,,rD044,1607751246,100.00,,
12.757271770,138671654,,rFF44,1607913923,100.00,,
12.757271770,21482448241,,instructions,1607863377,100.00,3.56,insn per cycle
12.757271770,6030041964,,cycles,1608019016,100.00,,
12.857784674,4644142,,rD044,1608355960,100.00,,
12.857784674,138072305,,rFF44,1608266795,100.00,,
12.857784674,21404959894,,instructions,1608090206,100.00,3.55,insn per cycle
12.857784674,6030581052,,cycles,1608161002,100.00,,
12.958288147,4583233,,rD044,1608042041,100.00,,
12.958288147,136119831,,rFF44,1608214286,100.00,,
12.958288147,21154349769,,instructions,1608172796,100.00,3.51,insn per cycle
12.958288147,6029426608,,cycles,1607863555,100.00,,
13.058791190,4422567,,rD044,1607722833,100.00,,
13.058791190,137153444,,rFF44,1607052836,100.00,,
13.058791190,21275052795,,instructions,1606760906,100.00,3.53,insn per cycle
13.058791190,6025019098,,cycles,1606678864,100.00,,
13.159203172,4019819,,rD044,1606776109,100.00,,
13.159203172,138612423,,rFF44,1606855006,100.00,,
13.159203172,21452980759,,instructions,1606976946,100.00,3.56,insn per cycle
13.159203172,6026441731,,cycles,1607063273,100.00,,
13.259634344,4592299,,rD044,1606708857,100.00,,
13.259634344,137796171,,rFF44,1606779026,100.00,,
13.259634344,21358479159,,instructions,1606843636,100.00,3.54,insn per cycle
13.259634344,6025705535,,cycles,1606870216,100.00,,
13.360068257,4190373,,rD044,1607010536,100.00,,
13.360068257,137058251,,rFF44,1606929991,100.00,,
13.360068257,21257368512,,instructions,1606740496,100.00,3.53,insn per cycle
13.360068257,6024751421,,cycles,1606608616,100.00,,
13.460497599,4224516,,rD044,1606677646,100.00,,
13.460497599,136934203,,rFF44,1606597735,100.00,,
13.460497599,21255361519,,instructions,1606661432,100.00,3.53,insn per cycle
13.460497599,6025088143,,cycles,1606698436,100.00,,
13.560902371,4333329,,rD044,1606711226,100.00,,
13.560902371,137528234,,rFF44,1607012696,100.00,,
13.560902371,21330074596,,instructions,1607137222,100.00,3.54,insn per cycle
13.560902371,6026834893,,cycles,1607163326,100.00,,
13.661350723,4299079,,rD044,1607166376,100.00,,
13.661350723,136372693,,rFF44,1606839376,100.00,,
13.661350723,21167059001,,instructions,1606694248,100.00,3.51,insn per cycle
13.661350723,6025140346,,cycles,1606711961,100.00,,
13.761783425,4346899,,rD044,1606715465,100.00,,
13.761783425,136203552,,rFF44,1606792796,100.00,,
13.761783425,21155151861,,instructions,1606791486,100.00,3.51,insn per cycle
13.761783425,6025119035,,cycles,1606710925,100.00,,
13.862188488,4357386,,rD044,1606515263,100.00,,
13.862188488,136722189,,rFF44,1606551526,100.00,,
13.862188488,21228067637,,instructions,1606689476,100.00,3.52,insn per cycle
13.862188488,6026801730,,cycles,1607153676,100.00,,
13.962645660,4214526,,rD044,1607615921,100.00,,
13.962645660,137274045,,rFF44,1607599626,100.00,,
13.962645660,21290638875,,instructions,1607496136,100.00,3.53,insn per cycle
13.962645660,6027055755,,cycles,1607221906,100.00,,
14.063090393,4550291,,rD044,1607026502,100.00,,
14.063090393,138244357,,rFF44,1607209826,100.00,,
14.063090393,21424602720,,instructions,1607311716,100.00,3.55,insn per cycle
14.063090393,6026671709,,cycles,1607146696,100.00,,
14.163546885,4846072,,rD044,1606924063,100.00,,
14.163546885,138606596,,rFF44,1606780194,100.00,,
14.163546885,21474500946,,instructions,1606682276,100.00,3.56,insn per cycle
14.163546885,6024930779,,cycles,1606679966,100.00,,
14.263962667,4671064,,rD044,1607210349,100.00,,
14.263962667,137659909,,rFF44,1607949477,100.00,,
14.263962667,21353045532,,instructions,1608149195,100.00,3.54,insn per cycle
14.263962667,6031716065,,cycles,1608488079,100.00,,
14.364494241,4667619,,rD044,1608094970,100.00,,
14.364494241,138774982,,rFF44,1607940826,100.00,,
14.364494241,21496933381,,instructions,1608128327,100.00,3.56,insn per cycle
14.364494241,6030235245,,cycles,1608092578,100.00,,
14.465013734,4440102,,rD044,1608406394,100.00,,
14.465013734,138574561,,rFF44,1608136156,100.00,,
14.465013734,21462065978,,instructions,1607792693,100.00,3.56,insn per cycle
14.465013734,6032011951,,cycles,1608539586,100.00,,
14.565581338,4668551,,rD044,1608625316,100.00,,
14.565581338,136068025,,rFF44,1608233645,100.00,,
14.565581338,21154753061,,instructions,1608146464,100.00,3.51,insn per cycle
14.565581338,6026706271,,cycles,1607140866,100.00,,
14.665989620,4234588,,rD044,1606669756,100.00,,
14.665989620,135461362,,rFF44,1606798987,100.00,,
14.665989620,21073774444,,instructions,1607012106,100.00,3.50,insn per cycle
14.665989620,6026119288,,cycles,1606972946,100.00,,
14.766426262,4220649,,rD044,1606938096,100.00,,
14.766426262,136695043,,rFF44,1606995606,100.00,,
14.766426262,21224037209,,instructions,1607035658,100.00,3.52,insn per cycle
14.766426262,6028633619,,cycles,1607642456,100.00,,
14.866946576,4046920,,rD044,1608319406,100.00,,
14.866946576,137463154,,rFF44,1608211345,100.00,,
14.866946576,21321698681,,instructions,1608077404,100.00,3.54,insn per cycle
14.866946576,6028067454,,cycles,1607493286,100.00,,
14.967376098,3956022,,rD044,1606963886,100.00,,
14.967376098,137477907,,rFF44,1607062301,100.00,,
14.967376098,21323562212,,instructions,1607196696,100.00,3.54,insn per cycle
14.967376098,6026833790,,cycles,1607179736,100.00,,
15.067820620,4682065,,rD044,1607522688,100.00,,
15.067820620,137196757,,rFF44,1608406318,100.00,,
15.067820620,21289456646,,instructions,1608673066,100.00,3.53,insn per cycle
15.067820620,6034578119,,cycles,1609228666,100.00,,
15.168407354,4848275,,rD044,1608818718,100.00,,
15.168407354,137390596,,rFF44,1607895396,100.00,,
15.168407354,21293931305,,instructions,1607467776,100.00,3.53,insn per cycle
15.168407354,6025914951,,cycles,1606919358,100.00,,
15.268832397,4107920,,rD044,1606981890,100.00,,
15.268832397,137485618,,rFF44,1607242326,100.00,,
15.268832397,21299620887,,instructions,1607227396,100.00,3.53,insn per cycle
15.268832397,6027400886,,cycles,1607330688,100.00,,
15.369301769,4205456,,rD044,1607736719,100.00,,
15.369301769,136338679,,rFF44,1607962926,100.00,,
15.369301769,21181661968,,instructions,1608006796,100.00,3.51,insn per cycle
15.369301769,6030040998,,cycles,1608031158,100.00,,
15.469796622,4009996,,rD044,1608147921,100.00,,
15.469796622,136828046,,rFF44,1607786446,100.00,,
15.469796622,21250969842,,instructions,1607848056,100.00,3.52,insn per cycle
15.469796622,6028979872,,cycles,1607736256,100.00,,
15.570278205,4544920,,rD044,1607068646,100.00,,
15.570278205,137099290,,rFF44,1607196956,100.00,,
15.570278205,21289881603,,instructions,1607146402,100.00,3.53,insn per cycle
15.570278205,6027013213,,cycles,1607211306,100.00,,
15.670737178,4389559,,rD044,1607653086,100.00,,
15.670737178,138505325,,rFF44,1607547226,100.00,,
15.670737178,21456547736,,instructions,1607726442,100.00,3.56,insn per cycle
15.670737178,6028980336,,cycles,1607742446,100.00,,
15.771218311,3635002,,rD044,1607401426,100.00,,
15.771218311,137114198,,rFF44,1607383096,100.00,,
15.771218311,21282417251,,instructions,1607477769,100.00,3.53,insn per cycle
15.771218311,6028085900,,cycles,1607497446,100.00,,
15.871689073,4631241,,rD044,1607554796,100.00,,
15.871689073,137279683,,rFF44,1607785420,100.00,,
15.871689073,21311065266,,instructions,1607693977,100.00,3.53,insn per cycle
15.871689073,6029167024,,cycles,1607784486,100.00,,
15.972175236,3999158,,rD044,1607614476,100.00,,
15.972175236,137937492,,rFF44,1607175392,100.00,,
15.972175236,21375726244,,instructions,1606882695,100.00,3.55,insn per cycle
15.972175236,6025812328,,cycles,1606892056,100.00,,
16.072600579,3960042,,rD044,1602647477,100.00,,
16.072600579,119595519,,rFF44,1602520457,100.00,,
16.072600579,19032252898,,instructions,1602464822,100.00,3.17,insn per cycle
16.072600579,6008124441,,cycles,1602187893,100.00,,
16.077092880,22725,,rD044,18192034,100.00,,
16.077092880,200450,,rFF44,17345814,100.00,,
16.077092880,48404350,,instructions,16620774,100.00,0.81,insn per cycle
16.077092880,59670889,,cycles,15914842,100.00,,
