0.100116763,4536341,,rD044,92693616,100.00,,
0.100116763,20066763,,rFF44,92699416,100.00,,
0.100116763,435125627,,instructions,92704986,100.00,1.27,insn per cycle
0.100116763,343645002,,cycles,92709777,100.00,,
0.200419668,5491706,,rD044,100298666,100.00,,
0.200419668,24017189,,rFF44,100298216,100.00,,
0.200419668,506543512,,instructions,100297436,100.00,1.35,insn per cycle
0.200419668,376110553,,cycles,100296715,100.00,,
0.300652093,5491338,,rD044,100231625,100.00,,
0.300652093,23982041,,rFF44,100232245,100.00,,
0.300652093,505142987,,instructions,100232065,100.00,1.34,insn per cycle
0.300652093,375870040,,cycles,100232375,100.00,,
0.400864027,6753923,,rD044,100212324,100.00,,
0.400864027,29298471,,rFF44,100212554,100.00,,
0.400864027,85349121,,instructions,100212394,100.00,0.23,insn per cycle
0.400864027,375797208,,cycles,100213134,100.00,,
0.501080151,6923961,,rD044,100214025,100.00,,
0.501080151,30264535,,rFF44,100214045,100.00,,
0.501080151,37721077,,instructions,100213965,100.00,0.10,insn per cycle
0.501080151,375797857,,cycles,100213195,100.00,,
0.601287925,3391070,,rD044,3424473452,100.00,,
0.601287925,318007979,,rFF44,3440851775,100.00,,
0.601287925,47461409763,,instructions,3453464208,100.00,3.65,insn per cycle
0.601287925,12994144342,,cycles,3466226188,100.00,,
0.702394060,426438,,rD044,6469492349,100.00,,
0.702394060,563360174,,rFF44,6467720752,100.00,,
0.702394060,88011898749,,instructions,6466850566,100.00,3.63,insn per cycle
0.702394060,24246549410,,cycles,6465785003,100.00,,
0.803394777,381249,,rD044,6462984503,100.00,,
0.803394777,564903083,,rFF44,6461387455,100.00,,
0.803394777,88221330630,,instructions,6461263572,100.00,3.64,insn per cycle
0.803394777,24230159971,,cycles,6461413893,100.00,,
0.904347170,356530,,rD044,6460824163,100.00,,
0.904347170,561241143,,rFF44,6460956663,100.00,,
0.904347170,87764462769,,instructions,6461024814,100.00,3.62,insn per cycle
0.904347170,24229940181,,cycles,6461349536,100.00,,
1.005310553,359869,,rD044,6462068736,100.00,,
1.005310553,569036421,,rFF44,6462532275,100.00,,
1.005310553,88718109581,,instructions,6462163297,100.00,3.66,insn per cycle
1.005310553,24229846813,,cycles,6461355878,100.00,,
1.106270695,340627,,rD044,6460956294,100.00,,
1.106270695,566267168,,rFF44,6461250627,100.00,,
1.106270695,88418362903,,instructions,6461232374,100.00,3.65,insn per cycle
1.106270695,24230262757,,cycles,6461443117,100.00,,
1.207234108,343203,,rD044,6461452498,100.00,,
1.207234108,559344212,,rFF44,6461445894,100.00,,
1.207234108,87503689469,,instructions,6461805250,100.00,3.61,insn per cycle
1.207234108,24233241929,,cycles,6462237985,100.00,,
1.308204171,347836,,rD044,6462338716,100.00,,
1.308204171,566354316,,rFF44,6462634391,100.00,,
1.308204171,88444267072,,instructions,6462670456,100.00,3.65,insn per cycle
1.308204171,24235176813,,cycles,6462751894,100.00,,
1.409189784,360925,,rD044,6462603642,100.00,,
1.409189784,564031809,,rFF44,6461902627,100.00,,
1.409189784,88094349319,,instructions,6461499231,100.00,3.64,insn per cycle
1.409189784,24228219892,,cycles,6460896559,100.00,,
1.510144407,350021,,rD044,6461154331,100.00,,
1.510144407,565228961,,rFF44,6461725415,100.00,,
1.510144407,88258291144,,instructions,6461951058,100.00,3.64,insn per cycle
1.510144407,24230752265,,cycles,6461682102,100.00,,
1.611107730,348779,,rD044,6461595105,100.00,,
1.611107730,562322047,,rFF44,6461221876,100.00,,
1.611107730,87904796022,,instructions,6461518902,100.00,3.63,insn per cycle
1.611107730,24231753767,,cycles,6461840520,100.00,,
1.712071913,350447,,rD044,6461641037,100.00,,
1.712071913,566017849,,rFF44,6461300665,100.00,,
1.712071913,88351292474,,instructions,6460888468,100.00,3.65,insn per cycle
1.712071913,24227251447,,cycles,6460637030,100.00,,
1.813023685,354719,,rD044,6460493432,100.00,,
1.813023685,562044330,,rFF44,6460228079,100.00,,
1.813023685,87820831631,,instructions,6460348844,100.00,3.63,insn per cycle
1.813023685,24226214145,,cycles,6460356407,100.00,,
1.913962018,335843,,rD044,6460200741,100.00,,
1.913962018,561022180,,rFF44,6460731601,100.00,,
1.913962018,87733559914,,instructions,6460939095,100.00,3.62,insn per cycle
1.913962018,24230419329,,cycles,6461485141,100.00,,
2.014953631,360909,,rD044,6463752133,100.00,,
2.014953631,570522402,,rFF44,6463750475,100.00,,
2.014953631,88968248886,,instructions,6463246828,100.00,3.67,insn per cycle
2.014953631,24234970621,,cycles,6462716963,100.00,,
2.115905464,351276,,rD044,6460567461,100.00,,
2.115905464,561944969,,rFF44,6460417993,100.00,,
2.115905464,87830508720,,instructions,6460241965,100.00,3.62,insn per cycle
2.115905464,24234497312,,cycles,6462577667,100.00,,
2.216887957,356291,,rD044,6462820981,100.00,,
2.216887957,557552326,,rFF44,6463294900,100.00,,
2.216887957,87288714729,,instructions,6463796370,100.00,3.60,insn per cycle
2.216887957,24232072117,,cycles,6461927169,100.00,,
2.317852580,344569,,rD044,6461471085,100.00,,
2.317852580,559020076,,rFF44,6460635918,100.00,,
2.317852580,87517226808,,instructions,6460501225,100.00,3.61,insn per cycle
2.317852580,24228570410,,cycles,6460988271,100.00,,
2.418808803,346239,,rD044,6461331565,100.00,,
2.418808803,561138764,,rFF44,6461972439,100.00,,
2.418808803,87747047686,,instructions,6461850535,100.00,3.62,insn per cycle
2.418808803,24228928577,,cycles,6461084750,100.00,,
2.519767315,348342,,rD044,6461135374,100.00,,
2.519767315,559055390,,rFF44,6460738297,100.00,,
2.519767315,87474229632,,instructions,6461161925,100.00,3.61,insn per cycle
2.519767315,24231384158,,cycles,6461734998,100.00,,
2.620729828,345194,,rD044,6461540793,100.00,,
2.620729828,558414985,,rFF44,6461587342,100.00,,
2.620729828,87384880541,,instructions,6461247852,100.00,3.61,insn per cycle
2.620729828,24227869252,,cycles,6460793826,100.00,,
2.721687381,344731,,rD044,6461196775,100.00,,
2.721687381,559977039,,rFF44,6460956843,100.00,,
2.721687381,87584642859,,instructions,6460707480,100.00,3.62,insn per cycle
2.721687381,24226660786,,cycles,6460499048,100.00,,
2.822636494,361580,,rD044,6460593061,100.00,,
2.822636494,559035606,,rFF44,6460498415,100.00,,
2.822636494,87467693479,,instructions,6460339695,100.00,3.61,insn per cycle
2.822636494,24225907513,,cycles,6460294490,100.00,,
2.923570686,350298,,rD044,6459788137,100.00,,
2.923570686,563193500,,rFF44,6460072917,100.00,,
2.923570686,87993197502,,instructions,6460249783,100.00,3.63,insn per cycle
2.923570686,24225013633,,cycles,6460035542,100.00,,
3.024510919,343598,,rD044,6459879871,100.00,,
3.024510919,563980181,,rFF44,6459654386,100.00,,
3.024510919,88094677721,,instructions,6459914893,100.00,3.64,insn per cycle
3.024510919,24225791482,,cycles,6460272020,100.00,,
3.125460012,339241,,rD044,6461249886,100.00,,
3.125460012,559934065,,rFF44,6461925886,100.00,,
3.125460012,87624141942,,instructions,6461818281,100.00,3.62,insn per cycle
3.125460012,24231172719,,cycles,6461747095,100.00,,
3.226422374,345382,,rD044,6461202263,100.00,,
3.226422374,565406610,,rFF44,6460520020,100.00,,
3.226422374,88287045805,,instructions,6460725091,100.00,3.64,insn per cycle
3.226422374,24228241569,,cycles,6460921929,100.00,,
3.327376777,349871,,rD044,6460610021,100.00,,
3.327376777,557466359,,rFF44,6460580887,100.00,,
3.327376777,87243729403,,instructions,6460114768,100.00,3.60,insn per cycle
3.327376777,24223972882,,cycles,6459762679,100.00,,
3.428307460,339575,,rD044,6460101988,100.00,,
3.428307460,563422742,,rFF44,6460484045,100.00,,
3.428307460,88029930062,,instructions,6460830174,100.00,3.63,insn per cycle
3.428307460,24229707369,,cycles,6461290228,100.00,,
3.529270303,354245,,rD044,6461479816,100.00,,
3.529270303,564179085,,rFF44,6461730200,100.00,,
3.529270303,88127288200,,instructions,6461718152,100.00,3.64,insn per cycle
3.529270303,24230602171,,cycles,6461530428,100.00,,
3.630235405,348559,,rD044,6461641539,100.00,,
3.630235405,559268830,,rFF44,6462023076,100.00,,
3.630235405,87521734396,,instructions,6462137894,100.00,3.61,insn per cycle
3.630235405,24231951432,,cycles,6461895325,100.00,,
3.731194778,344817,,rD044,6461179071,100.00,,
3.731194778,559157201,,rFF44,6460986183,100.00,,
3.731194778,87487222742,,instructions,6461038293,100.00,3.61,insn per cycle
3.731194778,24230417936,,cycles,6461477062,100.00,,
3.832221642,345205,,rD044,6465318628,100.00,,
3.832221642,567365843,,rFF44,6464914558,100.00,,
3.832221642,88549564006,,instructions,6464810877,100.00,3.65,insn per cycle
3.832221642,24243070121,,cycles,6464891592,100.00,,
3.933184265,345516,,rD044,6461304077,100.00,,
3.933184265,565062340,,rFF44,6461432457,100.00,,
3.933184265,88283461947,,instructions,6461223359,100.00,3.64,insn per cycle
3.933184265,24228256889,,cycles,6461071965,100.00,,
4.034146417,358230,,rD044,6461839340,100.00,,
4.034146417,572798747,,rFF44,6462649847,100.00,,
4.034146417,89203566981,,instructions,6462927074,100.00,3.68,insn per cycle
4.034146417,24234483117,,cycles,6462669317,100.00,,
4.135117630,336846,,rD044,6461739062,100.00,,
4.135117630,560154446,,rFF44,6461183455,100.00,,
4.135117630,87667496794,,instructions,6462142816,100.00,3.62,insn per cycle
4.135117630,24233424604,,cycles,6462397554,100.00,,
4.236091183,349063,,rD044,6461797797,100.00,,
4.236091183,562803103,,rFF44,6460485579,100.00,,
4.236091183,87842219813,,instructions,6458600868,100.00,3.63,insn per cycle
4.236091183,24213396145,,cycles,6456949289,100.00,,
4.336962575,356179,,rD044,6454636330,100.00,,
4.336962575,560672312,,rFF44,6453297330,100.00,,
4.336962575,87618279639,,instructions,6452303863,100.00,3.62,insn per cycle
4.336962575,24195484410,,cycles,6452166852,100.00,,
4.382781768,301978,,rD044,2654083146,100.00,,
4.382781768,142693019,,rFF44,2642849436,100.00,,
4.382781768,24997264694,,instructions,2633258413,100.00,2.54,insn per cycle
4.382781768,9837234118,,cycles,2623366947,100.00,,
