0.100123942,2522,,rD044,99370401,100.00,,
0.100123942,27683852,,rFF44,99374961,100.00,,
0.100123942,587124752,,instructions,99377121,100.00,1.58,insn per cycle
0.100123942,372596767,,cycles,99379451,100.00,,
0.200383196,1834,,rD044,100255835,100.00,,
0.200383196,28293345,,rFF44,100256105,100.00,,
0.200383196,594790652,,instructions,100256065,100.00,1.58,insn per cycle
0.200383196,375957186,,cycles,100255745,100.00,,
0.300586049,1146,,rD044,100201775,100.00,,
0.300586049,32952938,,rFF44,100202595,100.00,,
0.300586049,325793651,,instructions,100202945,100.00,0.87,insn per cycle
0.300586049,375761295,,cycles,100203475,100.00,,
0.400788312,1347,,rD044,100200015,100.00,,
0.400788312,37684062,,rFF44,100199495,100.00,,
0.400788312,46540161,,instructions,100199555,100.00,0.12,insn per cycle
0.400788312,375745223,,cycles,100199215,100.00,,
0.500976645,1451,,rD044,100187904,100.00,,
0.500976645,63513773,,rFF44,100187814,100.00,,
0.500976645,858020124,,instructions,100187574,100.00,2.28,insn per cycle
0.500976645,375701375,,cycles,100187594,100.00,,
0.601177898,1202,,rD044,100201345,100.00,,
0.601177898,79547460,,rFF44,100201585,100.00,,
0.601177898,1347244328,,instructions,100201965,100.00,3.59,insn per cycle
0.601177898,375755913,,cycles,100202065,100.00,,
0.701380011,1642,,rD044,100201145,100.00,,
0.701380011,79572724,,rFF44,100201245,100.00,,
0.701380011,1347783970,,instructions,100200995,100.00,3.59,insn per cycle
0.701380011,375750724,,cycles,100200665,100.00,,
0.801573264,2946,,rD044,100190034,100.00,,
0.801573264,78456563,,rFF44,100188814,100.00,,
0.801573264,1331454701,,instructions,100188874,100.00,3.54,insn per cycle
0.801573264,375707872,,cycles,100189184,100.00,,
0.901762907,1124,,rD044,100172935,100.00,,
0.901762907,79614636,,rFF44,100173465,100.00,,
0.901762907,1348500506,,instructions,100173525,100.00,3.59,insn per cycle
0.901762907,375615819,,cycles,100173375,100.00,,
1.001961580,1484,,rD044,100199275,100.00,,
1.001961580,79649975,,rFF44,100199145,100.00,,
1.001961580,1349146258,,instructions,100199255,100.00,3.59,insn per cycle
1.001961580,375745085,,cycles,100199185,100.00,,
1.102163903,1169,,rD044,100201565,100.00,,
1.102163903,79714282,,rFF44,100202125,100.00,,
1.102163903,1349747375,,instructions,100201485,100.00,3.59,insn per cycle
1.102163903,375754940,,cycles,100201805,100.00,,
1.202364315,1473,,rD044,100199454,100.00,,
1.202364315,79571280,,rFF44,100199054,100.00,,
1.202364315,1347806059,,instructions,100199494,100.00,3.59,insn per cycle
1.202364315,375745390,,cycles,100199244,100.00,,
1.302565359,1276,,rD044,100200825,100.00,,
1.302565359,79688245,,rFF44,100200545,100.00,,
1.302565359,1349778091,,instructions,100200035,100.00,3.59,insn per cycle
1.302565359,375747926,,cycles,100199945,100.00,,
1.402765061,1426,,rD044,100199065,100.00,,
1.402765061,79621574,,rFF44,100200035,100.00,,
1.402765061,1348649900,,instructions,100200265,100.00,3.59,insn per cycle
1.402765061,375749306,,cycles,100200285,100.00,,
1.502952694,1477,,rD044,100186805,100.00,,
1.502952694,79600983,,rFF44,100185745,100.00,,
1.502952694,1348288225,,instructions,100185795,100.00,3.59,insn per cycle
1.502952694,375696026,,cycles,100186115,100.00,,
1.603153087,1310,,rD044,100198844,100.00,,
1.603153087,79736350,,rFF44,100199774,100.00,,
1.603153087,1350238556,,instructions,100199644,100.00,3.59,insn per cycle
1.603153087,375747717,,cycles,100199824,100.00,,
1.703352450,2118,,rD044,100199505,100.00,,
1.703352450,79565139,,rFF44,100199095,100.00,,
1.703352450,1347722173,,instructions,100199385,100.00,3.59,insn per cycle
1.703352450,375741293,,cycles,100199045,100.00,,
1.803553053,1433,,rD044,100199955,100.00,,
1.803553053,79647523,,rFF44,100200195,100.00,,
1.803553053,1348952942,,instructions,100200295,100.00,3.59,insn per cycle
1.803553053,375749227,,cycles,100200265,100.00,,
1.903752646,1120,,rD044,100198815,100.00,,
1.903752646,79628907,,rFF44,100198275,100.00,,
1.903752646,1348776184,,instructions,100197995,100.00,3.59,insn per cycle
1.903752646,375740796,,cycles,100198035,100.00,,
2.003955339,1683,,rD044,100202094,100.00,,
2.003955339,79621588,,rFF44,100202864,100.00,,
2.003955339,1348451946,,instructions,100202714,100.00,3.59,insn per cycle
2.003955339,375757429,,cycles,100202474,100.00,,
2.104181883,1682,,rD044,100226145,100.00,,
2.104181883,79298243,,rFF44,100226065,100.00,,
2.104181883,1343301428,,instructions,100226105,100.00,3.57,insn per cycle
2.104181883,375847844,,cycles,100226575,100.00,,
2.204384115,1665,,rD044,100183805,100.00,,
2.204384115,79433738,,rFF44,100183575,100.00,,
2.204384115,1345513001,,instructions,100183705,100.00,3.58,insn per cycle
2.204384115,375659359,,cycles,100183405,100.00,,
2.304586588,1586,,rD044,100201495,100.00,,
2.304586588,79224091,,rFF44,100201435,100.00,,
2.304586588,1341576074,,instructions,100201335,100.00,3.57,insn per cycle
2.304586588,375754469,,cycles,100201675,100.00,,
2.404787572,1188,,rD044,100200474,100.00,,
2.404787572,79523455,,rFF44,100200605,100.00,,
2.404787572,1347009594,,instructions,100200985,100.00,3.58,insn per cycle
2.404787572,375751591,,cycles,100200925,100.00,,
2.504977534,1725,,rD044,100188975,100.00,,
2.504977534,79092806,,rFF44,100188234,100.00,,
2.504977534,1339735447,,instructions,100188044,100.00,3.57,insn per cycle
2.504977534,375703187,,cycles,100187984,100.00,,
2.605179877,1268,,rD044,100202595,100.00,,
2.605179877,79562991,,rFF44,100202905,100.00,,
2.605179877,1347685159,,instructions,100203125,100.00,3.59,insn per cycle
2.605179877,375760084,,cycles,100203175,100.00,,
2.705379340,1281,,rD044,100198305,100.00,,
2.705379340,79035080,,rFF44,100198745,100.00,,
2.705379340,1338532340,,instructions,100198325,100.00,3.56,insn per cycle
2.705379340,375741445,,cycles,100198175,100.00,,
2.805581553,1282,,rD044,100201884,100.00,,
2.805581553,79571727,,rFF44,100201694,100.00,,
2.805581553,1347849532,,instructions,100201854,100.00,3.59,insn per cycle
2.805581553,375756488,,cycles,100202274,100.00,,
2.905784366,1776,,rD044,100201695,100.00,,
2.905784366,79016343,,rFF44,100201435,100.00,,
2.905784366,1338545459,,instructions,100201315,100.00,3.56,insn per cycle
2.905784366,375750712,,cycles,100200645,100.00,,
3.005977619,1966,,rD044,100178255,100.00,,
3.005977619,79500679,,rFF44,100178045,100.00,,
3.005977619,1346249340,,instructions,100177945,100.00,3.58,insn per cycle
3.005977619,375640573,,cycles,100177985,100.00,,
3.106176562,2058,,rD044,100198475,100.00,,
3.106176562,79217141,,rFF44,100198575,100.00,,
3.106176562,1341816417,,instructions,100198585,100.00,3.57,insn per cycle
3.106176562,375743520,,cycles,100198715,100.00,,
3.206374575,2094,,rD044,100197624,100.00,,
3.206374575,79213934,,rFF44,100198134,100.00,,
3.206374575,1341772293,,instructions,100198714,100.00,3.57,insn per cycle
3.206374575,375744450,,cycles,100199074,100.00,,
3.306576718,1779,,rD044,100186505,100.00,,
3.306576718,79382825,,rFF44,100186205,100.00,,
3.306576718,1344630419,,instructions,100185715,100.00,3.58,insn per cycle
3.306576718,375666116,,cycles,100185135,100.00,,
3.406778801,1403,,rD044,100201015,100.00,,
3.406778801,79051980,,rFF44,100201775,100.00,,
3.406778801,1338838339,,instructions,100202525,100.00,3.56,insn per cycle
3.406778801,375758266,,cycles,100202645,100.00,,
3.506968964,1332,,rD044,100189555,100.00,,
3.506968964,79565848,,rFF44,100188825,100.00,,
3.506968964,1347727205,,instructions,100188135,100.00,3.59,insn per cycle
3.506968964,375704582,,cycles,100188415,100.00,,
3.607170737,1591,,rD044,100200824,100.00,,
3.607170737,79058582,,rFF44,100201234,100.00,,
3.607170737,1339248648,,instructions,100201494,100.00,3.56,insn per cycle
3.607170737,375753428,,cycles,100201394,100.00,,
3.707373600,1646,,rD044,100202615,100.00,,
3.707373600,79619910,,rFF44,100202415,100.00,,
3.707373600,1348296598,,instructions,100202115,100.00,3.59,insn per cycle
3.707373600,375756005,,cycles,100202075,100.00,,
3.807574063,3389,,rD044,100200195,100.00,,
3.807574063,79249777,,rFF44,100200295,100.00,,
3.807574063,1342454421,,instructions,100200495,100.00,3.57,insn per cycle
3.807574063,375741357,,cycles,100200395,100.00,,
3.907774636,1289,,rD044,100199955,100.00,,
3.907774636,79645441,,rFF44,100200105,100.00,,
3.907774636,1349048588,,instructions,100199945,100.00,3.59,insn per cycle
3.907774636,375749620,,cycles,100200385,100.00,,
4.008018980,1728,,rD044,100243375,100.00,,
4.008018980,79120499,,rFF44,100242785,100.00,,
4.008018980,1340186656,,instructions,100242405,100.00,3.57,insn per cycle
4.008018980,375905521,,cycles,100241955,100.00,,
4.108218082,1534,,rD044,100197834,100.00,,
4.108218082,79479234,,rFF44,100198054,100.00,,
4.108218082,1345948986,,instructions,100198734,100.00,3.58,insn per cycle
4.108218082,375743884,,cycles,100198854,100.00,,
4.208419025,1727,,rD044,100182815,100.00,,
4.208419025,79081581,,rFF44,100182745,100.00,,
4.208419025,1339645920,,instructions,100182545,100.00,3.57,insn per cycle
4.208419025,375654955,,cycles,100182325,100.00,,
4.308622498,1580,,rD044,100202835,100.00,,
4.308622498,79546345,,rFF44,100202955,100.00,,
4.308622498,1347360120,,instructions,100202895,100.00,3.59,insn per cycle
4.308622498,375759920,,cycles,100203125,100.00,,
4.408824731,2180,,rD044,100201575,100.00,,
4.408824731,79329753,,rFF44,100201595,100.00,,
4.408824731,1343461976,,instructions,100201675,100.00,3.58,insn per cycle
4.408824731,375755278,,cycles,100201895,100.00,,
4.509014914,1452,,rD044,100189354,100.00,,
4.509014914,79563111,,rFF44,100189304,100.00,,
4.509014914,1347663282,,instructions,100189134,100.00,3.59,insn per cycle
4.509014914,375706150,,cycles,100188794,100.00,,
4.609215977,1303,,rD044,100200295,100.00,,
4.609215977,79182480,,rFF44,100200155,100.00,,
4.609215977,1341269202,,instructions,100200195,100.00,3.57,insn per cycle
4.609215977,375749512,,cycles,100200295,100.00,,
4.709417220,1548,,rD044,100200425,100.00,,
4.709417220,79548318,,rFF44,100200925,100.00,,
4.709417220,1347393574,,instructions,100200975,100.00,3.59,insn per cycle
4.709417220,375751356,,cycles,100200885,100.00,,
4.809619443,1475,,rD044,100201825,100.00,,
4.809619443,79235259,,rFF44,100201365,100.00,,
4.809619443,1341767651,,instructions,100201375,100.00,3.57,insn per cycle
4.809619443,375754521,,cycles,100201555,100.00,,
4.909821066,1572,,rD044,100201074,100.00,,
4.909821066,79493863,,rFF44,100201514,100.00,,
4.909821066,1346567601,,instructions,100201584,100.00,3.58,insn per cycle
4.909821066,375754415,,cycles,100201794,100.00,,
5.010020529,1578,,rD044,100199275,100.00,,
5.010020529,79247211,,rFF44,100198875,100.00,,
5.010020529,1342407681,,instructions,100198935,100.00,3.57,insn per cycle
5.010020529,375742531,,cycles,100198515,100.00,,
5.110221372,1240,,rD044,100199325,100.00,,
5.110221372,79504265,,rFF44,100199365,100.00,,
5.110221372,1346436444,,instructions,100199575,100.00,3.58,insn per cycle
5.110221372,375747249,,cycles,100199705,100.00,,
5.210419715,1491,,rD044,100179765,100.00,,
5.210419715,79455312,,rFF44,100179535,100.00,,
5.210419715,1345868839,,instructions,100179095,100.00,3.58,insn per cycle
5.210419715,375642283,,cycles,100179005,100.00,,
5.310624628,2125,,rD044,100205464,100.00,,
5.310624628,79333072,,rFF44,100205364,100.00,,
5.310624628,1343701496,,instructions,100205144,100.00,3.58,insn per cycle
5.310624628,375763836,,cycles,100204884,100.00,,
5.410824231,1823,,rD044,100198175,100.00,,
5.410824231,79421798,,rFF44,100198045,100.00,,
5.410824231,1345372766,,instructions,100198275,100.00,3.58,insn per cycle
5.410824231,375742101,,cycles,100198405,100.00,,
5.511008674,2054,,rD044,100183215,100.00,,
5.511008674,79142740,,rFF44,100183775,100.00,,
5.511008674,1340138778,,instructions,100183625,100.00,3.57,insn per cycle
5.511008674,375685728,,cycles,100183995,100.00,,
5.611208157,1194,,rD044,100198734,100.00,,
5.611208157,79649217,,rFF44,100198925,100.00,,
5.611208157,1349139142,,instructions,100198895,100.00,3.59,insn per cycle
5.611208157,375743222,,cycles,100198755,100.00,,
5.711409170,1435,,rD044,100201135,100.00,,
5.711409170,79099792,,rFF44,100200354,100.00,,
5.711409170,1339880286,,instructions,100200784,100.00,3.57,insn per cycle
5.711409170,375751504,,cycles,100200854,100.00,,
5.811613223,1677,,rD044,100203395,100.00,,
5.811613223,79584366,,rFF44,100204265,100.00,,
5.811613223,1347919007,,instructions,100204035,100.00,3.59,insn per cycle
5.811613223,375764020,,cycles,100204195,100.00,,
5.911845536,1456,,rD044,100231945,100.00,,
5.911845536,79350645,,rFF44,100231265,100.00,,
5.911845536,1344100260,,instructions,100231295,100.00,3.58,insn per cycle
5.911845536,375863556,,cycles,100230805,100.00,,
6.012045619,1302,,rD044,100199155,100.00,,
6.012045619,79605759,,rFF44,100199435,100.00,,
6.012045619,1348214432,,instructions,100199545,100.00,3.59,insn per cycle
6.012045619,375746737,,cycles,100199615,100.00,,
6.112247232,1722,,rD044,100201124,100.00,,
6.112247232,79395061,,rFF44,100200974,100.00,,
6.112247232,1344908129,,instructions,100201104,100.00,3.58,insn per cycle
6.112247232,375752648,,cycles,100201204,100.00,,
6.212456425,1253,,rD044,100190745,100.00,,
6.212456425,79493101,,rFF44,100190565,100.00,,
6.212456425,1346068949,,instructions,100190345,100.00,3.58,insn per cycle
6.212456425,375685060,,cycles,100190445,100.00,,
6.312658038,1786,,rD044,100200765,100.00,,
6.312658038,79238594,,rFF44,100200945,100.00,,
6.312658038,1342200347,,instructions,100201215,100.00,3.57,insn per cycle
6.312658038,375752507,,cycles,100201135,100.00,,
6.412860501,1598,,rD044,100201155,100.00,,
6.412860501,79528477,,rFF44,100201635,100.00,,
6.412860501,1347050973,,instructions,100201565,100.00,3.58,insn per cycle
6.412860501,375754284,,cycles,100201605,100.00,,
6.513054314,1537,,rD044,100193614,100.00,,
6.513054314,79187045,,rFF44,100193054,100.00,,
6.513054314,1341324013,,instructions,100192844,100.00,3.57,insn per cycle
6.513054314,375720549,,cycles,100192664,100.00,,
6.613254067,1462,,rD044,100198735,100.00,,
6.613254067,79556397,,rFF44,100198885,100.00,,
6.613254067,1347587434,,instructions,100199005,100.00,3.59,insn per cycle
6.613254067,375745185,,cycles,100199205,100.00,,
6.713484740,1523,,rD044,100230265,100.00,,
6.713484740,79397799,,rFF44,100230995,100.00,,
6.713484740,1344588941,,instructions,100230945,100.00,3.58,insn per cycle
6.713484740,375864141,,cycles,100230905,100.00,,
6.813685664,1549,,rD044,100200615,100.00,,
6.813685664,79492594,,rFF44,100200275,100.00,,
6.813685664,1346528877,,instructions,100200155,100.00,3.58,insn per cycle
6.813685664,375749391,,cycles,100200325,100.00,,
6.913887487,1839,,rD044,100200885,100.00,,
6.913887487,79286064,,rFF44,100200415,100.00,,
6.913887487,1342703119,,instructions,100200475,100.00,3.57,insn per cycle
6.913887487,375750679,,cycles,100200685,100.00,,
7.014090179,2273,,rD044,100190334,100.00,,
7.014090179,79475774,,rFF44,100190514,100.00,,
7.014090179,1346198771,,instructions,100190224,100.00,3.58,insn per cycle
7.014090179,375683215,,cycles,100189724,100.00,,
7.114286252,2073,,rD044,100195285,100.00,,
7.114286252,79240449,,rFF44,100194825,100.00,,
7.114286252,1342229658,,instructions,100194985,100.00,3.57,insn per cycle
7.114286252,375730433,,cycles,100195195,100.00,,
7.214488065,1945,,rD044,100183325,100.00,,
7.214488065,79492629,,rFF44,100183565,100.00,,
7.214488065,1346462018,,instructions,100183865,100.00,3.58,insn per cycle
7.214488065,375661987,,cycles,100184125,100.00,,
7.314692118,1793,,rD044,100186965,100.00,,
7.314692118,79216144,,rFF44,100186885,100.00,,
7.314692118,1341823134,,instructions,100186805,100.00,3.57,insn per cycle
7.314692118,375671533,,cycles,100186515,100.00,,
7.414892842,1493,,rD044,100200964,100.00,,
7.414892842,79610207,,rFF44,100201114,100.00,,
7.414892842,1348060040,,instructions,100200864,100.00,3.59,insn per cycle
7.414892842,375750247,,cycles,100200544,100.00,,
7.515087394,1565,,rD044,100194285,100.00,,
7.515087394,79265146,,rFF44,100193865,100.00,,
7.515087394,1342730264,,instructions,100194085,100.00,3.57,insn per cycle
7.515087394,375727135,,cycles,100194385,100.00,,
7.615288777,1397,,rD044,100200355,100.00,,
7.615288777,79532182,,rFF44,100200945,100.00,,
7.615288777,1346933024,,instructions,100200515,100.00,3.58,insn per cycle
7.615288777,375749196,,cycles,100200255,100.00,,
7.715497290,1850,,rD044,100207605,100.00,,
7.715497290,79113821,,rFF44,100207585,100.00,,
7.715497290,1340088417,,instructions,100207885,100.00,3.57,insn per cycle
7.715497290,375778403,,cycles,100208075,100.00,,
7.815712494,1280,,rD044,100215254,100.00,,
7.815712494,79479298,,rFF44,100214884,100.00,,
7.815712494,1346281146,,instructions,100214694,100.00,3.58,insn per cycle
7.815712494,375803149,,cycles,100214664,100.00,,
7.915913847,1305,,rD044,100200675,100.00,,
7.915913847,79471331,,rFF44,100200735,100.00,,
7.915913847,1346057823,,instructions,100201205,100.00,3.58,insn per cycle
7.915913847,375755318,,cycles,100201885,100.00,,
8.016115810,1541,,rD044,100200745,100.00,,
8.016115810,79581883,,rFF44,100201135,100.00,,
8.016115810,1348037008,,instructions,100200715,100.00,3.59,insn per cycle
8.016115810,375749383,,cycles,100200335,100.00,,
8.116317143,1279,,rD044,100200685,100.00,,
8.116317143,79425610,,rFF44,100207525,100.00,,
8.116317143,1344831283,,instructions,100208065,100.00,3.58,insn per cycle
8.116317143,375777801,,cycles,100207895,100.00,,
8.216516296,1403,,rD044,100179994,100.00,,
8.216516296,79499351,,rFF44,100173084,100.00,,
8.216516296,1346648814,,instructions,100172964,100.00,3.59,insn per cycle
8.216516296,375620559,,cycles,100173474,100.00,,
8.316715158,1845,,rD044,100198595,100.00,,
8.316715158,79230123,,rFF44,100198705,100.00,,
8.316715158,1342000376,,instructions,100198265,100.00,3.57,insn per cycle
8.316715158,375724932,,cycles,100197705,100.00,,
8.416917372,1419,,rD044,100202005,100.00,,
8.416917372,79559706,,rFF44,100201845,100.00,,
8.416917372,1347570786,,instructions,100201955,100.00,3.59,insn per cycle
8.416917372,375755481,,cycles,100201955,100.00,,
8.517120474,1900,,rD044,100202325,100.00,,
8.517120474,79210084,,rFF44,100202385,100.00,,
8.517120474,1341687945,,instructions,100202695,100.00,3.57,insn per cycle
8.517120474,375759388,,cycles,100202875,100.00,,
8.617323147,1530,,rD044,100228865,100.00,,
8.617323147,79654536,,rFF44,100229385,100.00,,
8.617323147,1349005203,,instructions,100229095,100.00,3.59,insn per cycle
8.617323147,375856324,,cycles,100228945,100.00,,
8.717549341,1618,,rD044,100199174,100.00,,
8.717549341,79332913,,rFF44,100199104,100.00,,
8.717549341,1343853807,,instructions,100199074,100.00,3.58,insn per cycle
8.717549341,375744394,,cycles,100198974,100.00,,
8.817749974,1403,,rD044,100199315,100.00,,
8.817749974,79483606,,rFF44,100199225,100.00,,
8.817749974,1345921002,,instructions,100199345,100.00,3.58,insn per cycle
8.817749974,375745414,,cycles,100199275,100.00,,
8.917949387,1675,,rD044,100199195,100.00,,
8.917949387,79320405,,rFF44,100198905,100.00,,
8.917949387,1343565097,,instructions,100199065,100.00,3.58,insn per cycle
8.917949387,375745670,,cycles,100199205,100.00,,
9.018150280,1566,,rD044,100199595,100.00,,
9.018150280,79480561,,rFF44,100200235,100.00,,
9.018150280,1346250063,,instructions,100200165,100.00,3.58,insn per cycle
9.018150280,375749690,,cycles,100200535,100.00,,
9.118352843,1335,,rD044,100201584,100.00,,
9.118352843,79634800,,rFF44,100200814,100.00,,
9.118352843,1348877702,,instructions,100200634,100.00,3.59,insn per cycle
9.118352843,375749882,,cycles,100200324,100.00,,
9.218549616,1235,,rD044,100179505,100.00,,
9.218549616,79596585,,rFF44,100179805,100.00,,
9.218549616,1348235654,,instructions,100179915,100.00,3.59,insn per cycle
9.218549616,375645635,,cycles,100179845,100.00,,
9.318749819,1268,,rD044,100199585,100.00,,
9.318749819,79673722,,rFF44,100199645,100.00,,
9.318749819,1349154314,,instructions,100199615,100.00,3.59,insn per cycle
9.318749819,375745532,,cycles,100199295,100.00,,
9.418950912,1460,,rD044,100200865,100.00,,
9.418950912,79596488,,rFF44,100200835,100.00,,
9.418950912,1348236190,,instructions,100200845,100.00,3.59,insn per cycle
9.418950912,375753083,,cycles,100201295,100.00,,
9.519151185,1609,,rD044,100199774,100.00,,
9.519151185,79613745,,rFF44,100199244,100.00,,
9.519151185,1348388909,,instructions,100199244,100.00,3.59,insn per cycle
9.519151185,375745879,,cycles,100199404,100.00,,
9.619350898,1321,,rD044,100198355,100.00,,
9.619350898,79684838,,rFF44,100198395,100.00,,
9.619350898,1349723874,,instructions,100198225,100.00,3.59,insn per cycle
9.619350898,375739371,,cycles,100197645,100.00,,
9.719548221,1307,,rD044,100197475,100.00,,
9.719548221,79524903,,rFF44,100197635,100.00,,
9.719548221,1347013449,,instructions,100197655,100.00,3.58,insn per cycle
9.719548221,375740576,,cycles,100197845,100.00,,
9.819778414,1367,,rD044,100229575,100.00,,
9.819778414,79683902,,rFF44,100229855,100.00,,
9.819778414,1349487148,,instructions,100229855,100.00,3.59,insn per cycle
9.819778414,375858554,,cycles,100229565,100.00,,
9.919982437,1320,,rD044,100202504,100.00,,
9.919982437,79599235,,rFF44,100203174,100.00,,
9.919982437,1348280865,,instructions,100203534,100.00,3.59,insn per cycle
9.919982437,375762618,,cycles,100203844,100.00,,
10.020186070,1413,,rD044,100203445,100.00,,
10.020186070,79696254,,rFF44,100203155,100.00,,
10.020186070,1349632113,,instructions,100203085,100.00,3.59,insn per cycle
10.020186070,375761069,,cycles,100203435,100.00,,
10.120388063,1317,,rD044,100200635,100.00,,
10.120388063,79649697,,rFF44,100200215,100.00,,
10.120388063,1349113885,,instructions,100200065,100.00,3.59,insn per cycle
10.120388063,375747584,,cycles,100199845,100.00,,
10.220581156,1314,,rD044,100174464,100.00,,
10.220581156,79559987,,rFF44,100174434,100.00,,
10.220581156,1347515505,,instructions,100174254,100.00,3.59,insn per cycle
10.220581156,375623380,,cycles,100174064,100.00,,
10.320779819,1230,,rD044,100199214,100.00,,
10.320779819,79665370,,rFF44,100199394,100.00,,
10.320779819,1349384771,,instructions,100199564,100.00,3.59,insn per cycle
10.320779819,375748107,,cycles,100199984,100.00,,
10.420983282,1239,,rD044,100202635,100.00,,
10.420983282,79515209,,rFF44,100202755,100.00,,
10.420983282,1346883361,,instructions,100202715,100.00,3.58,insn per cycle
10.420983282,375758056,,cycles,100202635,100.00,,
10.521186605,1686,,rD044,100202285,100.00,,
10.521186605,79687742,,rFF44,100202275,100.00,,
10.521186605,1349329703,,instructions,100202425,100.00,3.59,insn per cycle
10.521186605,375757661,,cycles,100202455,100.00,,
10.621388678,1364,,rD044,100202065,100.00,,
10.621388678,79637685,,rFF44,100202835,100.00,,
10.621388678,1348916763,,instructions,100202695,100.00,3.59,insn per cycle
10.621388678,375757801,,cycles,100202625,100.00,,
10.721593911,1324,,rD044,100203594,100.00,,
10.721593911,79743113,,rFF44,100202514,100.00,,
10.721593911,1350719221,,instructions,100202455,100.00,3.59,insn per cycle
10.721593911,375757041,,cycles,100202375,100.00,,
10.821795215,1926,,rD044,100201285,100.00,,
10.821795215,79521544,,rFF44,100201355,100.00,,
10.821795215,1346989963,,instructions,100201294,100.00,3.58,insn per cycle
10.821795215,375749721,,cycles,100201134,100.00,,
10.921995709,1702,,rD044,100199265,100.00,,
10.921995709,79514416,,rFF44,100199365,100.00,,
10.921995709,1346455251,,instructions,100199975,100.00,3.58,insn per cycle
10.921995709,375750283,,cycles,100200505,100.00,,
11.022201004,1931,,rD044,100192705,100.00,,
11.022201004,79484718,,rFF44,100192885,100.00,,
11.022201004,1346342437,,instructions,100192465,100.00,3.58,insn per cycle
11.022201004,375688222,,cycles,100192045,100.00,,
11.122403988,2020,,rD044,100201875,100.00,,
11.122403988,79514951,,rFF44,100201505,100.00,,
11.122403988,1346859825,,instructions,100201425,100.00,3.58,insn per cycle
11.122403988,375754446,,cycles,100201585,100.00,,
11.222596152,1953,,rD044,100172784,100.00,,
11.222596152,79463236,,rFF44,100172114,100.00,,
11.222596152,1345800559,,instructions,100172074,100.00,3.58,insn per cycle
11.222596152,375616694,,cycles,100172194,100.00,,
11.322793306,1563,,rD044,100195685,100.00,,
11.322793306,79227684,,rFF44,100196265,100.00,,
11.322793306,1342038638,,instructions,100196365,100.00,3.57,insn per cycle
11.322793306,375733053,,cycles,100195865,100.00,,
11.422994530,1351,,rD044,100201885,100.00,,
11.422994530,79715729,,rFF44,100202375,100.00,,
11.422994530,1350112151,,instructions,100202285,100.00,3.59,insn per cycle
11.422994530,375757193,,cycles,100202515,100.00,,
11.523198274,1903,,rD044,100202484,100.00,,
11.523198274,79229925,,rFF44,100202144,100.00,,
11.523198274,1342087713,,instructions,100202365,100.00,3.57,insn per cycle
11.523198274,375759170,,cycles,100202825,100.00,,
11.623401319,1377,,rD044,100202125,100.00,,
11.623401319,79520444,,rFF44,100202455,100.00,,
11.623401319,1346518389,,instructions,100202354,100.00,3.58,insn per cycle
11.623401319,375754818,,cycles,100201874,100.00,,
11.723629733,1665,,rD044,100227985,100.00,,
11.723629733,79420231,,rFF44,100227315,100.00,,
11.723629733,1345281276,,instructions,100227135,100.00,3.58,insn per cycle
11.723629733,375849915,,cycles,100227125,100.00,,
11.823828417,1293,,rD044,100197985,100.00,,
11.823828417,79580438,,rFF44,100198395,100.00,,
11.823828417,1347952360,,instructions,100198405,100.00,3.59,insn per cycle
11.823828417,375741761,,cycles,100198295,100.00,,
11.924030061,1482,,rD044,100200765,100.00,,
11.924030061,79533959,,rFF44,100200565,100.00,,
11.924030061,1347183624,,instructions,100200315,100.00,3.59,insn per cycle
11.924030061,375749858,,cycles,100200425,100.00,,
12.024231766,1566,,rD044,100201214,100.00,,
12.024231766,79592403,,rFF44,100200944,100.00,,
12.024231766,1348145109,,instructions,100201514,100.00,3.59,insn per cycle
12.024231766,375754574,,cycles,100201714,100.00,,
12.124431370,1440,,rD044,100198655,100.00,,
12.124431370,79494639,,rFF44,100199065,100.00,,
12.124431370,1346203373,,instructions,100198875,100.00,3.58,insn per cycle
12.124431370,375744250,,cycles,100198965,100.00,,
12.224631034,1520,,rD044,100183945,100.00,,
12.224631034,79484218,,rFF44,100183845,100.00,,
12.224631034,1346364513,,instructions,100183525,100.00,3.58,insn per cycle
12.224631034,375658208,,cycles,100183375,100.00,,
12.324833558,1845,,rD044,100201305,100.00,,
12.324833558,79307074,,rFF44,100201265,100.00,,
12.324833558,1343133354,,instructions,100201585,100.00,3.57,insn per cycle
12.324833558,375753399,,cycles,100201385,100.00,,
12.425036302,1467,,rD044,100202554,100.00,,
12.425036302,79568908,,rFF44,100203054,100.00,,
12.425036302,1347777143,,instructions,100202604,100.00,3.59,insn per cycle
12.425036302,375757963,,cycles,100202614,100.00,,
12.525238226,1562,,rD044,100201625,100.00,,
12.525238226,79297670,,rFF44,100201935,100.00,,
12.525238226,1343158400,,instructions,100202315,100.00,3.57,insn per cycle
12.525238226,375758340,,cycles,100202625,100.00,,
12.625469541,1436,,rD044,100230155,100.00,,
12.625469541,79653238,,rFF44,100229585,100.00,,
12.625469541,1349201033,,instructions,100229515,100.00,3.59,insn per cycle
12.625469541,375857814,,cycles,100229325,100.00,,
12.725669375,1559,,rD044,100199045,100.00,,
12.725669375,79343074,,rFF44,100199275,100.00,,
12.725669375,1343955861,,instructions,100199345,100.00,3.58,insn per cycle
12.725669375,375744997,,cycles,100199135,100.00,,
12.825870629,1395,,rD044,100201095,100.00,,
12.825870629,79573775,,rFF44,100200955,100.00,,
12.825870629,1347416282,,instructions,100201035,100.00,3.59,insn per cycle
12.825870629,375751853,,cycles,100200995,100.00,,
12.926072553,1365,,rD044,100200794,100.00,,
12.926072553,79297519,,rFF44,100201064,100.00,,
12.926072553,1343199606,,instructions,100200954,100.00,3.57,insn per cycle
12.926072553,375751904,,cycles,100200994,100.00,,
13.026273388,1436,,rD044,100200065,100.00,,
13.026273388,79558618,,rFF44,100199825,100.00,,
13.026273388,1347566548,,instructions,100200005,100.00,3.59,insn per cycle
13.026273388,375749594,,cycles,100200355,100.00,,
13.126486602,1300,,rD044,100212955,100.00,,
13.126486602,79381294,,rFF44,100213365,100.00,,
13.126486602,1344571219,,instructions,100213345,100.00,3.58,insn per cycle
13.126486602,375798369,,cycles,100213395,100.00,,
13.226682006,1434,,rD044,100176185,100.00,,
13.226682006,79548703,,rFF44,100175275,100.00,,
13.226682006,1347409214,,instructions,100175095,100.00,3.59,insn per cycle
13.226682006,375625124,,cycles,100174655,100.00,,
13.326882250,1675,,rD044,100199704,100.00,,
13.326882250,79571735,,rFF44,100200224,100.00,,
13.326882250,1347645217,,instructions,100200454,100.00,3.59,insn per cycle
13.326882250,375750979,,cycles,100200664,100.00,,
13.427085144,1668,,rD044,100201965,100.00,,
13.427085144,79383589,,rFF44,100201525,100.00,,
13.427085144,1344679079,,instructions,100201485,100.00,3.58,insn per cycle
13.427085144,375753951,,cycles,100201635,100.00,,
13.527286198,1673,,rD044,100200325,100.00,,
13.527286198,79551002,,rFF44,100200845,100.00,,
13.527286198,1347122435,,instructions,100200765,100.00,3.59,insn per cycle
13.527286198,375751013,,cycles,100200665,100.00,,
13.627519443,1661,,rD044,100233065,100.00,,
13.627519443,79329647,,rFF44,100232515,100.00,,
13.627519443,1343664188,,instructions,100232485,100.00,3.57,insn per cycle
13.627519443,375868081,,cycles,100232065,100.00,,
13.727717127,1332,,rD044,100196834,100.00,,
13.727717127,79538437,,rFF44,100196964,100.00,,
13.727717127,1347282784,,instructions,100197125,100.00,3.59,insn per cycle
13.727717127,375738449,,cycles,100197395,100.00,,
13.827916831,1517,,rD044,100198625,100.00,,
13.827916831,79394351,,rFF44,100198405,100.00,,
13.827916831,1344787548,,instructions,100198344,100.00,3.58,insn per cycle
13.827916831,375742460,,cycles,100198474,100.00,,
13.928115825,1164,,rD044,100198595,100.00,,
13.928115825,79556637,,rFF44,100198985,100.00,,
13.928115825,1347588556,,instructions,100199115,100.00,3.59,insn per cycle
13.928115825,375744983,,cycles,100199155,100.00,,
14.028319389,1661,,rD044,100216515,100.00,,
14.028319389,79468477,,rFF44,100216115,100.00,,
14.028319389,1345684987,,instructions,100215905,100.00,3.58,insn per cycle
14.028319389,375808337,,cycles,100215965,100.00,,
14.128535754,1532,,rD044,100202555,100.00,,
14.128535754,79575547,,rFF44,100202965,100.00,,
14.128535754,1347866933,,instructions,100202725,100.00,3.59,insn per cycle
14.128535754,375758286,,cycles,100202645,100.00,,
14.228738558,1555,,rD044,100186494,100.00,,
14.228738558,79284000,,rFF44,100186504,100.00,,
14.228738558,1342826806,,instructions,100186804,100.00,3.57,insn per cycle
14.228738558,375673162,,cycles,100186784,100.00,,
14.328940992,1171,,rD044,100201395,100.00,,
14.328940992,79587227,,rFF44,100201195,100.00,,
14.328940992,1348055504,,instructions,100201565,100.00,3.59,insn per cycle
14.328940992,375752563,,cycles,100201165,100.00,,
14.429143366,1424,,rD044,100201565,100.00,,
14.429143366,79208750,,rFF44,100201645,100.00,,
14.429143366,1341589924,,instructions,100201155,100.00,3.57,insn per cycle
14.429143366,375753090,,cycles,100201305,100.00,,
14.529344270,1376,,rD044,100200615,100.00,,
14.529344270,79628984,,rFF44,100200355,100.00,,
14.529344270,1348756343,,instructions,100200665,100.00,3.59,insn per cycle
14.529344270,375750826,,cycles,100200705,100.00,,
14.629547825,1675,,rD044,100202894,100.00,,
14.629547825,79330574,,rFF44,100203504,100.00,,
14.629547825,1343807914,,instructions,100203264,100.00,3.58,insn per cycle
14.629547825,375761467,,cycles,100203454,100.00,,
14.729749879,1352,,rD044,100201025,100.00,,
14.729749879,79679338,,rFF44,100200855,100.00,,
14.729749879,1349152282,,instructions,100200875,100.00,3.59,insn per cycle
14.729749879,375752078,,cycles,100201135,100.00,,
14.829951443,1389,,rD044,100200855,100.00,,
14.829951443,79453921,,rFF44,100200705,100.00,,
14.829951443,1345821867,,instructions,100200515,100.00,3.58,insn per cycle
14.829951443,375748996,,cycles,100200215,100.00,,
14.930156717,1842,,rD044,100204635,100.00,,
14.930156717,79579323,,rFF44,100204885,100.00,,
14.930156717,1347909523,,instructions,100205085,100.00,3.59,insn per cycle
14.930156717,375769242,,cycles,100205615,100.00,,
15.030360112,2175,,rD044,100188264,100.00,,
15.030360112,79352826,,rFF44,100187844,100.00,,
15.030360112,1344094371,,instructions,100187874,100.00,3.58,insn per cycle
15.030360112,375675804,,cycles,100187394,100.00,,
15.130562186,2000,,rD044,100201005,100.00,,
15.130562186,79446331,,rFF44,100201055,100.00,,
15.130562186,1345402580,,instructions,100201165,100.00,3.58,insn per cycle
15.130562186,375752702,,cycles,100201195,100.00,,
15.230766170,1675,,rD044,100188645,100.00,,
15.230766170,79552706,,rFF44,100188585,100.00,,
15.230766170,1347475466,,instructions,100188395,100.00,3.59,insn per cycle
15.230766170,375679311,,cycles,100188135,100.00,,
15.330965784,1554,,rD044,100198555,100.00,,
15.330965784,79501877,,rFF44,100198715,100.00,,
15.330965784,1346670913,,instructions,100198395,100.00,3.58,insn per cycle
15.330965784,375742744,,cycles,100198525,100.00,,
15.431191528,958,,rD044,100225385,100.00,,
15.431191528,79749274,,rFF44,100225645,100.00,,
15.431191528,1350565032,,instructions,100225915,100.00,3.59,insn per cycle
15.431191528,375846033,,cycles,100226085,100.00,,
15.531387173,1368,,rD044,100194544,100.00,,
15.531387173,79602089,,rFF44,100194024,100.00,,
15.531387173,1348325640,,instructions,100194254,100.00,3.59,insn per cycle
15.531387173,375727246,,cycles,100194334,100.00,,
15.631589177,1420,,rD044,100200855,100.00,,
15.631589177,79652935,,rFF44,100201305,100.00,,
15.631589177,1349071613,,instructions,100201395,100.00,3.59,insn per cycle
15.631589177,375751439,,cycles,100200985,100.00,,
15.731789561,1345,,rD044,100201005,100.00,,
15.731789561,79602019,,rFF44,100200405,100.00,,
15.731789561,1348341332,,instructions,100200215,100.00,3.59,insn per cycle
15.731789561,375749583,,cycles,100200345,100.00,,
15.831992585,1319,,rD044,100201995,100.00,,
15.831992585,79593517,,rFF44,100202265,100.00,,
15.831992585,1347769896,,instructions,100202005,100.00,3.59,insn per cycle
15.831992585,375755670,,cycles,100201855,100.00,,
15.932193919,1100,,rD044,100200234,100.00,,
15.932193919,79658127,,rFF44,100200164,100.00,,
15.932193919,1349275578,,instructions,100200784,100.00,3.59,insn per cycle
15.932193919,375751679,,cycles,100201094,100.00,,
16.032393023,1595,,rD044,100199015,100.00,,
16.032393023,79567055,,rFF44,100199035,100.00,,
16.032393023,1347731129,,instructions,100198725,100.00,3.59,insn per cycle
16.032393023,375742759,,cycles,100198555,100.00,,
16.132594747,1551,,rD044,100201025,100.00,,
16.132594747,79695545,,rFF44,100201265,100.00,,
16.132594747,1349914157,,instructions,100201325,100.00,3.59,insn per cycle
16.132594747,375754319,,cycles,100201645,100.00,,
16.232793582,1475,,rD044,100181575,100.00,,
16.232793582,79568159,,rFF44,100180965,100.00,,
16.232793582,1347750950,,instructions,100180895,100.00,3.59,insn per cycle
16.232793582,375647169,,cycles,100180445,100.00,,
16.332993206,1344,,rD044,100199354,100.00,,
16.332993206,79626052,,rFF44,100200034,100.00,,
16.332993206,1348337750,,instructions,100199924,100.00,3.59,insn per cycle
16.332993206,375749021,,cycles,100200224,100.00,,
16.433194340,1413,,rD044,100199885,100.00,,
16.433194340,79598554,,rFF44,100199635,100.00,,
16.433194340,1348258491,,instructions,100199365,100.00,3.59,insn per cycle
16.433194340,375745809,,cycles,100199225,100.00,,
16.533389184,1495,,rD044,100194885,100.00,,
16.533389184,79544678,,rFF44,100194855,100.00,,
16.533389184,1347249120,,instructions,100195095,100.00,3.59,insn per cycle
16.533389184,375716055,,cycles,100195115,100.00,,
16.633591138,1610,,rD044,100201124,100.00,,
16.633591138,79545658,,rFF44,100201655,100.00,,
16.633591138,1347364964,,instructions,100201595,100.00,3.59,insn per cycle
16.633591138,375754064,,cycles,100201575,100.00,,
16.733793902,1584,,rD044,100202185,100.00,,
16.733793902,79580917,,rFF44,100201984,100.00,,
16.733793902,1347973803,,instructions,100202204,100.00,3.59,insn per cycle
16.733793902,375757660,,cycles,100202524,100.00,,
16.833995757,1258,,rD044,100200995,100.00,,
16.833995757,79699176,,rFF44,100200995,100.00,,
16.833995757,1349746276,,instructions,100200785,100.00,3.59,insn per cycle
16.833995757,375749744,,cycles,100200345,100.00,,
16.934197851,1496,,rD044,100201555,100.00,,
16.934197851,79585980,,rFF44,100201285,100.00,,
16.934197851,1348071339,,instructions,100201365,100.00,3.59,insn per cycle
16.934197851,375753533,,cycles,100201485,100.00,,
17.034400815,1396,,rD044,100202185,100.00,,
17.034400815,79618596,,rFF44,100201885,100.00,,
17.034400815,1348326935,,instructions,100201785,100.00,3.59,insn per cycle
17.034400815,375755232,,cycles,100201875,100.00,,
17.134605239,1675,,rD044,100203784,100.00,,
17.134605239,79623102,,rFF44,100204084,100.00,,
17.134605239,1348689087,,instructions,100204064,100.00,3.59,insn per cycle
17.134605239,375762997,,cycles,100203964,100.00,,
17.234807423,1576,,rD044,100185915,100.00,,
17.234807423,79481723,,rFF44,100186205,100.00,,
17.234807423,1346283348,,instructions,100186175,100.00,3.58,insn per cycle
17.234807423,375667423,,cycles,100186145,100.00,,
17.335034568,1179,,rD044,100226445,100.00,,
17.335034568,79667280,,rFF44,100226735,100.00,,
17.335034568,1349363206,,instructions,100226925,100.00,3.59,insn per cycle
17.335034568,375850858,,cycles,100227385,100.00,,
17.435235812,1523,,rD044,100200855,100.00,,
17.435235812,79572514,,rFF44,100200715,100.00,,
17.435235812,1347849226,,instructions,100200575,100.00,3.59,insn per cycle
17.435235812,375749058,,cycles,100200235,100.00,,
17.535429156,1375,,rD044,100191904,100.00,,
17.535429156,79656303,,rFF44,100191314,100.00,,
17.535429156,1348806017,,instructions,100191564,100.00,3.59,insn per cycle
17.535429156,375716881,,cycles,100191644,100.00,,
17.635631120,1441,,rD044,100201775,100.00,,
17.635631120,79598546,,rFF44,100202225,100.00,,
17.635631120,1348255477,,instructions,100201995,100.00,3.59,insn per cycle
17.635631120,375757030,,cycles,100202365,100.00,,
17.735832454,1867,,rD044,100200855,100.00,,
17.735832454,79539717,,rFF44,100200235,100.00,,
17.735832454,1347266123,,instructions,100200565,100.00,3.59,insn per cycle
17.735832454,375747483,,cycles,100199815,100.00,,
17.836032329,1424,,rD044,100198715,100.00,,
17.836032329,79690269,,rFF44,100198905,100.00,,
17.836032329,1349818969,,instructions,100198485,100.00,3.59,insn per cycle
17.836032329,375743884,,cycles,100198845,100.00,,
17.936231103,1263,,rD044,100197964,100.00,,
17.936231103,79467742,,rFF44,100198274,100.00,,
17.936231103,1346119393,,instructions,100198494,100.00,3.58,insn per cycle
17.936231103,375742150,,cycles,100198394,100.00,,
18.036431117,1333,,rD044,100199525,100.00,,
18.036431117,79469856,,rFF44,100199085,100.00,,
18.036431117,1345753745,,instructions,100198905,100.00,3.58,insn per cycle
18.036431117,375744336,,cycles,100198815,100.00,,
18.136630451,1714,,rD044,100198645,100.00,,
18.136630451,79571186,,rFF44,100199015,100.00,,
18.136630451,1347825666,,instructions,100199585,100.00,3.59,insn per cycle
18.136630451,375747181,,cycles,100199895,100.00,,
18.236830605,1397,,rD044,100182325,100.00,,
18.236830605,79639016,,rFF44,100182565,100.00,,
18.236830605,1348803423,,instructions,100182375,100.00,3.59,insn per cycle
18.236830605,375652397,,cycles,100182305,100.00,,
18.337030959,1375,,rD044,100199714,100.00,,
18.337030959,79292243,,rFF44,100199724,100.00,,
18.337030959,1343050754,,instructions,100199264,100.00,3.57,insn per cycle
18.337030959,375744456,,cycles,100198994,100.00,,
18.437232493,1252,,rD044,100200705,100.00,,
18.437232493,79626616,,rFF44,100200155,100.00,,
18.437232493,1348613621,,instructions,100200735,100.00,3.59,insn per cycle
18.437232493,375749987,,cycles,100200525,100.00,,
18.537420847,1430,,rD044,100188125,100.00,,
18.537420847,79547600,,rFF44,100188655,100.00,,
18.537420847,1347446325,,instructions,100187965,100.00,3.59,insn per cycle
18.537420847,375704196,,cycles,100188245,100.00,,
18.637622752,1493,,rD044,100200995,100.00,,
18.637622752,79523722,,rFF44,100200645,100.00,,
18.637622752,1346986081,,instructions,100200995,100.00,3.58,insn per cycle
18.637622752,375753158,,cycles,100201185,100.00,,
18.737824666,1589,,rD044,100201644,100.00,,
18.737824666,79466188,,rFF44,100201664,100.00,,
18.737824666,1345605510,,instructions,100201444,100.00,3.58,insn per cycle
18.737824666,375751262,,cycles,100200984,100.00,,
18.838023840,1421,,rD044,100198705,100.00,,
18.838023840,79530953,,rFF44,100198575,100.00,,
18.838023840,1347144419,,instructions,100198695,100.00,3.59,insn per cycle
18.838023840,375744014,,cycles,100198885,100.00,,
18.938224654,2151,,rD044,100200075,100.00,,
18.938224654,79369768,,rFF44,100200525,100.00,,
18.938224654,1344372900,,instructions,100200465,100.00,3.58,insn per cycle
18.938224654,375751221,,cycles,100200815,100.00,,
19.038424758,1793,,rD044,100184655,100.00,,
19.038424758,79505268,,rFF44,100184425,100.00,,
19.038424758,1346663855,,instructions,100184985,100.00,3.58,insn per cycle
19.038424758,375664264,,cycles,100184885,100.00,,
19.138626982,1874,,rD044,100201594,100.00,,
19.138626982,79443114,,rFF44,100201414,100.00,,
19.138626982,1345355342,,instructions,100201124,100.00,3.58,insn per cycle
19.138626982,375752540,,cycles,100201014,100.00,,
19.238855637,1706,,rD044,100212885,100.00,,
19.238855637,79529411,,rFF44,100213245,100.00,,
19.238855637,1347087686,,instructions,100213225,100.00,3.58,insn per cycle
19.238855637,375770440,,cycles,100213395,100.00,,
19.339056701,1715,,rD044,100199665,100.00,,
19.339056701,79298900,,rFF44,100199125,100.00,,
19.339056701,1343244075,,instructions,100199005,100.00,3.57,insn per cycle
19.339056701,375744651,,cycles,100199065,100.00,,
19.439260325,1749,,rD044,100202475,100.00,,
19.439260325,79578833,,rFF44,100202935,100.00,,
19.439260325,1347694549,,instructions,100202865,100.00,3.59,insn per cycle
19.439260325,375758993,,cycles,100202865,100.00,,
19.539466479,1256,,rD044,100205415,100.00,,
19.539466479,79393723,,rFF44,100204925,100.00,,
19.539466479,1344786734,,instructions,100205045,100.00,3.58,insn per cycle
19.539466479,375764498,,cycles,100204365,100.00,,
19.639665664,1593,,rD044,100198124,100.00,,
19.639665664,79725593,,rFF44,100198694,100.00,,
19.639665664,1350312719,,instructions,100198644,100.00,3.59,insn per cycle
19.639665664,375745065,,cycles,100199184,100.00,,
19.739865648,1420,,rD044,100200285,100.00,,
19.739865648,79495590,,rFF44,100200115,100.00,,
19.739865648,1346606478,,instructions,100200145,100.00,3.58,insn per cycle
19.739865648,375749068,,cycles,100200225,100.00,,
19.840065282,1840,,rD044,100198805,100.00,,
19.840065282,79264380,,rFF44,100198465,100.00,,
19.840065282,1342120096,,instructions,100198215,100.00,3.57,insn per cycle
19.840065282,375740555,,cycles,100197955,100.00,,
19.940265716,1065,,rD044,100199885,100.00,,
19.940265716,79687043,,rFF44,100199745,100.00,,
19.940265716,1349778516,,instructions,100199945,100.00,3.59,insn per cycle
19.940265716,375749685,,cycles,100200395,100.00,,
20.040475510,1485,,rD044,100208894,100.00,,
20.040475510,79292753,,rFF44,100208644,100.00,,
20.040475510,1343184941,,instructions,100208554,100.00,3.57,insn per cycle
20.040475510,375778948,,cycles,100208054,100.00,,
20.140675914,1605,,rD044,100199355,100.00,,
20.140675914,79611957,,rFF44,100199865,100.00,,
20.140675914,1348387875,,instructions,100200185,100.00,3.59,insn per cycle
20.140675914,375749522,,cycles,100200525,100.00,,
20.240876209,1371,,rD044,100184635,100.00,,
20.240876209,79564998,,rFF44,100184945,100.00,,
20.240876209,1347689763,,instructions,100184785,100.00,3.59,insn per cycle
20.240876209,375661964,,cycles,100184585,100.00,,
20.341079183,1425,,rD044,100201165,100.00,,
20.341079183,79611661,,rFF44,100200925,100.00,,
20.341079183,1348301841,,instructions,100200905,100.00,3.59,insn per cycle
20.341079183,375752655,,cycles,100201165,100.00,,
20.441278347,1578,,rD044,100198454,100.00,,
20.441278347,79279631,,rFF44,100198404,100.00,,
20.441278347,1342878314,,instructions,100198264,100.00,3.57,insn per cycle
20.441278347,375739968,,cycles,100197864,100.00,,
20.541498801,1510,,rD044,100220445,100.00,,
20.541498801,79577843,,rFF44,100220885,100.00,,
20.541498801,1347669647,,instructions,100221175,100.00,3.59,insn per cycle
20.541498801,375827970,,cycles,100221255,100.00,,
20.641701385,1682,,rD044,100202025,100.00,,
20.641701385,79369950,,rFF44,100201495,100.00,,
20.641701385,1344353681,,instructions,100201015,100.00,3.58,insn per cycle
20.641701385,375752070,,cycles,100201055,100.00,,
20.741905700,1474,,rD044,100203515,100.00,,
20.741905700,79555276,,rFF44,100203855,100.00,,
20.741905700,1347514907,,instructions,100204385,100.00,3.59,insn per cycle
20.741905700,375765000,,cycles,100204375,100.00,,
20.842107134,1105,,rD044,100200454,100.00,,
20.842107134,79637088,,rFF44,100200254,100.00,,
20.842107134,1348936705,,instructions,100200064,100.00,3.59,insn per cycle
20.842107134,375747675,,cycles,100199964,100.00,,
20.942308588,1106,,rD044,100200495,100.00,,
20.942308588,79611952,,rFF44,100200375,100.00,,
20.942308588,1348468013,,instructions,100200455,100.00,3.59,insn per cycle
20.942308588,375782696,,cycles,100209205,100.00,,
21.042520052,1190,,rD044,100210795,100.00,,
21.042520052,79430864,,rFF44,100211225,100.00,,
21.042520052,1344979579,,instructions,100211345,100.00,3.58,insn per cycle
21.042520052,375758304,,cycles,100202705,100.00,,
21.142750647,1576,,rD044,100230485,100.00,,
21.142750647,79491678,,rFF44,100229855,100.00,,
21.142750647,1346513087,,instructions,100229485,100.00,3.58,insn per cycle
21.142750647,375858616,,cycles,100229455,100.00,,
21.242951171,1641,,rD044,100182145,100.00,,
21.242951171,79354744,,rFF44,100183165,100.00,,
21.242951171,1344018115,,instructions,100183975,100.00,3.58,insn per cycle
21.242951171,375662416,,cycles,100184495,100.00,,
21.343152285,1308,,rD044,100200714,100.00,,
21.343152285,79602342,,rFF44,100200574,100.00,,
21.343152285,1348317165,,instructions,100199994,100.00,3.59,insn per cycle
21.343152285,375747016,,cycles,100199684,100.00,,
21.443354249,1774,,rD044,100202335,100.00,,
21.443354249,79541061,,rFF44,100201725,100.00,,
21.443354249,1347337722,,instructions,100201745,100.00,3.59,insn per cycle
21.443354249,375753954,,cycles,100201545,100.00,,
21.543556994,1433,,rD044,100200105,100.00,,
21.543556994,79417623,,rFF44,100199945,100.00,,
21.543556994,1344990934,,instructions,100199825,100.00,3.58,insn per cycle
21.543556994,375748420,,cycles,100200065,100.00,,
21.643753878,1726,,rD044,100197535,100.00,,
21.643753878,79594488,,rFF44,100197735,100.00,,
21.643753878,1348227719,,instructions,100197635,100.00,3.59,insn per cycle
21.643753878,375739716,,cycles,100197695,100.00,,
21.743955442,1400,,rD044,100200614,100.00,,
21.743955442,79411364,,rFF44,100200604,100.00,,
21.743955442,1344793013,,instructions,100200954,100.00,3.58,insn per cycle
21.743955442,375751632,,cycles,100200964,100.00,,
21.844155576,1459,,rD044,100199485,100.00,,
21.844155576,79560912,,rFF44,100199515,100.00,,
21.844155576,1347613734,,instructions,100199255,100.00,3.59,insn per cycle
21.844155576,375744312,,cycles,100198905,100.00,,
21.944356750,1625,,rD044,100200105,100.00,,
21.944356750,79544275,,rFF44,100199595,100.00,,
21.944356750,1347345044,,instructions,100199445,100.00,3.59,insn per cycle
21.944356750,375746450,,cycles,100199605,100.00,,
22.044555664,1248,,rD044,100198655,100.00,,
22.044555664,79607188,,rFF44,100198965,100.00,,
22.044555664,1348441777,,instructions,100198945,100.00,3.59,insn per cycle
22.044555664,375744576,,cycles,100198905,100.00,,
22.144755088,1608,,rD044,100198534,100.00,,
22.144755088,79301057,,rFF44,100198244,100.00,,
22.144755088,1343193713,,instructions,100198384,100.00,3.57,insn per cycle
22.144755088,375741962,,cycles,100198474,100.00,,
22.244954082,1281,,rD044,100183405,100.00,,
22.244954082,79640034,,rFF44,100183935,100.00,,
22.244954082,1348547952,,instructions,100183845,100.00,3.59,insn per cycle
22.244954082,375660811,,cycles,100183965,100.00,,
22.345155457,1642,,rD044,100200655,100.00,,
22.345155457,79435793,,rFF44,100200475,100.00,,
22.345155457,1345577927,,instructions,100200595,100.00,3.58,insn per cycle
22.345155457,375747575,,cycles,100199845,100.00,,
22.445357421,1568,,rD044,100201535,100.00,,
22.445357421,79637070,,rFF44,100201475,100.00,,
22.445357421,1348772448,,instructions,100201425,100.00,3.59,insn per cycle
22.445357421,375755411,,cycles,100201925,100.00,,
22.545557345,1604,,rD044,100198914,100.00,,
22.545557345,79558206,,rFF44,100198954,100.00,,
22.545557345,1347589680,,instructions,100199054,100.00,3.59,insn per cycle
22.545557345,375744354,,cycles,100198984,100.00,,
22.645759619,1714,,rD044,100201225,100.00,,
22.645759619,79481894,,rFF44,100201485,100.00,,
22.645759619,1346077638,,instructions,100201475,100.00,3.58,insn per cycle
22.645759619,375753322,,cycles,100201365,100.00,,
22.745961653,1434,,rD044,100201835,100.00,,
22.745961653,79510154,,rFF44,100201245,100.00,,
22.745961653,1346793370,,instructions,100201065,100.00,3.58,insn per cycle
22.745961653,375752798,,cycles,100201115,100.00,,
22.846162868,1362,,rD044,100200245,100.00,,
22.846162868,79571121,,rFF44,100200655,100.00,,
22.846162868,1347828037,,instructions,100200785,100.00,3.59,insn per cycle
22.846162868,375751603,,cycles,100201035,100.00,,
22.946364452,1987,,rD044,100201194,100.00,,
22.946364452,79625710,,rFF44,100201234,100.00,,
22.946364452,1348370743,,instructions,100201194,100.00,3.59,insn per cycle
22.946364452,375754359,,cycles,100201654,100.00,,
23.046596476,1920,,rD044,100218575,100.00,,
23.046596476,79502991,,rFF44,100218795,100.00,,
23.046596476,1346624535,,instructions,100218755,100.00,3.58,insn per cycle
23.046596476,375789943,,cycles,100218075,100.00,,
23.146784610,1906,,rD044,100186985,100.00,,
23.146784610,79523321,,rFF44,100186875,100.00,,
23.146784610,1347006509,,instructions,100187195,100.00,3.59,insn per cycle
23.146784610,375700457,,cycles,100187295,100.00,,
23.246987794,1813,,rD044,100186595,100.00,,
23.246987794,79458188,,rFF44,100186615,100.00,,
23.246987794,1345871019,,instructions,100186415,100.00,3.58,insn per cycle
23.246987794,375668315,,cycles,100186375,100.00,,
23.347191379,1398,,rD044,100203315,100.00,,
23.347191379,79567136,,rFF44,100203095,100.00,,
23.347191379,1347307452,,instructions,100203395,100.00,3.59,insn per cycle
23.347191379,375761452,,cycles,100203545,100.00,,
23.447389743,1262,,rD044,100197064,100.00,,
23.447389743,79612022,,rFF44,100197384,100.00,,
23.447389743,1348517446,,instructions,100197074,100.00,3.59,insn per cycle
23.447389743,375737691,,cycles,100197194,100.00,,
23.547593717,1236,,rD044,100203505,100.00,,
23.547593717,79594399,,rFF44,100203795,100.00,,
23.547593717,1348176802,,instructions,100203825,100.00,3.59,insn per cycle
23.547593717,375762582,,cycles,100203845,100.00,,
23.647796951,1539,,rD044,100201735,100.00,,
23.647796951,79709163,,rFF44,100201265,100.00,,
23.647796951,1350037125,,instructions,100201275,100.00,3.59,insn per cycle
23.647796951,375753293,,cycles,100201365,100.00,,
23.747997565,1252,,rD044,100200625,100.00,,
23.747997565,79633739,,rFF44,100201325,100.00,,
23.747997565,1348880984,,instructions,100201155,100.00,3.59,insn per cycle
23.747997565,375751493,,cycles,100200885,100.00,,
23.848201479,1397,,rD044,100203494,100.00,,
23.848201479,79640652,,rFF44,100203324,100.00,,
23.848201479,1348704930,,instructions,100203544,100.00,3.59,insn per cycle
23.848201479,375764156,,cycles,100203994,100.00,,
23.948404234,1335,,rD044,100201785,100.00,,
23.948404234,79655747,,rFF44,100201355,100.00,,
23.948404234,1349243284,,instructions,100201385,100.00,3.59,insn per cycle
23.948404234,375751544,,cycles,100201155,100.00,,
24.048605478,1229,,rD044,100200905,100.00,,
24.048605478,79590972,,rFF44,100200685,100.00,,
24.048605478,1347925447,,instructions,100200225,100.00,3.59,insn per cycle
24.048605478,375746959,,cycles,100199665,100.00,,
24.148804042,1387,,rD044,100197605,100.00,,
24.148804042,79637069,,rFF44,100197585,100.00,,
24.148804042,1348913652,,instructions,100197705,100.00,3.59,insn per cycle
24.148804042,375740563,,cycles,100197975,100.00,,
24.249003456,1404,,rD044,100181894,100.00,,
24.249003456,79557602,,rFF44,100181874,100.00,,
24.249003456,1347570203,,instructions,100182054,100.00,3.59,insn per cycle
24.249003456,375653634,,cycles,100182524,100.00,,
24.349207990,1545,,rD044,100204705,100.00,,
24.349207990,79621873,,rFF44,100204655,100.00,,
24.349207990,1348548018,,instructions,100204625,100.00,3.59,insn per cycle
24.349207990,375763486,,cycles,100204205,100.00,,
24.449408764,1479,,rD044,100200265,100.00,,
24.449408764,79659041,,rFF44,100200215,100.00,,
24.449408764,1349302106,,instructions,100200065,100.00,3.59,insn per cycle
24.449408764,375748381,,cycles,100200055,100.00,,
24.549610249,1327,,rD044,100200935,100.00,,
24.549610249,79613845,,rFF44,100201595,100.00,,
24.549610249,1348150820,,instructions,100201975,100.00,3.59,insn per cycle
24.549610249,375755853,,cycles,100201945,100.00,,
24.649812903,1505,,rD044,100201644,100.00,,
24.649812903,79629039,,rFF44,100200884,100.00,,
24.649812903,1348774048,,instructions,100200474,100.00,3.59,insn per cycle
24.649812903,375751718,,cycles,100200884,100.00,,
24.750015237,1458,,rD044,100201705,100.00,,
24.750015237,79542359,,rFF44,100202215,100.00,,
24.750015237,1347308016,,instructions,100202645,100.00,3.59,insn per cycle
24.750015237,375756660,,cycles,100202435,100.00,,
24.850220581,1495,,rD044,100205035,100.00,,
24.850220581,79642855,,rFF44,100205595,100.00,,
24.850220581,1349004464,,instructions,100205455,100.00,3.59,insn per cycle
24.850220581,375754205,,cycles,100205395,100.00,,
24.950437166,1404,,rD044,100216365,100.00,,
24.950437166,79585058,,rFF44,100215705,100.00,,
24.950437166,1348040791,,instructions,100215735,100.00,3.59,insn per cycle
24.950437166,375807503,,cycles,100215735,100.00,,
25.050640680,1451,,rD044,100202274,100.00,,
25.050640680,79680704,,rFF44,100202254,100.00,,
25.050640680,1349250396,,instructions,100202074,100.00,3.59,insn per cycle
25.050640680,375754878,,cycles,100201744,100.00,,
25.150841864,1220,,rD044,100200335,100.00,,
25.150841864,79613701,,rFF44,100200725,100.00,,
25.150841864,1348527337,,instructions,100200705,100.00,3.59,insn per cycle
25.150841864,375751011,,cycles,100200885,100.00,,
25.251045088,1450,,rD044,100189835,100.00,,
25.251045088,79574286,,rFF44,100189565,100.00,,
25.251045088,1347768987,,instructions,100189805,100.00,3.59,insn per cycle
25.251045088,375683882,,cycles,100189785,100.00,,
25.351247872,2012,,rD044,100201715,100.00,,
25.351247872,79586435,,rFF44,100202025,100.00,,
25.351247872,1348069161,,instructions,100202175,100.00,3.59,insn per cycle
25.351247872,375753978,,cycles,100202215,100.00,,
25.451461897,1559,,rD044,100213185,100.00,,
25.451461897,79513057,,rFF44,100212665,100.00,,
25.451461897,1346812314,,instructions,100212235,100.00,3.58,insn per cycle
25.451461897,375793857,,cycles,100212215,100.00,,
25.551663261,1399,,rD044,100201004,100.00,,
25.551663261,79618767,,rFF44,100201154,100.00,,
25.551663261,1348367489,,instructions,100201274,100.00,3.59,insn per cycle
25.551663261,375752567,,cycles,100201294,100.00,,
25.651866515,1431,,rD044,100201895,100.00,,
25.651866515,79660244,,rFF44,100201845,100.00,,
25.651866515,1349328085,,instructions,100201915,100.00,3.59,insn per cycle
25.651866515,375755899,,cycles,100201975,100.00,,
25.752067239,1549,,rD044,100199345,100.00,,
25.752067239,79767938,,rFF44,100199625,100.00,,
25.752067239,1350877617,,instructions,100199485,100.00,3.60,insn per cycle
25.752067239,375747212,,cycles,100199825,100.00,,
25.852269743,1516,,rD044,100202775,100.00,,
25.852269743,79606452,,rFF44,100202095,100.00,,
25.852269743,1348398846,,instructions,100202215,100.00,3.59,insn per cycle
25.852269743,375755355,,cycles,100201915,100.00,,
25.952484108,1373,,rD044,100213494,100.00,,
25.952484108,79577130,,rFF44,100213604,100.00,,
25.952484108,1347786368,,instructions,100213534,100.00,3.59,insn per cycle
25.952484108,375798529,,cycles,100213434,100.00,,
26.052681822,1212,,rD044,100197165,100.00,,
26.052681822,79628724,,rFF44,100196885,100.00,,
26.052681822,1348804423,,instructions,100197095,100.00,3.59,insn per cycle
26.052681822,375737350,,cycles,100197105,100.00,,
26.152882996,1430,,rD044,100200355,100.00,,
26.152882996,79580652,,rFF44,100199745,100.00,,
26.152882996,1347961789,,instructions,100199485,100.00,3.59,insn per cycle
26.152882996,375744679,,cycles,100199065,100.00,,
26.253081870,1207,,rD044,100184185,100.00,,
26.253081870,79677387,,rFF44,100185175,100.00,,
26.253081870,1349187531,,instructions,100185245,100.00,3.59,insn per cycle
26.253081870,375668251,,cycles,100185585,100.00,,
26.353283554,1709,,rD044,100200934,100.00,,
26.353283554,79583933,,rFF44,100201064,100.00,,
26.353283554,1348043794,,instructions,100201444,100.00,3.59,insn per cycle
26.353283554,375751370,,cycles,100201584,100.00,,
26.453512509,1245,,rD044,100228555,100.00,,
26.453512509,79712932,,rFF44,100228645,100.00,,
26.453512509,1350209388,,instructions,100228165,100.00,3.59,insn per cycle
26.453512509,375851997,,cycles,100227745,100.00,,
26.553712323,1595,,rD044,100198875,100.00,,
26.553712323,79631853,,rFF44,100198715,100.00,,
26.553712323,1348816438,,instructions,100198565,100.00,3.59,insn per cycle
26.553712323,375744486,,cycles,100199025,100.00,,
26.653910987,1675,,rD044,100197465,100.00,,
26.653910987,79498479,,rFF44,100197955,100.00,,
26.653910987,1346237854,,instructions,100198175,100.00,3.58,insn per cycle
26.653910987,375740604,,cycles,100197985,100.00,,
26.754112001,1395,,rD044,100200234,100.00,,
26.754112001,79443964,,rFF44,100200205,100.00,,
26.754112001,1345661585,,instructions,100199995,100.00,3.58,insn per cycle
26.754112001,375748271,,cycles,100200015,100.00,,
26.854340176,1343,,rD044,100228165,100.00,,
26.854340176,79560770,,rFF44,100227984,100.00,,
26.854340176,1347614765,,instructions,100228384,100.00,3.59,insn per cycle
26.854340176,375856251,,cycles,100228764,100.00,,
26.954543790,2073,,rD044,100202795,100.00,,
26.954543790,79578530,,rFF44,100202995,100.00,,
26.954543790,1347786558,,instructions,100202905,100.00,3.59,insn per cycle
26.954543790,375757946,,cycles,100202665,100.00,,
27.037417998,2463,,rD044,75579636,100.00,,
27.037417998,53145531,,rFF44,75574306,100.00,,
27.037417998,919601587,,instructions,75572076,100.00,3.25,insn per cycle
27.037417998,283260578,,cycles,75569736,100.00,,
