0.100128735,4646312,,rD044,92690048,100.00,,
0.100128735,20450640,,rFF44,92696248,100.00,,
0.100128735,443527583,,instructions,92701378,100.00,1.29,insn per cycle
0.100128735,343631253,,cycles,92706298,100.00,,
0.200434231,5491648,,rD044,100237455,100.00,,
0.200434231,23985199,,rFF44,100237275,100.00,,
0.200434231,505529347,,instructions,100237325,100.00,1.35,insn per cycle
0.200434231,375832169,,cycles,100236635,100.00,,
0.300650367,5485850,,rD044,100152615,100.00,,
0.300650367,23980422,,rFF44,100152835,100.00,,
0.300650367,505487607,,instructions,100153015,100.00,1.35,insn per cycle
0.300650367,375519812,,cycles,100153615,100.00,,
0.400865143,6788618,,rD044,100118205,100.00,,
0.400865143,28797286,,rFF44,100117895,100.00,,
0.400865143,77701882,,instructions,100117835,100.00,0.21,insn per cycle
0.400865143,375365116,,cycles,100117645,100.00,,
0.501102808,6947922,,rD044,100170495,100.00,,
0.501102808,29581844,,rFF44,100170875,100.00,,
0.501102808,36981430,,instructions,100171255,100.00,0.10,insn per cycle
0.501102808,375588851,,cycles,100171505,100.00,,
0.601318494,4033114,,rD044,474435278,100.00,,
0.601318494,52379708,,rFF44,474682688,100.00,,
0.601318494,5931217612,,instructions,474883378,100.00,3.33,insn per cycle
0.601318494,1780947405,,cycles,475077608,100.00,,
0.701629571,942351,,rD044,802466000,100.00,,
0.701629571,72189113,,rFF44,802492500,100.00,,
0.701629571,11122908656,,instructions,802492810,100.00,3.70,insn per cycle
0.701629571,3009254901,,cycles,802496455,100.00,,
0.801964228,644567,,rD044,802521310,100.00,,
0.801964228,70029632,,rFF44,802485897,100.00,,
0.801964228,10851105802,,instructions,802478007,100.00,3.61,insn per cycle
0.801964228,3009209045,,cycles,802475152,100.00,,
0.902270584,1080572,,rD044,802356217,100.00,,
0.902270584,71899416,,rFF44,802348710,100.00,,
0.902270584,11078633638,,instructions,802341320,100.00,3.68,insn per cycle
0.902270584,3008621540,,cycles,802319250,100.00,,
1.002569751,1258066,,rD044,802349920,100.00,,
1.002569751,68740998,,rFF44,802366540,100.00,,
1.002569751,10706087684,,instructions,802373890,100.00,3.56,insn per cycle
1.002569751,3009006669,,cycles,802420590,100.00,,
1.102885258,981008,,rD044,802338109,100.00,,
1.102885258,71726508,,rFF44,802436973,100.00,,
1.102885258,11051849659,,instructions,802455957,100.00,3.67,insn per cycle
1.102885258,3009011415,,cycles,802432167,100.00,,
1.203216905,1413227,,rD044,802512137,100.00,,
1.203216905,69244008,,rFF44,802398873,100.00,,
1.203216905,10765713679,,instructions,802383289,100.00,3.58,insn per cycle
1.203216905,3008884546,,cycles,802393199,100.00,,
1.303526882,1012389,,rD044,802445010,100.00,,
1.303526882,72063755,,rFF44,802454040,100.00,,
1.303526882,11105993314,,instructions,802453890,100.00,3.69,insn per cycle
1.303526882,3009021130,,cycles,802430620,100.00,,
1.403839078,866996,,rD044,802349140,100.00,,
1.403839078,67952662,,rFF44,802345430,100.00,,
1.403839078,10609459089,,instructions,802338930,100.00,3.53,insn per cycle
1.403839078,3009089613,,cycles,802448068,100.00,,
1.504175325,987381,,rD044,802679018,100.00,,
1.504175325,71976490,,rFF44,802672028,100.00,,
1.504175325,11092028526,,instructions,802698148,100.00,3.69,insn per cycle
1.504175325,3009692916,,cycles,802605780,100.00,,
1.604494282,1201000,,rD044,802412860,100.00,,
1.604494282,68788192,,rFF44,802411640,100.00,,
1.604494282,10704773896,,instructions,802384250,100.00,3.56,insn per cycle
1.604494282,3008884919,,cycles,802390260,100.00,,
1.704804299,1246669,,rD044,802382980,100.00,,
1.704804299,71831432,,rFF44,802386350,100.00,,
1.704804299,11070571672,,instructions,802392851,100.00,3.68,insn per cycle
1.704804299,3008857506,,cycles,802384968,100.00,,
1.805124296,1128176,,rD044,802502636,100.00,,
1.805124296,69408471,,rFF44,802500698,100.00,,
1.805124296,10780308912,,instructions,802485787,100.00,3.58,insn per cycle
1.805124296,3009238382,,cycles,802484340,100.00,,
1.905433762,1180061,,rD044,802349971,100.00,,
1.905433762,71315549,,rFF44,802350779,100.00,,
1.905433762,10990880023,,instructions,802362329,100.00,3.65,insn per cycle
1.905433762,3008759722,,cycles,802358169,100.00,,
2.005759449,650247,,rD044,802520460,100.00,,
2.005759449,69065677,,rFF44,802519910,100.00,,
2.005759449,10743282099,,instructions,802529070,100.00,3.57,insn per cycle
2.005759449,3009403927,,cycles,802530517,100.00,,
2.106076736,1070301,,rD044,802354382,100.00,,
2.106076736,71620215,,rFF44,802370528,100.00,,
2.106076736,11038327374,,instructions,802363268,100.00,3.67,insn per cycle
2.106076736,3008737182,,cycles,802355811,100.00,,
2.206382523,860107,,rD044,802371066,100.00,,
2.206382523,68807574,,rFF44,802348380,100.00,,
2.206382523,10691809146,,instructions,802355520,100.00,3.55,insn per cycle
2.206382523,3008786210,,cycles,802362310,100.00,,
2.306688379,785250,,rD044,802368370,100.00,,
2.306688379,71788953,,rFF44,802367670,100.00,,
2.306688379,11065086759,,instructions,802365730,100.00,3.68,insn per cycle
2.306688379,3008759692,,cycles,802357070,100.00,,
2.406992106,841916,,rD044,802357530,100.00,,
2.406992106,68761971,,rFF44,802355050,100.00,,
2.406992106,10702617921,,instructions,802344863,100.00,3.56,insn per cycle
2.406992106,3008760579,,cycles,802350558,100.00,,
2.507293773,1134343,,rD044,802463054,100.00,,
2.507293773,71807399,,rFF44,802479028,100.00,,
2.507293773,11067853781,,instructions,802487145,100.00,3.68,insn per cycle
2.507293773,3009260358,,cycles,802473060,100.00,,
2.607602079,1099207,,rD044,802456724,100.00,,
2.607602079,66418556,,rFF44,802495850,100.00,,
2.607602079,10420993211,,instructions,802509510,100.00,3.46,insn per cycle
2.607602079,3009396323,,cycles,802516540,100.00,,
2.707921556,994080,,rD044,802634060,100.00,,
2.707921556,72025979,,rFF44,802753640,100.00,,
2.707921556,11101303967,,instructions,802777736,100.00,3.69,insn per cycle
2.707921556,3010513955,,cycles,802807058,100.00,,
2.808268503,893579,,rD044,802631455,100.00,,
2.808268503,68503400,,rFF44,802455118,100.00,,
2.808268503,10665355811,,instructions,802418222,100.00,3.54,insn per cycle
2.808268503,3009005184,,cycles,802405600,100.00,,
2.908571880,1235303,,rD044,802468823,100.00,,
2.908571880,71883880,,rFF44,802500140,100.00,,
2.908571880,11080066657,,instructions,802493610,100.00,3.68,insn per cycle
2.908571880,3009265060,,cycles,802474790,100.00,,
3.008882697,827086,,rD044,802550090,100.00,,
3.008882697,66260568,,rFF44,802693820,100.00,,
3.008882697,10396400443,,instructions,802697533,100.00,3.45,insn per cycle
3.008882697,3010243374,,cycles,802735118,100.00,,
3.109224964,820986,,rD044,802622593,100.00,,
3.109224964,71850163,,rFF44,802469808,100.00,,
3.109224964,11072842919,,instructions,802487435,100.00,3.68,insn per cycle
3.109224964,3009207401,,cycles,802458850,100.00,,
3.209533160,694884,,rD044,802583325,100.00,,
3.209533160,68997509,,rFF44,802593620,100.00,,
3.209533160,10721292504,,instructions,802572470,100.00,3.56,insn per cycle
3.209533160,3009687811,,cycles,802587900,100.00,,
3.309854467,902797,,rD044,802446300,100.00,,
3.309854467,71836347,,rFF44,802428740,100.00,,
3.309854467,11072618214,,instructions,802452890,100.00,3.68,insn per cycle
3.309854467,3009457179,,cycles,802525587,100.00,,
3.410172244,1265100,,rD044,802558220,100.00,,
3.410172244,68777164,,rFF44,802558868,100.00,,
3.410172244,10717562828,,instructions,802520738,100.00,3.56,insn per cycle
3.410172244,3009083969,,cycles,802426301,100.00,,
3.510475371,1336267,,rD044,802380807,100.00,,
3.510475371,71974393,,rFF44,802386329,100.00,,
3.510475371,11094427379,,instructions,802397589,100.00,3.69,insn per cycle
3.510475371,3008862913,,cycles,802394949,100.00,,
3.610765947,1194265,,rD044,802264890,100.00,,
3.610765947,69434063,,rFF44,802249800,100.00,,
3.610765947,10800568213,,instructions,802259870,100.00,3.59,insn per cycle
3.610765947,3008507444,,cycles,802272620,100.00,,
3.711076874,1112443,,rD044,802250409,100.00,,
3.711076874,72121041,,rFF44,802276569,100.00,,
3.711076874,11116281991,,instructions,802273729,100.00,3.70,insn per cycle
3.711076874,3008420399,,cycles,802282395,100.00,,
3.811395021,836553,,rD044,802535601,100.00,,
3.811395021,67565291,,rFF44,802521788,100.00,,
3.811395021,10542982090,,instructions,802526298,100.00,3.50,insn per cycle
3.811395021,3009409933,,cycles,802512552,100.00,,
3.911747308,498989,,rD044,802794847,100.00,,
3.911747308,71248436,,rFF44,802780590,100.00,,
3.911747308,10979614864,,instructions,802774700,100.00,3.65,insn per cycle
3.911747308,3010356316,,cycles,802765940,100.00,,
4.012049235,684232,,rD044,802408460,100.00,,
4.012049235,67954930,,rFF44,802406010,100.00,,
4.012049235,10597260289,,instructions,802394820,100.00,3.52,insn per cycle
4.012049235,3008969954,,cycles,802396205,100.00,,
4.112346941,1142879,,rD044,802533733,100.00,,
4.112346941,72580202,,rFF44,802586558,100.00,,
4.112346941,11187871240,,instructions,802598408,100.00,3.72,insn per cycle
4.112346941,3009794435,,cycles,802615193,100.00,,
4.212678808,744400,,rD044,802498745,100.00,,
4.212678808,68114246,,rFF44,802457840,100.00,,
4.212678808,10623950786,,instructions,802453940,100.00,3.53,insn per cycle
4.212678808,3009166778,,cycles,802448730,100.00,,
4.312984875,1048340,,rD044,802441770,100.00,,
4.312984875,72096740,,rFF44,802437200,100.00,,
4.312984875,11112384861,,instructions,802444450,100.00,3.69,insn per cycle
4.312984875,3009143433,,cycles,802441950,100.00,,
4.413290071,791583,,rD044,802410059,100.00,,
4.413290071,67853565,,rFF44,802402719,100.00,,
4.413290071,10581243457,,instructions,802389046,100.00,3.52,insn per cycle
4.413290071,3008915222,,cycles,802394947,100.00,,
4.513594798,915400,,rD044,802417956,100.00,,
4.513594798,71693024,,rFF44,802415948,100.00,,
4.513594798,11050040753,,instructions,802440771,100.00,3.67,insn per cycle
4.513594798,3009163897,,cycles,802447120,100.00,,
4.613905325,808098,,rD044,802515982,100.00,,
4.613905325,66795924,,rFF44,802759740,100.00,,
4.613905325,10457136469,,instructions,802755280,100.00,3.47,insn per cycle
4.613905325,3010363905,,cycles,802767870,100.00,,
4.714248912,986907,,rD044,802672760,100.00,,
4.714248912,72135032,,rFF44,802447630,100.00,,
4.714248912,11118362321,,instructions,802435846,100.00,3.70,insn per cycle
4.714248912,3008998692,,cycles,802410328,100.00,,
4.814554729,997534,,rD044,802484836,100.00,,
4.814554729,65982842,,rFF44,802516048,100.00,,
4.814554729,10348484112,,instructions,802518502,100.00,3.44,insn per cycle
4.814554729,3009424107,,cycles,802519560,100.00,,
4.914870515,836354,,rD044,802494842,100.00,,
4.914870515,71380273,,rFF44,802464500,100.00,,
4.914870515,11001172765,,instructions,802592290,100.00,3.66,insn per cycle
4.914870515,3009727907,,cycles,802598520,100.00,,
5.015190892,912160,,rD044,802530570,100.00,,
5.015190892,69359199,,rFF44,802514340,100.00,,
5.015190892,10784274741,,instructions,802395860,100.00,3.58,insn per cycle
5.015190892,3008974759,,cycles,802403147,100.00,,
5.115495279,1324892,,rD044,802446820,100.00,,
5.115495279,71804139,,rFF44,802459878,100.00,,
5.115495279,11066679451,,instructions,802444078,100.00,3.68,insn per cycle
5.115495279,3009045910,,cycles,802417371,100.00,,
5.215798495,1406303,,rD044,802547488,100.00,,
5.215798495,69310812,,rFF44,802598710,100.00,,
5.215798495,10769832087,,instructions,802654710,100.00,3.58,insn per cycle
5.215798495,3010154382,,cycles,802711830,100.00,,
5.316144903,769826,,rD044,802658710,100.00,,
5.316144903,71600070,,rFF44,802590910,100.00,,
5.316144903,11033495683,,instructions,802534780,100.00,3.67,insn per cycle
5.316144903,3009298231,,cycles,802483243,100.00,,
5.416456739,745873,,rD044,802552892,100.00,,
5.416456739,68042221,,rFF44,802609148,100.00,,
5.416456739,10602959897,,instructions,802613368,100.00,3.52,insn per cycle
5.416456739,3009794446,,cycles,802616185,100.00,,
5.516774236,1468182,,rD044,802579546,100.00,,
5.516774236,71594911,,rFF44,802586620,100.00,,
5.516774236,11035324923,,instructions,802607490,100.00,3.67,insn per cycle
5.516774236,3009760379,,cycles,802606040,100.00,,
5.617116803,996984,,rD044,802592830,100.00,,
5.617116803,68170064,,rFF44,802539580,100.00,,
5.617116803,10633743717,,instructions,802510480,100.00,3.53,insn per cycle
5.617116803,3009398397,,cycles,802510505,100.00,,
5.717418330,1482120,,rD044,802404500,100.00,,
5.717418330,72209767,,rFF44,802403217,100.00,,
5.717418330,11131795850,,instructions,802418928,100.00,3.70,insn per cycle
5.717418330,3009064414,,cycles,802426183,100.00,,
5.817758337,891396,,rD044,802707918,100.00,,
5.817758337,66707223,,rFF44,802716421,100.00,,
5.817758337,10449929814,,instructions,802701720,100.00,3.47,insn per cycle
5.817758337,3010116297,,cycles,802701400,100.00,,
5.918078364,555165,,rD044,802532850,100.00,,
5.918078364,71619011,,rFF44,802525760,100.00,,
5.918078364,11035401725,,instructions,802525850,100.00,3.67,insn per cycle
5.918078364,3009434805,,cycles,802520294,100.00,,
6.018379740,1292853,,rD044,802491361,100.00,,
6.018379740,69665479,,rFF44,802571078,100.00,,
6.018379740,10824795584,,instructions,802594058,100.00,3.60,insn per cycle
6.018379740,3009824518,,cycles,802623834,100.00,,
6.118711727,1664994,,rD044,802623047,100.00,,
6.118711727,72037521,,rFF44,802613960,100.00,,
6.118711727,11103970029,,instructions,802601870,100.00,3.69,insn per cycle
6.118711727,3009637003,,cycles,802573520,100.00,,
6.219034244,887356,,rD044,802510680,100.00,,
6.219034244,67914476,,rFF44,802434010,100.00,,
6.219034244,10593717003,,instructions,802425950,100.00,3.52,insn per cycle
6.219034244,3009100963,,cycles,802431001,100.00,,
6.319337581,1667496,,rD044,802532980,100.00,,
6.319337581,72277391,,rFF44,802593358,100.00,,
6.319337581,11141589373,,instructions,802607848,100.00,3.70,insn per cycle
6.319337581,3009843486,,cycles,802628717,100.00,,
6.419668318,541627,,rD044,802530148,100.00,,
6.419668318,67377934,,rFF44,802474310,100.00,,
6.419668318,10514557589,,instructions,802464810,100.00,3.49,insn per cycle
6.419668318,3009150050,,cycles,802443770,100.00,,
6.519971914,595225,,rD044,802424060,100.00,,
6.519971914,71611800,,rFF44,802426720,100.00,,
6.519971914,11036374247,,instructions,802442620,100.00,3.67,insn per cycle
6.519971914,3009162195,,cycles,802447300,100.00,,
6.620274731,760375,,rD044,802450380,100.00,,
6.620274731,67810301,,rFF44,802462440,100.00,,
6.620274731,10591833636,,instructions,802441174,100.00,3.52,insn per cycle
6.620274731,3009097027,,cycles,802433248,100.00,,
6.720584238,1053645,,rD044,802411113,100.00,,
6.720584238,72247921,,rFF44,802402868,100.00,,
6.720584238,11135817213,,instructions,802415774,100.00,3.70,insn per cycle
6.720584238,3009020525,,cycles,802415070,100.00,,
6.820889504,570224,,rD044,802432875,100.00,,
6.820889504,65302850,,rFF44,802492390,100.00,,
6.820889504,10267254737,,instructions,802519350,100.00,3.41,insn per cycle
6.820889504,3009459457,,cycles,802526350,100.00,,
6.921207381,544884,,rD044,802534920,100.00,,
6.921207381,71263096,,rFF44,802478200,100.00,,
6.921207381,10979848673,,instructions,802448550,100.00,3.65,insn per cycle
6.921207381,3009161171,,cycles,802454421,100.00,,
7.021515238,839480,,rD044,802470980,100.00,,
7.021515238,69504642,,rFF44,802461472,100.00,,
7.021515238,10792240102,,instructions,802457148,100.00,3.59,insn per cycle
7.021515238,3009165064,,cycles,802447657,100.00,,
7.121822115,829198,,rD044,802438158,100.00,,
7.121822115,71265718,,rFF44,802452146,100.00,,
7.121822115,10981746125,,instructions,802455230,100.00,3.65,insn per cycle
7.121822115,3009139275,,cycles,802441470,100.00,,
7.222135001,844808,,rD044,802500850,100.00,,
7.222135001,68874855,,rFF44,802492250,100.00,,
7.222135001,10712181924,,instructions,802491850,100.00,3.56,insn per cycle
7.222135001,3009387512,,cycles,802507220,100.00,,
7.322439658,1119419,,rD044,802438660,100.00,,
7.322439658,71952468,,rFF44,802457920,100.00,,
7.322439658,11089292962,,instructions,802456860,100.00,3.69,insn per cycle
7.322439658,3009154016,,cycles,802444737,100.00,,
7.422748665,820340,,rD044,802478100,100.00,,
7.422748665,66929860,,rFF44,802464268,100.00,,
7.422748665,10475945652,,instructions,802459008,100.00,3.48,insn per cycle
7.422748665,3009226702,,cycles,802469581,100.00,,
7.523067881,1446283,,rD044,802450668,100.00,,
7.523067881,72232353,,rFF44,802438570,100.00,,
7.523067881,11132476802,,instructions,802433160,100.00,3.70,insn per cycle
7.523067881,3009012964,,cycles,802430620,100.00,,
7.623354108,1236322,,rD044,802301940,100.00,,
7.623354108,69649302,,rFF44,802312520,100.00,,
7.623354108,10813767681,,instructions,802318310,100.00,3.59,insn per cycle
7.623354108,3008714292,,cycles,802327460,100.00,,
7.723675335,1491665,,rD044,802491840,100.00,,
7.723675335,72128169,,rFF44,802496180,100.00,,
7.723675335,11118975464,,instructions,802499606,100.00,3.69,insn per cycle
7.723675335,3009198985,,cycles,802488048,100.00,,
7.823993382,900138,,rD044,802489367,100.00,,
7.823993382,68443513,,rFF44,802485758,100.00,,
7.823993382,10654229604,,instructions,802489242,100.00,3.54,insn per cycle
7.823993382,3009316718,,cycles,802492370,100.00,,
7.924301228,657783,,rD044,802458071,100.00,,
7.924301228,71511889,,rFF44,802446800,100.00,,
7.924301228,11020795146,,instructions,802435900,100.00,3.66,insn per cycle
7.924301228,3009127476,,cycles,802437250,100.00,,
8.024605585,1120871,,rD044,802435590,100.00,,
8.024605585,68154479,,rFF44,802449950,100.00,,
8.024605585,10647654127,,instructions,802461270,100.00,3.54,insn per cycle
8.024605585,3009246834,,cycles,802469692,100.00,,
8.124913742,808827,,rD044,802494740,100.00,,
8.124913742,71555673,,rFF44,802525536,100.00,,
8.124913742,11027963283,,instructions,802528908,100.00,3.66,insn per cycle
8.124913742,3009485652,,cycles,802533486,100.00,,
8.225232289,1258657,,rD044,802494558,100.00,,
8.225232289,67144579,,rFF44,802440902,100.00,,
8.225232289,10528875365,,instructions,802423200,100.00,3.50,insn per cycle
8.225232289,3009002765,,cycles,802404680,100.00,,
8.325532615,1342951,,rD044,802458490,100.00,,
8.325532615,72022358,,rFF44,802498340,100.00,,
8.325532615,11101553128,,instructions,802510460,100.00,3.69,insn per cycle
8.325532615,3009413444,,cycles,802513980,100.00,,
8.425848582,821094,,rD044,802467610,100.00,,
8.425848582,67919610,,rFF44,802441970,100.00,,
8.425848582,10604555656,,instructions,802431791,100.00,3.52,insn per cycle
8.425848582,3010142094,,cycles,802706928,100.00,,
8.526183179,1281703,,rD044,802727148,100.00,,
8.526183179,72263748,,rFF44,802726358,100.00,,
8.526183179,11137748249,,instructions,802722867,100.00,3.70,insn per cycle
8.526183179,3009125532,,cycles,802442630,100.00,,
8.626490815,922597,,rD044,802402480,100.00,,
8.626490815,66246883,,rFF44,802413820,100.00,,
8.626490815,10410381693,,instructions,802421780,100.00,3.46,insn per cycle
8.626490815,3009097575,,cycles,802429240,100.00,,
8.726798182,1202210,,rD044,802636419,100.00,,
8.726798182,72377382,,rFF44,802747512,100.00,,
8.726798182,11157878948,,instructions,802763267,100.00,3.71,insn per cycle
8.726798182,3010656322,,cycles,802857317,100.00,,
8.827159400,707416,,rD044,802680228,100.00,,
8.827159400,68039714,,rFF44,802605635,100.00,,
8.827159400,10605975228,,instructions,802601270,100.00,3.52,insn per cycle
8.827159400,3009414343,,cycles,802514220,100.00,,
8.927476636,567937,,rD044,802512380,100.00,,
8.927476636,71340074,,rFF44,802463880,100.00,,
8.927476636,10993060735,,instructions,802459860,100.00,3.65,insn per cycle
8.927476636,3009158753,,cycles,802446380,100.00,,
9.027781513,936032,,rD044,802437140,100.00,,
9.027781513,68575608,,rFF44,802439720,100.00,,
9.027781513,10678406494,,instructions,802434214,100.00,3.55,insn per cycle
9.027781513,3009142822,,cycles,802442098,100.00,,
9.128099960,1178559,,rD044,802537666,100.00,,
9.128099960,72060396,,rFF44,802563638,100.00,,
9.128099960,11107248443,,instructions,802592104,100.00,3.69,insn per cycle
9.128099960,3009690006,,cycles,802587370,100.00,,
9.228410357,639207,,rD044,802467532,100.00,,
9.228410357,68025047,,rFF44,802431950,100.00,,
9.228410357,10606296031,,instructions,802397760,100.00,3.52,insn per cycle
9.228410357,3008971141,,cycles,802396590,100.00,,
9.328710813,686356,,rD044,802409900,100.00,,
9.328710813,71278275,,rFF44,802450220,100.00,,
9.328710813,10982591024,,instructions,802470920,100.00,3.65,insn per cycle
9.328710813,3009238604,,cycles,802467662,100.00,,
9.429021650,805157,,rD044,802465370,100.00,,
9.429021650,67203599,,rFF44,802424642,100.00,,
9.429021650,10504511751,,instructions,802412428,100.00,3.49,insn per cycle
9.429021650,3009092514,,cycles,802428256,100.00,,
9.529324226,916815,,rD044,802432018,100.00,,
9.529324226,71789906,,rFF44,802445196,100.00,,
9.529324226,11063109208,,instructions,802447900,100.00,3.68,insn per cycle
9.529324226,3009123401,,cycles,802437080,100.00,,
9.629645063,616383,,rD044,802583560,100.00,,
9.629645063,67731685,,rFF44,802597840,100.00,,
9.629645063,10572516332,,instructions,802594900,100.00,3.51,insn per cycle
9.629645063,3009708248,,cycles,802592720,100.00,,
9.729955390,1260175,,rD044,802399959,100.00,,
9.729955390,72621029,,rFF44,802376219,100.00,,
9.729955390,11194076080,,instructions,802378430,100.00,3.72,insn per cycle
9.729955390,3008915835,,cycles,802391647,100.00,,
9.830260897,1036798,,rD044,802437301,100.00,,
9.830260897,69941504,,rFF44,802443508,100.00,,
9.830260897,10839893857,,instructions,802441387,100.00,3.60,insn per cycle
9.830260897,3009127363,,cycles,802437780,100.00,,
9.930567813,661529,,rD044,802444367,100.00,,
9.930567813,71403762,,rFF44,802438640,100.00,,
9.930567813,11003860858,,instructions,802437580,100.00,3.66,insn per cycle
9.930567813,3009102643,,cycles,802431010,100.00,,
10.030879530,1060924,,rD044,802496660,100.00,,
10.030879530,68441329,,rFF44,802505150,100.00,,
10.030879530,10671475125,,instructions,802611970,100.00,3.55,insn per cycle
10.030879530,3009757551,,cycles,802605900,100.00,,
10.131195937,1188363,,rD044,802629681,100.00,,
10.131195937,72015775,,rFF44,802764718,100.00,,
10.131195937,11099296143,,instructions,802713078,100.00,3.69,insn per cycle
10.131195937,3010279066,,cycles,802745438,100.00,,
10.231541004,706854,,rD044,802743737,100.00,,
10.231541004,68333835,,rFF44,802647290,100.00,,
10.231541004,10640719683,,instructions,802619060,100.00,3.54,insn per cycle
10.231541004,3009761519,,cycles,802606620,100.00,,
10.331868991,805426,,rD044,802528030,100.00,,
10.331868991,71587943,,rFF44,802485770,100.00,,
10.331868991,11032963873,,instructions,802590993,100.00,3.67,insn per cycle
10.331868991,3009771695,,cycles,802609748,100.00,,
10.432198088,1060538,,rD044,802661605,100.00,,
10.432198088,68513755,,rFF44,802679008,100.00,,
10.432198088,10682824025,,instructions,802543185,100.00,3.55,insn per cycle
10.432198088,3009390416,,cycles,802507900,100.00,,
10.532509245,1090096,,rD044,802448153,100.00,,
10.532509245,72516874,,rFF44,802430220,100.00,,
10.532509245,11177971750,,instructions,802431410,100.00,3.71,insn per cycle
10.532509245,3009093281,,cycles,802428850,100.00,,
10.632814321,1006923,,rD044,802388300,100.00,,
10.632814321,66654437,,rFF44,802389220,100.00,,
10.632814321,10440870378,,instructions,802392220,100.00,3.47,insn per cycle
10.632814321,3008984998,,cycles,802406600,100.00,,
10.733131668,1072884,,rD044,802523960,100.00,,
10.733131668,71968081,,rFF44,802517803,100.00,,
10.733131668,11092332623,,instructions,802509628,100.00,3.69,insn per cycle
10.733131668,3009443274,,cycles,802522008,100.00,,
10.833439105,963398,,rD044,802470058,100.00,,
10.833439105,66484959,,rFF44,802473475,100.00,,
10.833439105,10423188785,,instructions,802480410,100.00,3.46,insn per cycle
10.833439105,3009180962,,cycles,802456410,100.00,,
10.933741521,1435030,,rD044,802400690,100.00,,
10.933741521,71928060,,rFF44,802393860,100.00,,
10.933741521,11086510690,,instructions,802389200,100.00,3.68,insn per cycle
10.933741521,3008933475,,cycles,802386200,100.00,,
11.034042458,697768,,rD044,802396870,100.00,,
11.034042458,67412531,,rFF44,802390260,100.00,,
11.034042458,10536585920,,instructions,802392560,100.00,3.50,insn per cycle
11.034042458,3009001451,,cycles,802404191,100.00,,
11.134344515,521100,,rD044,802412310,100.00,,
11.134344515,71485060,,rFF44,802415162,100.00,,
11.134344515,11015670210,,instructions,802405338,100.00,3.66,insn per cycle
11.134344515,3008966459,,cycles,802395387,100.00,,
11.234643371,1017546,,rD044,802436898,100.00,,
11.234643371,68575428,,rFF44,802457456,100.00,,
11.234643371,10687843824,,instructions,802451890,100.00,3.55,insn per cycle
11.234643371,3009164826,,cycles,802447470,100.00,,
11.334979398,1587863,,rD044,802662720,100.00,,
11.334979398,72359786,,rFF44,802684900,100.00,,
11.334979398,11154071257,,instructions,802706870,100.00,3.71,insn per cycle
11.334979398,3010154759,,cycles,802711850,100.00,,
11.435318405,1099352,,rD044,802682950,100.00,,
11.435318405,71212865,,rFF44,802648186,100.00,,
11.435318405,11011676534,,instructions,802638028,100.00,3.66,insn per cycle
11.435318405,3009859099,,cycles,802632998,100.00,,
11.535618702,1161212,,rD044,802335008,100.00,,
11.535618702,72080564,,rFF44,802324732,100.00,,
11.535618702,11110133144,,instructions,802321010,100.00,3.69,insn per cycle
11.535618702,3008668601,,cycles,802336110,100.00,,
11.635902548,1111048,,rD044,802259640,100.00,,
11.635902548,68606739,,rFF44,802321490,100.00,,
11.635902548,10691302964,,instructions,802320730,100.00,3.55,insn per cycle
11.635902548,3008646241,,cycles,802310020,100.00,,
11.736208385,1150415,,rD044,802341540,100.00,,
11.736208385,72331717,,rFF44,802331030,100.00,,
11.736208385,11150210024,,instructions,802349140,100.00,3.71,insn per cycle
11.736208385,3008750200,,cycles,802356861,100.00,,
11.836522692,689429,,rD044,802487430,100.00,,
11.836522692,68043877,,rFF44,802446092,100.00,,
11.836522692,10609382705,,instructions,802446308,100.00,3.53,insn per cycle
11.836522692,3009135685,,cycles,802440147,100.00,,
11.936826098,1090225,,rD044,802420288,100.00,,
11.936826098,71832401,,rFF44,802420326,100.00,,
11.936826098,11073533396,,instructions,802415160,100.00,3.68,insn per cycle
11.936826098,3009030682,,cycles,802412140,100.00,,
12.037140365,939472,,rD044,802501880,100.00,,
12.037140365,67484408,,rFF44,802497160,100.00,,
12.037140365,10546077373,,instructions,802490700,100.00,3.50,insn per cycle
12.037140365,3009328299,,cycles,802491090,100.00,,
12.137447852,1086605,,rD044,802511000,100.00,,
12.137447852,71898313,,rFF44,802567150,100.00,,
12.137447852,11082275313,,instructions,802566681,100.00,3.68,insn per cycle
12.137447852,3009580689,,cycles,802558888,100.00,,
12.237760278,1287043,,rD044,802479512,100.00,,
12.237760278,67667713,,rFF44,802444228,100.00,,
12.237760278,10576390115,,instructions,802458407,100.00,3.51,insn per cycle
12.237760278,3009258317,,cycles,802473020,100.00,,
12.338083675,972058,,rD044,802537236,100.00,,
12.338083675,71476503,,rFF44,802517050,100.00,,
12.338083675,11016158381,,instructions,802508740,100.00,3.66,insn per cycle
12.338083675,3009387472,,cycles,802507120,100.00,,
12.438387032,1261471,,rD044,802426850,100.00,,
12.438387032,68081332,,rFF44,802428090,100.00,,
12.438387032,10613696022,,instructions,802426980,100.00,3.53,insn per cycle
12.438387032,3009052299,,cycles,802417830,100.00,,
12.538688239,1262652,,rD044,802411340,100.00,,
12.538688239,71795753,,rFF44,802426870,100.00,,
12.538688239,11066198294,,instructions,802425546,100.00,3.68,insn per cycle
12.538688239,3009195329,,cycles,802456018,100.00,,
12.638995325,1090563,,rD044,802396505,100.00,,
12.638995325,66160332,,rFF44,802380848,100.00,,
12.638995325,10399068833,,instructions,802374602,100.00,3.46,insn per cycle
12.638995325,3008755179,,cycles,802351640,100.00,,
12.739297122,1037030,,rD044,802356582,100.00,,
12.739297122,71738606,,rFF44,802363759,100.00,,
12.739297122,11056089056,,instructions,802372169,100.00,3.67,insn per cycle
12.739297122,3008833835,,cycles,802366979,100.00,,
12.839600229,1071399,,rD044,802420870,100.00,,
12.839600229,69651510,,rFF44,802419000,100.00,,
12.839600229,10812040827,,instructions,802425310,100.00,3.59,insn per cycle
12.839600229,3009152639,,cycles,802444470,100.00,,
12.939907755,906250,,rD044,802634620,100.00,,
12.939907755,72064823,,rFF44,802707008,100.00,,
12.939907755,11108131095,,instructions,802736868,100.00,3.69,insn per cycle
12.939907755,3010447988,,cycles,802789498,100.00,,
13.040253652,1140196,,rD044,802591448,100.00,,
13.040253652,70061545,,rFF44,802553170,100.00,,
13.040253652,10863755811,,instructions,802523160,100.00,3.61,insn per cycle
13.040253652,3009186402,,cycles,802458510,100.00,,
13.140562059,997156,,rD044,802453520,100.00,,
13.140562059,72303014,,rFF44,802428190,100.00,,
13.140562059,11146708776,,instructions,802415000,100.00,3.70,insn per cycle
13.140562059,3008991478,,cycles,802401620,100.00,,
13.240864146,1193006,,rD044,802429700,100.00,,
13.240864146,68326194,,rFF44,802418580,100.00,,
13.240864146,10647898106,,instructions,802506326,100.00,3.54,insn per cycle
13.240864146,3009508902,,cycles,802539748,100.00,,
13.341194783,679802,,rD044,802633748,100.00,,
13.341194783,71485626,,rFF44,802634468,100.00,,
13.341194783,11017997434,,instructions,802554222,100.00,3.66,insn per cycle
13.341194783,3009457271,,cycles,802532840,100.00,,
13.441497739,1214304,,rD044,802520100,100.00,,
13.441497739,69957072,,rFF44,802553080,100.00,,
13.441497739,10866388681,,instructions,802543310,100.00,3.61,insn per cycle
13.441497739,3009497706,,cycles,802536640,100.00,,
13.541815626,901853,,rD044,802422280,100.00,,
13.541815626,71692467,,rFF44,802387990,100.00,,
13.541815626,11051829451,,instructions,802397110,100.00,3.67,insn per cycle
13.541815626,3008969484,,cycles,802395628,100.00,,
13.642148083,1068275,,rD044,802606957,100.00,,
13.642148083,68123979,,rFF44,802601288,100.00,,
13.642148083,10633761909,,instructions,802590308,100.00,3.53,insn per cycle
13.642148083,3009678002,,cycles,802596440,100.00,,
13.742450500,1136570,,rD044,802447721,100.00,,
13.742450500,71978395,,rFF44,802514250,100.00,,
13.742450500,11097121039,,instructions,802550540,100.00,3.69,insn per cycle
13.742450500,3009573171,,cycles,802556680,100.00,,
13.842770327,945615,,rD044,802531410,100.00,,
13.842770327,67008290,,rFF44,802479540,100.00,,
13.842770327,10487566011,,instructions,802449910,100.00,3.49,insn per cycle
13.842770327,3009140344,,cycles,802441425,100.00,,
13.943092073,1291631,,rD044,802566903,100.00,,
13.943092073,72508980,,rFF44,802575508,100.00,,
13.943092073,11178946617,,instructions,802582788,100.00,3.71,insn per cycle
13.943092073,3009667424,,cycles,802581403,100.00,,
14.043399250,538112,,rD044,802448835,100.00,,
14.043399250,66435386,,rFF44,802429600,100.00,,
14.043399250,10395371487,,instructions,802411420,100.00,3.45,insn per cycle
14.043399250,3009026596,,cycles,802411040,100.00,,
14.143703147,1289338,,rD044,802448010,100.00,,
14.143703147,71813414,,rFF44,802459500,100.00,,
14.143703147,11071559387,,instructions,802480690,100.00,3.68,insn per cycle
14.143703147,3009296341,,cycles,802490040,100.00,,
14.244014963,1049928,,rD044,802453710,100.00,,
14.244014963,68946237,,rFF44,802448050,100.00,,
14.244014963,10721666234,,instructions,802429077,100.00,3.56,insn per cycle
14.244014963,3009092664,,cycles,802428258,100.00,,
14.344318220,1142885,,rD044,802552627,100.00,,
14.344318220,72446424,,rFF44,802658938,100.00,,
14.344318220,11170201976,,instructions,802673581,100.00,3.71,insn per cycle
14.344318220,3010040576,,cycles,802681780,100.00,,
14.444655877,756320,,rD044,802547441,100.00,,
14.444655877,68501742,,rFF44,802441010,100.00,,
14.444655877,10659339799,,instructions,802432950,100.00,3.54,insn per cycle
14.444655877,3009050789,,cycles,802417400,100.00,,
14.544960764,1378751,,rD044,802438290,100.00,,
14.544960764,71955648,,rFF44,802436010,100.00,,
14.544960764,11092757737,,instructions,802440390,100.00,3.69,insn per cycle
14.544960764,3009129243,,cycles,802438358,100.00,,
14.645263770,1143794,,rD044,802422990,100.00,,
14.645263770,67898274,,rFF44,802439718,100.00,,
14.645263770,10598573571,,instructions,802440338,100.00,3.52,insn per cycle
14.645263770,3009167681,,cycles,802448130,100.00,,
14.745570817,1264974,,rD044,802422618,100.00,,
14.745570817,72304951,,rFF44,802410070,100.00,,
14.745570817,11147725899,,instructions,802419850,100.00,3.70,insn per cycle
14.745570817,3009045482,,cycles,802423150,100.00,,
14.845876224,1233229,,rD044,802527840,100.00,,
14.845876224,68738734,,rFF44,802694340,100.00,,
14.845876224,10707142578,,instructions,802720360,100.00,3.56,insn per cycle
14.845876224,3010378837,,cycles,802771017,100.00,,
14.946229251,1522209,,rD044,802717001,100.00,,
14.946229251,72465983,,rFF44,802590258,100.00,,
14.946229251,11172581471,,instructions,802562628,100.00,3.71,insn per cycle
14.946229251,3009350421,,cycles,802501041,100.00,,
15.046539828,1192225,,rD044,802493337,100.00,,
15.046539828,69707549,,rFF44,802469530,100.00,,
15.046539828,10828209052,,instructions,802456920,100.00,3.60,insn per cycle
15.046539828,3009188724,,cycles,802454420,100.00,,
15.146877885,847595,,rD044,802755050,100.00,,
15.146877885,71903704,,rFF44,802855010,100.00,,
15.146877885,11084974607,,instructions,802927257,100.00,3.68,insn per cycle
15.146877885,3011109335,,cycles,802966008,100.00,,
15.247215542,1123855,,rD044,802626127,100.00,,
15.247215542,67470466,,rFF44,802512498,100.00,,
15.247215542,10542457432,,instructions,802448361,100.00,3.50,insn per cycle
15.247215542,3009129895,,cycles,802442950,100.00,,
15.347527748,1219645,,rD044,802553301,100.00,,
15.347527748,71951853,,rFF44,802574880,100.00,,
15.347527748,11092689063,,instructions,802577050,100.00,3.69,insn per cycle
15.347527748,3009599781,,cycles,802564300,100.00,,
15.447846615,1103519,,rD044,802560850,100.00,,
15.447846615,68409592,,rFF44,802557610,100.00,,
15.447846615,10661869697,,instructions,802581543,100.00,3.54,insn per cycle
15.447846615,3009831319,,cycles,802625278,100.00,,
15.548181172,1576476,,rD044,802495607,100.00,,
15.548181172,72404840,,rFF44,802472798,100.00,,
15.548181172,11162933235,,instructions,802442065,100.00,3.71,insn per cycle
15.548181172,3008823520,,cycles,802382210,100.00,,
15.648479699,995606,,rD044,802364171,100.00,,
15.648479699,68407197,,rFF44,802356410,100.00,,
15.648479699,10661876534,,instructions,802341510,100.00,3.54,insn per cycle
15.648479699,3008710726,,cycles,802343070,100.00,,
15.748779075,1256913,,rD044,802441329,100.00,,
15.748779075,72270108,,rFF44,802467439,100.00,,
15.748779075,11141467106,,instructions,802499349,100.00,3.70,insn per cycle
15.748779075,3009676797,,cycles,802595145,100.00,,
15.849124043,817041,,rD044,802699423,100.00,,
15.849124043,68537942,,rFF44,802700168,100.00,,
15.849124043,10681792692,,instructions,802674018,100.00,3.55,insn per cycle
15.849124043,3009653572,,cycles,802579362,100.00,,
15.949432039,1199200,,rD044,802421545,100.00,,
15.949432039,72251176,,rFF44,802515320,100.00,,
15.949432039,11137242666,,instructions,802543580,100.00,3.70,insn per cycle
15.949432039,3009536543,,cycles,802547030,100.00,,
16.049751616,705580,,rD044,802549190,100.00,,
16.049751616,66528259,,rFF44,802447010,100.00,,
16.049751616,10441070070,,instructions,802432080,100.00,3.47,insn per cycle
16.049751616,3009074939,,cycles,802423470,100.00,,
16.150055523,1104913,,rD044,802416860,100.00,,
16.150055523,72090741,,rFF44,802407280,100.00,,
16.150055523,11113304668,,instructions,802409038,100.00,3.69,insn per cycle
16.150055523,3009025411,,cycles,802415268,100.00,,
16.250358159,702099,,rD044,802461147,100.00,,
16.250358159,68432156,,rFF44,802462908,100.00,,
16.250358159,10648966234,,instructions,802442580,100.00,3.54,insn per cycle
16.250358159,3009136211,,cycles,802439950,100.00,,
16.350666406,1241519,,rD044,802569431,100.00,,
16.350666406,71987879,,rFF44,802639080,100.00,,
16.350666406,11098535478,,instructions,802657500,100.00,3.69,insn per cycle
16.350666406,3010002611,,cycles,802671120,100.00,,
16.451001103,927867,,rD044,802513000,100.00,,
16.451001103,67659463,,rFF44,802427930,100.00,,
16.451001103,10563093826,,instructions,802426851,100.00,3.51,insn per cycle
16.451001103,3009069399,,cycles,802422278,100.00,,
16.551304860,947183,,rD044,802447253,100.00,,
16.551304860,71769013,,rFF44,802516008,100.00,,
16.551304860,11063619018,,instructions,802527267,100.00,3.68,insn per cycle
16.551304860,3009446663,,cycles,802523100,100.00,,
16.651619186,701866,,rD044,802521915,100.00,,
16.651619186,69585338,,rFF44,802466340,100.00,,
16.651619186,10791819676,,instructions,802440510,100.00,3.59,insn per cycle
16.651619186,3009073483,,cycles,802428860,100.00,,
16.751929383,573319,,rD044,802528190,100.00,,
16.751929383,71050867,,rFF44,802652830,100.00,,
16.751929383,10951569254,,instructions,802685471,100.00,3.64,insn per cycle
16.751929383,3010103164,,cycles,802698108,100.00,,
16.852265650,808360,,rD044,802635894,100.00,,
16.852265650,68488878,,rFF44,802533408,100.00,,
16.852265650,10666755128,,instructions,802523797,100.00,3.54,insn per cycle
16.852265650,3009393733,,cycles,802517540,100.00,,
16.952580167,1251463,,rD044,802433274,100.00,,
16.952580167,72489177,,rFF44,802402320,100.00,,
16.952580167,11176640289,,instructions,802393720,100.00,3.71,insn per cycle
16.952580167,3008974255,,cycles,802397070,100.00,,
17.052907994,1056531,,rD044,802746910,100.00,,
17.052907994,68344694,,rFF44,802811870,100.00,,
17.052907994,10650101368,,instructions,802795712,100.00,3.54,insn per cycle
17.052907994,3010489740,,cycles,802801298,100.00,,
17.153232341,1541055,,rD044,802461832,100.00,,
17.153232341,72296272,,rFF44,802398978,100.00,,
17.153232341,11144849573,,instructions,802404596,100.00,3.70,insn per cycle
17.153232341,3008977681,,cycles,802397970,100.00,,
17.253535227,1090312,,rD044,802416866,100.00,,
17.253535227,68510152,,rFF44,802424380,100.00,,
17.253535227,10675640554,,instructions,802424020,100.00,3.55,insn per cycle
17.253535227,3009081953,,cycles,802425070,100.00,,
17.353838384,923682,,rD044,802419080,100.00,,
17.353838384,71647331,,rFF44,802407540,100.00,,
17.353838384,11042047675,,instructions,802415360,100.00,3.67,insn per cycle
17.353838384,3009187828,,cycles,802454450,100.00,,
17.454151911,869791,,rD044,802496870,100.00,,
17.454151911,69015187,,rFF44,802502120,100.00,,
17.454151911,10731452054,,instructions,802507364,100.00,3.57,insn per cycle
17.454151911,3009262841,,cycles,802474118,100.00,,
17.554455897,1269662,,rD044,802461114,100.00,,
17.554455897,71772259,,rFF44,802491768,100.00,,
17.554455897,11063681352,,instructions,802489244,100.00,3.68,insn per cycle
17.554455897,3009290270,,cycles,802481270,100.00,,
17.654766974,700152,,rD044,802466144,100.00,,
17.654766974,68186301,,rFF44,802431610,100.00,,
17.654766974,10619541761,,instructions,802435480,100.00,3.53,insn per cycle
17.654766974,3009144760,,cycles,802442440,100.00,,
17.755085921,1236928,,rD044,802554660,100.00,,
17.755085921,72074030,,rFF44,802586530,100.00,,
17.755085921,11109668811,,instructions,802582140,100.00,3.69,insn per cycle
17.755085921,3009609814,,cycles,802573197,100.00,,
17.855399858,1117328,,rD044,802448710,100.00,,
17.855399858,68608336,,rFF44,802432878,100.00,,
17.855399858,10687644678,,instructions,802430738,100.00,3.55,insn per cycle
17.855399858,3009127562,,cycles,802438131,100.00,,
17.955705914,981354,,rD044,802444318,100.00,,
17.955705914,71835044,,rFF44,802443200,100.00,,
17.955705914,11071209694,,instructions,802445740,100.00,3.68,insn per cycle
17.955705914,3009186552,,cycles,802453440,100.00,,
18.056013621,731620,,rD044,802435860,100.00,,
18.056013621,68120488,,rFF44,802418640,100.00,,
18.056013621,10623179229,,instructions,802420950,100.00,3.53,insn per cycle
18.056013621,3008995655,,cycles,802406930,100.00,,
18.156313368,1051596,,rD044,802400100,100.00,,
18.156313368,72497737,,rFF44,802408920,100.00,,
18.156313368,11174622352,,instructions,802408730,100.00,3.71,insn per cycle
18.156313368,3009052334,,cycles,802417817,100.00,,
18.256616864,694927,,rD044,802426140,100.00,,
18.256616864,67210337,,rFF44,802429257,100.00,,
18.256616864,10509016489,,instructions,802415678,100.00,3.49,insn per cycle
18.256616864,3009014671,,cycles,802407871,100.00,,
18.356918911,890471,,rD044,802559968,100.00,,
18.356918911,71926614,,rFF44,802691591,100.00,,
18.356918911,11088135096,,instructions,802701550,100.00,3.68,insn per cycle
18.356918911,3010075986,,cycles,802690680,100.00,,
18.457253478,1001734,,rD044,802545320,100.00,,
18.457253478,68011183,,rFF44,802436590,100.00,,
18.457253478,10610121208,,instructions,802438020,100.00,3.53,insn per cycle
18.457253478,3009365440,,cycles,802500723,100.00,,
18.557574385,1107082,,rD044,802542780,100.00,,
18.557574385,71535782,,rFF44,802518495,100.00,,
18.557574385,11027888232,,instructions,802519978,100.00,3.66,insn per cycle
18.557574385,3009260497,,cycles,802473855,100.00,,
18.657879051,480356,,rD044,802368798,100.00,,
18.657879051,67263464,,rFF44,802373883,100.00,,
18.657879051,10496097410,,instructions,802437820,100.00,3.49,insn per cycle
18.657879051,3009058817,,cycles,802430460,100.00,,
18.758188138,1063573,,rD044,802463840,100.00,,
18.758188138,71440499,,rFF44,802445180,100.00,,
18.758188138,11012408394,,instructions,802370910,100.00,3.66,insn per cycle
18.758188138,3008873134,,cycles,802370100,100.00,,
18.858526075,625322,,rD044,802702900,100.00,,
18.858526075,69438176,,rFF44,802707570,100.00,,
18.858526075,10763150623,,instructions,802699818,100.00,3.58,insn per cycle
18.858526075,3010119422,,cycles,802702188,100.00,,
18.958826382,1090437,,rD044,802390046,100.00,,
18.958826382,71951692,,rFF44,802397898,100.00,,
18.958826382,11091693280,,instructions,802410490,100.00,3.69,insn per cycle
18.958826382,3009049501,,cycles,802417230,100.00,,
19.059141229,1373845,,rD044,802515302,100.00,,
19.059141229,70075477,,rFF44,802506570,100.00,,
19.059141229,10877550234,,instructions,802499330,100.00,3.61,insn per cycle
19.059141229,3009336803,,cycles,802493760,100.00,,
19.159443445,741328,,rD044,802412710,100.00,,
19.159443445,71460672,,rFF44,802430950,100.00,,
19.159443445,11014371436,,instructions,802452570,100.00,3.66,insn per cycle
19.159443445,3009124363,,cycles,802444152,100.00,,
19.259744862,958688,,rD044,802413460,100.00,,
19.259744862,69588563,,rFF44,802407372,100.00,,
19.259744862,10808875568,,instructions,802384208,100.00,3.59,insn per cycle
19.259744862,3008948457,,cycles,802390206,100.00,,
19.360046298,1118163,,rD044,802425828,100.00,,
19.360046298,71637756,,rFF44,802417666,100.00,,
19.360046298,11049596590,,instructions,802433240,100.00,3.67,insn per cycle
19.360046298,3009133594,,cycles,802439490,100.00,,
19.460352155,942195,,rD044,802382360,100.00,,
19.460352155,68885069,,rFF44,802374440,100.00,,
19.460352155,10718290697,,instructions,802360130,100.00,3.56,insn per cycle
19.460352155,3008784690,,cycles,802355930,100.00,,
19.560649632,946657,,rD044,802320419,100.00,,
19.560649632,71139994,,rFF44,802323949,100.00,,
19.560649632,10984010727,,instructions,802327259,100.00,3.65,insn per cycle
19.560649632,3008671958,,cycles,802333899,100.00,,
19.660964168,1141111,,rD044,802422390,100.00,,
19.660964168,69203739,,rFF44,802465055,100.00,,
19.660964168,10769810031,,instructions,802464748,100.00,3.58,insn per cycle
19.660964168,3009080317,,cycles,802459138,100.00,,
19.761270505,1510044,,rD044,802388537,100.00,,
19.761270505,71348283,,rFF44,802343172,100.00,,
19.761270505,11035324961,,instructions,802347419,100.00,3.67,insn per cycle
19.761270505,3008768485,,cycles,802348239,100.00,,
19.861575922,949455,,rD044,802450940,100.00,,
19.861575922,69790720,,rFF44,802456730,100.00,,
19.861575922,10825523913,,instructions,802450610,100.00,3.60,insn per cycle
19.861575922,3009166428,,cycles,802448170,100.00,,
19.961876558,1394154,,rD044,802382590,100.00,,
19.961876558,70460232,,rFF44,802369580,100.00,,
19.961876558,10914868844,,instructions,802447380,100.00,3.63,insn per cycle
19.961876558,3009261935,,cycles,802473934,100.00,,
20.062183355,732248,,rD044,802496700,100.00,,
20.062183355,69292681,,rFF44,802580087,100.00,,
20.062183355,10763608849,,instructions,802512288,100.00,3.58,insn per cycle
20.062183355,3009329103,,cycles,802491274,100.00,,
20.162497402,1046704,,rD044,802460048,100.00,,
20.162497402,70449048,,rFF44,802386561,100.00,,
20.162497402,10920056115,,instructions,802373950,100.00,3.63,insn per cycle
20.162497402,3008875104,,cycles,802370750,100.00,,
20.262801678,1198239,,rD044,802458350,100.00,,
20.262801678,69037384,,rFF44,802465790,100.00,,
20.262801678,10741472118,,instructions,802469090,100.00,3.57,insn per cycle
20.262801678,3009257703,,cycles,802472640,100.00,,
20.363115865,1393956,,rD044,802477670,100.00,,
20.363115865,70781066,,rFF44,802468430,100.00,,
20.363115865,10957420642,,instructions,802472380,100.00,3.64,insn per cycle
20.363115865,3009269584,,cycles,802475968,100.00,,
20.463414292,1068778,,rD044,802427901,100.00,,
20.463414292,68896588,,rFF44,802493218,100.00,,
20.463414292,10715165782,,instructions,802565268,100.00,3.56,insn per cycle
20.463414292,3009747468,,cycles,802603320,100.00,,
20.563741999,1115175,,rD044,802571987,100.00,,
20.563741999,71054226,,rFF44,802502730,100.00,,
20.563741999,10990556211,,instructions,802422580,100.00,3.65,insn per cycle
20.563741999,3008919022,,cycles,802382240,100.00,,
20.664039135,980686,,rD044,802525470,100.00,,
20.664039135,69668612,,rFF44,802558540,100.00,,
20.664039135,10827884008,,instructions,802555770,100.00,3.60,insn per cycle
20.664039135,3009575044,,cycles,802556872,100.00,,
20.764388422,1040505,,rD044,802584462,100.00,,
20.764388422,69828385,,rFF44,802552128,100.00,,
20.764388422,10830264303,,instructions,802566378,100.00,3.60,insn per cycle
20.764388422,3009556218,,cycles,802558916,100.00,,
20.864684389,805082,,rD044,802378926,100.00,,
20.864684389,68854988,,rFF44,802387560,100.00,,
20.864684389,10705414823,,instructions,802394190,100.00,3.56,insn per cycle
20.864684389,3008964108,,cycles,802394520,100.00,,
20.964988696,694032,,rD044,802419790,100.00,,
20.964988696,70558653,,rFF44,802417650,100.00,,
20.964988696,10908849814,,instructions,802406150,100.00,3.63,insn per cycle
20.964988696,3009008775,,cycles,802406050,100.00,,
21.065289892,1233423,,rD044,802501160,100.00,,
21.065289892,68542072,,rFF44,802576070,100.00,,
21.065289892,10684125243,,instructions,802576526,100.00,3.55,insn per cycle
21.065289892,3009640416,,cycles,802574838,100.00,,
21.165611849,859934,,rD044,802473114,100.00,,
21.165611849,71212210,,rFF44,802394408,100.00,,
21.165611849,10993634494,,instructions,802396802,100.00,3.65,insn per cycle
21.165611849,3008976580,,cycles,802397520,100.00,,
21.265911956,714365,,rD044,802503344,100.00,,
21.265911956,68096689,,rFF44,802659470,100.00,,
21.265911956,10617808404,,instructions,802650920,100.00,3.53,insn per cycle
21.265911956,3009987596,,cycles,802667270,100.00,,
21.366244213,1297875,,rD044,802551650,100.00,,
21.366244213,71723979,,rFF44,802404210,100.00,,
21.366244213,11056674870,,instructions,802419920,100.00,3.67,insn per cycle
21.366244213,3008987242,,cycles,802400564,100.00,,
21.466546139,973010,,rD044,802547612,100.00,,
21.466546139,69271396,,rFF44,802583988,100.00,,
21.466546139,10764425184,,instructions,802594828,100.00,3.58,insn per cycle
21.466546139,3009748314,,cycles,802603244,100.00,,
21.566874666,762417,,rD044,802485266,100.00,,
21.566874666,70882288,,rFF44,802449180,100.00,,
21.566874666,10955914304,,instructions,802515880,100.00,3.64,insn per cycle
21.566874666,3009382699,,cycles,802509730,100.00,,
21.667182443,1210283,,rD044,802465120,100.00,,
21.667182443,68955899,,rFF44,802472600,100.00,,
21.667182443,10731310314,,instructions,802389390,100.00,3.57,insn per cycle
21.667182443,3008915662,,cycles,802392000,100.00,,
21.767474519,1100377,,rD044,802279210,100.00,,
21.767474519,71167412,,rFF44,802263870,100.00,,
21.767474519,10996143205,,instructions,802257760,100.00,3.66,insn per cycle
21.767474519,3008481814,,cycles,802265748,100.00,,
21.867775336,949512,,rD044,802441192,100.00,,
21.867775336,69756959,,rFF44,802536928,100.00,,
21.867775336,10830046458,,instructions,802559728,100.00,3.60,insn per cycle
21.867775336,3009576292,,cycles,802557570,100.00,,
21.968106523,816275,,rD044,802603626,100.00,,
21.968106523,70331533,,rFF44,802514180,100.00,,
21.968106523,10879290700,,instructions,802497570,100.00,3.62,insn per cycle
21.968106523,3009329504,,cycles,802491790,100.00,,
22.068406200,797345,,rD044,802399810,100.00,,
22.068406200,71060145,,rFF44,802395540,100.00,,
22.068406200,10992262501,,instructions,802398820,100.00,3.65,insn per cycle
22.068406200,3008986372,,cycles,802400440,100.00,,
22.168706546,853603,,rD044,802378100,100.00,,
22.168706546,69161106,,rFF44,802369070,100.00,,
22.168706546,10738209630,,instructions,802360585,100.00,3.57,insn per cycle
22.168706546,3008829596,,cycles,802358238,100.00,,
22.269002133,537408,,rD044,802367032,100.00,,
22.269002133,70185343,,rFF44,802362548,100.00,,
22.269002133,10848318432,,instructions,802354753,100.00,3.61,insn per cycle
22.269002133,3008794852,,cycles,802349370,100.00,,
22.369295959,1063703,,rD044,802346156,100.00,,
22.369295959,69653055,,rFF44,802358350,100.00,,
22.369295959,10804853498,,instructions,802361180,100.00,3.59,insn per cycle
22.369295959,3008788871,,cycles,802347230,100.00,,
22.469591436,970932,,rD044,802377660,100.00,,
22.469591436,70777974,,rFF44,802392620,100.00,,
22.469591436,10949209587,,instructions,802415760,100.00,3.64,insn per cycle
22.469591436,3009154322,,cycles,802445080,100.00,,
22.569928163,858009,,rD044,802746270,100.00,,
22.569928163,69077887,,rFF44,802747273,100.00,,
22.569928163,10734439657,,instructions,802738978,100.00,3.57,insn per cycle
22.569928163,3010236096,,cycles,802733928,100.00,,
22.670239289,1418316,,rD044,802374588,100.00,,
22.670239289,71178266,,rFF44,802376715,100.00,,
22.670239289,11008789359,,instructions,802372910,100.00,3.66,insn per cycle
22.670239289,3008842258,,cycles,802369840,100.00,,
22.770545526,1052321,,rD044,802416230,100.00,,
22.770545526,68667221,,rFF44,802392700,100.00,,
22.770545526,10696560615,,instructions,802394900,100.00,3.55,insn per cycle
22.770545526,3008981515,,cycles,802398840,100.00,,
22.870844933,889012,,rD044,802386710,100.00,,
22.870844933,70577274,,rFF44,802436350,100.00,,
22.870844933,10919483556,,instructions,802428330,100.00,3.63,insn per cycle
22.870844933,3009353803,,cycles,802504356,100.00,,
22.971158230,961986,,rD044,802490130,100.00,,
22.971158230,69261308,,rFF44,802439023,100.00,,
22.971158230,10767558374,,instructions,802441528,100.00,3.58,insn per cycle
22.971158230,3008875191,,cycles,802370562,100.00,,
23.071456696,1003763,,rD044,802389878,100.00,,
23.071456696,70296049,,rFF44,802400475,100.00,,
23.071456696,10879943252,,instructions,802408480,100.00,3.62,insn per cycle
23.071456696,3009003582,,cycles,802404910,100.00,,
23.171761503,846144,,rD044,802423160,100.00,,
23.171761503,69409745,,rFF44,802419440,100.00,,
23.171761503,10776532224,,instructions,802419070,100.00,3.58,insn per cycle
23.171761503,3009062661,,cycles,802424990,100.00,,
23.272072939,987412,,rD044,802487030,100.00,,
23.272072939,70586765,,rFF44,802479480,100.00,,
23.272072939,10917679649,,instructions,802482530,100.00,3.63,insn per cycle
23.272072939,3009260578,,cycles,802473584,100.00,,
23.372370856,1035490,,rD044,802376990,100.00,,
23.372370856,69464368,,rFF44,802390673,100.00,,
23.372370856,10783208030,,instructions,802379578,100.00,3.58,insn per cycle
23.372370856,3008850007,,cycles,802363654,100.00,,
23.472667493,1171976,,rD044,802307547,100.00,,
23.472667493,71424317,,rFF44,802310095,100.00,,
23.472667493,11039948604,,instructions,802306880,100.00,3.67,insn per cycle
23.472667493,3008584719,,cycles,802324990,100.00,,
23.572971649,1157476,,rD044,802415601,100.00,,
23.572971649,70506847,,rFF44,802412290,100.00,,
23.572971649,10921296712,,instructions,802421950,100.00,3.63,insn per cycle
23.572971649,3009076350,,cycles,802423910,100.00,,
23.673267756,1249875,,rD044,802353180,100.00,,
23.673267756,72346137,,rFF44,802365480,100.00,,
23.673267756,11149080292,,instructions,802357180,100.00,3.71,insn per cycle
23.673267756,3008730032,,cycles,802345820,100.00,,
23.773573412,1488987,,rD044,802357990,100.00,,
23.773573412,70412753,,rFF44,802373290,100.00,,
23.773573412,10924799316,,instructions,802382568,100.00,3.63,insn per cycle
23.773573412,3008867953,,cycles,802385858,100.00,,
23.873880809,1099239,,rD044,802439697,100.00,,
23.873880809,72290888,,rFF44,802413848,100.00,,
23.873880809,11138388286,,instructions,802490310,100.00,3.70,insn per cycle
23.873880809,3009329190,,cycles,802492400,100.00,,
23.974188146,1177343,,rD044,802455461,100.00,,
23.974188146,68188292,,rFF44,802462510,100.00,,
23.974188146,10636181335,,instructions,802383070,100.00,3.53,insn per cycle
23.974188146,3008929542,,cycles,802385280,100.00,,
24.074490512,1268656,,rD044,802458150,100.00,,
24.074490512,72451367,,rFF44,802443300,100.00,,
24.074490512,11164514847,,instructions,802443770,100.00,3.71,insn per cycle
24.074490512,3009140129,,cycles,802440681,100.00,,
24.174797279,833970,,rD044,802400890,100.00,,
24.174797279,69661500,,rFF44,802412131,100.00,,
24.174797279,10816795739,,instructions,802403298,100.00,3.59,insn per cycle
24.174797279,3008968853,,cycles,802395807,100.00,,
24.275112116,1450865,,rD044,802512828,100.00,,
24.275112116,72471533,,rFF44,802512367,100.00,,
24.275112116,11165353865,,instructions,802514280,100.00,3.71,insn per cycle
24.275112116,3009398361,,cycles,802510490,100.00,,
24.375411692,1409063,,rD044,802422800,100.00,,
24.375411692,68970080,,rFF44,802440420,100.00,,
24.375411692,10733795674,,instructions,802455840,100.00,3.57,insn per cycle
24.375411692,3009235893,,cycles,802469400,100.00,,
24.475749279,1020865,,rD044,802663020,100.00,,
24.475749279,71901295,,rFF44,802641800,100.00,,
24.475749279,11075603231,,instructions,802637476,100.00,3.68,insn per cycle
24.475749279,3009855025,,cycles,802632018,100.00,,
24.576051956,747798,,rD044,802448245,100.00,,
24.576051956,67563233,,rFF44,802463488,100.00,,
24.576051956,10554999790,,instructions,802464382,100.00,3.51,insn per cycle
24.576051956,3009242920,,cycles,802468610,100.00,,
24.676359333,751550,,rD044,802368093,100.00,,
24.676359333,71714316,,rFF44,802352370,100.00,,
24.676359333,11046988894,,instructions,802357660,100.00,3.67,insn per cycle
24.676359333,3008804505,,cycles,802362480,100.00,,
24.776662159,1023325,,rD044,802419470,100.00,,
24.776662159,68257672,,rFF44,802424820,100.00,,
24.776662159,10657971030,,instructions,802420480,100.00,3.54,insn per cycle
24.776662159,3009073796,,cycles,802424010,100.00,,
24.876967866,1560088,,rD044,802442080,100.00,,
24.876967866,72318243,,rFF44,802439300,100.00,,
24.876967866,11140836259,,instructions,802440567,100.00,3.70,insn per cycle
24.876967866,3009104057,,cycles,802431448,100.00,,
24.977272413,592113,,rD044,802428346,100.00,,
24.977272413,68324169,,rFF44,802419018,100.00,,
24.977272413,10636329119,,instructions,802402371,100.00,3.53,insn per cycle
24.977272413,3008974734,,cycles,802397520,100.00,,
25.077571809,849076,,rD044,802398982,100.00,,
25.077571809,71852346,,rFF44,802405680,100.00,,
25.077571809,11071500982,,instructions,802410410,100.00,3.68,insn per cycle
25.077571809,3009034511,,cycles,802417440,100.00,,
25.177876646,354120,,rD044,802422050,100.00,,
25.177876646,67976011,,rFF44,802417800,100.00,,
25.177876646,10591350855,,instructions,802536830,100.00,3.52,insn per cycle
25.177876646,3009504014,,cycles,802537810,100.00,,
25.278190653,845295,,rD044,802537740,100.00,,
25.278190653,72029557,,rFF44,802548942,100.00,,
25.278190653,11095789757,,instructions,802435808,100.00,3.69,insn per cycle
25.278190653,3009219519,,cycles,802462198,100.00,,
25.378510120,668963,,rD044,802523398,100.00,,
25.378510120,68767441,,rFF44,802517526,100.00,,
25.378510120,10703160042,,instructions,802520430,100.00,3.56,insn per cycle
25.378510120,3009319130,,cycles,802489570,100.00,,
25.478812026,829419,,rD044,802412570,100.00,,
25.478812026,71869430,,rFF44,802407230,100.00,,
25.478812026,11072454337,,instructions,802393420,100.00,3.68,insn per cycle
25.478812026,3008921500,,cycles,802383080,100.00,,
25.579119213,1146425,,rD044,802481700,100.00,,
25.579119213,67991058,,rFF44,802482810,100.00,,
25.579119213,10621360821,,instructions,802502180,100.00,3.53,insn per cycle
25.579119213,3009423654,,cycles,802516247,100.00,,
25.679428309,1343894,,rD044,802395550,100.00,,
25.679428309,72255290,,rFF44,802420878,100.00,,
25.679428309,11131227683,,instructions,802443808,100.00,3.70,insn per cycle
25.679428309,3009078995,,cycles,802444261,100.00,,
25.779740096,1117594,,rD044,802475598,100.00,,
25.779740096,66805975,,rFF44,802453120,100.00,,
25.779740096,10485357847,,instructions,802417600,100.00,3.48,insn per cycle
25.779740096,3009029801,,cycles,802411280,100.00,,
25.880043323,902293,,rD044,802417580,100.00,,
25.880043323,71864184,,rFF44,802416600,100.00,,
25.880043323,11070941588,,instructions,802418010,100.00,3.68,insn per cycle
25.880043323,3009096150,,cycles,802430150,100.00,,
25.980345260,748929,,rD044,802417760,100.00,,
25.980345260,69176233,,rFF44,802433350,100.00,,
25.980345260,10743474728,,instructions,802435391,100.00,3.57,insn per cycle
25.980345260,3009108041,,cycles,802432528,100.00,,
26.080653326,938634,,rD044,802475352,100.00,,
26.080653326,71819693,,rFF44,802467098,100.00,,
26.080653326,11062776513,,instructions,802466247,100.00,3.68,insn per cycle
26.080653326,3009185645,,cycles,802453640,100.00,,
26.180957913,917317,,rD044,802407056,100.00,,
26.180957913,67931482,,rFF44,802395320,100.00,,
26.180957913,10610292088,,instructions,802381690,100.00,3.53,insn per cycle
26.180957913,3008866002,,cycles,802372030,100.00,,
26.281285110,917943,,rD044,802629160,100.00,,
26.281285110,71850000,,rFF44,802676920,100.00,,
26.281285110,11068129644,,instructions,802697460,100.00,3.68,insn per cycle
26.281285110,3010282673,,cycles,802749754,100.00,,
26.381604597,589693,,rD044,802540900,100.00,,
26.381604597,68307850,,rFF44,802509127,100.00,,
26.381604597,10642697404,,instructions,802495478,100.00,3.54,insn per cycle
26.381604597,3009169601,,cycles,802449574,100.00,,
26.481906443,935448,,rD044,802438738,100.00,,
26.481906443,71756422,,rFF44,802508691,100.00,,
26.481906443,11053412883,,instructions,802511860,100.00,3.67,insn per cycle
26.481906443,3009408444,,cycles,802512730,100.00,,
26.582220370,1230450,,rD044,802478640,100.00,,
26.582220370,68949194,,rFF44,802414290,100.00,,
26.582220370,10743947001,,instructions,802407520,100.00,3.57,insn per cycle
26.582220370,3009036487,,cycles,802413620,100.00,,
26.682524077,1355074,,rD044,802340379,100.00,,
26.682524077,72603638,,rFF44,802332909,100.00,,
26.682524077,11183458056,,instructions,802338559,100.00,3.72,insn per cycle
26.682524077,3008737980,,cycles,802349947,100.00,,
26.782832243,819766,,rD044,802452031,100.00,,
26.782832243,69262185,,rFF44,802446078,100.00,,
26.782832243,10767736304,,instructions,802449338,100.00,3.58,insn per cycle
26.782832243,3009240827,,cycles,802467310,100.00,,
26.883148940,695341,,rD044,802549577,100.00,,
26.883148940,71692443,,rFF44,802545570,100.00,,
26.883148940,11044061197,,instructions,802547390,100.00,3.67,insn per cycle
26.883148940,3009430316,,cycles,802519240,100.00,,
26.983452317,964708,,rD044,802408080,100.00,,
26.983452317,69478431,,rFF44,802420030,100.00,,
26.983452317,10799213826,,instructions,802426430,100.00,3.59,insn per cycle
26.983452317,3009085803,,cycles,802426970,100.00,,
27.083758023,615483,,rD044,802432630,100.00,,
27.083758023,71206528,,rFF44,802429630,100.00,,
27.083758023,10967014261,,instructions,802434347,100.00,3.64,insn per cycle
27.083758023,3009144315,,cycles,802442378,100.00,,
27.184078020,1431621,,rD044,802599788,100.00,,
27.184078020,69157424,,rFF44,802599808,100.00,,
27.184078020,10766776738,,instructions,802580381,100.00,3.58,insn per cycle
27.184078020,3009591111,,cycles,802561200,100.00,,
27.284391717,1148025,,rD044,802463240,100.00,,
27.284391717,72220214,,rFF44,802468290,100.00,,
27.284391717,11122092140,,instructions,802467530,100.00,3.70,insn per cycle
27.284391717,3009263764,,cycles,802474210,100.00,,
27.384696004,1129177,,rD044,802519880,100.00,,
27.384696004,69949105,,rFF44,802524240,100.00,,
27.384696004,10869106971,,instructions,802528872,100.00,3.61,insn per cycle
27.384696004,3009505182,,cycles,802543068,100.00,,
27.485016011,1721463,,rD044,802404822,100.00,,
27.485016011,72430662,,rFF44,802414067,100.00,,
27.485016011,11154656045,,instructions,802423245,100.00,3.71,insn per cycle
27.485016011,3008955383,,cycles,802422199,100.00,,
27.585330667,865146,,rD044,802466015,100.00,,
27.585330667,68208639,,rFF44,802433310,100.00,,
27.585330667,10633606750,,instructions,802419350,100.00,3.53,insn per cycle
27.585330667,3009023952,,cycles,802410370,100.00,,
27.685626524,761228,,rD044,802307599,100.00,,
27.685626524,71681139,,rFF44,802314809,100.00,,
27.685626524,11038809764,,instructions,802324199,100.00,3.67,insn per cycle
27.685626524,3008624756,,cycles,802324519,100.00,,
27.785916000,1084279,,rD044,802318300,100.00,,
27.785916000,68818234,,rFF44,802353900,100.00,,
27.785916000,10718040184,,instructions,802347131,100.00,3.56,insn per cycle
27.785916000,3008812195,,cycles,802353648,100.00,,
27.886224777,1177678,,rD044,802425030,100.00,,
27.886224777,72282358,,rFF44,802384888,100.00,,
27.886224777,11131994291,,instructions,802388647,100.00,3.70,insn per cycle
27.886224777,3008880329,,cycles,802372140,100.00,,
27.986525334,938914,,rD044,802387948,100.00,,
27.986525334,67306414,,rFF44,802381940,100.00,,
27.986525334,10531025486,,instructions,802362200,100.00,3.50,insn per cycle
27.986525334,3008821939,,cycles,802362630,100.00,,
28.086822030,1000870,,rD044,802379000,100.00,,
28.086822030,72240248,,rFF44,802406090,100.00,,
28.086822030,11124212143,,instructions,802427850,100.00,3.70,insn per cycle
28.086822030,3009125192,,cycles,802437390,100.00,,
28.187154747,1364051,,rD044,802633750,100.00,,
28.187154747,66269535,,rFF44,802605930,100.00,,
28.187154747,10432217540,,instructions,802608825,100.00,3.47,insn per cycle
28.187154747,3009824489,,cycles,802623498,100.00,,
28.287456604,633632,,rD044,802416194,100.00,,
28.287456604,71501300,,rFF44,802425008,100.00,,
28.287456604,11011425730,,instructions,802414663,100.00,3.66,insn per cycle
28.287456604,3008977427,,cycles,802398270,100.00,,
28.387755140,611515,,rD044,802378604,100.00,,
28.387755140,68057340,,rFF44,802373360,100.00,,
28.387755140,10613657553,,instructions,802363880,100.00,3.53,insn per cycle
28.387755140,3008831249,,cycles,802358580,100.00,,
28.488051717,889987,,rD044,802377600,100.00,,
28.488051717,72154896,,rFF44,802386590,100.00,,
28.488051717,11112228044,,instructions,802396470,100.00,3.69,insn per cycle
28.488051717,3008960825,,cycles,802393340,100.00,,
28.588348703,1281749,,rD044,802412280,100.00,,
28.588348703,70546904,,rFF44,802423170,100.00,,
28.588348703,10940947589,,instructions,802419250,100.00,3.64,insn per cycle
28.588348703,3009094234,,cycles,802428988,100.00,,
28.688658320,745576,,rD044,802387680,100.00,,
28.688658320,71805342,,rFF44,802376298,100.00,,
28.688658320,11056818818,,instructions,802391118,100.00,3.67,insn per cycle
28.688658320,3008920907,,cycles,802388530,100.00,,
28.788960837,999819,,rD044,802407038,100.00,,
28.788960837,68196985,,rFF44,802401180,100.00,,
28.788960837,10650078678,,instructions,802398010,100.00,3.54,insn per cycle
28.788960837,3008973939,,cycles,802396710,100.00,,
28.889260293,1086973,,rD044,802393890,100.00,,
28.889260293,72289300,,rFF44,802399070,100.00,,
28.889260293,11131572026,,instructions,802396780,100.00,3.70,insn per cycle
28.889260293,3009012354,,cycles,802407370,100.00,,
28.989566330,730823,,rD044,802454330,100.00,,
28.989566330,68472216,,rFF44,802456440,100.00,,
28.989566330,10669592802,,instructions,802453270,100.00,3.55,insn per cycle
28.989566330,3009168527,,cycles,802448938,100.00,,
29.089869737,703100,,rD044,802430260,100.00,,
29.089869737,71924897,,rFF44,802435178,100.00,,
29.089869737,11076644979,,instructions,802576358,100.00,3.68,insn per cycle
29.089869737,3009656720,,cycles,802578900,100.00,,
29.190192963,1526640,,rD044,802553788,100.00,,
29.190192963,68985631,,rFF44,802540010,100.00,,
29.190192963,10751189690,,instructions,802404770,100.00,3.57,insn per cycle
29.190192963,3008997403,,cycles,802403380,100.00,,
29.290494880,993450,,rD044,802453930,100.00,,
29.290494880,71669344,,rFF44,802480260,100.00,,
29.290494880,11036925667,,instructions,802482050,100.00,3.67,insn per cycle
29.290494880,3009283503,,cycles,802479500,100.00,,
29.390807477,893500,,rD044,802458920,100.00,,
29.390807477,69355517,,rFF44,802432800,100.00,,
29.390807477,10774597982,,instructions,802427937,100.00,3.58,insn per cycle
29.390807477,3009072742,,cycles,802423318,100.00,,
29.491121784,1086871,,rD044,802507528,100.00,,
29.491121784,71913530,,rFF44,802502168,100.00,,
29.491121784,11073876231,,instructions,802490141,100.00,3.68,insn per cycle
29.491121784,3009336531,,cycles,802493390,100.00,,
29.591421620,635217,,rD044,802399170,100.00,,
29.591421620,66579586,,rFF44,802416400,100.00,,
29.591421620,10440258090,,instructions,802435170,100.00,3.47,insn per cycle
29.591421620,3009129303,,cycles,802438460,100.00,,
29.691727237,999906,,rD044,802421790,100.00,,
29.691727237,71913053,,rFF44,802417860,100.00,,
29.691727237,11072832911,,instructions,802405840,100.00,3.68,insn per cycle
29.691727237,3008988868,,cycles,802407031,100.00,,
29.792035824,1046104,,rD044,802442250,100.00,,
29.792035824,70213177,,rFF44,802429152,100.00,,
29.792035824,10892341401,,instructions,802425758,100.00,3.62,insn per cycle
29.792035824,3009083254,,cycles,802426227,100.00,,
29.892335290,1338496,,rD044,802409418,100.00,,
29.892335290,72186211,,rFF44,802430656,100.00,,
29.892335290,11118277102,,instructions,802438690,100.00,3.69,insn per cycle
29.892335290,3009090407,,cycles,802433480,100.00,,
29.992657637,956339,,rD044,802648570,100.00,,
29.992657637,69455130,,rFF44,802667650,100.00,,
29.992657637,10796770720,,instructions,802677340,100.00,3.59,insn per cycle
29.992657637,3010031419,,cycles,802678810,100.00,,
30.092975824,1012841,,rD044,802437610,100.00,,
30.092975824,71912999,,rFF44,802401890,100.00,,
30.092975824,11075653531,,instructions,802397913,100.00,3.68,insn per cycle
30.092975824,3008982651,,cycles,802399618,100.00,,
30.193277870,870021,,rD044,802446284,100.00,,
30.193277870,68591223,,rFF44,802479078,100.00,,
30.193277870,10686717188,,instructions,802490205,100.00,3.55,insn per cycle
30.193277870,3009559186,,cycles,802552080,100.00,,
30.293598907,1383627,,rD044,802585104,100.00,,
30.293598907,72493053,,rFF44,802559050,100.00,,
30.293598907,11166375151,,instructions,802541740,100.00,3.71,insn per cycle
30.293598907,3009299331,,cycles,802484420,100.00,,
30.393907214,1114210,,rD044,802447180,100.00,,
30.393907214,69789114,,rFF44,802535080,100.00,,
30.393907214,10846413075,,instructions,802558990,100.00,3.60,insn per cycle
30.393907214,3009555138,,cycles,802552127,100.00,,
30.494234041,904606,,rD044,802583811,100.00,,
30.494234041,71888823,,rFF44,802507938,100.00,,
30.494234041,11072685313,,instructions,802492468,100.00,3.68,insn per cycle
30.494234041,3009342121,,cycles,802494901,100.00,,
30.594540538,796600,,rD044,802441137,100.00,,
30.594540538,68338967,,rFF44,802430150,100.00,,
30.594540538,10650970858,,instructions,802420270,100.00,3.54,insn per cycle
30.594540538,3009030213,,cycles,802411760,100.00,,
30.694842264,1204742,,rD044,802358100,100.00,,
30.694842264,72264548,,rFF44,802350310,100.00,,
30.694842264,11132537170,,instructions,802355450,100.00,3.70,insn per cycle
30.694842264,3009163661,,cycles,802458150,100.00,,
30.795157481,1059107,,rD044,802518050,100.00,,
30.795157481,66074838,,rFF44,802528530,100.00,,
30.795157481,10390788225,,instructions,802529055,100.00,3.45,insn per cycle
30.795157481,3009129682,,cycles,802438508,100.00,,
30.895464418,897253,,rD044,802448074,100.00,,
30.895464418,72237812,,rFF44,802446468,100.00,,
30.895464418,11123139009,,instructions,802449753,100.00,3.70,insn per cycle
30.895464418,3009152798,,cycles,802444260,100.00,,
30.973524381,621438,,rD044,591185240,100.00,,
30.973524381,40097800,,rFF44,590950486,100.00,,
30.973524381,6471905118,,instructions,590747226,100.00,2.92,insn per cycle
30.973524381,2214474104,,cycles,590554136,100.00,,
