0.100131186,3644759,,rD044,91996082,100.00,,
0.100131186,17077678,,rFF44,92002082,100.00,,
0.100131186,372744571,,instructions,92007252,100.00,1.09,insn per cycle
0.100131186,341164357,,cycles,92012582,100.00,,
0.200431103,5493330,,rD044,100295356,100.00,,
0.200431103,23991098,,rFF44,100294506,100.00,,
0.200431103,505659604,,instructions,100293906,100.00,1.34,insn per cycle
0.200431103,376100061,,cycles,100293646,100.00,,
0.300641609,5499344,,rD044,100208104,100.00,,
0.300641609,23990455,,rFF44,100208614,100.00,,
0.300641609,505199812,,instructions,100208474,100.00,1.34,insn per cycle
0.300641609,375778557,,cycles,100207884,100.00,,
0.400851685,6597946,,rD044,100209895,100.00,,
0.400851685,28037698,,rFF44,100210195,100.00,,
0.400851685,143175094,,instructions,100210745,100.00,0.38,insn per cycle
0.400851685,375788421,,cycles,100210735,100.00,,
0.501064901,6918894,,rD044,100198665,100.00,,
0.501064901,29956377,,rFF44,100198135,100.00,,
0.501064901,37375403,,instructions,100198125,100.00,0.10,insn per cycle
0.501064901,375721315,,cycles,100198565,100.00,,
0.601363908,19938939,,rD044,4568695788,100.00,,
0.601363908,280161289,,rFF44,4695699991,100.00,,
0.601363908,41763610485,,instructions,4810839468,100.00,2.27,insn per cycle
0.601363908,18422673879,,cycles,4915058540,100.00,,
0.705433918,41365359,,rD044,13318900711,100.00,,
0.705433918,776667341,,rFF44,13318327833,100.00,,
0.705433918,121039290785,,instructions,13314527035,100.00,2.42,insn per cycle
0.705433918,49932481870,,cycles,13315452180,100.00,,
0.809491078,40828644,,rD044,13290706365,100.00,,
0.809491078,783240355,,rFF44,13265004434,100.00,,
0.809491078,121610953538,,instructions,13259145916,100.00,2.45,insn per cycle
0.809491078,49702444359,,cycles,13254068152,100.00,,
0.913064902,41457913,,rD044,13277367904,100.00,,
0.913064902,786705750,,rFF44,13287179599,100.00,,
0.913064902,121988243990,,instructions,13289659720,100.00,2.45,insn per cycle
0.913064902,49847828024,,cycles,13292844781,100.00,,
1.017067381,41491142,,rD044,13315260304,100.00,,
1.017067381,784974070,,rFF44,13315357450,100.00,,
1.017067381,121843849576,,instructions,13310186853,100.00,2.44,insn per cycle
1.017067381,49912885262,,cycles,13310802092,100.00,,
1.120925049,39606343,,rD044,13290152225,100.00,,
1.120925049,786883768,,rFF44,13291580904,100.00,,
1.120925049,122013363922,,instructions,13293208883,100.00,2.45,insn per cycle
1.120925049,49727954058,,cycles,13260881983,100.00,,
1.224421012,40635016,,rD044,13247758564,100.00,,
1.224421012,782959876,,rFF44,13250259342,100.00,,
1.224421012,121458750126,,instructions,13246208196,100.00,2.44,insn per cycle
1.224421012,49757489707,,cycles,13268724088,100.00,,
1.328139468,41437497,,rD044,13274062825,100.00,,
1.328139468,783174835,,rFF44,13271549606,100.00,,
1.328139468,121647966176,,instructions,13273053672,100.00,2.44,insn per cycle
1.328139468,49813189701,,cycles,13283866706,100.00,,
1.432043026,41401299,,rD044,13302913967,100.00,,
1.432043026,785263063,,rFF44,13308949785,100.00,,
1.432043026,121890785009,,instructions,13312011718,100.00,2.44,insn per cycle
1.432043026,49931240811,,cycles,13315415665,100.00,,
1.536019715,42037116,,rD044,13306039047,100.00,,
1.536019715,784760329,,rFF44,13303384112,100.00,,
1.536019715,121831421134,,instructions,13301634662,100.00,2.44,insn per cycle
1.536019715,49845104690,,cycles,13292539788,100.00,,
1.639874592,41271895,,rD044,13289005577,100.00,,
1.639874592,783499212,,rFF44,13253903438,100.00,,
1.639874592,121460333405,,instructions,13244923625,100.00,2.44,insn per cycle
1.639874592,49690091756,,cycles,13250951412,100.00,,
1.743318455,40584025,,rD044,13242516484,100.00,,
1.743318455,786471748,,rFF44,13272724469,100.00,,
1.743318455,122107448313,,instructions,13284442408,100.00,2.45,insn per cycle
1.743318455,49800909144,,cycles,13280309119,100.00,,
1.847228693,41312321,,rD044,13301640534,100.00,,
1.847228693,788021840,,rFF44,13304501289,100.00,,
1.847228693,122235434639,,instructions,13302728337,100.00,2.45,insn per cycle
1.847228693,49895456640,,cycles,13305589170,100.00,,
1.951133961,41432488,,rD044,13299957558,100.00,,
1.951133961,788036711,,rFF44,13299005238,100.00,,
1.951133961,122217575076,,instructions,13300889994,100.00,2.45,insn per cycle
1.951133961,49787028840,,cycles,13276646375,100.00,,
2.054697545,40811033,,rD044,13257899920,100.00,,
2.054697545,785003237,,rFF44,13262298451,100.00,,
2.054697545,121797932851,,instructions,13263926153,100.00,2.44,insn per cycle
2.054697545,49821360381,,cycles,13285803466,100.00,,
2.158598993,41375158,,rD044,13300519661,100.00,,
2.158598993,786196679,,rFF44,13307108172,100.00,,
2.158598993,121990517179,,instructions,13302155449,100.00,2.45,insn per cycle
2.158598993,49866605218,,cycles,13297900059,100.00,,
2.262451351,41470742,,rD044,13288810131,100.00,,
2.262451351,786292772,,rFF44,13279401977,100.00,,
2.262451351,121930996615,,instructions,13282897221,100.00,2.45,insn per cycle
2.262451351,49802768919,,cycles,13280947422,100.00,,
2.366202027,40551097,,rD044,13280384381,100.00,,
2.366202027,783774930,,rFF44,13279777974,100.00,,
2.366202027,121664497643,,instructions,13275233786,100.00,2.44,insn per cycle
2.366202027,49812534995,,cycles,13283563052,100.00,,
2.470056665,40875012,,rD044,13270665111,100.00,,
2.470056665,783627712,,rFF44,13251796058,100.00,,
2.470056665,121682243936,,instructions,13256383859,100.00,2.45,insn per cycle
2.470056665,49694384047,,cycles,13251971588,100.00,,
2.573571728,40939837,,rD044,13268408910,100.00,,
2.573571728,787824335,,rFF44,13285614514,100.00,,
2.573571728,122122148856,,instructions,13284913065,100.00,2.45,insn per cycle
2.573571728,49827125436,,cycles,13287477800,100.00,,
2.677429516,41588495,,rD044,13301776452,100.00,,
2.677429516,786717182,,rFF44,13301813346,100.00,,
2.677429516,122039253972,,instructions,13297685096,100.00,2.45,insn per cycle
2.677429516,49852349752,,cycles,13294084330,100.00,,
2.781264173,40364476,,rD044,13283730274,100.00,,
2.781264173,786316075,,rFF44,13278050472,100.00,,
2.781264173,121888140896,,instructions,13271317070,100.00,2.46,insn per cycle
2.781264173,49633022716,,cycles,13235684022,100.00,,
2.884509113,40757175,,rD044,13217887891,100.00,,
2.884509113,783308107,,rFF44,13228343511,100.00,,
2.884509113,121605110646,,instructions,13239228660,100.00,2.44,insn per cycle
2.884509113,49782172590,,cycles,13275344235,100.00,,
2.988349771,41670956,,rD044,13290490852,100.00,,
2.988349771,786200234,,rFF44,13289081247,100.00,,
2.988349771,121982847857,,instructions,13286687218,100.00,2.45,insn per cycle
2.988349771,49828846576,,cycles,13287755066,100.00,,
3.092136547,39917096,,rD044,13283075641,100.00,,
3.092136547,786969159,,rFF44,13282734012,100.00,,
3.092136547,121998311984,,instructions,13281939389,100.00,2.45,insn per cycle
3.092136547,49816185680,,cycles,13284395515,100.00,,
3.195993195,40625820,,rD044,13297104795,100.00,,
3.195993195,788051430,,rFF44,13318611075,100.00,,
3.195993195,122312522001,,instructions,13321674276,100.00,2.45,insn per cycle
3.195993195,49964554280,,cycles,13324000358,100.00,,
3.300087485,40321184,,rD044,13319524632,100.00,,
3.300087485,786967887,,rFF44,13295170410,100.00,,
3.300087485,122091355918,,instructions,13295185419,100.00,2.45,insn per cycle
3.300087485,49881383208,,cycles,13301801006,100.00,,
3.394950120,28714114,,rD044,11369247531,100.00,,
3.394950120,548529778,,rFF44,11257269896,100.00,,
3.394950120,89699901483,,instructions,11151806487,100.00,2.17,insn per cycle
3.394950120,41400298180,,cycles,11040610755,100.00,,
