0.100112885,4591814,,rD044,92212346,100.00,,
0.100112885,20246073,,rFF44,92217906,100.00,,
0.100112885,438715898,,instructions,92222276,100.00,1.29,insn per cycle
0.100112885,341396433,,cycles,92227306,100.00,,
0.200405652,5477814,,rD044,100223165,100.00,,
0.200405652,23962329,,rFF44,100224426,100.00,,
0.200405652,505216380,,instructions,100224906,100.00,1.34,insn per cycle
0.200405652,375783456,,cycles,100224016,100.00,,
0.300607048,5488486,,rD044,100138994,100.00,,
0.300607048,23942540,,rFF44,100137693,100.00,,
0.300607048,504017261,,instructions,100137103,100.00,1.34,insn per cycle
0.300607048,375459589,,cycles,100138043,100.00,,
0.400810364,6749147,,rD044,100144245,100.00,,
0.400810364,29344434,,rFF44,100144225,100.00,,
0.400810364,85346859,,instructions,100145125,100.00,0.23,insn per cycle
0.400810364,375482867,,cycles,100144245,100.00,,
0.501014680,6929423,,rD044,100161995,100.00,,
0.501014680,30194625,,rFF44,100162755,100.00,,
0.501014680,37734246,,instructions,100162645,100.00,0.10,insn per cycle
0.501014680,375552268,,cycles,100163035,100.00,,
0.601242516,3011384,,rD044,490124401,100.00,,
0.601242516,54502991,,rFF44,490402381,100.00,,
0.601242516,6419197682,,instructions,490597221,100.00,3.49,insn per cycle
0.601242516,1839625743,,cycles,490779981,100.00,,
0.701548463,28467,,rD044,802327720,100.00,,
0.701548463,73418171,,rFF44,802301890,100.00,,
0.701548463,11307831418,,instructions,802286370,100.00,3.76,insn per cycle
0.701548463,3008521010,,cycles,802293680,100.00,,
0.801840420,31617,,rD044,802271539,100.00,,
0.801840420,70286007,,rFF44,802269349,100.00,,
0.801840420,10967304498,,instructions,802266549,100.00,3.65,insn per cycle
0.801840420,3008419165,,cycles,802262256,100.00,,
0.902130907,27260,,rD044,802265330,100.00,,
0.902130907,74648885,,rFF44,802269415,100.00,,
0.902130907,11500478950,,instructions,802289808,100.00,3.82,insn per cycle
0.902130907,3008541386,,cycles,802294661,100.00,,
1.002422584,30306,,rD044,802272936,100.00,,
1.002422584,70787844,,rFF44,802278673,100.00,,
1.002422584,11054423239,,instructions,802245960,100.00,3.67,insn per cycle
1.002422584,3008288540,,cycles,802230550,100.00,,
1.102711501,26626,,rD044,802238112,100.00,,
1.102711501,74433474,,rFF44,802230690,100.00,,
1.102711501,11466826598,,instructions,802246490,100.00,3.81,insn per cycle
1.102711501,3008347628,,cycles,802250180,100.00,,
1.203001838,31816,,rD044,802349479,100.00,,
1.203001838,72974332,,rFF44,802397389,100.00,,
1.203001838,11288537524,,instructions,802402619,100.00,3.75,insn per cycle
1.203001838,3008934557,,cycles,802400829,100.00,,
1.303310475,26751,,rD044,802332510,100.00,,
1.303310475,73505850,,rFF44,802292600,100.00,,
1.303310475,11329384894,,instructions,802291170,100.00,3.77,insn per cycle
1.303310475,3008497349,,cycles,802282458,100.00,,
1.403599852,29669,,rD044,802259800,100.00,,
1.403599852,66371889,,rFF44,802250215,100.00,,
1.403599852,10470246409,,instructions,802241458,100.00,3.48,insn per cycle
1.403599852,3008353048,,cycles,802244740,100.00,,
1.503887559,28588,,rD044,802127565,100.00,,
1.503887559,74764465,,rFF44,802131703,100.00,,
1.503887559,11526872291,,instructions,802155530,100.00,3.83,insn per cycle
1.503887559,3008048753,,cycles,802165710,100.00,,
1.604195746,31920,,rD044,802407813,100.00,,
1.604195746,71051235,,rFF44,802410610,100.00,,
1.604195746,11063506133,,instructions,802390900,100.00,3.68,insn per cycle
1.604195746,3008814365,,cycles,802368490,100.00,,
1.704482823,26117,,rD044,802221170,100.00,,
1.704482823,73356271,,rFF44,802208090,100.00,,
1.704482823,11318080879,,instructions,802201800,100.00,3.76,insn per cycle
1.704482823,3008241073,,cycles,802217770,100.00,,
1.804769969,29932,,rD044,802236709,100.00,,
1.804769969,69351144,,rFF44,802243789,100.00,,
1.804769969,10858836965,,instructions,802254169,100.00,3.61,insn per cycle
1.804769969,3008358596,,cycles,802245073,100.00,,
1.905056026,28491,,rD044,802207700,100.00,,
1.905056026,72171441,,rFF44,802187340,100.00,,
1.905056026,11183743761,,instructions,802177337,100.00,3.72,insn per cycle
1.905056026,3008108951,,cycles,802187134,100.00,,
2.005337663,28959,,rD044,802177141,100.00,,
2.005337663,74045888,,rFF44,802180658,100.00,,
2.005337663,11425210913,,instructions,802173031,100.00,3.80,insn per cycle
2.005337663,3008021019,,cycles,802160940,100.00,,
2.105655820,29608,,rD044,802489766,100.00,,
2.105655820,67167772,,rFF44,802505139,100.00,,
2.105655820,10564077831,,instructions,802527729,100.00,3.51,insn per cycle
2.105655820,3009452825,,cycles,802537549,100.00,,
2.205942887,27010,,rD044,802250680,100.00,,
2.205942887,74138639,,rFF44,802251430,100.00,,
2.205942887,11435888633,,instructions,802338660,100.00,3.80,insn per cycle
2.205942887,3009464012,,cycles,802541773,100.00,,
2.306268994,31096,,rD044,802538460,100.00,,
2.306268994,70110305,,rFF44,802536180,100.00,,
2.306268994,10907858286,,instructions,802444618,100.00,3.63,insn per cycle
2.306268994,3008362225,,cycles,802247225,100.00,,
2.406558411,27181,,rD044,802266082,100.00,,
2.406558411,73973164,,rFF44,802266038,100.00,,
2.406558411,11410106030,,instructions,802264160,100.00,3.79,insn per cycle
2.406558411,3008377040,,cycles,802250490,100.00,,
2.506844418,31077,,rD044,802233296,100.00,,
2.506844418,70384181,,rFF44,802230820,100.00,,
2.506844418,10938607198,,instructions,802232290,100.00,3.64,insn per cycle
2.506844418,3008303759,,cycles,802230640,100.00,,
2.607130015,26420,,rD044,800925814,100.00,,
2.607130015,74582158,,rFF44,800926134,100.00,,
2.607130015,11502590395,,instructions,800917564,100.00,3.83,insn per cycle
2.607130015,3003366483,,cycles,800922084,100.00,,
2.707415322,30233,,rD044,802213780,100.00,,
2.707415322,70613758,,rFF44,802221110,100.00,,
2.707415322,11010713339,,instructions,802233750,100.00,3.66,insn per cycle
2.707415322,3008287961,,cycles,802228420,100.00,,
2.807704559,26748,,rD044,802259000,100.00,,
2.807704559,74856879,,rFF44,802271550,100.00,,
2.807704559,11542877639,,instructions,802273970,100.00,3.84,insn per cycle
2.807704559,3008503173,,cycles,802286626,100.00,,
2.908000176,30222,,rD044,802353570,100.00,,
2.908000176,70130859,,rFF44,802396378,100.00,,
2.908000176,10925686533,,instructions,802387618,100.00,3.63,insn per cycle
2.908000176,3008884166,,cycles,802385392,100.00,,
3.008302473,28166,,rD044,802308477,100.00,,
3.008302473,73571048,,rFF44,802265379,100.00,,
3.008302473,11340746735,,instructions,802267219,100.00,3.77,insn per cycle
3.008302473,3008430929,,cycles,802268639,100.00,,
3.108600890,30631,,rD044,802291010,100.00,,
3.108600890,70612320,,rFF44,802258810,100.00,,
3.108600890,11017662582,,instructions,802257560,100.00,3.66,insn per cycle
3.108600890,3008350975,,cycles,802255000,100.00,,
3.208885747,26454,,rD044,802233190,100.00,,
3.208885747,74278053,,rFF44,802246810,100.00,,
3.208885747,11448023286,,instructions,802239240,100.00,3.81,insn per cycle
3.208885747,3008318983,,cycles,802236700,100.00,,
3.309191974,30795,,rD044,802384019,100.00,,
3.309191974,69869015,,rFF44,802387959,100.00,,
3.309191974,10912554520,,instructions,802393072,100.00,3.63,insn per cycle
3.309191974,3008910287,,cycles,802394267,100.00,,
3.409481131,27039,,rD044,802268150,100.00,,
3.409481131,74407047,,rFF44,802270778,100.00,,
3.409481131,11463708541,,instructions,802283495,100.00,3.81,insn per cycle
3.409481131,3008521052,,cycles,802288710,100.00,,
3.509773848,31160,,rD044,802133417,100.00,,
3.509773848,72555689,,rFF44,802117949,100.00,,
3.509773848,11262142384,,instructions,802107889,100.00,3.74,insn per cycle
3.509773848,3007754704,,cycles,802094829,100.00,,
3.610059245,27706,,rD044,802231940,100.00,,
3.610059245,74318653,,rFF44,802250180,100.00,,
3.610059245,11445228332,,instructions,802262270,100.00,3.80,insn per cycle
3.610059245,3008462107,,cycles,802273620,100.00,,
3.710349201,32691,,rD044,802241380,100.00,,
3.710349201,71907448,,rFF44,802256840,100.00,,
3.710349201,11163378721,,instructions,802266490,100.00,3.71,insn per cycle
3.710349201,3008409771,,cycles,802263650,100.00,,
3.810640818,26423,,rD044,802276210,100.00,,
3.810640818,74511540,,rFF44,802262580,100.00,,
3.810640818,11474940297,,instructions,802247410,100.00,3.81,insn per cycle
3.810640818,3008350204,,cycles,802245255,100.00,,
3.910962076,30302,,rD044,802522022,100.00,,
3.910962076,69556219,,rFF44,802583818,100.00,,
3.910962076,10881899538,,instructions,802791598,100.00,3.61,insn per cycle
3.910962076,3010425494,,cycles,802796813,100.00,,
4.011286653,26984,,rD044,802487626,100.00,,
4.011286653,74558580,,rFF44,802437920,100.00,,
4.011286653,11482609621,,instructions,802233840,100.00,3.82,insn per cycle
4.011286653,3008252442,,cycles,802233450,100.00,,
4.111574150,31195,,rD044,802241220,100.00,,
4.111574150,71988486,,rFF44,802226980,100.00,,
4.111574150,11195076068,,instructions,802227210,100.00,3.72,insn per cycle
4.111574150,3008307099,,cycles,802232070,100.00,,
4.211867357,28045,,rD044,802248220,100.00,,
4.211867357,74270413,,rFF44,802253860,100.00,,
4.211867357,11444478797,,instructions,802249771,100.00,3.80,insn per cycle
4.211867357,3008247736,,cycles,802239338,100.00,,
4.312175874,31788,,rD044,802369212,100.00,,
4.312175874,69713811,,rFF44,802355628,100.00,,
4.312175874,10894267736,,instructions,802346757,100.00,3.62,insn per cycle
4.312175874,3008727504,,cycles,802361900,100.00,,
4.412462241,27126,,rD044,802231185,100.00,,
4.412462241,74350939,,rFF44,802229829,100.00,,
4.412462241,11460986850,,instructions,802229519,100.00,3.81,insn per cycle
4.412462241,3008208218,,cycles,802205689,100.00,,
4.512744567,30789,,rD044,802086890,100.00,,
4.512744567,71150259,,rFF44,802092670,100.00,,
4.512744567,11055448246,,instructions,802095450,100.00,3.68,insn per cycle
4.512744567,3007820260,,cycles,802105240,100.00,,
4.613043285,31268,,rD044,802323690,100.00,,
4.613043285,74297046,,rFF44,802321380,100.00,,
4.613043285,11466296063,,instructions,802315030,100.00,3.81,insn per cycle
4.613043285,3008602435,,cycles,802310320,100.00,,
4.713326671,29844,,rD044,802203149,100.00,,
4.713326671,71152088,,rFF44,802198699,100.00,,
4.713326671,11061529691,,instructions,802190159,100.00,3.68,insn per cycle
4.713326671,3008131177,,cycles,802189213,100.00,,
4.813612468,28014,,rD044,802214320,100.00,,
4.813612468,69602550,,rFF44,802224400,100.00,,
4.813612468,10846347749,,instructions,802237278,100.00,3.61,insn per cycle
4.813612468,3008313078,,cycles,802234114,100.00,,
4.913896485,29005,,rD044,802199051,100.00,,
4.913896485,71407185,,rFF44,802185367,100.00,,
4.913896485,11087844630,,instructions,802184729,100.00,3.69,insn per cycle
4.913896485,3008154204,,cycles,802199259,100.00,,
5.014210512,27400,,rD044,802461876,100.00,,
5.014210512,68518594,,rFF44,802465820,100.00,,
5.014210512,10732039726,,instructions,802461330,100.00,3.57,insn per cycle
5.014210512,3009158227,,cycles,802459120,100.00,,
5.114493979,29500,,rD044,802209830,100.00,,
5.114493979,72053837,,rFF44,802219180,100.00,,
5.114493979,11167088037,,instructions,802225200,100.00,3.71,insn per cycle
5.114493979,3008307236,,cycles,802233880,100.00,,
5.214784196,26372,,rD044,802258390,100.00,,
5.214784196,67679444,,rFF44,802263740,100.00,,
5.214784196,10616999918,,instructions,802266170,100.00,3.53,insn per cycle
5.214784196,3008385500,,cycles,802254180,100.00,,
5.315071963,28935,,rD044,802252260,100.00,,
5.315071963,72049291,,rFF44,802239990,100.00,,
5.315071963,11188774900,,instructions,802230416,100.00,3.72,insn per cycle
5.315071963,3008320962,,cycles,802235908,100.00,,
5.415361320,30967,,rD044,802253571,100.00,,
5.415361320,71108054,,rFF44,802259888,100.00,,
5.415361320,11078773220,,instructions,802279862,100.00,3.68,insn per cycle
5.415361320,3008527698,,cycles,802291280,100.00,,
5.515650147,26796,,rD044,802254227,100.00,,
5.515650147,74171758,,rFF44,802261040,100.00,,
5.515650147,11441209667,,instructions,802262990,100.00,3.80,insn per cycle
5.515650147,3008369334,,cycles,802248150,100.00,,
5.615939774,31772,,rD044,802124810,100.00,,
5.615939774,70196813,,rFF44,802105810,100.00,,
5.615939774,10953721112,,instructions,802115410,100.00,3.64,insn per cycle
5.615939774,3008101741,,cycles,802188180,100.00,,
5.716238770,27749,,rD044,802315000,100.00,,
5.716238770,73952852,,rFF44,802325770,100.00,,
5.716238770,11406539630,,instructions,802317220,100.00,3.79,insn per cycle
5.716238770,3008358114,,cycles,802250270,100.00,,
5.816560038,30604,,rD044,802529800,100.00,,
5.816560038,70145152,,rFF44,802536496,100.00,,
5.816560038,10911772907,,instructions,802517048,100.00,3.63,insn per cycle
5.816560038,3009345725,,cycles,802514288,100.00,,
5.916850435,27385,,rD044,802252975,100.00,,
5.916850435,73784472,,rFF44,802245592,100.00,,
5.916850435,11378330237,,instructions,802243390,100.00,3.78,insn per cycle
5.916850435,3008334213,,cycles,802243980,100.00,,
6.017154252,30818,,rD044,802375813,100.00,,
6.017154252,70776940,,rFF44,802371720,100.00,,
6.017154252,11018915304,,instructions,802373370,100.00,3.66,insn per cycle
6.017154252,3008771380,,cycles,802355830,100.00,,
6.117437569,26513,,rD044,802194420,100.00,,
6.117437569,74467293,,rFF44,802199080,100.00,,
6.117437569,11483350049,,instructions,802199890,100.00,3.82,insn per cycle
6.117437569,3008210851,,cycles,802211220,100.00,,
6.217725935,31835,,rD044,802265909,100.00,,
6.217725935,71478649,,rFF44,802272139,100.00,,
6.217725935,11105423200,,instructions,802282409,100.00,3.69,insn per cycle
6.217725935,3008518799,,cycles,802288133,100.00,,
6.318017042,27835,,rD044,802399500,100.00,,
6.318017042,73750990,,rFF44,802391967,100.00,,
6.318017042,11366133504,,instructions,802376458,100.00,3.78,insn per cycle
6.318017042,3008804209,,cycles,802368554,100.00,,
6.418318509,30953,,rD044,802214445,100.00,,
6.418318509,71153226,,rFF44,802215311,100.00,,
6.418318509,11089836861,,instructions,802220790,100.00,3.69,insn per cycle
6.418318509,3008304485,,cycles,802233530,100.00,,
6.518609006,26908,,rD044,802141711,100.00,,
6.518609006,74237609,,rFF44,802131488,100.00,,
6.518609006,11437169718,,instructions,802130638,100.00,3.80,insn per cycle
6.518609006,3007900509,,cycles,802126408,100.00,,
6.618892743,30189,,rD044,802216980,100.00,,
6.618892743,69265964,,rFF44,802219890,100.00,,
6.618892743,10823389439,,instructions,802223220,100.00,3.60,insn per cycle
6.618892743,3008306236,,cycles,802231810,100.00,,
6.719195330,27226,,rD044,802345789,100.00,,
6.719195330,74028325,,rFF44,802357029,100.00,,
6.719195330,11403680842,,instructions,802358699,100.00,3.79,insn per cycle
6.719195330,3008723117,,cycles,802345032,100.00,,
6.819484077,31413,,rD044,802266890,100.00,,
6.819484077,71053912,,rFF44,802278271,100.00,,
6.819484077,11066996431,,instructions,802276038,100.00,3.68,insn per cycle
6.819484077,3008414143,,cycles,802262465,100.00,,
6.919772514,27127,,rD044,802234722,100.00,,
6.919772514,74925705,,rFF44,802218707,100.00,,
6.919772514,11537562100,,instructions,802218680,100.00,3.84,insn per cycle
6.919772514,3008304227,,cycles,802232210,100.00,,
7.020055901,31721,,rD044,802212486,100.00,,
7.020055901,69394972,,rFF44,802215820,100.00,,
7.020055901,10871204010,,instructions,802219950,100.00,3.61,insn per cycle
7.020055901,3008277923,,cycles,802223810,100.00,,
7.120343178,28224,,rD044,802242019,100.00,,
7.120343178,73993725,,rFF44,802246039,100.00,,
7.120343178,11395209534,,instructions,802243279,100.00,3.79,insn per cycle
7.120343178,3008295289,,cycles,802232469,100.00,,
7.220630425,29872,,rD044,802245640,100.00,,
7.220630425,69099703,,rFF44,802239620,100.00,,
7.220630425,10800270005,,instructions,802231020,100.00,3.59,insn per cycle
7.220630425,3008343134,,cycles,802241460,100.00,,
7.320921891,27210,,rD044,802286850,100.00,,
7.320921891,74733508,,rFF44,802301850,100.00,,
7.320921891,11510937474,,instructions,802308150,100.00,3.83,insn per cycle
7.320921891,3008870847,,cycles,802383427,100.00,,
7.421230689,31315,,rD044,802398681,100.00,,
7.421230689,71506768,,rFF44,802391498,100.00,,
7.421230689,11127139539,,instructions,802401628,100.00,3.70,insn per cycle
7.421230689,3008668994,,cycles,802329421,100.00,,
7.521521836,26954,,rD044,802146646,100.00,,
7.521521836,74917473,,rFF44,802159769,100.00,,
7.521521836,11543059504,,instructions,802169399,100.00,3.84,insn per cycle
7.521521836,3008058749,,cycles,802167819,100.00,,
7.621814682,32152,,rD044,802297030,100.00,,
7.621814682,72144032,,rFF44,802282570,100.00,,
7.621814682,11184951053,,instructions,802258150,100.00,3.72,insn per cycle
7.621814682,3008359897,,cycles,802246070,100.00,,
7.722127380,27055,,rD044,802411690,100.00,,
7.722127380,73957249,,rFF44,802415700,100.00,,
7.722127380,11401814648,,instructions,802437070,100.00,3.79,insn per cycle
7.722127380,3009116067,,cycles,802450543,100.00,,
7.822418626,30097,,rD044,802286270,100.00,,
7.822418626,69968781,,rFF44,802282040,100.00,,
7.822418626,10926622660,,instructions,802266268,100.00,3.63,insn per cycle
7.822418626,3008415760,,cycles,802263285,100.00,,
7.922707793,27430,,rD044,802236932,100.00,,
7.922707793,73995015,,rFF44,802226168,100.00,,
7.922707793,11408179847,,instructions,802225800,100.00,3.79,insn per cycle
7.922707793,3008272861,,cycles,802226290,100.00,,
8.022994350,30146,,rD044,802267506,100.00,,
8.022994350,68777482,,rFF44,802449440,100.00,,
8.022994350,10766353608,,instructions,802431790,100.00,3.58,insn per cycle
8.022994350,3009016669,,cycles,802433150,100.00,,
8.123297947,28980,,rD044,802300999,100.00,,
8.123297947,73114793,,rFF44,802114379,100.00,,
8.123297947,11307302177,,instructions,802126919,100.00,3.76,insn per cycle
8.123297947,3007866295,,cycles,802117119,100.00,,
8.223580904,30683,,rD044,802146910,100.00,,
8.223580904,71910988,,rFF44,802137440,100.00,,
8.223580904,11169045882,,instructions,802139880,100.00,3.71,insn per cycle
8.223580904,3007871744,,cycles,802151920,100.00,,
8.323872141,31241,,rD044,802266228,100.00,,
8.323872141,71119181,,rFF44,802283678,100.00,,
8.323872141,11060642940,,instructions,802289331,100.00,3.68,insn per cycle
8.323872141,3008445479,,cycles,802277256,100.00,,
8.424169268,27609,,rD044,802318490,100.00,,
8.424169268,74261757,,rFF44,802325007,100.00,,
8.424169268,11454793038,,instructions,802334034,100.00,3.81,insn per cycle
8.424169268,3008757738,,cycles,802352729,100.00,,
8.524459445,30420,,rD044,802259577,100.00,,
8.524459445,71097193,,rFF44,802247420,100.00,,
8.524459445,11075731231,,instructions,802232380,100.00,3.68,insn per cycle
8.524459445,3008233384,,cycles,802211860,100.00,,
8.624743732,27640,,rD044,802094330,100.00,,
8.624743732,74544818,,rFF44,802104740,100.00,,
8.624743732,11499459515,,instructions,802104930,100.00,3.82,insn per cycle
8.624743732,3007833732,,cycles,802109800,100.00,,
8.725046279,30116,,rD044,802348300,100.00,,
8.725046279,66666047,,rFF44,802343280,100.00,,
8.725046279,10472651439,,instructions,802351020,100.00,3.48,insn per cycle
8.725046279,3008747092,,cycles,802351480,100.00,,
8.825335906,26762,,rD044,802258650,100.00,,
8.825335906,73961983,,rFF44,802269740,100.00,,
8.825335906,11408501684,,instructions,802278612,100.00,3.79,insn per cycle
8.825335906,3008498399,,cycles,802284508,100.00,,
8.925628463,30893,,rD044,802285240,100.00,,
8.925628463,70020141,,rFF44,802274207,100.00,,
8.925628463,10925616674,,instructions,802263456,100.00,3.63,insn per cycle
8.925628463,3008427771,,cycles,802264400,100.00,,
9.025915640,27671,,rD044,802230656,100.00,,
9.025915640,73901611,,rFF44,802225121,100.00,,
9.025915640,11396594289,,instructions,802224370,100.00,3.79,insn per cycle
9.025915640,3008317332,,cycles,802234630,100.00,,
9.126216707,30310,,rD044,802349641,100.00,,
9.126216707,68300321,,rFF44,802340609,100.00,,
9.126216707,10724667335,,instructions,802342069,100.00,3.56,insn per cycle
9.126216707,3008657888,,cycles,802326859,100.00,,
9.226498373,27649,,rD044,802200080,100.00,,
9.226498373,74098145,,rFF44,802218160,100.00,,
9.226498373,11427138978,,instructions,802212770,100.00,3.80,insn per cycle
9.226498373,3008188185,,cycles,802200820,100.00,,
9.326782960,31042,,rD044,802236900,100.00,,
9.326782960,70073537,,rFF44,802233750,100.00,,
9.326782960,10937644272,,instructions,802228850,100.00,3.64,insn per cycle
9.326782960,3008326637,,cycles,802240241,100.00,,
9.427070177,26912,,rD044,802229939,100.00,,
9.427070177,74424258,,rFF44,802224369,100.00,,
9.427070177,11474411239,,instructions,802241405,100.00,3.81,insn per cycle
9.427070177,3008324580,,cycles,802237686,100.00,,
9.527357554,30987,,rD044,802118520,100.00,,
9.527357554,70893468,,rFF44,802119057,100.00,,
9.527357554,11058020676,,instructions,802100311,100.00,3.68,insn per cycle
9.527357554,3007794857,,cycles,802099009,100.00,,
9.627655801,27443,,rD044,802329577,100.00,,
9.627655801,74664619,,rFF44,802332410,100.00,,
9.627655801,11507215904,,instructions,802346320,100.00,3.82,insn per cycle
9.627655801,3008747565,,cycles,802349860,100.00,,
9.727943558,30503,,rD044,802217509,100.00,,
9.727943558,70886869,,rFF44,802219059,100.00,,
9.727943558,11020151283,,instructions,802257459,100.00,3.66,insn per cycle
9.727943558,3008580674,,cycles,802308359,100.00,,
9.828238265,27673,,rD044,802285340,100.00,,
9.828238265,74493954,,rFF44,802297310,100.00,,
9.828238265,11475466586,,instructions,802269510,100.00,3.81,insn per cycle
9.828238265,3008262832,,cycles,802220600,100.00,,
9.928528102,30972,,rD044,802278150,100.00,,
9.928528102,69243098,,rFF44,802263540,100.00,,
9.928528102,10802519759,,instructions,802251162,100.00,3.59,insn per cycle
9.928528102,3008311443,,cycles,802233658,100.00,,
10.028812219,27475,,rD044,802203600,100.00,,
10.028812219,74204413,,rFF44,802206615,100.00,,
10.028812219,11429410174,,instructions,802195816,100.00,3.80,insn per cycle
10.028812219,3008214031,,cycles,802208770,100.00,,
10.129097725,29610,,rD044,802227075,100.00,,
10.129097725,67939857,,rFF44,802222583,100.00,,
10.129097725,10692145378,,instructions,802236450,100.00,3.55,insn per cycle
10.129097725,3008350403,,cycles,802242850,100.00,,
10.229382082,26827,,rD044,802217223,100.00,,
10.229382082,74301955,,rFF44,802212080,100.00,,
10.229382082,11442185418,,instructions,802211050,100.00,3.80,insn per cycle
10.229382082,3008243811,,cycles,802219930,100.00,,
10.329669119,31187,,rD044,802231420,100.00,,
10.329669119,70416927,,rFF44,802229990,100.00,,
10.329669119,10975574789,,instructions,802233520,100.00,3.65,insn per cycle
10.329669119,3008282071,,cycles,802224880,100.00,,
10.429956236,27565,,rD044,802242570,100.00,,
10.429956236,74034229,,rFF44,802261580,100.00,,
10.429956236,11403196109,,instructions,802380750,100.00,3.79,insn per cycle
10.429956236,3008860037,,cycles,802380951,100.00,,
10.530262103,30974,,rD044,802260789,100.00,,
10.530262103,69082866,,rFF44,802258519,100.00,,
10.530262103,10828012113,,instructions,802144847,100.00,3.60,insn per cycle
10.530262103,3007966882,,cycles,802145866,100.00,,
10.630551100,27533,,rD044,802249761,100.00,,
10.630551100,74660385,,rFF44,802251537,100.00,,
10.630551100,11502029722,,instructions,802235309,100.00,3.82,insn per cycle
10.630551100,3008302537,,cycles,802232009,100.00,,
10.730838477,31155,,rD044,802228696,100.00,,
10.730838477,70357074,,rFF44,802211660,100.00,,
10.730838477,10973667634,,instructions,802202660,100.00,3.65,insn per cycle
10.730838477,3008153062,,cycles,802194260,100.00,,
10.831122064,27192,,rD044,802199790,100.00,,
10.831122064,74457197,,rFF44,802215070,100.00,,
10.831122064,11470042488,,instructions,802245470,100.00,3.81,insn per cycle
10.831122064,3008420997,,cycles,802263130,100.00,,
10.931414211,31941,,rD044,802281569,100.00,,
10.931414211,71664935,,rFF44,802273599,100.00,,
10.931414211,11136838257,,instructions,802252619,100.00,3.70,insn per cycle
10.931414211,3008325188,,cycles,802238889,100.00,,
11.031697408,27439,,rD044,802201830,100.00,,
11.031697408,74414155,,rFF44,802209440,100.00,,
11.031697408,11471683683,,instructions,802227460,100.00,3.81,insn per cycle
11.031697408,3008331657,,cycles,802238945,100.00,,
11.131986074,29785,,rD044,802261750,100.00,,
11.131986074,69316286,,rFF44,802356595,100.00,,
11.131986074,10828119923,,instructions,802346958,100.00,3.60,insn per cycle
11.131986074,3008762696,,cycles,802354833,100.00,,
11.232289381,27148,,rD044,802346875,100.00,,
11.232289381,73759190,,rFF44,802246872,100.00,,
11.232289381,11371771789,,instructions,802246369,100.00,3.78,insn per cycle
11.232289381,3008312229,,cycles,802237219,100.00,,
11.332579768,29786,,rD044,802272002,100.00,,
11.332579768,67699823,,rFF44,802275400,100.00,,
11.332579768,10656092208,,instructions,802269270,100.00,3.54,insn per cycle
11.332579768,3008429079,,cycles,802263580,100.00,,
11.432868475,27468,,rD044,802244160,100.00,,
11.432868475,73711732,,rFF44,802238550,100.00,,
11.432868475,11365845001,,instructions,802239880,100.00,3.78,insn per cycle
11.432868475,3008334764,,cycles,802241270,100.00,,
11.533181662,31739,,rD044,802311918,100.00,,
11.533181662,70980314,,rFF44,802312168,100.00,,
11.533181662,11051505068,,instructions,802324829,100.00,3.67,insn per cycle
11.533181662,3008687348,,cycles,802337946,100.00,,
11.633467969,32024,,rD044,802229850,100.00,,
11.633467969,72369303,,rFF44,802229444,100.00,,
11.633467969,11218200567,,instructions,802228187,100.00,3.73,insn per cycle
11.633467969,3008257626,,cycles,802218650,100.00,,
11.733754766,28033,,rD044,802211945,100.00,,
11.733754766,73974057,,rFF44,802197344,100.00,,
11.733754766,11408260293,,instructions,802186120,100.00,3.79,insn per cycle
11.733754766,3008127642,,cycles,802187870,100.00,,
11.834040783,31705,,rD044,802231663,100.00,,
11.834040783,68104815,,rFF44,802232850,100.00,,
11.834040783,10688860551,,instructions,802232160,100.00,3.55,insn per cycle
11.834040783,3008297621,,cycles,802229980,100.00,,
11.934327120,27602,,rD044,802214870,100.00,,
11.934327120,73988378,,rFF44,802222750,100.00,,
11.934327120,11412996427,,instructions,802244250,100.00,3.79,insn per cycle
11.934327120,3008375468,,cycles,802254420,100.00,,
12.034614687,30994,,rD044,802222240,100.00,,
12.034614687,68974040,,rFF44,802227220,100.00,,
12.034614687,10803510425,,instructions,802208120,100.00,3.59,insn per cycle
12.034614687,3008153518,,cycles,802202830,100.00,,
12.134896043,26960,,rD044,802184420,100.00,,
12.134896043,74112353,,rFF44,802199850,100.00,,
12.134896043,11431777188,,instructions,802198390,100.00,3.80,insn per cycle
12.134896043,3008135266,,cycles,802185607,100.00,,
12.235212421,32650,,rD044,802393243,100.00,,
12.235212421,72590308,,rFF44,802363358,100.00,,
12.235212421,11255349052,,instructions,802349128,100.00,3.74,insn per cycle
12.235212421,3008622380,,cycles,802359231,100.00,,
12.335494168,28207,,rD044,802197535,100.00,,
12.335494168,74447578,,rFF44,802224570,100.00,,
12.335494168,11481592747,,instructions,802236750,100.00,3.82,insn per cycle
12.335494168,3008322744,,cycles,802235740,100.00,,
12.435782434,31374,,rD044,802263739,100.00,,
12.435782434,71022905,,rFF44,802259489,100.00,,
12.435782434,11051122337,,instructions,802253229,100.00,3.67,insn per cycle
12.435782434,3008348404,,cycles,802244209,100.00,,
12.536070181,27249,,rD044,802094998,100.00,,
12.536070181,73974837,,rFF44,802080658,100.00,,
12.536070181,11405251427,,instructions,802097068,100.00,3.79,insn per cycle
12.536070181,3007811170,,cycles,802102668,100.00,,
12.636355638,29820,,rD044,802230240,100.00,,
12.636355638,69121881,,rFF44,802233480,100.00,,
12.636355638,10826270378,,instructions,802212060,100.00,3.60,insn per cycle
12.636355638,3008218214,,cycles,802208162,100.00,,
12.736638215,27198,,rD044,802179020,100.00,,
12.736638215,74485539,,rFF44,802170560,100.00,,
12.736638215,11482311162,,instructions,802189276,100.00,3.82,insn per cycle
12.736638215,3008135790,,cycles,802188986,100.00,,
12.836922312,31565,,rD044,801044724,100.00,,
12.836922312,72414875,,rFF44,801060191,100.00,,
12.836922312,11211189016,,instructions,801062565,100.00,3.73,insn per cycle
12.836922312,3004145329,,cycles,801125563,100.00,,
12.937221229,27448,,rD044,802330337,100.00,,
12.937221229,74240689,,rFF44,802337420,100.00,,
12.937221229,11438606584,,instructions,802338120,100.00,3.80,insn per cycle
12.937221229,3008472543,,cycles,802276330,100.00,,
13.037511156,30094,,rD044,802254110,100.00,,
13.037511156,68895257,,rFF44,802246870,100.00,,
13.037511156,10764003304,,instructions,802244100,100.00,3.58,insn per cycle
13.037511156,3008392119,,cycles,802256010,100.00,,
13.137801983,26794,,rD044,802257780,100.00,,
13.137801983,73894189,,rFF44,802251800,100.00,,
13.137801983,11383127802,,instructions,802243160,100.00,3.78,insn per cycle
13.137801983,3008300778,,cycles,802230780,100.00,,
13.238086040,29780,,rD044,802200469,100.00,,
13.238086040,66304784,,rFF44,802194809,100.00,,
13.238086040,10471936897,,instructions,802198739,100.00,3.48,insn per cycle
13.238086040,3008190813,,cycles,802203726,100.00,,
13.338369606,26702,,rD044,802218170,100.00,,
13.338369606,73803702,,rFF44,802231942,100.00,,
13.338369606,11370313725,,instructions,802218018,100.00,3.78,insn per cycle
13.338369606,3008197257,,cycles,802201541,100.00,,
13.438678353,30225,,rD044,802432498,100.00,,
13.438678353,69682161,,rFF44,802426866,100.00,,
13.438678353,10883581055,,instructions,802428730,100.00,3.62,insn per cycle
13.438678353,3009106912,,cycles,802445250,100.00,,
13.538968520,28082,,rD044,802129228,100.00,,
13.538968520,74682637,,rFF44,802242968,100.00,,
13.538968520,11501469960,,instructions,802297178,100.00,3.82,insn per cycle
13.538968520,3008503795,,cycles,802289888,100.00,,
13.639274127,31822,,rD044,802377240,100.00,,
13.639274127,71377786,,rFF44,802259090,100.00,,
13.639274127,11102775966,,instructions,802208280,100.00,3.69,insn per cycle
13.639274127,3008212798,,cycles,802207690,100.00,,
13.739556744,28732,,rD044,802168740,100.00,,
13.739556744,73437562,,rFF44,802177440,100.00,,
13.739556744,11308687950,,instructions,802186540,100.00,3.76,insn per cycle
13.739556744,3008121822,,cycles,802185648,100.00,,
13.839841121,30932,,rD044,802219919,100.00,,
13.839841121,70014294,,rFF44,802199891,100.00,,
13.839841121,10941739625,,instructions,802181527,100.00,3.64,insn per cycle
13.839841121,3008095382,,cycles,802180499,100.00,,
13.940123008,27808,,rD044,802201943,100.00,,
13.940123008,74556821,,rFF44,802207446,100.00,,
13.940123008,11483803862,,instructions,802231060,100.00,3.82,insn per cycle
13.940123008,3008339622,,cycles,802242390,100.00,,
14.040408585,32100,,rD044,802226505,100.00,,
14.040408585,72571000,,rFF44,802222370,100.00,,
14.040408585,11268329557,,instructions,802208360,100.00,3.75,insn per cycle
14.040408585,3008158429,,cycles,802198910,100.00,,
14.140692172,27187,,rD044,802205719,100.00,,
14.140692172,74313558,,rFF44,802226359,100.00,,
14.140692172,11452364720,,instructions,802236879,100.00,3.81,insn per cycle
14.140692172,3008336990,,cycles,802240799,100.00,,
14.240980998,31364,,rD044,802235570,100.00,,
14.240980998,70995621,,rFF44,802471080,100.00,,
14.240980998,11036925754,,instructions,802463710,100.00,3.67,insn per cycle
14.240980998,3009121433,,cycles,802455562,100.00,,
14.341295426,27229,,rD044,802457690,100.00,,
14.341295426,74587525,,rFF44,802222020,100.00,,
14.341295426,11498565668,,instructions,802230097,100.00,3.82,insn per cycle
14.341295426,3008312846,,cycles,802233766,100.00,,
14.441583483,29663,,rD044,802251081,100.00,,
14.441583483,69833797,,rFF44,802243468,100.00,,
14.441583483,10915218641,,instructions,802235791,100.00,3.63,insn per cycle
14.441583483,3008350763,,cycles,802243350,100.00,,
14.541869469,27871,,rD044,802100066,100.00,,
14.541869469,73848432,,rFF44,802107959,100.00,,
14.541869469,11391274201,,instructions,802129579,100.00,3.79,insn per cycle
14.541869469,3007929656,,cycles,802138449,100.00,,
14.642173596,33070,,rD044,802359500,100.00,,
14.642173596,70853720,,rFF44,802349890,100.00,,
14.642173596,11019861295,,instructions,802335220,100.00,3.66,insn per cycle
14.642173596,3008612060,,cycles,802314730,100.00,,
14.742456413,28610,,rD044,802179329,100.00,,
14.742456413,71153772,,rFF44,802171869,100.00,,
14.742456413,11065756612,,instructions,802166129,100.00,3.68,insn per cycle
14.742456413,3008069679,,cycles,802172229,100.00,,
14.842736550,30250,,rD044,802186670,100.00,,
14.842736550,72536563,,rFF44,802182730,100.00,,
14.842736550,11213854787,,instructions,802171450,100.00,3.73,insn per cycle
14.842736550,3008105785,,cycles,802179374,100.00,,
14.943018737,30451,,rD044,802322700,100.00,,
14.943018737,67850602,,rFF44,802335265,100.00,,
14.943018737,10618740007,,instructions,802354338,100.00,3.53,insn per cycle
14.943018737,3008738532,,cycles,802346904,100.00,,
15.043320354,27592,,rD044,802231184,100.00,,
15.043320354,73307987,,rFF44,802236712,100.00,,
15.043320354,11304654119,,instructions,802244709,100.00,3.76,insn per cycle
15.043320354,3008378879,,cycles,802253059,100.00,,
15.143610821,29275,,rD044,802260053,100.00,,
15.143610821,66546243,,rFF44,802247180,100.00,,
15.143610821,10486920512,,instructions,802230090,100.00,3.49,insn per cycle
15.143610821,3008277886,,cycles,802225470,100.00,,
15.243906648,27829,,rD044,802306930,100.00,,
15.243906648,74269668,,rFF44,802309410,100.00,,
15.243906648,11455142323,,instructions,802321450,100.00,3.81,insn per cycle
15.243906648,3008634095,,cycles,802319340,100.00,,
15.344205655,31578,,rD044,802331179,100.00,,
15.344205655,70532905,,rFF44,802325509,100.00,,
15.344205655,10988133640,,instructions,802308399,100.00,3.65,insn per cycle
15.344205655,3008591499,,cycles,802311424,100.00,,
15.444489422,27173,,rD044,802206910,100.00,,
15.444489422,73759650,,rFF44,802220350,100.00,,
15.444489422,11377058427,,instructions,802228998,100.00,3.78,insn per cycle
15.444489422,3008281249,,cycles,802225243,100.00,,
15.544786489,30724,,rD044,802182183,100.00,,
15.544786489,71490244,,rFF44,802167057,100.00,,
15.544786489,11101140261,,instructions,802164979,100.00,3.69,insn per cycle
15.544786489,3008001973,,cycles,802154899,100.00,,
15.645067135,27579,,rD044,802194993,100.00,,
15.645067135,74770871,,rFF44,802203059,100.00,,
15.645067135,11533081067,,instructions,802212959,100.00,3.83,insn per cycle
15.645067135,3008299463,,cycles,802230589,100.00,,
15.745352972,31858,,rD044,802202870,100.00,,
15.745352972,71338225,,rFF44,802207210,100.00,,
15.745352972,11088304603,,instructions,802195400,100.00,3.69,insn per cycle
15.745352972,3008095096,,cycles,802179450,100.00,,
15.845635309,26885,,rD044,802189760,100.00,,
15.845635309,73149063,,rFF44,802185110,100.00,,
15.845635309,11278995405,,instructions,802194030,100.00,3.75,insn per cycle
15.845635309,3008240590,,cycles,802214620,100.00,,
15.945921656,31122,,rD044,802250219,100.00,,
15.945921656,68470975,,rFF44,802262199,100.00,,
15.945921656,10728029878,,instructions,802253979,100.00,3.57,insn per cycle
15.945921656,3008488265,,cycles,802283043,100.00,,
16.046220443,27763,,rD044,802297920,100.00,,
16.046220443,74545827,,rFF44,802290804,100.00,,
16.046220443,11492045874,,instructions,802299018,100.00,3.82,insn per cycle
16.046220443,3008316572,,cycles,802247484,100.00,,
16.146506440,32319,,rD044,802243295,100.00,,
16.146506440,69779200,,rFF44,802259784,100.00,,
16.146506440,10899240797,,instructions,802248390,100.00,3.62,insn per cycle
16.146506440,3008409243,,cycles,802259160,100.00,,
16.246795007,27809,,rD044,802156602,100.00,,
16.246795007,73930064,,rFF44,802124779,100.00,,
16.246795007,11392730266,,instructions,802125419,100.00,3.79,insn per cycle
16.246795007,3007781862,,cycles,802129679,100.00,,
16.347080304,30577,,rD044,802217230,100.00,,
16.347080304,68800468,,rFF44,802234540,100.00,,
16.347080304,10771590961,,instructions,802232700,100.00,3.58,insn per cycle
16.347080304,3008245601,,cycles,802219270,100.00,,
16.447360880,28128,,rD044,802190489,100.00,,
16.447360880,74523531,,rFF44,802197709,100.00,,
16.447360880,11482596985,,instructions,802206139,100.00,3.82,insn per cycle
16.447360880,3008245757,,cycles,802218079,100.00,,
16.547649177,29763,,rD044,802124129,100.00,,
16.547649177,67858503,,rFF44,802113979,100.00,,
16.547649177,10664120433,,instructions,802101879,100.00,3.55,insn per cycle
16.547649177,3007751576,,cycles,802092065,100.00,,
16.647934564,28212,,rD044,802222390,100.00,,
16.647934564,74995574,,rFF44,802220852,100.00,,
16.647934564,11555088109,,instructions,802235018,100.00,3.84,insn per cycle
16.647934564,3008792511,,cycles,802362452,100.00,,
16.748234711,31932,,rD044,802325395,100.00,,
16.748234711,72774471,,rFF44,802334795,100.00,,
16.748234711,11280651889,,instructions,802337439,100.00,3.75,insn per cycle
16.748234711,3008265022,,cycles,802225399,100.00,,
16.848522548,27881,,rD044,802229672,100.00,,
16.848522548,74374531,,rFF44,802225070,100.00,,
16.848522548,11453057112,,instructions,802232960,100.00,3.81,insn per cycle
16.848522548,3008272123,,cycles,802222140,100.00,,
16.948806615,30532,,rD044,802229490,100.00,,
16.948806615,69180193,,rFF44,802227370,100.00,,
16.948806615,10824765127,,instructions,802216680,100.00,3.60,insn per cycle
16.948806615,3008282085,,cycles,802225690,100.00,,
17.049093142,27668,,rD044,802232790,100.00,,
17.049093142,74495466,,rFF44,802231500,100.00,,
17.049093142,11470821562,,instructions,802226790,100.00,3.81,insn per cycle
17.049093142,3008272702,,cycles,802222870,100.00,,
17.149389019,31014,,rD044,802308519,100.00,,
17.149389019,72126846,,rFF44,802312649,100.00,,
17.149389019,11188298911,,instructions,802311055,100.00,3.72,insn per cycle
17.149389019,3008592644,,cycles,802309537,100.00,,
17.249676066,27659,,rD044,802230999,100.00,,
17.249676066,74078695,,rFF44,802229317,100.00,,
17.249676066,11409380724,,instructions,802232891,100.00,3.79,insn per cycle
17.249676066,3008353951,,cycles,802245319,100.00,,
17.349964452,31565,,rD044,802239378,100.00,,
17.349964452,69485437,,rFF44,802296480,100.00,,
17.349964452,10877677849,,instructions,802478200,100.00,3.61,insn per cycle
17.349964452,3009171725,,cycles,802465930,100.00,,
17.450279860,27396,,rD044,802482950,100.00,,
17.450279860,74750553,,rFF44,802440790,100.00,,
17.450279860,11514812389,,instructions,802262470,100.00,3.83,insn per cycle
17.450279860,3008442345,,cycles,802268070,100.00,,
17.550568957,30700,,rD044,802114779,100.00,,
17.550568957,71286297,,rFF44,802104859,100.00,,
17.550568957,11079625237,,instructions,802092719,100.00,3.68,insn per cycle
17.550568957,3007703602,,cycles,802074579,100.00,,
17.650854173,28536,,rD044,802229520,100.00,,
17.650854173,74217812,,rFF44,802224250,100.00,,
17.650854173,11441066223,,instructions,802238555,100.00,3.80,insn per cycle
17.650854173,3008434625,,cycles,802271188,100.00,,
17.751162201,30810,,rD044,802377054,100.00,,
17.751162201,68665952,,rFF44,802372218,100.00,,
17.751162201,10768392854,,instructions,802378193,100.00,3.58,insn per cycle
17.751162201,3008783411,,cycles,802363620,100.00,,
17.851453657,26745,,rD044,802272324,100.00,,
17.851453657,74016862,,rFF44,802289070,100.00,,
17.851453657,11413141261,,instructions,802283330,100.00,3.79,insn per cycle
17.851453657,3008484455,,cycles,802279820,100.00,,
17.951742544,32222,,rD044,802246309,100.00,,
17.951742544,69588435,,rFF44,802224529,100.00,,
17.951742544,10879393508,,instructions,802214709,100.00,3.62,insn per cycle
17.951742544,3008206393,,cycles,802205449,100.00,,
18.052042231,27525,,rD044,802338550,100.00,,
18.052042231,73400315,,rFF44,802348580,100.00,,
18.052042231,11329287176,,instructions,802350290,100.00,3.77,insn per cycle
18.052042231,3008815411,,cycles,802367982,100.00,,
18.152328828,30341,,rD044,802231310,100.00,,
18.152328828,70876225,,rFF44,802224640,100.00,,
18.152328828,11045604418,,instructions,802221546,100.00,3.67,insn per cycle
18.152328828,3008221494,,cycles,802211626,100.00,,
18.252611755,27841,,rD044,802197690,100.00,,
18.252611755,70695300,,rFF44,802198408,100.00,,
18.252611755,10989330447,,instructions,802204882,100.00,3.65,insn per cycle
18.252611755,3008174444,,cycles,802198310,100.00,,
18.352893982,30473,,rD044,802194387,100.00,,
18.352893982,74176000,,rFF44,802206680,100.00,,
18.352893982,11460240982,,instructions,802214320,100.00,3.81,insn per cycle
18.352893982,3008272151,,cycles,802225040,100.00,,
18.453197439,30788,,rD044,802363790,100.00,,
18.453197439,70184555,,rFF44,802352709,100.00,,
18.453197439,10956810676,,instructions,802346339,100.00,3.64,insn per cycle
18.453197439,3008764708,,cycles,802355119,100.00,,
18.553487266,27461,,rD044,802134209,100.00,,
18.553487266,74751805,,rFF44,802126509,100.00,,
18.553487266,11531876754,,instructions,802115749,100.00,3.83,insn per cycle
18.553487266,3007789433,,cycles,802096969,100.00,,
18.653768953,31190,,rD044,802202640,100.00,,
18.653768953,69978130,,rFF44,802214860,100.00,,
18.653768953,10909266377,,instructions,802224950,100.00,3.63,insn per cycle
18.653768953,3008301495,,cycles,802230985,100.00,,
18.754056510,27714,,rD044,802201180,100.00,,
18.754056510,74175559,,rFF44,802193920,100.00,,
18.754056510,11441688543,,instructions,802197848,100.00,3.80,insn per cycle
18.754056510,3008157328,,cycles,802197033,100.00,,
18.854340506,31195,,rD044,802211592,100.00,,
18.854340506,68980243,,rFF44,802213448,100.00,,
18.854340506,10789675588,,instructions,802205850,100.00,3.59,insn per cycle
18.854340506,3008189475,,cycles,802201570,100.00,,
18.954622693,26727,,rD044,802190266,100.00,,
18.954622693,73704052,,rFF44,802184790,100.00,,
18.954622693,11366640055,,instructions,802177280,100.00,3.78,insn per cycle
18.954622693,3008082522,,cycles,802172720,100.00,,
19.054918000,29673,,rD044,802323440,100.00,,
19.054918000,67358603,,rFF44,802325550,100.00,,
19.054918000,10575856226,,instructions,802330970,100.00,3.51,insn per cycle
19.054918000,3008812879,,cycles,802366820,100.00,,
19.155216267,27642,,rD044,802314730,100.00,,
19.155216267,74500902,,rFF44,802318970,100.00,,
19.155216267,11489261178,,instructions,802331350,100.00,3.82,insn per cycle
19.155216267,3008601157,,cycles,802311860,100.00,,
19.255505324,32761,,rD044,802251160,100.00,,
19.255505324,72327327,,rFF44,802256430,100.00,,
19.255505324,11223610056,,instructions,802249692,100.00,3.73,insn per cycle
19.255505324,3008353312,,cycles,802243668,100.00,,
19.355793111,27052,,rD044,802249140,100.00,,
19.355793111,73600240,,rFF44,802246467,100.00,,
19.355793111,11345632986,,instructions,802248366,100.00,3.77,insn per cycle
19.355793111,3008379876,,cycles,802251450,100.00,,
19.456076478,32496,,rD044,802197314,100.00,,
19.456076478,69883555,,rFF44,802189290,100.00,,
19.456076478,10911772532,,instructions,802180919,100.00,3.63,insn per cycle
19.456076478,3008054042,,cycles,802166699,100.00,,
19.556358434,27049,,rD044,802060343,100.00,,
19.556358434,74160120,,rFF44,802051690,100.00,,
19.556358434,11428680161,,instructions,802052160,100.00,3.80,insn per cycle
19.556358434,3007670434,,cycles,802065490,100.00,,
19.656640541,31173,,rD044,802219440,100.00,,
19.656640541,69634633,,rFF44,802236910,100.00,,
19.656640541,10875421177,,instructions,802238900,100.00,3.62,insn per cycle
19.656640541,3008291055,,cycles,802226440,100.00,,
19.756926318,26991,,rD044,802191399,100.00,,
19.756926318,73999705,,rFF44,802190559,100.00,,
19.756926318,11400057821,,instructions,802195289,100.00,3.79,insn per cycle
19.756926318,3008542346,,cycles,802299799,100.00,,
19.857224635,30938,,rD044,802315819,100.00,,
19.857224635,72017783,,rFF44,802302199,100.00,,
19.857224635,11190890223,,instructions,802290669,100.00,3.72,insn per cycle
19.857224635,3008159555,,cycles,802193697,100.00,,
19.957504312,27124,,rD044,802164370,100.00,,
19.957504312,73948118,,rFF44,802170983,100.00,,
19.957504312,11389949434,,instructions,802168908,100.00,3.79,insn per cycle
19.957504312,3008012246,,cycles,802162050,100.00,,
20.057784509,30508,,rD044,802168213,100.00,,
20.057784509,67178241,,rFF44,802169285,100.00,,
20.057784509,10607074093,,instructions,802170270,100.00,3.53,insn per cycle
20.057784509,3008062180,,cycles,802172570,100.00,,
20.158066746,28334,,rD044,802183275,100.00,,
20.158066746,74031182,,rFF44,802185220,100.00,,
20.158066746,11401405516,,instructions,802200830,100.00,3.79,insn per cycle
20.158066746,3008195424,,cycles,802207640,100.00,,
20.258350762,31807,,rD044,802164350,100.00,,
20.258350762,69689060,,rFF44,802186050,100.00,,
20.258350762,10912371737,,instructions,802188570,100.00,3.63,insn per cycle
20.258350762,3008011751,,cycles,802185100,100.00,,
20.358639919,27614,,rD044,802233459,100.00,,
20.358639919,74418154,,rFF44,802207309,100.00,,
20.358639919,11459965617,,instructions,802202429,100.00,3.81,insn per cycle
20.358639919,3008241914,,cycles,802216439,100.00,,
20.458922706,32134,,rD044,802199240,100.00,,
20.458922706,71995166,,rFF44,802197440,100.00,,
20.458922706,11153883888,,instructions,802190300,100.00,3.71,insn per cycle
20.458922706,3008366289,,cycles,802250374,100.00,,
20.559223503,26984,,rD044,802228380,100.00,,
20.559223503,73580636,,rFF44,802251873,100.00,,
20.559223503,11333174282,,instructions,802253878,100.00,3.77,insn per cycle
20.559223503,3008080235,,cycles,802173814,100.00,,
20.659509270,30850,,rD044,802231594,100.00,,
20.659509270,70333226,,rFF44,802216275,100.00,,
20.659509270,10954283637,,instructions,802206250,100.00,3.64,insn per cycle
20.659509270,3008203853,,cycles,802203870,100.00,,
20.759793487,27893,,rD044,802181384,100.00,,
20.759793487,73845153,,rFF44,802180180,100.00,,
20.759793487,11378716814,,instructions,802191800,100.00,3.78,insn per cycle
20.759793487,3008156482,,cycles,802197210,100.00,,
20.860087414,31540,,rD044,802286379,100.00,,
20.860087414,70231224,,rFF44,802295009,100.00,,
20.860087414,10963771517,,instructions,802300069,100.00,3.64,insn per cycle
20.860087414,3008595684,,cycles,802310739,100.00,,
20.960375101,26901,,rD044,802252100,100.00,,
20.960375101,72921730,,rFF44,802250960,100.00,,
20.960375101,11235627158,,instructions,802232320,100.00,3.73,insn per cycle
20.960375101,3008283005,,cycles,802225860,100.00,,
21.060660727,30911,,rD044,802234470,100.00,,
21.060660727,71128114,,rFF44,802239210,100.00,,
21.060660727,11076087785,,instructions,802242180,100.00,3.68,insn per cycle
21.060660727,3008326100,,cycles,802237878,100.00,,
21.160949594,28128,,rD044,802246710,100.00,,
21.160949594,74208166,,rFF44,802244895,100.00,,
21.160949594,11443437982,,instructions,802408338,100.00,3.80,insn per cycle
21.160949594,3009401143,,cycles,802524120,100.00,,
21.261265812,32505,,rD044,802469197,100.00,,
21.261265812,70759672,,rFF44,802471992,100.00,,
21.261265812,11016230905,,instructions,802314229,100.00,3.66,insn per cycle
21.261265812,3008226022,,cycles,802212049,100.00,,
21.361553259,28033,,rD044,802228439,100.00,,
21.361553259,73667930,,rFF44,802223999,100.00,,
21.361553259,11369413208,,instructions,802237529,100.00,3.78,insn per cycle
21.361553259,3008286331,,cycles,802228129,100.00,,
21.461838805,30531,,rD044,802221530,100.00,,
21.461838805,71176323,,rFF44,802224990,100.00,,
21.461838805,11074358533,,instructions,802215370,100.00,3.68,insn per cycle
21.461838805,3008225059,,cycles,802213120,100.00,,
21.562124802,27920,,rD044,802093470,100.00,,
21.562124802,70080451,,rFF44,802091200,100.00,,
21.562124802,10947061076,,instructions,802096480,100.00,3.64,insn per cycle
21.562124802,3007741982,,cycles,802085346,100.00,,
21.662408169,30628,,rD044,802221970,100.00,,
21.662408169,74227375,,rFF44,802218051,100.00,,
21.662408169,11459175089,,instructions,802213448,100.00,3.81,insn per cycle
21.662408169,3008313684,,cycles,802233262,100.00,,
21.762693436,29199,,rD044,802196053,100.00,,
21.762693436,68272727,,rFF44,802184237,100.00,,
21.762693436,10679855879,,instructions,802182840,100.00,3.55,insn per cycle
21.762693436,3008090151,,cycles,802178890,100.00,,
21.862976903,26706,,rD044,802189395,100.00,,
21.862976903,73817589,,rFF44,802249200,100.00,,
21.862976903,11385996189,,instructions,802271890,100.00,3.78,insn per cycle
21.862976903,3008471768,,cycles,802277000,100.00,,
21.963267680,31278,,rD044,802270320,100.00,,
21.963267680,70165688,,rFF44,802214230,100.00,,
21.963267680,10914136928,,instructions,802185770,100.00,3.63,insn per cycle
21.963267680,3008091926,,cycles,802174490,100.00,,
22.063548046,27368,,rD044,802188569,100.00,,
22.063548046,74584087,,rFF44,802198709,100.00,,
22.063548046,11505526978,,instructions,802200919,100.00,3.82,insn per cycle
22.063548046,3008214749,,cycles,802207739,100.00,,
22.163836503,31892,,rD044,802252920,100.00,,
22.163836503,70937107,,rFF44,802247670,100.00,,
22.163836503,11035435042,,instructions,802242110,100.00,3.67,insn per cycle
22.163836503,3008368801,,cycles,802252603,100.00,,
22.264124130,27467,,rD044,802235410,100.00,,
22.264124130,74161834,,rFF44,802247690,100.00,,
22.264124130,11437346047,,instructions,802266948,100.00,3.80,insn per cycle
22.264124130,3008382426,,cycles,802256865,100.00,,
22.364412117,31115,,rD044,802248702,100.00,,
22.364412117,71042529,,rFF44,802243718,100.00,,
22.364412117,11056505757,,instructions,802232370,100.00,3.68,insn per cycle
22.364412117,3008293220,,cycles,802233370,100.00,,
22.464698964,27909,,rD044,802226346,100.00,,
22.464698964,74191706,,rFF44,802217610,100.00,,
22.464698964,11440059913,,instructions,802211880,100.00,3.80,insn per cycle
22.464698964,3008150801,,cycles,802197370,100.00,,
22.564981701,30579,,rD044,802075360,100.00,,
22.564981701,71612960,,rFF44,802168070,100.00,,
22.564981701,11115230190,,instructions,802179360,100.00,3.70,insn per cycle
22.564981701,3008115905,,cycles,802183950,100.00,,
22.665278438,27099,,rD044,802320230,100.00,,
22.665278438,72890114,,rFF44,802241010,100.00,,
22.665278438,11234488744,,instructions,802243570,100.00,3.73,insn per cycle
22.665278438,3008370267,,cycles,802248820,100.00,,
22.765579615,30478,,rD044,802328550,100.00,,
22.765579615,68100663,,rFF44,802335090,100.00,,
22.765579615,10682937639,,instructions,802336265,100.00,3.55,insn per cycle
22.765579615,3008685233,,cycles,802337148,100.00,,
22.865874852,26810,,rD044,802302111,100.00,,
22.865874852,74365721,,rFF44,802295728,100.00,,
22.865874852,11461739059,,instructions,802299673,100.00,3.81,insn per cycle
22.865874852,3008557119,,cycles,802303010,100.00,,
22.966177469,31393,,rD044,802357876,100.00,,
22.966177469,70602556,,rFF44,802357019,100.00,,
22.966177469,11012826649,,instructions,802354119,100.00,3.66,insn per cycle
22.966177469,3008759693,,cycles,802351339,100.00,,
23.066465006,27225,,rD044,802246860,100.00,,
23.066465006,73958408,,rFF44,802257500,100.00,,
23.066465006,11393579919,,instructions,802267740,100.00,3.79,insn per cycle
23.066465006,3008472362,,cycles,802275780,100.00,,
23.166758923,32275,,rD044,801106714,100.00,,
23.166758923,70532101,,rFF44,801089954,100.00,,
23.166758923,10982399939,,instructions,801070674,100.00,3.66,insn per cycle
23.166758923,3003942786,,cycles,801071674,100.00,,
23.267052620,26894,,rD044,802300770,100.00,,
23.267052620,73438197,,rFF44,802306510,100.00,,
23.267052620,11310830759,,instructions,802312317,100.00,3.76,insn per cycle
23.267052620,3008656812,,cycles,802325168,100.00,,
23.367346187,31363,,rD044,802285172,100.00,,
23.367346187,70413620,,rFF44,802284148,100.00,,
23.367346187,10974943351,,instructions,802277571,100.00,3.65,insn per cycle
23.367346187,3008425300,,cycles,802264880,100.00,,
23.467634543,27356,,rD044,802225646,100.00,,
23.467634543,74196230,,rFF44,802226850,100.00,,
23.467634543,11425611439,,instructions,802234140,100.00,3.80,insn per cycle
23.467634543,3008277284,,cycles,802226840,100.00,,
23.567917010,31424,,rD044,802086730,100.00,,
23.567917010,71977607,,rFF44,802073590,100.00,,
23.567917010,11166667630,,instructions,802056720,100.00,3.71,insn per cycle
23.567917010,3007701711,,cycles,802073420,100.00,,
23.668216047,28327,,rD044,802327100,100.00,,
23.668216047,74155695,,rFF44,802342510,100.00,,
23.668216047,11420503529,,instructions,802364630,100.00,3.80,insn per cycle
23.668216047,3008781438,,cycles,802357860,100.00,,
23.768506164,31703,,rD044,802244370,100.00,,
23.768506164,70047464,,rFF44,802241380,100.00,,
23.768506164,10946646275,,instructions,802239771,100.00,3.64,insn per cycle
23.768506164,3008304437,,cycles,802233838,100.00,,
23.868797731,28875,,rD044,802263869,100.00,,
23.868797731,74011587,,rFF44,802253885,100.00,,
23.868797731,11401138164,,instructions,802259596,100.00,3.79,insn per cycle
23.868797731,3008395551,,cycles,802256449,100.00,,
23.969085028,31419,,rD044,802190476,100.00,,
23.969085028,69765033,,rFF44,802185772,100.00,,
23.969085028,10893934862,,instructions,802168700,100.00,3.62,insn per cycle
23.969085028,3007968584,,cycles,802158260,100.00,,
24.069369505,27908,,rD044,802221692,100.00,,
24.069369505,75091052,,rFF44,802237910,100.00,,
24.069369505,11571168962,,instructions,802242500,100.00,3.85,insn per cycle
24.069369505,3008390758,,cycles,802255170,100.00,,
24.169651972,33376,,rD044,802192770,100.00,,
24.169651972,73249398,,rFF44,802193950,100.00,,
24.169651972,11341964864,,instructions,802194250,100.00,3.77,insn per cycle
24.169651972,3008113010,,cycles,802187580,100.00,,
24.269929008,28853,,rD044,802098670,100.00,,
24.269929008,73969498,,rFF44,802088030,100.00,,
24.269929008,11404945806,,instructions,802072460,100.00,3.79,insn per cycle
24.269929008,3007728050,,cycles,802110010,100.00,,
24.370217725,31366,,rD044,802245260,100.00,,
24.370217725,71028843,,rFF44,802253500,100.00,,
24.370217725,11068141100,,instructions,802265180,100.00,3.68,insn per cycle
24.370217725,3008275414,,cycles,802225195,100.00,,
24.470502062,30497,,rD044,802211560,100.00,,
24.470502062,71950747,,rFF44,802191030,100.00,,
24.470502062,11168681060,,instructions,802177797,100.00,3.71,insn per cycle
24.470502062,3008059260,,cycles,802168073,100.00,,
24.570803899,29509,,rD044,802219795,100.00,,
24.570803899,71892028,,rFF44,802210648,100.00,,
24.570803899,11136835675,,instructions,802215841,100.00,3.70,insn per cycle
24.570803899,3008204387,,cycles,802210620,100.00,,
24.671080376,31436,,rD044,802152453,100.00,,
24.671080376,69721556,,rFF44,802161310,100.00,,
24.671080376,10877995478,,instructions,802164910,100.00,3.62,insn per cycle
24.671080376,3008142392,,cycles,802187830,100.00,,
24.771363153,29281,,rD044,802188929,100.00,,
24.771363153,74959656,,rFF44,802201899,100.00,,
24.771363153,11563438644,,instructions,802205129,100.00,3.84,insn per cycle
24.771363153,3008204049,,cycles,802213689,100.00,,
24.871652010,31699,,rD044,802249390,100.00,,
24.871652010,73598933,,rFF44,802242590,100.00,,
24.871652010,11382830079,,instructions,802231700,100.00,3.78,insn per cycle
24.871652010,3008260103,,cycles,802220810,100.00,,
24.971934577,27530,,rD044,802199400,100.00,,
24.971934577,74946017,,rFF44,802210190,100.00,,
24.971934577,11560538471,,instructions,802253681,100.00,3.84,insn per cycle
24.971934577,3009248630,,cycles,802484878,100.00,,
25.072252344,32713,,rD044,802485421,100.00,,
25.072252344,71066515,,rFF44,802472178,100.00,,
25.072252344,11059236391,,instructions,802430647,100.00,3.68,insn per cycle
25.072252344,3008164123,,cycles,802194380,100.00,,
25.172534860,26639,,rD044,802195997,100.00,,
25.172534860,73924360,,rFF44,802210370,100.00,,
25.172534860,11399072749,,instructions,802215760,100.00,3.79,insn per cycle
25.172534860,3008239320,,cycles,802213620,100.00,,
25.272823097,30871,,rD044,802258350,100.00,,
25.272823097,68830141,,rFF44,802254530,100.00,,
25.272823097,10780708670,,instructions,802253130,100.00,3.58,insn per cycle
25.272823097,3008409323,,cycles,802259510,100.00,,
25.373109984,27628,,rD044,802224139,100.00,,
25.373109984,74532247,,rFF44,802222829,100.00,,
25.373109984,11490419204,,instructions,802233169,100.00,3.82,insn per cycle
25.373109984,3008284072,,cycles,802227159,100.00,,
25.473396521,30916,,rD044,802229410,100.00,,
25.473396521,69088668,,rFF44,802221060,100.00,,
25.473396521,10819634762,,instructions,802205790,100.00,3.60,insn per cycle
25.473396521,3008180705,,cycles,802200480,100.00,,
25.573675078,27377,,rD044,802039840,100.00,,
25.573675078,73844015,,rFF44,802059170,100.00,,
25.573675078,11383243124,,instructions,802078614,100.00,3.78,insn per cycle
25.573675078,3007719261,,cycles,802078628,100.00,,
25.673962115,30663,,rD044,802239730,100.00,,
25.673962115,69023812,,rFF44,802281397,100.00,,
25.673962115,10817293271,,instructions,802353584,100.00,3.60,insn per cycle
25.673962115,3008810945,,cycles,802366100,100.00,,
25.774267612,27620,,rD044,802354256,100.00,,
25.774267612,73975366,,rFF44,802290129,100.00,,
25.774267612,11397615494,,instructions,802205328,100.00,3.79,insn per cycle
25.774267612,3008201504,,cycles,802207388,100.00,,
25.874550549,30178,,rD044,802218820,100.00,,
25.874550549,66988883,,rFF44,802229990,100.00,,
25.874550549,10538963202,,instructions,802231480,100.00,3.50,insn per cycle
25.874550549,3008259337,,cycles,802223600,100.00,,
25.974835146,27000,,rD044,802199879,100.00,,
25.974835146,73952124,,rFF44,802188349,100.00,,
25.974835146,11394966887,,instructions,802202319,100.00,3.79,insn per cycle
25.974835146,3008222240,,cycles,802210359,100.00,,
26.075118992,31965,,rD044,802232569,100.00,,
26.075118992,69420321,,rFF44,802236169,100.00,,
26.075118992,10854837648,,instructions,802206459,100.00,3.61,insn per cycle
26.075118992,3008191465,,cycles,802201100,100.00,,
26.175402789,27434,,rD044,802215470,100.00,,
26.175402789,74048692,,rFF44,802241480,100.00,,
26.175402789,11406761800,,instructions,802277677,100.00,3.79,insn per cycle
26.175402789,3008515459,,cycles,802286487,100.00,,
26.275694196,30583,,rD044,802280052,100.00,,
26.275694196,70694331,,rFF44,802274368,100.00,,
26.275694196,10989387569,,instructions,802256731,100.00,3.65,insn per cycle
26.275694196,3008360732,,cycles,802245910,100.00,,
26.375982593,28124,,rD044,802243706,100.00,,
26.375982593,74730262,,rFF44,802341350,100.00,,
26.375982593,11507818077,,instructions,802352140,100.00,3.82,insn per cycle
26.375982593,3008826749,,cycles,802371790,100.00,,
26.476296280,31256,,rD044,802450569,100.00,,
26.476296280,72585452,,rFF44,802341929,100.00,,
26.476296280,11250601708,,instructions,802327479,100.00,3.74,insn per cycle
26.476296280,3008591305,,cycles,802307269,100.00,,
26.576582977,27369,,rD044,802098610,100.00,,
26.576582977,73236118,,rFF44,802092610,100.00,,
26.576582977,11278442753,,instructions,802100600,100.00,3.75,insn per cycle
26.576582977,3007815673,,cycles,802104420,100.00,,
26.676867784,30756,,rD044,802229450,100.00,,
26.676867784,68718964,,rFF44,802250720,100.00,,
26.676867784,10768124352,,instructions,802258236,100.00,3.58,insn per cycle
26.676867784,3008379447,,cycles,802251638,100.00,,
26.777171501,28167,,rD044,802352273,100.00,,
26.777171501,73862892,,rFF44,802337937,100.00,,
26.777171501,11376143289,,instructions,802317011,100.00,3.78,insn per cycle
26.777171501,3008630941,,cycles,802319649,100.00,,
26.877457798,30836,,rD044,802236444,100.00,,
26.877457798,68875274,,rFF44,802250780,100.00,,
26.877457798,10768415299,,instructions,802261670,100.00,3.58,insn per cycle
26.877457798,3008420566,,cycles,802262020,100.00,,
26.977747635,27253,,rD044,802253720,100.00,,
26.977747635,74354620,,rFF44,802248800,100.00,,
26.977747635,11454511868,,instructions,802257140,100.00,3.81,insn per cycle
26.977747635,3008393971,,cycles,802256040,100.00,,
27.078035112,31044,,rD044,802233879,100.00,,
27.078035112,71027084,,rFF44,802224609,100.00,,
27.078035112,11071602510,,instructions,802217679,100.00,3.68,insn per cycle
27.078035112,3008246550,,cycles,802216649,100.00,,
27.178320108,27330,,rD044,802227050,100.00,,
27.178320108,74564542,,rFF44,802234500,100.00,,
27.178320108,11491045090,,instructions,802228210,100.00,3.82,insn per cycle
27.178320108,3008304097,,cycles,802231267,100.00,,
27.278607415,31050,,rD044,802237500,100.00,,
27.278607415,71312354,,rFF44,802230843,100.00,,
27.278607415,11084655709,,instructions,802229008,100.00,3.68,insn per cycle
27.278607415,3008264137,,cycles,802221211,100.00,,
27.378891512,28229,,rD044,802217182,100.00,,
27.378891512,73826188,,rFF44,802214144,100.00,,
27.378891512,11381728263,,instructions,802230929,100.00,3.78,insn per cycle
27.378891512,3008340451,,cycles,802240359,100.00,,
27.479188719,31317,,rD044,802313145,100.00,,
27.479188719,71546126,,rFF44,802309960,100.00,,
27.479188719,11128219053,,instructions,802288710,100.00,3.70,insn per cycle
27.479188719,3008541544,,cycles,802295530,100.00,,
27.579473166,29315,,rD044,802080419,100.00,,
27.579473166,72453536,,rFF44,802082089,100.00,,
27.579473166,11208528837,,instructions,802103059,100.00,3.73,insn per cycle
27.579473166,3007777967,,cycles,802098409,100.00,,
27.679760473,28707,,rD044,802250550,100.00,,
27.679760473,68553020,,rFF44,802261760,100.00,,
27.679760473,10746375887,,instructions,802247440,100.00,3.57,insn per cycle
27.679760473,3008382683,,cycles,802252340,100.00,,
27.780050870,28083,,rD044,802221910,100.00,,
27.780050870,71798859,,rFF44,802212120,100.00,,
27.780050870,11122830182,,instructions,802216342,100.00,3.70,insn per cycle
27.780050870,3008225817,,cycles,802214008,100.00,,
27.880335457,30506,,rD044,802230620,100.00,,
27.880335457,70335248,,rFF44,802242186,100.00,,
27.880335457,10967519519,,instructions,802256376,100.00,3.65,insn per cycle
27.880335457,3008428537,,cycles,802263950,100.00,,
27.980627424,32593,,rD044,802223437,100.00,,
27.980627424,71843119,,rFF44,802198832,100.00,,
27.980627424,11169005767,,instructions,802193930,100.00,3.71,insn per cycle
27.980627424,3008086966,,cycles,802189960,100.00,,
28.080914210,27855,,rD044,802238071,100.00,,
28.080914210,74292567,,rFF44,802256080,100.00,,
28.080914210,11458762802,,instructions,802232140,100.00,3.81,insn per cycle
28.080914210,3008216952,,cycles,802210230,100.00,,
28.181223828,32923,,rD044,802417690,100.00,,
28.181223828,70869249,,rFF44,802414120,100.00,,
28.181223828,11035477406,,instructions,802426560,100.00,3.67,insn per cycle
28.181223828,3009098612,,cycles,802448690,100.00,,
28.281515164,29280,,rD044,802205869,100.00,,
28.281515164,74558538,,rFF44,802202069,100.00,,
28.281515164,11501228279,,instructions,802202110,100.00,3.82,insn per cycle
28.281515164,3008067643,,cycles,802198837,100.00,,
28.381813641,31604,,rD044,802341851,100.00,,
28.381813641,70869457,,rFF44,802347588,100.00,,
28.381813641,11040752296,,instructions,802346147,100.00,3.67,insn per cycle
28.381813641,3008719178,,cycles,802342490,100.00,,
28.482099988,27283,,rD044,802207947,100.00,,
28.482099988,73858330,,rFF44,802209910,100.00,,
28.482099988,11390335293,,instructions,802227730,100.00,3.79,insn per cycle
28.482099988,3008304939,,cycles,802233130,100.00,,
28.582391775,31319,,rD044,802132679,100.00,,
28.582391775,71113098,,rFF44,802130929,100.00,,
28.582391775,11045707508,,instructions,802116179,100.00,3.67,insn per cycle
28.582391775,3007790966,,cycles,802102959,100.00,,
28.682674682,26776,,rD044,802187760,100.00,,
28.682674682,73699652,,rFF44,802169340,100.00,,
28.682674682,11362734721,,instructions,802160680,100.00,3.78,insn per cycle
28.682674682,3008052398,,cycles,802164610,100.00,,
28.782954919,31772,,rD044,802172850,100.00,,
28.782954919,70663255,,rFF44,802180140,100.00,,
28.782954919,11008704482,,instructions,802270810,100.00,3.66,insn per cycle
28.782954919,3008503305,,cycles,802287383,100.00,,
28.883251986,28016,,rD044,802314879,100.00,,
28.883251986,74670827,,rFF44,802315899,100.00,,
28.883251986,11509481145,,instructions,802238266,100.00,3.83,insn per cycle
28.883251986,3008248613,,cycles,802216654,100.00,,
28.983536173,32341,,rD044,802209490,100.00,,
28.983536173,69706241,,rFF44,802208428,100.00,,
28.983536173,10897846530,,instructions,802203951,100.00,3.62,insn per cycle
28.983536173,3008267753,,cycles,802222430,100.00,,
29.083821140,26720,,rD044,802217298,100.00,,
29.083821140,73876025,,rFF44,802215350,100.00,,
29.083821140,11384518727,,instructions,802205970,100.00,3.78,insn per cycle
29.083821140,3008121316,,cycles,802183990,100.00,,
29.184101506,29679,,rD044,802183560,100.00,,
29.184101506,66415877,,rFF44,802188350,100.00,,
29.184101506,10455309987,,instructions,802188950,100.00,3.48,insn per cycle
29.184101506,3008161788,,cycles,802193410,100.00,,
29.284381853,27358,,rD044,802186990,100.00,,
29.284381853,73802906,,rFF44,802192740,100.00,,
29.284381853,11370883516,,instructions,802205720,100.00,3.78,insn per cycle
29.284381853,3008215564,,cycles,802207570,100.00,,
29.384667790,30751,,rD044,802244690,100.00,,
29.384667790,68642922,,rFF44,802236310,100.00,,
29.384667790,10739837029,,instructions,802219580,100.00,3.57,insn per cycle
29.384667790,3008249615,,cycles,802216900,100.00,,
29.484951877,27740,,rD044,802203769,100.00,,
29.484951877,74403670,,rFF44,802217339,100.00,,
29.484951877,11464481202,,instructions,802372315,100.00,3.81,insn per cycle
29.484951877,3008869170,,cycles,802383157,100.00,,
29.585256724,31826,,rD044,802253939,100.00,,
29.585256724,72282569,,rFF44,802237797,100.00,,
29.585256724,11225926368,,instructions,802096321,100.00,3.73,insn per cycle
29.585256724,3007807928,,cycles,802099299,100.00,,
29.685540351,27495,,rD044,802202276,100.00,,
29.685540351,73762285,,rFF44,802197138,100.00,,
29.685540351,11359952891,,instructions,802191998,100.00,3.78,insn per cycle
29.685540351,3008087677,,cycles,802177068,100.00,,
29.785822418,30105,,rD044,802172430,100.00,,
29.785822418,69258569,,rFF44,802170390,100.00,,
29.785822418,10820076986,,instructions,802165210,100.00,3.60,insn per cycle
29.785822418,3008086567,,cycles,802176380,100.00,,
29.886102104,27160,,rD044,802178180,100.00,,
29.886102104,73867712,,rFF44,802193690,100.00,,
29.886102104,11375730590,,instructions,802212640,100.00,3.78,insn per cycle
29.886102104,3008200098,,cycles,802203700,100.00,,
29.986385791,30198,,rD044,802224130,100.00,,
29.986385791,68452824,,rFF44,802224750,100.00,,
29.986385791,10732114745,,instructions,802218390,100.00,3.57,insn per cycle
29.986385791,3008274377,,cycles,802222870,100.00,,
30.086671578,27741,,rD044,802224069,100.00,,
30.086671578,74075079,,rFF44,802230459,100.00,,
30.086671578,11407891503,,instructions,802237669,100.00,3.79,insn per cycle
30.086671578,3008349464,,cycles,802243997,100.00,,
30.142209241,199217,,rD044,411013893,100.00,,
30.142209241,24661777,,rFF44,410752083,100.00,,
30.142209241,4072054265,,instructions,410556583,100.00,2.65,insn per cycle
30.142209241,1538807577,,cycles,410375805,100.00,,
