0.100120795,29610,,rD044,1370901996,100.00,,
0.100120795,91119598,,rFF44,1373036649,100.00,,
0.100120795,1061956208,,instructions,1374762079,100.00,0.21,insn per cycle
0.100120795,5156804234,,cycles,1376406769,100.00,,
0.200833817,8967,,rD044,1610471758,100.00,,
0.200833817,131558304,,rFF44,1609225192,100.00,,
0.200833817,12906448033,,instructions,1608259492,100.00,2.14,insn per cycle
0.200833817,6027550092,,cycles,1607365732,100.00,,
0.301208605,2378,,rD044,1605973953,100.00,,
0.301208605,149303623,,rFF44,1605974306,100.00,,
0.301208605,23094900923,,instructions,1605977536,100.00,3.83,insn per cycle
0.301208605,6022325990,,cycles,1605960146,100.00,,
0.401582553,2696,,rD044,1605925576,100.00,,
0.401582553,148336869,,rFF44,1605938586,100.00,,
0.401582553,22964889260,,instructions,1605937926,100.00,3.81,insn per cycle
0.401582553,6022295127,,cycles,1605959130,100.00,,
0.501957681,2368,,rD044,1605974806,100.00,,
0.501957681,149465944,,rFF44,1605949536,100.00,,
0.501957681,23103706677,,instructions,1605989092,100.00,3.84,insn per cycle
0.501957681,6022790640,,cycles,1606083078,100.00,,
0.602338079,2153,,rD044,1606074106,100.00,,
0.602338079,149063960,,rFF44,1606077608,100.00,,
0.602338079,23050338044,,instructions,1606003346,100.00,3.83,insn per cycle
0.602338079,6022065967,,cycles,1605890536,100.00,,
0.702718507,2235,,rD044,1605814648,100.00,,
0.702718507,149036894,,rFF44,1605805039,100.00,,
0.702718507,23037817933,,instructions,1605815095,100.00,3.83,insn per cycle
0.702718507,6021588127,,cycles,1605824975,100.00,,
0.803084965,2237,,rD044,1605952909,100.00,,
0.803084965,149136191,,rFF44,1605993366,100.00,,
0.803084965,23052109939,,instructions,1605997796,100.00,3.83,insn per cycle
0.803084965,6022516796,,cycles,1606009976,100.00,,
0.903465673,2780,,rD044,1606091956,100.00,,
0.903465673,146248805,,rFF44,1606063736,100.00,,
0.903465673,22697591701,,instructions,1606055106,100.00,3.77,insn per cycle
0.903465673,6022616352,,cycles,1606037125,100.00,,
1.003842641,2586,,rD044,1605878676,100.00,,
1.003842641,149702232,,rFF44,1605850916,100.00,,
1.003842641,23124663474,,instructions,1605845505,100.00,3.84,insn per cycle
1.003842641,6022029150,,cycles,1605879463,100.00,,
1.104222489,5480,,rD044,1606084396,100.00,,
1.104222489,148703902,,rFF44,1606113592,100.00,,
1.104222489,22987769356,,instructions,1606150343,100.00,3.82,insn per cycle
1.104222489,6023100005,,cycles,1606166496,100.00,,
1.204601797,2177,,rD044,1606080862,100.00,,
1.204601797,149034956,,rFF44,1606097856,100.00,,
1.204601797,23045073296,,instructions,1606088096,100.00,3.83,insn per cycle
1.204601797,6022567592,,cycles,1606023376,100.00,,
1.304970674,2477,,rD044,1605839576,100.00,,
1.304970674,149463828,,rFF44,1605808836,100.00,,
1.304970674,23103506388,,instructions,1605848146,100.00,3.84,insn per cycle
1.304970674,6022195039,,cycles,1605934116,100.00,,
1.405347172,2414,,rD044,1606004926,100.00,,
1.405347172,149964430,,rFF44,1606029376,100.00,,
1.405347172,23168877727,,instructions,1605989216,100.00,3.85,insn per cycle
1.405347172,6022177103,,cycles,1605919946,100.00,,
1.505721320,2431,,rD044,1605973096,100.00,,
1.505721320,150124223,,rFF44,1605973406,100.00,,
1.505721320,23191534520,,instructions,1605982200,100.00,3.85,insn per cycle
1.505721320,6022513189,,cycles,1606009102,100.00,,
1.606097718,2404,,rD044,1606001837,100.00,,
1.606097718,149996256,,rFF44,1605976752,100.00,,
1.606097718,23180025110,,instructions,1605989518,100.00,3.85,insn per cycle
1.606097718,6022346958,,cycles,1605987486,100.00,,
1.706477916,2157,,rD044,1605803600,100.00,,
1.706477916,150427027,,rFF44,1605798635,100.00,,
1.706477916,23230520521,,instructions,1605775315,100.00,3.86,insn per cycle
1.706477916,6021341491,,cycles,1605729945,100.00,,
1.806839894,2223,,rD044,1605761886,100.00,,
1.806839894,149970463,,rFF44,1605759276,100.00,,
1.806839894,23174347997,,instructions,1605735396,100.00,3.85,insn per cycle
1.806839894,6021521120,,cycles,1605752796,100.00,,
1.907213042,2350,,rD044,1605780695,100.00,,
1.907213042,149203154,,rFF44,1605757985,100.00,,
1.907213042,23069914999,,instructions,1605771345,100.00,3.83,insn per cycle
1.907213042,6021384693,,cycles,1605773581,100.00,,
2.007579800,2261,,rD044,1605882696,100.00,,
2.007579800,150387129,,rFF44,1605908736,100.00,,
2.007579800,23215339858,,instructions,1605899774,100.00,3.86,insn per cycle
2.007579800,6022058178,,cycles,1605887876,100.00,,
2.107948147,2624,,rD044,1605821384,100.00,,
2.107948147,149631161,,rFF44,1605829064,100.00,,
2.107948147,23107351313,,instructions,1605825632,100.00,3.84,insn per cycle
2.107948147,6023043043,,cycles,1606168354,100.00,,
2.208335396,2166,,rD044,1606161649,100.00,,
2.208335396,149844196,,rFF44,1606150552,100.00,,
2.208335396,23136998420,,instructions,1606162386,100.00,3.84,insn per cycle
2.208335396,6021838874,,cycles,1605837616,100.00,,
2.308699083,2473,,rD044,1605777919,100.00,,
2.308699083,150217821,,rFF44,1605786166,100.00,,
2.308699083,23171451947,,instructions,1605796186,100.00,3.85,insn per cycle
2.308699083,6021757443,,cycles,1605825886,100.00,,
2.409074871,2414,,rD044,1606027516,100.00,,
2.409074871,147286037,,rFF44,1606057246,100.00,,
2.409074871,22819339015,,instructions,1606032576,100.00,3.79,insn per cycle
2.409074871,6022476984,,cycles,1605998881,100.00,,
2.509448289,2402,,rD044,1605870676,100.00,,
2.509448289,149150709,,rFF44,1605809616,100.00,,
2.509448289,23046157460,,instructions,1605781782,100.00,3.83,insn per cycle
2.509448289,6021545745,,cycles,1605775677,100.00,,
2.609813987,1965,,rD044,1605819256,100.00,,
2.609813987,148998603,,rFF44,1605821633,100.00,,
2.609813987,23018815454,,instructions,1605837486,100.00,3.82,insn per cycle
2.609813987,6021924086,,cycles,1605852006,100.00,,
2.710181935,1818,,rD044,1605686669,100.00,,
2.710181935,149836459,,rFF44,1605684362,100.00,,
2.710181935,23152902509,,instructions,1605676593,100.00,3.85,insn per cycle
2.710181935,6021093752,,cycles,1605665153,100.00,,
2.810543723,1806,,rD044,1605764996,100.00,,
2.810543723,149787656,,rFF44,1605788656,100.00,,
2.810543723,23138855499,,instructions,1605806876,100.00,3.84,insn per cycle
2.810543723,6021822319,,cycles,1605832296,100.00,,
2.910913810,1770,,rD044,1605914946,100.00,,
2.910913810,149811208,,rFF44,1605888416,100.00,,
2.910913810,23146428492,,instructions,1605838446,100.00,3.84,insn per cycle
2.910913810,6021595555,,cycles,1605764326,100.00,,
3.011279428,1774,,rD044,1605813466,100.00,,
3.011279428,148296718,,rFF44,1605831676,100.00,,
3.011279428,22957526138,,instructions,1605879956,100.00,3.81,insn per cycle
3.011279428,6022230571,,cycles,1605933574,100.00,,
3.111646846,2220,,rD044,1605865276,100.00,,
3.111646846,149243524,,rFF44,1605863386,100.00,,
3.111646846,23074712283,,instructions,1605866505,100.00,3.83,insn per cycle
3.111646846,6021897838,,cycles,1605845454,100.00,,
3.212014114,2256,,rD044,1605839076,100.00,,
3.212014114,149960264,,rFF44,1605919558,100.00,,
3.212014114,23173448900,,instructions,1606163513,100.00,3.85,insn per cycle
3.212014114,6023080626,,cycles,1606186846,100.00,,
3.312412332,1721,,rD044,1606309872,100.00,,
3.312412332,149638040,,rFF44,1606245580,100.00,,
3.312412332,23118797651,,instructions,1606002386,100.00,3.84,insn per cycle
3.312412332,6022357565,,cycles,1605975476,100.00,,
3.412777480,1877,,rD044,1605861796,100.00,,
3.412777480,149793939,,rFF44,1605871546,100.00,,
3.412777480,23146254925,,instructions,1605912086,100.00,3.84,insn per cycle
3.412777480,6022255985,,cycles,1605940396,100.00,,
3.513152018,1936,,rD044,1605791766,100.00,,
3.513152018,149026522,,rFF44,1605728446,100.00,,
3.513152018,23045892922,,instructions,1605690056,100.00,3.83,insn per cycle
3.513152018,6021068137,,cycles,1605646342,100.00,,
3.613509865,1808,,rD044,1605772176,100.00,,
3.613509865,149785014,,rFF44,1605829286,100.00,,
3.613509865,23130499923,,instructions,1605842213,100.00,3.84,insn per cycle
3.613509865,6022093758,,cycles,1605897296,100.00,,
3.713881533,1840,,rD044,1604579231,100.00,,
3.713881533,148256572,,rFF44,1604574291,100.00,,
3.713881533,22934694373,,instructions,1604550880,100.00,3.81,insn per cycle
3.713881533,6016868932,,cycles,1604536391,100.00,,
3.814256121,1883,,rD044,1605941516,100.00,,
3.814256121,149978738,,rFF44,1605926492,100.00,,
3.814256121,23142756194,,instructions,1605941956,100.00,3.84,insn per cycle
3.814256121,6022253814,,cycles,1605947216,100.00,,
3.914624669,1933,,rD044,1605900602,100.00,,
3.914624669,148883164,,rFF44,1605898996,100.00,,
3.914624669,23028388269,,instructions,1605918396,100.00,3.82,insn per cycle
3.914624669,6022219680,,cycles,1605931016,100.00,,
4.014996687,1842,,rD044,1605928886,100.00,,
4.014996687,149208402,,rFF44,1605968086,100.00,,
4.014996687,23050928747,,instructions,1606055396,100.00,3.83,insn per cycle
4.014996687,6022477423,,cycles,1605999718,100.00,,
4.115370415,2341,,rD044,1605945156,100.00,,
4.115370415,147913089,,rFF44,1605917016,100.00,,
4.115370415,22897874394,,instructions,1605837170,100.00,3.80,insn per cycle
4.115370415,6021977124,,cycles,1605873180,100.00,,
4.215738773,1753,,rD044,1605808066,100.00,,
4.215738773,149333682,,rFF44,1605783050,100.00,,
4.215738773,23076233938,,instructions,1605707978,100.00,3.83,insn per cycle
4.215738773,6021262943,,cycles,1605690196,100.00,,
4.316094600,1851,,rD044,1605703948,100.00,,
4.316094600,148670044,,rFF44,1605727788,100.00,,
4.316094600,22995105537,,instructions,1605765386,100.00,3.82,insn per cycle
4.316094600,6021605819,,cycles,1605775086,100.00,,
4.416465078,1720,,rD044,1605853499,100.00,,
4.416465078,149046403,,rFF44,1605858246,100.00,,
4.416465078,23059050152,,instructions,1605880596,100.00,3.83,insn per cycle
4.416465078,6022079727,,cycles,1605893336,100.00,,
4.516838166,1793,,rD044,1605960297,100.00,,
4.516838166,149257955,,rFF44,1605969926,100.00,,
4.516838166,23080972431,,instructions,1605971006,100.00,3.83,insn per cycle
4.516838166,6022334261,,cycles,1605970396,100.00,,
4.617209264,1872,,rD044,1605842036,100.00,,
4.617209264,149793379,,rFF44,1605791986,100.00,,
4.617209264,23151902457,,instructions,1605756406,100.00,3.84,insn per cycle
4.617209264,6021533383,,cycles,1605768602,100.00,,
4.717573362,1745,,rD044,1605646105,100.00,,
4.717573362,149786174,,rFF44,1605689575,100.00,,
4.717573362,23154322581,,instructions,1605699132,100.00,3.85,insn per cycle
4.717573362,6021045232,,cycles,1605654385,100.00,,
4.817932360,1703,,rD044,1605728756,100.00,,
4.817932360,149702427,,rFF44,1605721792,100.00,,
4.817932360,23133886942,,instructions,1605715115,100.00,3.84,insn per cycle
4.817932360,6021734307,,cycles,1605808396,100.00,,
4.918305677,1679,,rD044,1605963653,100.00,,
4.918305677,149186883,,rFF44,1605955816,100.00,,
4.918305677,23067143698,,instructions,1605941726,100.00,3.83,insn per cycle
4.918305677,6022018365,,cycles,1605877766,100.00,,
5.018671945,1753,,rD044,1605848495,100.00,,
5.018671945,149284979,,rFF44,1605876646,100.00,,
5.018671945,23073490571,,instructions,1605911156,100.00,3.83,insn per cycle
5.018671945,6021994676,,cycles,1605871476,100.00,,
5.119039853,2302,,rD044,1605826736,100.00,,
5.119039853,149752838,,rFF44,1606176926,100.00,,
5.119039853,23126093353,,instructions,1606214206,100.00,3.84,insn per cycle
5.119039853,6023406903,,cycles,1606273880,100.00,,
5.219441311,2838,,rD044,1606360596,100.00,,
5.219441311,150463883,,rFF44,1605982126,100.00,,
5.219441311,23215512267,,instructions,1605927471,100.00,3.86,insn per cycle
5.219441311,6022031402,,cycles,1605882438,100.00,,
5.319796819,2485,,rD044,1605672166,100.00,,
5.319796819,148263578,,rFF44,1605688440,100.00,,
5.319796819,22942038519,,instructions,1605730197,100.00,3.81,insn per cycle
5.319796819,6021408129,,cycles,1605722926,100.00,,
5.420164467,1791,,rD044,1605837199,100.00,,
5.420164467,149452202,,rFF44,1605815498,100.00,,
5.420164467,23085977567,,instructions,1605809266,100.00,3.83,insn per cycle
5.420164467,6021849161,,cycles,1605832516,100.00,,
5.520532925,1808,,rD044,1605857709,100.00,,
5.520532925,150261227,,rFF44,1605836536,100.00,,
5.520532925,23181684922,,instructions,1605807456,100.00,3.85,insn per cycle
5.520532925,6021713162,,cycles,1605820076,100.00,,
5.620897592,1906,,rD044,1605761766,100.00,,
5.620897592,149613950,,rFF44,1605767096,100.00,,
5.620897592,23111962462,,instructions,1605752556,100.00,3.84,insn per cycle
5.620897592,6021396802,,cycles,1605726446,100.00,,
5.721265070,1888,,rD044,1605733936,100.00,,
5.721265070,149016492,,rFF44,1605769846,100.00,,
5.721265070,23045705803,,instructions,1605789326,100.00,3.83,insn per cycle
5.721265070,6021737310,,cycles,1605822712,100.00,,
5.821630558,1764,,rD044,1605815206,100.00,,
5.821630558,149667674,,rFF44,1605802786,100.00,,
5.821630558,23134038908,,instructions,1605834223,100.00,3.84,insn per cycle
5.821630558,6021880547,,cycles,1605848026,100.00,,
5.922004096,1942,,rD044,1605825406,100.00,,
5.922004096,149290037,,rFF44,1605861115,100.00,,
5.922004096,23092941746,,instructions,1605970055,100.00,3.83,insn per cycle
5.922004096,6022038114,,cycles,1605947206,100.00,,
6.022383854,1737,,rD044,1606078338,100.00,,
6.022383854,149515276,,rFF44,1606075913,100.00,,
6.022383854,23116753015,,instructions,1605951326,100.00,3.84,insn per cycle
6.022383854,6022219453,,cycles,1605931256,100.00,,
6.122753032,2266,,rD044,1605901020,100.00,,
6.122753032,148482317,,rFF44,1605888066,100.00,,
6.122753032,22977844703,,instructions,1605840886,100.00,3.82,insn per cycle
6.122753032,6021953197,,cycles,1605860226,100.00,,
6.223121470,1863,,rD044,1605813326,100.00,,
6.223121470,148415497,,rFF44,1605802546,100.00,,
6.223121470,22970830921,,instructions,1605848826,100.00,3.81,insn per cycle
6.223121470,6021954013,,cycles,1605885238,100.00,,
6.323490377,2144,,rD044,1605860736,100.00,,
6.323490377,149703082,,rFF44,1605863966,100.00,,
6.323490377,23135553701,,instructions,1605826538,100.00,3.84,insn per cycle
6.323490377,6021452646,,cycles,1605741170,100.00,,
6.423856095,1749,,rD044,1605839676,100.00,,
6.423856095,149925763,,rFF44,1605860340,100.00,,
6.423856095,23154631101,,instructions,1605933030,100.00,3.84,insn per cycle
6.423856095,6022465996,,cycles,1605996526,100.00,,
6.524253634,1829,,rD044,1606221507,100.00,,
6.524253634,149945967,,rFF44,1606188168,100.00,,
6.524253634,23153856729,,instructions,1606149296,100.00,3.84,insn per cycle
6.524253634,6023034458,,cycles,1606168986,100.00,,
6.624625301,1791,,rD044,1605938701,100.00,,
6.624625301,150228072,,rFF44,1605963846,100.00,,
6.624625301,23189043090,,instructions,1605942566,100.00,3.85,insn per cycle
6.624625301,6022057706,,cycles,1605887346,100.00,,
6.724992549,1921,,rD044,1605668055,100.00,,
6.724992549,149768877,,rFF44,1605689875,100.00,,
6.724992549,23128171059,,instructions,1605851925,100.00,3.84,insn per cycle
6.724992549,6021806395,,cycles,1605860009,100.00,,
6.825365587,2052,,rD044,1605966376,100.00,,
6.825365587,148539605,,rFF44,1605934946,100.00,,
6.825365587,22969320022,,instructions,1605803471,100.00,3.81,insn per cycle
6.825365587,6021848735,,cycles,1605832588,100.00,,
6.925739995,1798,,rD044,1605959976,100.00,,
6.925739995,149888526,,rFF44,1605984134,100.00,,
6.925739995,23136644513,,instructions,1605990697,100.00,3.84,insn per cycle
6.925739995,6022296237,,cycles,1605959096,100.00,,
7.026117953,1816,,rD044,1605994794,100.00,,
7.026117953,149579757,,rFF44,1605936844,100.00,,
7.026117953,23113784366,,instructions,1605933046,100.00,3.84,insn per cycle
7.026117953,6022312627,,cycles,1605955636,100.00,,
7.126486201,2116,,rD044,1605873194,100.00,,
7.126486201,149706614,,rFF44,1605907176,100.00,,
7.126486201,23131204521,,instructions,1605912496,100.00,3.84,insn per cycle
7.126486201,6022044303,,cycles,1605906476,100.00,,
7.226857659,1851,,rD044,1605901206,100.00,,
7.226857659,150408174,,rFF44,1605880236,100.00,,
7.226857659,23219421336,,instructions,1605853196,100.00,3.86,insn per cycle
7.226857659,6021905713,,cycles,1605854486,100.00,,
7.327229377,1758,,rD044,1605902066,100.00,,
7.327229377,149285938,,rFF44,1605905096,100.00,,
7.327229377,23073401951,,instructions,1605933328,100.00,3.83,insn per cycle
7.327229377,6022250881,,cycles,1605947682,100.00,,
7.427600414,1715,,rD044,1605930346,100.00,,
7.427600414,149975522,,rFF44,1605960320,100.00,,
7.427600414,23168767194,,instructions,1605921340,100.00,3.85,insn per cycle
7.427600414,6022093812,,cycles,1605897446,100.00,,
7.527970712,1754,,rD044,1605900401,100.00,,
7.527970712,149931165,,rFF44,1605892228,100.00,,
7.527970712,23169148048,,instructions,1605942816,100.00,3.85,insn per cycle
7.527970712,6022372441,,cycles,1605987246,100.00,,
7.628344220,1835,,rD044,1605914566,100.00,,
7.628344220,149430906,,rFF44,1605896655,100.00,,
7.628344220,23108363724,,instructions,1605835735,100.00,3.84,insn per cycle
7.628344220,6021600046,,cycles,1605776535,100.00,,
7.728709868,1830,,rD044,1605663596,100.00,,
7.728709868,150084862,,rFF44,1605672466,100.00,,
7.728709868,23181897558,,instructions,1605711756,100.00,3.85,insn per cycle
7.728709868,6021460181,,cycles,1605757796,100.00,,
7.829074326,1901,,rD044,1605866746,100.00,,
7.829074326,150459061,,rFF44,1605897186,100.00,,
7.829074326,23223919193,,instructions,1605845986,100.00,3.86,insn per cycle
7.829074326,6021800866,,cycles,1605818635,100.00,,
7.929446584,1758,,rD044,1605874436,100.00,,
7.929446584,149323846,,rFF44,1605826946,100.00,,
7.929446584,23080209018,,instructions,1605833086,100.00,3.83,insn per cycle
7.929446584,6021824664,,cycles,1605833143,100.00,,
8.029815181,1814,,rD044,1605899976,100.00,,
8.029815181,149867739,,rFF44,1605907359,100.00,,
8.029815181,23132169557,,instructions,1605934512,100.00,3.84,insn per cycle
8.029815181,6022171140,,cycles,1605917746,100.00,,
8.130184089,2219,,rD044,1605808646,100.00,,
8.130184089,149489199,,rFF44,1605785589,100.00,,
8.130184089,23087872857,,instructions,1605779226,100.00,3.83,insn per cycle
8.130184089,6021790863,,cycles,1605843856,100.00,,
8.230557987,2322,,rD044,1605999332,100.00,,
8.230557987,146877107,,rFF44,1606063116,100.00,,
8.230557987,22767267875,,instructions,1606094666,100.00,3.78,insn per cycle
8.230557987,6022716967,,cycles,1606063336,100.00,,
8.330926805,2285,,rD044,1605833966,100.00,,
8.330926805,149734147,,rFF44,1605770126,100.00,,
8.330926805,23115440001,,instructions,1605702096,100.00,3.84,insn per cycle
8.330926805,6021404272,,cycles,1605722008,100.00,,
8.431319653,1697,,rD044,1606267496,100.00,,
8.431319653,150277706,,rFF44,1606313746,100.00,,
8.431319653,23192437327,,instructions,1606369168,100.00,3.85,insn per cycle
8.431319653,6023719207,,cycles,1606331080,100.00,,
8.531689031,1849,,rD044,1605841056,100.00,,
8.531689031,149866750,,rFF44,1605848900,100.00,,
8.531689031,23144703855,,instructions,1605828810,100.00,3.84,insn per cycle
8.531689031,6021674098,,cycles,1605810086,100.00,,
8.632056869,1795,,rD044,1605836397,100.00,,
8.632056869,149673233,,rFF44,1605901108,100.00,,
8.632056869,23129262724,,instructions,1605893686,100.00,3.84,insn per cycle
8.632056869,6021928476,,cycles,1605886466,100.00,,
8.732429447,1871,,rD044,1605789050,100.00,,
8.732429447,149913458,,rFF44,1605724785,100.00,,
8.732429447,23156418313,,instructions,1605752565,100.00,3.85,insn per cycle
8.732429447,6021711153,,cycles,1605802645,100.00,,
8.832797635,1761,,rD044,1605887526,100.00,,
8.832797635,148921646,,rFF44,1605817486,100.00,,
8.832797635,23034866936,,instructions,1605758256,100.00,3.83,insn per cycle
8.832797635,6021419138,,cycles,1605718036,100.00,,
8.933158652,1878,,rD044,1605726355,100.00,,
8.933158652,149113515,,rFF44,1605764865,100.00,,
8.933158652,23073387553,,instructions,1605803025,100.00,3.83,insn per cycle
8.933158652,6021676150,,cycles,1605792960,100.00,,
9.033523640,1818,,rD044,1605830616,100.00,,
9.033523640,149111579,,rFF44,1605826376,100.00,,
9.033523640,23061040217,,instructions,1605837342,100.00,3.83,insn per cycle
9.033523640,6021908033,,cycles,1605847727,100.00,,
9.133888998,2519,,rD044,1605844967,100.00,,
9.133888998,149448842,,rFF44,1605855962,100.00,,
9.133888998,23097095937,,instructions,1605831326,100.00,3.84,insn per cycle
9.133888998,6021906080,,cycles,1605847616,100.00,,
9.234268536,1959,,rD044,1606002581,100.00,,
9.234268536,149955949,,rFF44,1606001136,100.00,,
9.234268536,23157547383,,instructions,1606012086,100.00,3.85,insn per cycle
9.234268536,6022370841,,cycles,1605989956,100.00,,
9.334627984,1830,,rD044,1605710446,100.00,,
9.334627984,149607915,,rFF44,1605713106,100.00,,
9.334627984,23111695749,,instructions,1605745226,100.00,3.84,insn per cycle
9.334627984,6021690547,,cycles,1605798066,100.00,,
9.434999761,1783,,rD044,1605940976,100.00,,
9.434999761,149740365,,rFF44,1605944766,100.00,,
9.434999761,23123655270,,instructions,1606022616,100.00,3.84,insn per cycle
9.434999761,6022556119,,cycles,1606020404,100.00,,
9.535379590,1838,,rD044,1605959096,100.00,,
9.535379590,149267447,,rFF44,1605948846,100.00,,
9.535379590,23063184294,,instructions,1605843447,100.00,3.83,insn per cycle
9.535379590,6021694522,,cycles,1605812704,100.00,,
9.635748027,1708,,rD044,1605886816,100.00,,
9.635748027,150151240,,rFF44,1605907149,100.00,,
9.635748027,23174460119,,instructions,1605951631,100.00,3.85,insn per cycle
9.635748027,6022379257,,cycles,1605973926,100.00,,
9.736122845,2160,,rD044,1605770857,100.00,,
9.736122845,147877783,,rFF44,1605741468,100.00,,
9.736122845,22888575820,,instructions,1605704035,100.00,3.80,insn per cycle
9.736122845,6021150080,,cycles,1605681345,100.00,,
9.836478783,1762,,rD044,1605709350,100.00,,
9.836478783,149635061,,rFF44,1605693696,100.00,,
9.836478783,23118405805,,instructions,1605692186,100.00,3.84,insn per cycle
9.836478783,6021396864,,cycles,1605711566,100.00,,
9.936851911,1957,,rD044,1605778664,100.00,,
9.936851911,149600953,,rFF44,1605804354,100.00,,
9.936851911,23113500421,,instructions,1605805704,100.00,3.84,insn per cycle
9.936851911,6021518707,,cycles,1605816114,100.00,,
10.037260309,1804,,rD044,1606532256,100.00,,
10.037260309,149672862,,rFF44,1606563946,100.00,,
10.037260309,23127053552,,instructions,1606584701,100.00,3.84,insn per cycle
10.037260309,6024561753,,cycles,1606555122,100.00,,
10.137632847,2028,,rD044,1605917107,100.00,,
10.137632847,150317426,,rFF44,1605896962,100.00,,
10.137632847,23214078204,,instructions,1605886267,100.00,3.85,insn per cycle
10.137632847,6022043970,,cycles,1605906716,100.00,,
10.238004075,1885,,rD044,1605861730,100.00,,
10.238004075,149274219,,rFF44,1605854316,100.00,,
10.238004075,23075288517,,instructions,1605930776,100.00,3.83,insn per cycle
10.238004075,6022075243,,cycles,1605908676,100.00,,
10.338378673,1863,,rD044,1605906767,100.00,,
10.338378673,150074476,,rFF44,1605915926,100.00,,
10.338378673,23181427941,,instructions,1605804116,100.00,3.85,insn per cycle
10.338378673,6021583596,,cycles,1605793046,100.00,,
10.438744191,1816,,rD044,1605824226,100.00,,
10.438744191,150525793,,rFF44,1605826726,100.00,,
10.438744191,23259458519,,instructions,1605829356,100.00,3.86,insn per cycle
10.438744191,6021820961,,cycles,1605825181,100.00,,
10.539119379,1815,,rD044,1605954646,100.00,,
10.539119379,148409875,,rFF44,1605927566,100.00,,
10.539119379,22981610521,,instructions,1605926955,100.00,3.82,insn per cycle
10.539119379,6022084899,,cycles,1605914897,100.00,,
10.639480816,1747,,rD044,1605761626,100.00,,
10.639480816,150325033,,rFF44,1605787465,100.00,,
10.639480816,23215150479,,instructions,1605800283,100.00,3.86,insn per cycle
10.639480816,6021792377,,cycles,1605824086,100.00,,
10.739851274,1844,,rD044,1605736583,100.00,,
10.739851274,150172728,,rFF44,1605759892,100.00,,
10.739851274,23185420250,,instructions,1605806905,100.00,3.85,insn per cycle
10.739851274,6021703337,,cycles,1605823395,100.00,,
10.840235772,1870,,rD044,1606102354,100.00,,
10.840235772,149575375,,rFF44,1606028816,100.00,,
10.840235772,23115023990,,instructions,1605957836,100.00,3.84,insn per cycle
10.840235772,6022172088,,cycles,1605918436,100.00,,
10.940595890,1855,,rD044,1605764316,100.00,,
10.940595890,149385419,,rFF44,1605795446,100.00,,
10.940595890,23082307829,,instructions,1605819786,100.00,3.83,insn per cycle
10.940595890,6021822620,,cycles,1605832226,100.00,,
11.040963378,1782,,rD044,1605858276,100.00,,
11.040963378,150128902,,rFF44,1605879946,100.00,,
11.040963378,23170610655,,instructions,1605955130,100.00,3.85,insn per cycle
11.040963378,6024135033,,cycles,1606441682,100.00,,
11.141366866,2251,,rD044,1606394516,100.00,,
11.141366866,148559577,,rFF44,1606390320,100.00,,
11.141366866,22981865879,,instructions,1606345288,100.00,3.82,insn per cycle
11.141366866,6022086836,,cycles,1605915966,100.00,,
11.241741864,1894,,rD044,1605975889,100.00,,
11.241741864,149366700,,rFF44,1606002658,100.00,,
11.241741864,23072884800,,instructions,1605994486,100.00,3.83,insn per cycle
11.241741864,6022326998,,cycles,1605959276,100.00,,
11.342115892,1788,,rD044,1605948369,100.00,,
11.342115892,150054293,,rFF44,1605914326,100.00,,
11.342115892,23161409277,,instructions,1605884886,100.00,3.85,insn per cycle
11.342115892,6021952487,,cycles,1605867476,100.00,,
11.442482320,1792,,rD044,1605847866,100.00,,
11.442482320,149664301,,rFF44,1605860636,100.00,,
11.442482320,23128011860,,instructions,1605891516,100.00,3.84,insn per cycle
11.442482320,6022140606,,cycles,1605909870,100.00,,
11.542855598,1911,,rD044,1605895846,100.00,,
11.542855598,148435026,,rFF44,1605838846,100.00,,
11.542855598,22968214677,,instructions,1605815652,100.00,3.81,insn per cycle
11.542855598,6021759546,,cycles,1605834118,100.00,,
11.643232175,1886,,rD044,1605854906,100.00,,
11.643232175,150344746,,rFF44,1605913049,100.00,,
11.643232175,23216044276,,instructions,1605916636,100.00,3.86,insn per cycle
11.643232175,6021908362,,cycles,1605882996,100.00,,
11.743602343,1861,,rD044,1605890016,100.00,,
11.743602343,149230521,,rFF44,1605871049,100.00,,
11.743602343,23085059121,,instructions,1605884416,100.00,3.83,insn per cycle
11.743602343,6022068688,,cycles,1605890836,100.00,,
11.843968641,1768,,rD044,1605863862,100.00,,
11.843968641,149969232,,rFF44,1605867706,100.00,,
11.843968641,23175266098,,instructions,1605956246,100.00,3.85,insn per cycle
11.843968641,6022572313,,cycles,1606024696,100.00,,
11.944347549,1842,,rD044,1606014566,100.00,,
11.944347549,150331211,,rFF44,1605996596,100.00,,
11.944347549,23214358440,,instructions,1605899086,100.00,3.86,insn per cycle
11.944347549,6021803392,,cycles,1605820606,100.00,,
12.044709487,1813,,rD044,1605774536,100.00,,
12.044709487,150074081,,rFF44,1605786646,100.00,,
12.044709487,23175388973,,instructions,1605787387,100.00,3.85,insn per cycle
12.044709487,6021629441,,cycles,1605780692,100.00,,
12.145076064,1912,,rD044,1605970066,100.00,,
12.145076064,150648548,,rFF44,1606250277,100.00,,
12.145076064,23246844636,,instructions,1606258051,100.00,3.86,insn per cycle
12.145076064,6023536381,,cycles,1606289786,100.00,,
12.245473413,2108,,rD044,1606163313,100.00,,
12.245473413,150330796,,rFF44,1605915858,100.00,,
12.245473413,23204494701,,instructions,1605927043,100.00,3.85,insn per cycle
12.245473413,6022097156,,cycles,1605921353,100.00,,
12.345852731,1807,,rD044,1606045712,100.00,,
12.345852731,149567949,,rFF44,1606021146,100.00,,
12.345852731,23104923866,,instructions,1605982816,100.00,3.84,insn per cycle
12.345852731,6022286253,,cycles,1605959186,100.00,,
12.446227118,1777,,rD044,1605960526,100.00,,
12.446227118,150391673,,rFF44,1605946606,100.00,,
12.446227118,23206531114,,instructions,1605961526,100.00,3.85,insn per cycle
12.446227118,6022320320,,cycles,1605957649,100.00,,
12.546595886,2083,,rD044,1605779256,100.00,,
12.546595886,147973398,,rFF44,1605806626,100.00,,
12.546595886,22900302608,,instructions,1605839403,100.00,3.80,insn per cycle
12.546595886,6021853570,,cycles,1605857039,100.00,,
12.646966604,1830,,rD044,1605871506,100.00,,
12.646966604,149677280,,rFF44,1605833613,100.00,,
12.646966604,23111855484,,instructions,1605855535,100.00,3.84,insn per cycle
12.646966604,6022272879,,cycles,1605945176,100.00,,
12.747339512,1823,,rD044,1605822664,100.00,,
12.747339512,149819489,,rFF44,1605841334,100.00,,
12.747339512,23134961206,,instructions,1605783655,100.00,3.84,insn per cycle
12.747339512,6021208961,,cycles,1605691165,100.00,,
12.847705610,1771,,rD044,1605838433,100.00,,
12.847705610,149310995,,rFF44,1605856706,100.00,,
12.847705610,23069703533,,instructions,1605852666,100.00,3.83,insn per cycle
12.847705610,6021913949,,cycles,1605849426,100.00,,
12.948072848,1724,,rD044,1605967936,100.00,,
12.948072848,149614145,,rFF44,1606181766,100.00,,
12.948072848,23117670328,,instructions,1606217516,100.00,3.84,insn per cycle
12.948072848,6023366429,,cycles,1606236429,100.00,,
13.048463506,1760,,rD044,1606101046,100.00,,
13.048463506,150251982,,rFF44,1605833706,100.00,,
13.048463506,23213411891,,instructions,1605816440,100.00,3.85,insn per cycle
13.048463506,6021729821,,cycles,1605808089,100.00,,
13.148829864,2068,,rD044,1605807246,100.00,,
13.148829864,150077980,,rFF44,1605858112,100.00,,
13.148829864,23194893879,,instructions,1605840198,100.00,3.85,insn per cycle
13.148829864,6021681015,,cycles,1605814716,100.00,,
13.249197481,1936,,rD044,1605851651,100.00,,
13.249197481,149594624,,rFF44,1605837156,100.00,,
13.249197481,23121490875,,instructions,1605862576,100.00,3.84,insn per cycle
13.249197481,6022078654,,cycles,1605901116,100.00,,
13.349570199,1789,,rD044,1605959687,100.00,,
13.349570199,149167281,,rFF44,1605971696,100.00,,
13.349570199,23067543236,,instructions,1605954206,100.00,3.83,insn per cycle
13.349570199,6022196171,,cycles,1605924326,100.00,,
13.449939307,2193,,rD044,1605875276,100.00,,
13.449939307,149713671,,rFF44,1605865596,100.00,,
13.449939307,23136842835,,instructions,1605853846,100.00,3.84,insn per cycle
13.449939307,6022232574,,cycles,1605935436,100.00,,
13.550326195,1769,,rD044,1606097576,100.00,,
13.550326195,149839810,,rFF44,1606086326,100.00,,
13.550326195,23152778409,,instructions,1606112557,100.00,3.84,insn per cycle
13.550326195,6022528486,,cycles,1606033522,100.00,,
13.650692963,1907,,rD044,1605843066,100.00,,
13.650692963,150374580,,rFF44,1605862689,100.00,,
13.650692963,23216153839,,instructions,1605845811,100.00,3.86,insn per cycle
13.650692963,6021918546,,cycles,1605873536,100.00,,
13.751064611,2981,,rD044,1605844281,100.00,,
13.751064611,149902097,,rFF44,1605916298,100.00,,
13.751064611,23163146214,,instructions,1605954085,100.00,3.85,insn per cycle
13.751064611,6022349294,,cycles,1605984495,100.00,,
13.851449139,1985,,rD044,1606059336,100.00,,
13.851449139,149621255,,rFF44,1605968406,100.00,,
13.851449139,23104864118,,instructions,1605882036,100.00,3.84,insn per cycle
13.851449139,6021686230,,cycles,1605788486,100.00,,
13.951810147,2067,,rD044,1604447920,100.00,,
13.951810147,149248320,,rFF44,1604446160,100.00,,
13.951810147,23057667798,,instructions,1604500940,100.00,3.83,insn per cycle
13.951810147,6016749541,,cycles,1604544240,100.00,,
14.052178244,1942,,rD044,1605827956,100.00,,
14.052178244,147103954,,rFF44,1605816636,100.00,,
14.052178244,22811664649,,instructions,1605788016,100.00,3.79,insn per cycle
14.052178244,6021742401,,cycles,1605811536,100.00,,
14.152545762,2160,,rD044,1605840686,100.00,,
14.152545762,149792396,,rFF44,1605839896,100.00,,
14.152545762,23135012618,,instructions,1605834397,100.00,3.84,insn per cycle
14.152545762,6021700339,,cycles,1605816082,100.00,,
14.252910100,1835,,rD044,1605819656,100.00,,
14.252910100,150590680,,rFF44,1605842829,100.00,,
14.252910100,23237192030,,instructions,1605859831,100.00,3.86,insn per cycle
14.252910100,6021921920,,cycles,1605851576,100.00,,
14.353282148,1894,,rD044,1605899827,100.00,,
14.353282148,149365893,,rFF44,1605901669,100.00,,
14.353282148,23088726460,,instructions,1605931156,100.00,3.83,insn per cycle
14.353282148,6022218758,,cycles,1605939056,100.00,,
14.440806446,13315,,rD044,1350569953,100.00,,
14.440806446,104363353,,rFF44,1349705938,100.00,,
14.440806446,16658040971,,instructions,1348962398,100.00,3.29,insn per cycle
14.440806446,5055718268,,cycles,1348222228,100.00,,
