0.100119910,98391,,rD044,5287219867,100.00,,
0.100119910,444286388,,rFF44,5303725583,100.00,,
0.100119910,48594262720,,instructions,5317360448,100.00,2.43,insn per cycle
0.100119910,19982957140,,cycles,5330818631,100.00,,
0.201285682,28079,,rD044,6472454765,100.00,,
0.201285682,591829419,,rFF44,6471004143,100.00,,
0.201285682,91766115786,,instructions,6470583029,100.00,3.78,insn per cycle
0.201285682,24260715014,,cycles,6469882343,100.00,,
0.302330283,26849,,rD044,6466027490,100.00,,
0.302330283,589652944,,rFF44,6465236662,100.00,,
0.302330283,91493881073,,instructions,6464209525,100.00,3.77,insn per cycle
0.302330283,24238204003,,cycles,6463603060,100.00,,
0.403317533,24322,,rD044,6463065438,100.00,,
0.403317533,593610685,,rFF44,6463293917,100.00,,
0.403317533,92028824930,,instructions,6463536709,100.00,3.80,insn per cycle
0.403317533,24238444134,,cycles,6463610174,100.00,,
0.504313563,25939,,rD044,6463729984,100.00,,
0.504313563,589344851,,rFF44,6463954285,100.00,,
0.504313563,91485180580,,instructions,6464568669,100.00,3.77,insn per cycle
0.504313563,24243213076,,cycles,6464888184,100.00,,
0.605324453,23243,,rD044,6464909455,100.00,,
0.605324453,592560916,,rFF44,6464503262,100.00,,
0.605324453,91905791082,,instructions,6464084160,100.00,3.79,insn per cycle
0.605324453,24238745799,,cycles,6463705174,100.00,,
0.706324943,23943,,rD044,6463930206,100.00,,
0.706324943,594805605,,rFF44,6464473311,100.00,,
0.706324943,92215356064,,instructions,6464243010,100.00,3.80,insn per cycle
0.706324943,24239434875,,cycles,6463879026,100.00,,
0.807323003,24297,,rD044,6463195699,100.00,,
0.807323003,596116020,,rFF44,6462339077,100.00,,
0.807323003,92351357062,,instructions,6462436279,100.00,3.81,insn per cycle
0.807323003,24233986246,,cycles,6462429307,100.00,,
0.908293313,25838,,rD044,6462026782,100.00,,
0.908293313,591892557,,rFF44,6461835810,100.00,,
0.908293313,91819741795,,instructions,6461299514,100.00,3.79,insn per cycle
0.908293313,24231477058,,cycles,6461777845,100.00,,
1.009276293,23662,,rD044,6460722841,100.00,,
1.009276293,597198795,,rFF44,6460785142,100.00,,
1.009276293,92501871073,,instructions,6461029743,100.00,3.82,insn per cycle
1.009276293,24228679872,,cycles,6461305389,100.00,,
1.110258063,56488,,rD044,6462163544,100.00,,
1.110258063,595476574,,rFF44,6462715470,100.00,,
1.110258063,92191472252,,instructions,6463140474,100.00,3.80,insn per cycle
1.110258063,24236627428,,cycles,6463288374,100.00,,
1.211263663,19491,,rD044,6464205677,100.00,,
1.211263663,592779943,,rFF44,6463827913,100.00,,
1.211263663,91929755916,,instructions,6462769872,100.00,3.79,insn per cycle
1.211263663,24233699742,,cycles,6462343940,100.00,,
1.312241013,19976,,rD044,6462352055,100.00,,
1.312241013,593899779,,rFF44,6462791733,100.00,,
1.312241013,92075806971,,instructions,6463660169,100.00,3.80,insn per cycle
1.312241013,24238618707,,cycles,6463682950,100.00,,
1.413234083,18862,,rD044,6463314049,100.00,,
1.413234083,590949318,,rFF44,6463337518,100.00,,
1.413234083,91691637808,,instructions,6463146499,100.00,3.78,insn per cycle
1.413234083,24235961493,,cycles,6462945600,100.00,,
1.514215823,17950,,rD044,6462665561,100.00,,
1.514215823,597145311,,rFF44,6461832379,100.00,,
1.514215823,92491662825,,instructions,6461812110,100.00,3.82,insn per cycle
1.514215823,24233865561,,cycles,6462413000,100.00,,
1.615198953,20320,,rD044,6462845548,100.00,,
1.615198953,597509239,,rFF44,6463312431,100.00,,
1.615198953,92546502325,,instructions,6463367741,100.00,3.82,insn per cycle
1.615198953,24235649024,,cycles,6462889048,100.00,,
1.716173773,19966,,rD044,6462842914,100.00,,
1.716173773,590165397,,rFF44,6463870291,100.00,,
1.716173773,91585367697,,instructions,6463661889,100.00,3.78,insn per cycle
1.716173773,24242193020,,cycles,6464623287,100.00,,
1.817201843,19413,,rD044,6465247693,100.00,,
1.817201843,599772492,,rFF44,6464640486,100.00,,
1.817201843,92839890294,,instructions,6464921048,100.00,3.83,insn per cycle
1.817201843,24241925677,,cycles,6464588461,100.00,,
1.918206253,18520,,rD044,6463534051,100.00,,
1.918206253,594078057,,rFF44,6463234519,100.00,,
1.918206253,92087827833,,instructions,6463133028,100.00,3.80,insn per cycle
1.918206253,24234983470,,cycles,6462728711,100.00,,
2.019192113,18599,,rD044,6462830069,100.00,,
2.019192113,593544996,,rFF44,6462625769,100.00,,
2.019192113,92031820538,,instructions,6462920725,100.00,3.80,insn per cycle
2.019192113,24238287045,,cycles,6463604936,100.00,,
2.120191544,24587,,rD044,6463881743,100.00,,
2.120191544,593360984,,rFF44,6464295219,100.00,,
2.120191544,91987025245,,instructions,6463839256,100.00,3.80,insn per cycle
2.120191544,24237597581,,cycles,6463390158,100.00,,
2.221185874,18438,,rD044,6463875104,100.00,,
2.221185874,592989683,,rFF44,6463727729,100.00,,
2.221185874,91960859645,,instructions,6464155408,100.00,3.79,insn per cycle
2.221185874,24241602879,,cycles,6464480236,100.00,,
2.322190554,19020,,rD044,6463912644,100.00,,
2.322190554,595731399,,rFF44,6463771653,100.00,,
2.322190554,92313543714,,instructions,6463418640,100.00,3.81,insn per cycle
2.322190554,24240276837,,cycles,6464153653,100.00,,
2.423202314,18561,,rD044,6464919964,100.00,,
2.423202314,592271786,,rFF44,6464790667,100.00,,
2.423202314,91871001135,,instructions,6464284104,100.00,3.79,insn per cycle
2.423202314,24235572266,,cycles,6462885844,100.00,,
2.524181734,19661,,rD044,6460923263,100.00,,
2.524181734,593117991,,rFF44,6460560129,100.00,,
2.524181734,91960495546,,instructions,6462897926,100.00,3.79,insn per cycle
2.524181734,24236670628,,cycles,6463272432,100.00,,
2.625178264,19665,,rD044,6464471446,100.00,,
2.625178264,598118818,,rFF44,6464884162,100.00,,
2.625178264,92629115776,,instructions,6463318280,100.00,3.82,insn per cycle
2.625178264,24239703874,,cycles,6463962465,100.00,,
2.726187494,19502,,rD044,6464980619,100.00,,
2.726187494,596579197,,rFF44,6465701254,100.00,,
2.726187494,92431938791,,instructions,6465667580,100.00,3.81,insn per cycle
2.726187494,24243515139,,cycles,6465042074,100.00,,
2.827208615,19516,,rD044,6464662105,100.00,,
2.827208615,593774857,,rFF44,6464462922,100.00,,
2.827208615,92070339007,,instructions,6464507939,100.00,3.80,insn per cycle
2.827208615,24240164160,,cycles,6464157902,100.00,,
2.928202325,19116,,rD044,6462061972,100.00,,
2.928202325,590162372,,rFF44,6462140162,100.00,,
2.928202325,91605646526,,instructions,6463071795,100.00,3.78,insn per cycle
2.928202325,24235651853,,cycles,6462880108,100.00,,
3.029193935,18507,,rD044,6464622821,100.00,,
3.029193935,595814294,,rFF44,6464049603,100.00,,
3.029193935,92319864102,,instructions,6462972959,100.00,3.81,insn per cycle
3.029193935,24238777554,,cycles,6463731860,100.00,,
3.130197635,20087,,rD044,6464209491,100.00,,
3.130197635,595501916,,rFF44,6464270484,100.00,,
3.130197635,92289969627,,instructions,6464227341,100.00,3.81,insn per cycle
3.130197635,24237737170,,cycles,6463428121,100.00,,
3.231183455,18819,,rD044,6462571769,100.00,,
3.231183455,597283259,,rFF44,6462832794,100.00,,
3.231183455,92491479717,,instructions,6462825714,100.00,3.82,insn per cycle
3.231183455,24237192407,,cycles,6463308715,100.00,,
3.332183445,19103,,rD044,6465701087,100.00,,
3.332183445,590959844,,rFF44,6465972733,100.00,,
3.332183445,91693458889,,instructions,6466180884,100.00,3.78,insn per cycle
3.332183445,24250656583,,cycles,6466901501,100.00,,
3.433230486,19636,,rD044,6464859332,100.00,,
3.433230486,593620365,,rFF44,6464427085,100.00,,
3.433230486,92040381801,,instructions,6464093682,100.00,3.80,insn per cycle
3.433230486,24237561522,,cycles,6463459748,100.00,,
3.534229776,17572,,rD044,6463772798,100.00,,
3.534229776,595462268,,rFF44,6463907489,100.00,,
3.534229776,92307739515,,instructions,6464244884,100.00,3.81,insn per cycle
3.534229776,24241615225,,cycles,6464570476,100.00,,
3.635240736,19358,,rD044,6464683929,100.00,,
3.635240736,596574909,,rFF44,6464937645,100.00,,
3.635240736,92409854705,,instructions,6464980554,100.00,3.81,insn per cycle
3.635240736,24240134786,,cycles,6464080788,100.00,,
3.686303578,225089,,rD044,3010682679,100.00,,
3.686303578,174976561,,rFF44,2996005023,100.00,,
3.686303578,29718512287,,instructions,2983504867,100.00,2.67,insn per cycle
3.686303578,11141991236,,cycles,2971362933,100.00,,
