0.100118135,19128,,rD044,688739289,100.00,,
0.100118135,51938960,,rFF44,689147399,100.00,,
0.100118135,606953317,,instructions,689457249,100.00,0.24,insn per cycle
0.100118135,2582233389,,cycles,689767639,100.00,,
0.200508873,2751,,rD044,803119258,100.00,,
0.200508873,62463519,,rFF44,803182338,100.00,,
0.200508873,719224893,,instructions,803261578,100.00,0.24,insn per cycle
0.200508873,3012917302,,cycles,803446243,100.00,,
0.300914401,2235,,rD044,803092578,100.00,,
0.300914401,69128151,,rFF44,802834698,100.00,,
0.300914401,6475750094,,instructions,802639558,100.00,2.15,insn per cycle
0.300914401,3008737319,,cycles,802337333,100.00,,
0.401192688,730,,rD044,802206178,100.00,,
0.401192688,75716949,,rFF44,802202848,100.00,,
0.401192688,11676276361,,instructions,802201498,100.00,3.88,insn per cycle
0.401192688,3008220899,,cycles,802195098,100.00,,
0.501458824,905,,rD044,802131078,100.00,,
0.501458824,73378191,,rFF44,802127758,100.00,,
0.501458824,11384412446,,instructions,802113648,100.00,3.78,insn per cycle
0.501458824,3007923727,,cycles,802116068,100.00,,
0.601724121,658,,rD044,802115768,100.00,,
0.601724121,75671435,,rFF44,802110848,100.00,,
0.601724121,11669150933,,instructions,802118488,100.00,3.88,insn per cycle
0.601724121,3007890103,,cycles,802106758,100.00,,
0.701988167,1140,,rD044,802104751,100.00,,
0.701988167,72816892,,rFF44,802110288,100.00,,
0.701988167,11306590549,,instructions,802106228,100.00,3.76,insn per cycle
0.701988167,3007891293,,cycles,802107298,100.00,,
0.802251484,619,,rD044,802099327,100.00,,
0.802251484,75660407,,rFF44,802088670,100.00,,
0.802251484,11659562070,,instructions,802080990,100.00,3.88,insn per cycle
0.802251484,3007792987,,cycles,802081156,100.00,,
0.902510900,878,,rD044,802076988,100.00,,
0.902510900,73741187,,rFF44,802089398,100.00,,
0.902510900,11425280603,,instructions,802091168,100.00,3.80,insn per cycle
0.902510900,3007820725,,cycles,802087692,100.00,,
1.002772717,1426,,rD044,802077188,100.00,,
1.002772717,73479868,,rFF44,802080428,100.00,,
1.002772717,11387725075,,instructions,802091098,100.00,3.79,insn per cycle
1.002772717,3007832089,,cycles,802092928,100.00,,
1.103041263,1540,,rD044,802133358,100.00,,
1.103041263,75725684,,rFF44,802142458,100.00,,
1.103041263,11657653414,,instructions,802133528,100.00,3.88,insn per cycle
1.103041263,3007941409,,cycles,802128418,100.00,,
1.203316740,2235,,rD044,802128397,100.00,,
1.203316740,73541594,,rFF44,802116858,100.00,,
1.203316740,11396552761,,instructions,802112628,100.00,3.79,insn per cycle
1.203316740,3007827070,,cycles,802127148,100.00,,
1.303581797,663,,rD044,802103871,100.00,,
1.303581797,75722532,,rFF44,802107390,100.00,,
1.303581797,11656362331,,instructions,802119837,100.00,3.88,insn per cycle
1.303581797,3007870913,,cycles,802101808,100.00,,
1.403843133,871,,rD044,802057878,100.00,,
1.403843133,73799541,,rFF44,802051988,100.00,,
1.403843133,11422942902,,instructions,802047891,100.00,3.80,insn per cycle
1.403843133,3007653199,,cycles,802052500,100.00,,
1.504103200,703,,rD044,801980418,100.00,,
1.504103200,75807086,,rFF44,801986718,100.00,,
1.504103200,11676939577,,instructions,802001798,100.00,3.88,insn per cycle
1.504103200,3007980158,,cycles,802162268,100.00,,
1.604388397,931,,rD044,802278968,100.00,,
1.604388397,73605516,,rFF44,802279138,100.00,,
1.604388397,11407547417,,instructions,802266538,100.00,3.79,insn per cycle
1.604388397,3007896815,,cycles,802108808,100.00,,
1.704653863,643,,rD044,802107138,100.00,,
1.704653863,75899588,,rFF44,802099228,100.00,,
1.704653863,11698866518,,instructions,802092258,100.00,3.89,insn per cycle
1.704653863,3007833970,,cycles,802091908,100.00,,
1.804913650,796,,rD044,802084080,100.00,,
1.804913650,73167294,,rFF44,802086537,100.00,,
1.804913650,11359344598,,instructions,802079448,100.00,3.78,insn per cycle
1.804913650,3007791027,,cycles,802080678,100.00,,
1.905175246,637,,rD044,802129218,100.00,,
1.905175246,75633015,,rFF44,802125361,100.00,,
1.905175246,11662875384,,instructions,802129030,100.00,3.88,insn per cycle
1.905175246,3007920339,,cycles,802114853,100.00,,
2.005437923,808,,rD044,802047168,100.00,,
2.005437923,73554807,,rFF44,802048878,100.00,,
2.005437923,11395610215,,instructions,802048058,100.00,3.79,insn per cycle
2.005437923,3007725446,,cycles,802063045,100.00,,
2.105697339,1004,,rD044,802066928,100.00,,
2.105697339,75856759,,rFF44,802074368,100.00,,
2.105697339,11697048103,,instructions,802088538,100.00,3.89,insn per cycle
2.105697339,3007812176,,cycles,802085888,100.00,,
2.205961446,972,,rD044,802106548,100.00,,
2.205961446,73398316,,rFF44,802098738,100.00,,
2.205961446,11383146651,,instructions,802083808,100.00,3.78,insn per cycle
2.205961446,3007788020,,cycles,802079648,100.00,,
2.306220972,659,,rD044,802070910,100.00,,
2.306220972,75480961,,rFF44,802066946,100.00,,
2.306220972,11632567736,,instructions,802076378,100.00,3.87,insn per cycle
2.306220972,3007802761,,cycles,802083808,100.00,,
2.406483539,822,,rD044,802095488,100.00,,
2.406483539,73826604,,rFF44,802106792,100.00,,
2.406483539,11438539048,,instructions,802108900,100.00,3.80,insn per cycle
2.406483539,3007881002,,cycles,802104243,100.00,,
2.506745535,789,,rD044,802060288,100.00,,
2.506745535,73255311,,rFF44,802061378,100.00,,
2.506745535,11361087545,,instructions,802068208,100.00,3.78,insn per cycle
2.506745535,3007716215,,cycles,802068405,100.00,,
2.607005252,798,,rD044,802077958,100.00,,
2.607005252,75491536,,rFF44,802073458,100.00,,
2.607005252,11637110734,,instructions,802059808,100.00,3.87,insn per cycle
2.607005252,3007732966,,cycles,802064768,100.00,,
2.707270688,837,,rD044,802115048,100.00,,
2.707270688,73306219,,rFF44,802108468,100.00,,
2.707270688,11376169371,,instructions,802100428,100.00,3.78,insn per cycle
2.707270688,3007827940,,cycles,802090138,100.00,,
2.807529305,614,,rD044,802067420,100.00,,
2.807529305,75982716,,rFF44,802073247,100.00,,
2.807529305,11695442452,,instructions,802080818,100.00,3.89,insn per cycle
2.807529305,3007830441,,cycles,802091448,100.00,,
2.907793441,829,,rD044,801994558,100.00,,
2.907793441,73596592,,rFF44,801990791,100.00,,
2.907793441,11407199556,,instructions,801984910,100.00,3.79,insn per cycle
2.907793441,3007293231,,cycles,801977262,100.00,,
3.008053798,601,,rD044,802078328,100.00,,
3.008053798,75780063,,rFF44,802088918,100.00,,
3.008053798,11671086474,,instructions,802098778,100.00,3.88,insn per cycle
3.008053798,3007886647,,cycles,802105886,100.00,,
3.108317754,1209,,rD044,802102518,100.00,,
3.108317754,73954962,,rFF44,802104668,100.00,,
3.108317754,11439255072,,instructions,802103678,100.00,3.80,insn per cycle
3.108317754,3007857007,,cycles,802098098,100.00,,
3.208579511,669,,rD044,802088668,100.00,,
3.208579511,75703664,,rFF44,802082518,100.00,,
3.208579511,11667202161,,instructions,802091538,100.00,3.88,insn per cycle
3.208579511,3007841206,,cycles,802093688,100.00,,
3.308842467,859,,rD044,802097490,100.00,,
3.308842467,73472369,,rFF44,802090258,100.00,,
3.308842467,11387340647,,instructions,802082788,100.00,3.79,insn per cycle
3.308842467,3007765201,,cycles,802073748,100.00,,
3.409103474,606,,rD044,802084798,100.00,,
3.409103474,75641809,,rFF44,802089710,100.00,,
3.409103474,11664764603,,instructions,802099520,100.00,3.88,insn per cycle
3.409103474,3008571538,,cycles,802288408,100.00,,
3.509388041,926,,rD044,802246738,100.00,,
3.509388041,73870628,,rFF44,802244858,100.00,,
3.509388041,11450718683,,instructions,802234198,100.00,3.81,insn per cycle
3.509388041,3007694138,,cycles,802061940,100.00,,
3.609650257,1169,,rD044,802092678,100.00,,
3.609650257,75639251,,rFF44,802106228,100.00,,
3.609650257,11664549602,,instructions,802107778,100.00,3.88,insn per cycle
3.609650257,3007842752,,cycles,802094968,100.00,,
3.709913694,801,,rD044,802096688,100.00,,
3.709913694,72930765,,rFF44,802080668,100.00,,
3.709913694,11322376206,,instructions,802081458,100.00,3.76,insn per cycle
3.709913694,3007842754,,cycles,802094378,100.00,,
3.810177021,641,,rD044,802107595,100.00,,
3.810177021,75737354,,rFF44,802104905,100.00,,
3.810177021,11672673297,,instructions,802097795,100.00,3.88,insn per cycle
3.810177021,3007689597,,cycles,802080095,100.00,,
3.910444168,768,,rD044,802008990,100.00,,
3.910444168,73763184,,rFF44,802016380,100.00,,
3.910444168,11423381554,,instructions,802023178,100.00,3.80,insn per cycle
3.910444168,3007564902,,cycles,802030598,100.00,,
4.010705624,720,,rD044,802018338,100.00,,
4.010705624,74058336,,rFF44,802006768,100.00,,
4.010705624,11455779675,,instructions,802003250,100.00,3.81,insn per cycle
4.010705624,3007412653,,cycles,802007260,100.00,,
4.110957281,1086,,rD044,802013338,100.00,,
4.110957281,75586228,,rFF44,802027718,100.00,,
4.110957281,11651212461,,instructions,802035188,100.00,3.87,insn per cycle
4.110957281,3007596410,,cycles,802032118,100.00,,
4.211219938,899,,rD044,802098428,100.00,,
4.211219938,73402323,,rFF44,802099728,100.00,,
4.211219938,11384709269,,instructions,802102738,100.00,3.78,insn per cycle
4.211219938,3007898936,,cycles,802109438,100.00,,
4.311484925,659,,rD044,802111328,100.00,,
4.311484925,75804223,,rFF44,802103618,100.00,,
4.311484925,11666989849,,instructions,802097608,100.00,3.88,insn per cycle
4.311484925,3007850402,,cycles,802096198,100.00,,
4.411749341,876,,rD044,802081590,100.00,,
4.411749341,73712787,,rFF44,802081410,100.00,,
4.411749341,11411859306,,instructions,802080187,100.00,3.79,insn per cycle
4.411749341,3007740340,,cycles,802074858,100.00,,
4.512008968,691,,rD044,802077288,100.00,,
4.512008968,75764076,,rFF44,802081708,100.00,,
4.512008968,11668814834,,instructions,802073921,100.00,3.88,insn per cycle
4.512008968,3007780332,,cycles,802077760,100.00,,
4.612269355,898,,rD044,802071988,100.00,,
4.612269355,73800869,,rFF44,802072448,100.00,,
4.612269355,11431994845,,instructions,802086438,100.00,3.80,insn per cycle
4.612269355,3007831342,,cycles,802090568,100.00,,
4.712534202,590,,rD044,802119798,100.00,,
4.712534202,75664792,,rFF44,802119778,100.00,,
4.712534202,11662628349,,instructions,802111298,100.00,3.88,insn per cycle
4.712534202,3007930600,,cycles,802118248,100.00,,
4.812803318,883,,rD044,802043498,100.00,,
4.812803318,73581079,,rFF44,802039858,100.00,,
4.812803318,11399133414,,instructions,802032348,100.00,3.79,insn per cycle
4.812803318,3007428496,,cycles,802023678,100.00,,
4.913067085,607,,rD044,802090760,100.00,,
4.913067085,75712650,,rFF44,802083352,100.00,,
4.913067085,11675796307,,instructions,802085788,100.00,3.88,insn per cycle
4.913067085,3007781686,,cycles,802078058,100.00,,
5.013339872,890,,rD044,802178468,100.00,,
5.013339872,73386579,,rFF44,802186236,100.00,,
5.013339872,11384763328,,instructions,802194150,100.00,3.78,insn per cycle
5.013339872,3008256135,,cycles,802204412,100.00,,
5.113603079,2226,,rD044,802091918,100.00,,
5.113603079,75655123,,rFF44,802095398,100.00,,
5.113603079,11665302909,,instructions,802093418,100.00,3.88,insn per cycle
5.113603079,3007808772,,cycles,802086856,100.00,,
5.213863486,1408,,rD044,802075468,100.00,,
5.213863486,73429538,,rFF44,802064938,100.00,,
5.213863486,11388724997,,instructions,802061638,100.00,3.79,insn per cycle
5.213863486,3007713964,,cycles,802060748,100.00,,
5.314122662,1189,,rD044,802072328,100.00,,
5.314122662,75754484,,rFF44,802068328,100.00,,
5.314122662,11675607506,,instructions,802131068,100.00,3.88,insn per cycle
5.314122662,3008340546,,cycles,802227058,100.00,,
5.414402779,885,,rD044,802237053,100.00,,
5.414402779,73551733,,rFF44,802255098,100.00,,
5.414402779,11394762624,,instructions,802195188,100.00,3.79,insn per cycle
5.414402779,3007857899,,cycles,802098798,100.00,,
5.514665926,795,,rD044,802073415,100.00,,
5.514665926,74169342,,rFF44,802071760,100.00,,
5.514665926,11477520753,,instructions,802079931,100.00,3.82,insn per cycle
5.514665926,3007776000,,cycles,802083358,100.00,,
5.614927593,788,,rD044,802091378,100.00,,
5.614927593,75261688,,rFF44,802086448,100.00,,
5.614927593,11604980008,,instructions,802074557,100.00,3.86,insn per cycle
5.614927593,3007781426,,cycles,802078180,100.00,,
5.715192400,854,,rD044,802106978,100.00,,
5.715192400,73970603,,rFF44,802117478,100.00,,
5.715192400,11448832471,,instructions,802135738,100.00,3.81,insn per cycle
5.715192400,3008018746,,cycles,802140628,100.00,,
5.815458736,714,,rD044,802125838,100.00,,
5.815458736,75767131,,rFF44,802119018,100.00,,
5.815458736,11662074994,,instructions,802110828,100.00,3.88,insn per cycle
5.815458736,3007851864,,cycles,802096878,100.00,,
5.915721613,813,,rD044,802001466,100.00,,
5.915721613,73097712,,rFF44,802001038,100.00,,
5.915721613,11344066684,,instructions,802003448,100.00,3.77,insn per cycle
5.915721613,3007363502,,cycles,802008658,100.00,,
6.015986300,693,,rD044,802109152,100.00,,
6.015986300,75784744,,rFF44,802097420,100.00,,
6.015986300,11671179930,,instructions,802085484,100.00,3.88,insn per cycle
6.015986300,3007792155,,cycles,802080758,100.00,,
6.116239706,1600,,rD044,802023718,100.00,,
6.116239706,73760225,,rFF44,802035808,100.00,,
6.116239706,11426604746,,instructions,802039314,100.00,3.80,insn per cycle
6.116239706,3007644098,,cycles,802041890,100.00,,
6.216523323,772,,rD044,802261808,100.00,,
6.216523323,75882854,,rFF44,802255788,100.00,,
6.216523323,11694434074,,instructions,802249878,100.00,3.89,insn per cycle
6.216523323,3008443893,,cycles,802254528,100.00,,
6.316784890,855,,rD044,802090358,100.00,,
6.316784890,73789488,,rFF44,802089168,100.00,,
6.316784890,11431163869,,instructions,802093888,100.00,3.80,insn per cycle
6.316784890,3007838376,,cycles,802093218,100.00,,
6.417046767,671,,rD044,802084108,100.00,,
6.417046767,75558831,,rFF44,802080918,100.00,,
6.417046767,11651909282,,instructions,802091338,100.00,3.87,insn per cycle
6.417046767,3007819818,,cycles,802087968,100.00,,
6.517333934,903,,rD044,802260631,100.00,,
6.517333934,73493692,,rFF44,802272877,100.00,,
6.517333934,11389378311,,instructions,802276067,100.00,3.79,insn per cycle
6.517333934,3008522539,,cycles,802283877,100.00,,
6.617597291,639,,rD044,802114776,100.00,,
6.617597291,75489679,,rFF44,802111780,100.00,,
6.617597291,11642159999,,instructions,802110280,100.00,3.87,insn per cycle
6.617597291,3007887972,,cycles,802105988,100.00,,
6.717859457,836,,rD044,802084518,100.00,,
6.717859457,73681656,,rFF44,802079548,100.00,,
6.717859457,11410807408,,instructions,802056308,100.00,3.79,insn per cycle
6.717859457,3007654694,,cycles,802044290,100.00,,
6.818117804,714,,rD044,801962588,100.00,,
6.818117804,75828188,,rFF44,801968468,100.00,,
6.818117804,11687920820,,instructions,802023578,100.00,3.89,insn per cycle
6.818117804,3007511649,,cycles,802049228,100.00,,
6.918384961,810,,rD044,802137718,100.00,,
6.918384961,73283899,,rFF44,802137168,100.00,,
6.918384961,11367003622,,instructions,802091468,100.00,3.78,insn per cycle
6.918384961,3007747655,,cycles,802068528,100.00,,
7.018647868,781,,rD044,802093474,100.00,,
7.018647868,74272070,,rFF44,802093868,100.00,,
7.018647868,11489691821,,instructions,802089968,100.00,3.82,insn per cycle
7.018647868,3007841563,,cycles,802094128,100.00,,
7.118903474,1012,,rD044,802046024,100.00,,
7.118903474,75240530,,rFF44,802047110,100.00,,
7.118903474,11604812932,,instructions,802049650,100.00,3.86,insn per cycle
7.118903474,3007666522,,cycles,802047147,100.00,,
7.219166311,1026,,rD044,802145418,100.00,,
7.219166311,73809162,,rFF44,802163268,100.00,,
7.219166311,11426763275,,instructions,802164818,100.00,3.80,insn per cycle
7.219166311,3008170213,,cycles,802181281,100.00,,
7.319440368,667,,rD044,802130198,100.00,,
7.319440368,75849192,,rFF44,802107388,100.00,,
7.319440368,11675027563,,instructions,802112158,100.00,3.88,insn per cycle
7.319440368,3007890925,,cycles,802107258,100.00,,
7.419706265,793,,rD044,802094008,100.00,,
7.419706265,74068203,,rFF44,802097518,100.00,,
7.419706265,11465387172,,instructions,802101698,100.00,3.81,insn per cycle
7.419706265,3007801113,,cycles,802092858,100.00,,
7.519968842,707,,rD044,802103928,100.00,,
7.519968842,75718098,,rFF44,802094708,100.00,,
7.519968842,11661358513,,instructions,802076108,100.00,3.88,insn per cycle
7.519968842,3007785843,,cycles,802078998,100.00,,
7.620229088,846,,rD044,802070990,100.00,,
7.620229088,73128736,,rFF44,802077900,100.00,,
7.620229088,11346153004,,instructions,802089536,100.00,3.77,insn per cycle
7.620229088,3007813311,,cycles,802086308,100.00,,
7.720491455,695,,rD044,802097218,100.00,,
7.720491455,75876897,,rFF44,802089658,100.00,,
7.720491455,11694045469,,instructions,802082842,100.00,3.89,insn per cycle
7.720491455,3007752435,,cycles,802070290,100.00,,
7.820749722,861,,rD044,801979768,100.00,,
7.820749722,73141864,,rFF44,801980208,100.00,,
7.820749722,11356179505,,instructions,801990418,100.00,3.78,insn per cycle
7.820749722,3007395949,,cycles,802000848,100.00,,
7.921009868,605,,rD044,802080898,100.00,,
7.921009868,75852896,,rFF44,802085528,100.00,,
7.921009868,11697220869,,instructions,802083068,100.00,3.89,insn per cycle
7.921009868,3007828931,,cycles,802090718,100.00,,
8.021280795,903,,rD044,802098818,100.00,,
8.021280795,73817549,,rFF44,802103448,100.00,,
8.021280795,11437659118,,instructions,802099258,100.00,3.80,insn per cycle
8.021280795,3007741549,,cycles,802099208,100.00,,
8.121550992,974,,rD044,802112850,100.00,,
8.121550992,75537082,,rFF44,802110602,100.00,,
8.121550992,11647669422,,instructions,802121888,100.00,3.87,insn per cycle
8.121550992,3007886450,,cycles,802117768,100.00,,
8.221813129,1716,,rD044,802107768,100.00,,
8.221813129,73093515,,rFF44,802112186,100.00,,
8.221813129,11343020581,,instructions,802113040,100.00,3.77,insn per cycle
8.221813129,3007908664,,cycles,802112470,100.00,,
8.322076456,1407,,rD044,802098058,100.00,,
8.322076456,75790578,,rFF44,802091248,100.00,,
8.322076456,11681463854,,instructions,802079848,100.00,3.88,insn per cycle
8.322076456,3007773492,,cycles,802076708,100.00,,
8.422357623,870,,rD044,802246928,100.00,,
8.422357623,73512623,,rFF44,802252598,100.00,,
8.422357623,11390777860,,instructions,802255438,100.00,3.79,insn per cycle
8.422357623,3008497230,,cycles,802268668,100.00,,
8.522622569,790,,rD044,802080658,100.00,,
8.522622569,74523601,,rFF44,802081068,100.00,,
8.522622569,11516749166,,instructions,802096818,100.00,3.83,insn per cycle
8.522622569,3007818043,,cycles,802096628,100.00,,
8.622888896,708,,rD044,802136994,100.00,,
8.622888896,75108666,,rFF44,802131638,100.00,,
8.622888896,11590820499,,instructions,802115498,100.00,3.85,insn per cycle
8.622888896,3007892335,,cycles,802107228,100.00,,
8.723152283,852,,rD044,802109654,100.00,,
8.723152283,73949952,,rFF44,802164350,100.00,,
8.723152283,11449232236,,instructions,802165725,100.00,3.81,insn per cycle
8.723152283,3008093095,,cycles,802161228,100.00,,
8.823421670,603,,rD044,802108058,100.00,,
8.823421670,75974559,,rFF44,802052588,100.00,,
8.823421670,11693681442,,instructions,802056243,100.00,3.89,insn per cycle
8.823421670,3007677854,,cycles,802064760,100.00,,
8.923682187,849,,rD044,802011378,100.00,,
8.923682187,73062110,,rFF44,802015578,100.00,,
8.923682187,11340540245,,instructions,802012048,100.00,3.77,insn per cycle
8.923682187,3007351549,,cycles,801994508,100.00,,
9.023942623,603,,rD044,802075528,100.00,,
9.023942623,76029142,,rFF44,802074168,100.00,,
9.023942623,11709455272,,instructions,802064858,100.00,3.89,insn per cycle
9.023942623,3007753608,,cycles,802070358,100.00,,
9.124195420,1268,,rD044,802007023,100.00,,
9.124195420,73605376,,rFF44,802017348,100.00,,
9.124195420,11404700263,,instructions,802016148,100.00,3.79,insn per cycle
9.124195420,3007546230,,cycles,802015258,100.00,,
9.224455727,966,,rD044,802069695,100.00,,
9.224455727,75646600,,rFF44,802046420,100.00,,
9.224455727,11658050984,,instructions,802066400,100.00,3.88,insn per cycle
9.224455727,3007773559,,cycles,802075508,100.00,,
9.324714133,948,,rD044,802073638,100.00,,
9.324714133,73348008,,rFF44,802088078,100.00,,
9.324714133,11370358516,,instructions,802077428,100.00,3.78,insn per cycle
9.324714133,3007757720,,cycles,802071990,100.00,,
9.424975840,696,,rD044,802071558,100.00,,
9.424975840,75660612,,rFF44,802079928,100.00,,
9.424975840,11667620388,,instructions,802092958,100.00,3.88,insn per cycle
9.424975840,3007821747,,cycles,802095948,100.00,,
9.525241287,826,,rD044,802105858,100.00,,
9.525241287,73620075,,rFF44,802094998,100.00,,
9.525241287,11410209610,,instructions,802090808,100.00,3.79,insn per cycle
9.525241287,3007854248,,cycles,802097338,100.00,,
9.625504374,682,,rD044,802110024,100.00,,
9.625504374,75830284,,rFF44,802105738,100.00,,
9.625504374,11695241727,,instructions,802103148,100.00,3.89,insn per cycle
9.625504374,3007864499,,cycles,802100138,100.00,,
9.725766720,880,,rD044,802097624,100.00,,
9.725766720,73300541,,rFF44,802104210,100.00,,
9.725766720,11370378295,,instructions,802106712,100.00,3.78,insn per cycle
9.725766720,3007859219,,cycles,802098558,100.00,,
9.826029877,694,,rD044,801996358,100.00,,
9.826029877,75762409,,rFF44,801996158,100.00,,
9.826029877,11677329925,,instructions,801992766,100.00,3.88,insn per cycle
9.826029877,3007274684,,cycles,801992020,100.00,,
9.926301954,812,,rD044,802168078,100.00,,
9.926301954,73301029,,rFF44,802164408,100.00,,
9.926301954,11374509720,,instructions,802162078,100.00,3.78,insn per cycle
9.926301954,3008092269,,cycles,802160638,100.00,,
10.026562341,760,,rD044,802083118,100.00,,
10.026562341,74599479,,rFF44,802085578,100.00,,
10.026562341,11523742711,,instructions,802082078,100.00,3.83,insn per cycle
10.026562341,3007847898,,cycles,802095828,100.00,,
10.126820237,1016,,rD044,802054966,100.00,,
10.126820237,74851067,,rFF44,802050778,100.00,,
10.126820237,11556309712,,instructions,802042348,100.00,3.84,insn per cycle
10.126820237,3007619144,,cycles,802034618,100.00,,
10.227082454,1106,,rD044,802089082,100.00,,
10.227082454,73319691,,rFF44,802087460,100.00,,
10.227082454,11375105597,,instructions,802097524,100.00,3.78,insn per cycle
10.227082454,3007914005,,cycles,802112678,100.00,,
10.327353051,679,,rD044,802156518,100.00,,
10.327353051,75957141,,rFF44,802154048,100.00,,
10.327353051,11691355122,,instructions,802156504,100.00,3.89,insn per cycle
10.327353051,3008054041,,cycles,802150750,100.00,,
10.427614488,893,,rD044,802063478,100.00,,
10.427614488,73585757,,rFF44,802082528,100.00,,
10.427614488,11404974383,,instructions,802087688,100.00,3.79,insn per cycle
10.427614488,3007774347,,cycles,802083648,100.00,,
10.527881404,667,,rD044,802133598,100.00,,
10.527881404,75764107,,rFF44,802120858,100.00,,
10.527881404,11666815954,,instructions,802107148,100.00,3.88,insn per cycle
10.527881404,3007848548,,cycles,802096018,100.00,,
10.628141471,788,,rD044,802077118,100.00,,
10.628141471,73676560,,rFF44,802135208,100.00,,
10.628141471,11416418929,,instructions,802151978,100.00,3.80,insn per cycle
10.628141471,3008063264,,cycles,802152868,100.00,,
10.728409958,708,,rD044,802136740,100.00,,
10.728409958,75703423,,rFF44,802072972,100.00,,
10.728409958,11666496914,,instructions,802057958,100.00,3.88,insn per cycle
10.728409958,3007713575,,cycles,802059928,100.00,,
10.828670145,867,,rD044,802001126,100.00,,
10.828670145,73876595,,rFF44,802001234,100.00,,
10.828670145,11444109353,,instructions,801996978,100.00,3.81,insn per cycle
10.828670145,3007376555,,cycles,802001278,100.00,,
10.928932571,639,,rD044,802086068,100.00,,
10.928932571,75616679,,rFF44,802081468,100.00,,
10.928932571,11660605558,,instructions,802085758,100.00,3.88,insn per cycle
10.928932571,3007816858,,cycles,802087398,100.00,,
11.029192908,809,,rD044,802095018,100.00,,
11.029192908,73665595,,rFF44,802114018,100.00,,
11.029192908,11418265065,,instructions,802112208,100.00,3.80,insn per cycle
11.029192908,3007884566,,cycles,802105748,100.00,,
11.129451025,865,,rD044,802057538,100.00,,
11.129451025,75681609,,rFF44,802051228,100.00,,
11.129451025,11671191280,,instructions,802053788,100.00,3.88,insn per cycle
11.129451025,3007685441,,cycles,802052458,100.00,,
11.229714082,1456,,rD044,802087410,100.00,,
11.229714082,73484444,,rFF44,802082521,100.00,,
11.229714082,11391125273,,instructions,802077738,100.00,3.79,insn per cycle
11.229714082,3007787511,,cycles,802080328,100.00,,
11.329990919,705,,rD044,802215598,100.00,,
11.329990919,75893902,,rFF44,802220597,100.00,,
11.329990919,11697450042,,instructions,802230170,100.00,3.89,insn per cycle
11.329990919,3008376844,,cycles,802236393,100.00,,
11.430255155,845,,rD044,802100518,100.00,,
11.430255155,73652877,,rFF44,802091768,100.00,,
11.430255155,11414025962,,instructions,802086568,100.00,3.79,insn per cycle
11.430255155,3007813476,,cycles,802086615,100.00,,
11.530514562,702,,rD044,802049578,100.00,,
11.530514562,74360581,,rFF44,802064828,100.00,,
11.530514562,11503964394,,instructions,802077748,100.00,3.82,insn per cycle
11.530514562,3007755438,,cycles,802078888,100.00,,
11.630777319,833,,rD044,802102608,100.00,,
11.630777319,74786001,,rFF44,802096018,100.00,,
11.630777319,11550557017,,instructions,802078538,100.00,3.84,insn per cycle
11.630777319,3007751574,,cycles,802070178,100.00,,
11.731039336,890,,rD044,802079990,100.00,,
11.731039336,73789161,,rFF44,802078058,100.00,,
11.731039336,11427028252,,instructions,802077738,100.00,3.80,insn per cycle
11.731039336,3007796866,,cycles,802081958,100.00,,
11.831308412,683,,rD044,802082748,100.00,,
11.831308412,75970859,,rFF44,802086420,100.00,,
11.831308412,11692805540,,instructions,802097580,100.00,3.89,insn per cycle
11.831308412,3007737394,,cycles,802100417,100.00,,
11.931571269,791,,rD044,802064818,100.00,,
11.931571269,74336880,,rFF44,802062128,100.00,,
11.931571269,11501616780,,instructions,802053518,100.00,3.82,insn per cycle
11.931571269,3007607829,,cycles,802045071,100.00,,
12.031834576,681,,rD044,802034538,100.00,,
12.031834576,75896339,,rFF44,802029998,100.00,,
12.031834576,11689218918,,instructions,802029798,100.00,3.89,insn per cycle
12.031834576,3007496492,,cycles,802034388,100.00,,
12.132091693,1205,,rD044,802052698,100.00,,
12.132091693,73546372,,rFF44,802057958,100.00,,
12.132091693,11402930725,,instructions,802059618,100.00,3.79,insn per cycle
12.132091693,3007859006,,cycles,802098568,100.00,,
12.232361499,786,,rD044,802137333,100.00,,
12.232361499,75839865,,rFF44,802130068,100.00,,
12.232361499,11688125209,,instructions,802141548,100.00,3.89,insn per cycle
12.232361499,3007857719,,cycles,802098188,100.00,,
12.332622336,904,,rD044,802093395,100.00,,
12.332622336,73391633,,rFF44,802098640,100.00,,
12.332622336,11383696281,,instructions,802089320,100.00,3.78,insn per cycle
12.332622336,3007830836,,cycles,802090728,100.00,,
12.432885233,669,,rD044,802069308,100.00,,
12.432885233,75783675,,rFF44,802061148,100.00,,
12.432885233,11686761529,,instructions,802061748,100.00,3.89,insn per cycle
12.432885233,3007719849,,cycles,802068780,100.00,,
12.533146260,877,,rD044,802085718,100.00,,
12.533146260,73574030,,rFF44,802156328,100.00,,
12.533146260,11410792656,,instructions,802155728,100.00,3.79,insn per cycle
12.533146260,3008072066,,cycles,802155228,100.00,,
12.633417127,730,,rD044,802156768,100.00,,
12.633417127,75584206,,rFF44,802092468,100.00,,
12.633417127,11655343732,,instructions,802096828,100.00,3.88,insn per cycle
12.633417127,3007829449,,cycles,802090718,100.00,,
12.733677583,825,,rD044,802088406,100.00,,
12.733677583,73525541,,rFF44,802085798,100.00,,
12.733677583,11398674494,,instructions,802073678,100.00,3.79,insn per cycle
12.733677583,3007764131,,cycles,802073508,100.00,,
12.833939030,662,,rD044,801988752,100.00,,
12.833939030,75913067,,rFF44,801987750,100.00,,
12.833939030,11700540108,,instructions,801987043,100.00,3.89,insn per cycle
12.833939030,3007272693,,cycles,801985188,100.00,,
12.934198767,826,,rD044,802066138,100.00,,
12.934198767,73369876,,rFF44,802073348,100.00,,
12.934198767,11375135198,,instructions,802081995,100.00,3.78,insn per cycle
12.934198767,3007815452,,cycles,802086760,100.00,,
13.034459203,774,,rD044,802080468,100.00,,
13.034459203,73910197,,rFF44,802078638,100.00,,
13.034459203,11444068562,,instructions,802070638,100.00,3.80,insn per cycle
13.034459203,3007760111,,cycles,802072368,100.00,,
13.134715710,920,,rD044,802043988,100.00,,
13.134715710,75720861,,rFF44,802040668,100.00,,
13.134715710,11659384268,,instructions,802037598,100.00,3.88,insn per cycle
13.134715710,3007590884,,cycles,802027168,100.00,,
13.234973757,932,,rD044,802054992,100.00,,
13.234973757,73105318,,rFF44,802063648,100.00,,
13.234973757,11335609533,,instructions,802076678,100.00,3.77,insn per cycle
13.234973757,3007803564,,cycles,802083598,100.00,,
13.335236734,750,,rD044,802105216,100.00,,
13.335236734,75804239,,rFF44,802108270,100.00,,
13.335236734,11667109288,,instructions,802119340,100.00,3.88,insn per cycle
13.335236734,3007905354,,cycles,802111068,100.00,,
13.435500940,851,,rD044,802067348,100.00,,
13.435500940,73542988,,rFF44,802048358,100.00,,
13.435500940,11399511242,,instructions,802027098,100.00,3.79,insn per cycle
13.435500940,3007550310,,cycles,802023640,100.00,,
13.535754937,654,,rD044,802042008,100.00,,
13.535754937,75838625,,rFF44,802056158,100.00,,
13.535754937,11680219041,,instructions,802055038,100.00,3.88,insn per cycle
13.535754937,3007734086,,cycles,802065318,100.00,,
13.636015194,874,,rD044,802073898,100.00,,
13.636015194,73412638,,rFF44,802060288,100.00,,
13.636015194,11380590363,,instructions,802051508,100.00,3.78,insn per cycle
13.636015194,3007667910,,cycles,802047428,100.00,,
13.736270660,648,,rD044,802039770,100.00,,
13.736270660,75766148,,rFF44,802051108,100.00,,
13.736270660,11677306051,,instructions,802072438,100.00,3.88,insn per cycle
13.736270660,3007783059,,cycles,802078418,100.00,,
13.836533077,855,,rD044,801985598,100.00,,
13.836533077,73706401,,rFF44,801992700,100.00,,
13.836533077,11422286388,,instructions,801999540,100.00,3.80,insn per cycle
13.836533077,3007329012,,cycles,802006504,100.00,,
13.936797764,653,,rD044,802115308,100.00,,
13.936797764,75956877,,rFF44,802101338,100.00,,
13.936797764,11713649642,,instructions,802084098,100.00,3.89,insn per cycle
13.936797764,3007770804,,cycles,802075244,100.00,,
14.037058221,778,,rD044,802072248,100.00,,
14.037058221,73528161,,rFF44,802089038,100.00,,
14.037058221,11401863755,,instructions,802114078,100.00,3.79,insn per cycle
14.037058221,3007943081,,cycles,802120948,100.00,,
14.137323627,917,,rD044,802121088,100.00,,
14.137323627,75766037,,rFF44,802110318,100.00,,
14.137323627,11683737313,,instructions,802095458,100.00,3.88,insn per cycle
14.137323627,3007861131,,cycles,802099198,100.00,,
14.237586814,947,,rD044,802094281,100.00,,
14.237586814,73192775,,rFF44,802096608,100.00,,
14.237586814,11363360814,,instructions,802098198,100.00,3.78,insn per cycle
14.237586814,3007868693,,cycles,802101188,100.00,,
14.337849751,770,,rD044,802098027,100.00,,
14.337849751,75847286,,rFF44,802088220,100.00,,
14.337849751,11689554075,,instructions,802075670,100.00,3.89,insn per cycle
14.337849751,3007726172,,cycles,802063206,100.00,,
14.438109258,866,,rD044,802066898,100.00,,
14.438109258,73347152,,rFF44,802073058,100.00,,
14.438109258,11379848270,,instructions,802089228,100.00,3.78,insn per cycle
14.438109258,3008035584,,cycles,802145462,100.00,,
14.538378774,883,,rD044,802092068,100.00,,
14.538378774,74228113,,rFF44,802092458,100.00,,
14.538378774,11479072239,,instructions,802082738,100.00,3.82,insn per cycle
14.538378774,3007536669,,cycles,802033518,100.00,,
14.638641341,739,,rD044,802093388,100.00,,
14.638641341,75062951,,rFF44,802104668,100.00,,
14.638641341,11582998075,,instructions,802113898,100.00,3.85,insn per cycle
14.638641341,3007913054,,cycles,802112868,100.00,,
14.738904178,801,,rD044,802102674,100.00,,
14.738904178,73623817,,rFF44,802100468,100.00,,
14.738904178,11405700310,,instructions,802089728,100.00,3.79,insn per cycle
14.738904178,3007815761,,cycles,802087188,100.00,,
14.839168375,677,,rD044,802030524,100.00,,
14.839168375,75817876,,rFF44,802035380,100.00,,
14.839168375,11669290945,,instructions,802047605,100.00,3.88,insn per cycle
14.839168375,3007495855,,cycles,802050528,100.00,,
14.939439072,781,,rD044,802130438,100.00,,
14.939439072,73882564,,rFF44,802121398,100.00,,
14.939439072,11434750442,,instructions,802112603,100.00,3.80,insn per cycle
14.939439072,3007872932,,cycles,802102300,100.00,,
15.039701938,616,,rD044,802094238,100.00,,
15.039701938,75972663,,rFF44,802090328,100.00,,
15.039701938,11701028328,,instructions,802093688,100.00,3.89,insn per cycle
15.039701938,3007875223,,cycles,802103058,100.00,,
15.139957915,1096,,rD044,802040338,100.00,,
15.139957915,73562964,,rFF44,802048828,100.00,,
15.139957915,11402128139,,instructions,802051948,100.00,3.79,insn per cycle
15.139957915,3007693973,,cycles,802054418,100.00,,
15.240225392,732,,rD044,802130838,100.00,,
15.240225392,75571312,,rFF44,802115528,100.00,,
15.240225392,11646406275,,instructions,802101768,100.00,3.87,insn per cycle
15.240225392,3007841332,,cycles,802093848,100.00,,
15.340484488,932,,rD044,802063040,100.00,,
15.340484488,73576844,,rFF44,802066820,100.00,,
15.340484488,11408789446,,instructions,802066775,100.00,3.79,insn per cycle
15.340484488,3007720031,,cycles,802060878,100.00,,
15.440743615,672,,rD044,802053788,100.00,,
15.440743615,75741754,,rFF44,802056068,100.00,,
15.440743615,11680346678,,instructions,802061543,100.00,3.88,insn per cycle
15.440743615,3007741556,,cycles,802076020,100.00,,
15.541008592,845,,rD044,802107018,100.00,,
15.541008592,72889248,,rFF44,802111128,100.00,,
15.541008592,11321737316,,instructions,802108128,100.00,3.76,insn per cycle
15.541008592,3007860646,,cycles,802099148,100.00,,
15.641270609,711,,rD044,802085608,100.00,,
15.641270609,75791559,,rFF44,802078928,100.00,,
15.641270609,11688830078,,instructions,802080918,100.00,3.89,insn per cycle
15.641270609,3007824199,,cycles,802088888,100.00,,
15.741531806,851,,rD044,802092128,100.00,,
15.741531806,72968113,,rFF44,802098318,100.00,,
15.741531806,11328629030,,instructions,802095538,100.00,3.77,insn per cycle
15.741531806,3007788877,,cycles,802080248,100.00,,
15.841791762,694,,rD044,801967230,100.00,,
15.841791762,75614609,,rFF44,801964070,100.00,,
15.841791762,11654780588,,instructions,801968015,100.00,3.88,insn per cycle
15.841791762,3007217601,,cycles,801973378,100.00,,
15.942052839,795,,rD044,802080138,100.00,,
15.942052839,73465547,,rFF44,802079638,100.00,,
15.942052839,11382841254,,instructions,802092213,100.00,3.78,insn per cycle
15.942052839,3007862678,,cycles,802099550,100.00,,
16.042332956,770,,rD044,802165528,100.00,,
16.042332956,75113630,,rFF44,802169748,100.00,,
16.042332956,11588065520,,instructions,802161478,100.00,3.85,insn per cycle
16.042332956,3007977630,,cycles,802164008,100.00,,
16.142589042,1040,,rD044,802061828,100.00,,
16.142589042,74523809,,rFF44,802063558,100.00,,
16.142589042,11518358561,,instructions,802059398,100.00,3.83,insn per cycle
16.142589042,3007680090,,cycles,802050698,100.00,,
16.242850899,938,,rD044,802071458,100.00,,
16.242850899,73072084,,rFF44,802064958,100.00,,
16.242850899,11344465714,,instructions,802068968,100.00,3.77,insn per cycle
16.242850899,3007779983,,cycles,802077648,100.00,,
16.343114196,1288,,rD044,802107230,100.00,,
16.343114196,75692180,,rFF44,802109092,100.00,,
16.343114196,11652446587,,instructions,802170868,100.00,3.87,insn per cycle
16.343114196,3008222409,,cycles,802196268,100.00,,
16.443390143,836,,rD044,802175978,100.00,,
16.443390143,73317300,,rFF44,802173866,100.00,,
16.443390143,11364248192,,instructions,802110570,100.00,3.78,insn per cycle
16.443390143,3007755763,,cycles,802078872,100.00,,
16.543650780,635,,rD044,802089728,100.00,,
16.543650780,75833987,,rFF44,802089408,100.00,,
16.543650780,11677826555,,instructions,802088008,100.00,3.88,insn per cycle
16.543650780,3007848247,,cycles,802095676,100.00,,
16.643914006,858,,rD044,802088428,100.00,,
16.643914006,73205381,,rFF44,802080818,100.00,,
16.643914006,11357751261,,instructions,802090548,100.00,3.78,insn per cycle
16.643914006,3007819099,,cycles,802087608,100.00,,
16.744176583,634,,rD044,802157228,100.00,,
16.744176583,75752729,,rFF44,802166518,100.00,,
16.744176583,11672038044,,instructions,802168648,100.00,3.88,insn per cycle
16.744176583,3008117198,,cycles,802167728,100.00,,
16.844445750,891,,rD044,801988692,100.00,,
16.844445750,73246168,,rFF44,801990368,100.00,,
16.844445750,11361995571,,instructions,801976108,100.00,3.78,insn per cycle
16.844445750,3007200115,,cycles,801971308,100.00,,
16.944707157,645,,rD044,802071926,100.00,,
16.944707157,75501320,,rFF44,802067820,100.00,,
16.944707157,11639820970,,instructions,802061520,100.00,3.87,insn per cycle
16.944707157,3007682049,,cycles,802051145,100.00,,
17.044966563,871,,rD044,802072058,100.00,,
17.044966563,74148008,,rFF44,802074428,100.00,,
17.044966563,11472579955,,instructions,802082258,100.00,3.81,insn per cycle
17.044966563,3007847002,,cycles,802095673,100.00,,
17.145224190,1408,,rD044,802056428,100.00,,
17.145224190,75636171,,rFF44,802058498,100.00,,
17.145224190,11663443501,,instructions,802060878,100.00,3.88,insn per cycle
17.145224190,3007703673,,cycles,802056998,100.00,,
17.245487257,2801,,rD044,801977628,100.00,,
17.245487257,73233013,,rFF44,801972228,100.00,,
17.245487257,11358056705,,instructions,801969898,100.00,3.78,insn per cycle
17.245487257,3007245914,,cycles,801972718,100.00,,
17.345749164,958,,rD044,802085790,100.00,,
17.345749164,75575645,,rFF44,802084748,100.00,,
17.345749164,11649500917,,instructions,802088708,100.00,3.87,insn per cycle
17.345749164,3007839161,,cycles,802093278,100.00,,
17.446012630,840,,rD044,802085198,100.00,,
17.446012630,73032549,,rFF44,802090740,100.00,,
17.446012630,11333489106,,instructions,802090620,100.00,3.77,insn per cycle
17.446012630,3007765749,,cycles,802081516,100.00,,
17.546274087,682,,rD044,802077548,100.00,,
17.546274087,75847101,,rFF44,802071928,100.00,,
17.546274087,11684124073,,instructions,802063668,100.00,3.88,insn per cycle
17.546274087,3007743280,,cycles,802067582,100.00,,
17.646535094,780,,rD044,802090508,100.00,,
17.646535094,73219452,,rFF44,802096508,100.00,,
17.646535094,11358757111,,instructions,802099398,100.00,3.78,insn per cycle
17.646535094,3007847387,,cycles,802095748,100.00,,
17.746795861,710,,rD044,802072708,100.00,,
17.746795861,73368030,,rFF44,802070858,100.00,,
17.746795861,11382446160,,instructions,802082978,100.00,3.78,insn per cycle
17.746795861,3007871626,,cycles,802101608,100.00,,
17.847062767,710,,rD044,802018982,100.00,,
17.847062767,75710440,,rFF44,802025628,100.00,,
17.847062767,11655195967,,instructions,802015018,100.00,3.88,insn per cycle
17.847062767,3007327760,,cycles,802001548,100.00,,
17.947336574,741,,rD044,802172516,100.00,,
17.947336574,73464679,,rFF44,802166950,100.00,,
17.947336574,11394583063,,instructions,802152092,100.00,3.79,insn per cycle
17.947336574,3008024551,,cycles,802143328,100.00,,
18.047594321,600,,rD044,802062338,100.00,,
18.047594321,75760270,,rFF44,802068188,100.00,,
18.047594321,11664182146,,instructions,802093606,100.00,3.88,insn per cycle
18.047594321,3007850142,,cycles,802096020,100.00,,
18.147851208,1261,,rD044,802052298,100.00,,
18.147851208,73407030,,rFF44,802053378,100.00,,
18.147851208,11381365356,,instructions,802054548,100.00,3.78,insn per cycle
18.147851208,3007735688,,cycles,802065858,100.00,,
18.248116935,817,,rD044,802120208,100.00,,
18.248116935,75820717,,rFF44,802111688,100.00,,
18.248116935,11680861282,,instructions,802134788,100.00,3.88,insn per cycle
18.248116935,3008031325,,cycles,802144528,100.00,,
18.348383921,1203,,rD044,802119936,100.00,,
18.348383921,73227973,,rFF44,802120648,100.00,,
18.348383921,11353998309,,instructions,802092968,100.00,3.77,insn per cycle
18.348383921,3007792409,,cycles,802080848,100.00,,
18.448652138,705,,rD044,802058189,100.00,,
18.448652138,75948951,,rFF44,802057657,100.00,,
18.448652138,11710331645,,instructions,802062803,100.00,3.89,insn per cycle
18.448652138,3007620486,,cycles,802065205,100.00,,
18.548914355,740,,rD044,802097718,100.00,,
18.548914355,72827081,,rFF44,802110748,100.00,,
18.548914355,11315208048,,instructions,802107392,100.00,3.76,insn per cycle
18.548914355,3007877654,,cycles,802103670,100.00,,
18.649178762,671,,rD044,802183438,100.00,,
18.649178762,75795535,,rFF44,802165098,100.00,,
18.649178762,11689874460,,instructions,802156258,100.00,3.89,insn per cycle
18.649178762,3008100936,,cycles,802163058,100.00,,
18.749451289,733,,rD044,802100058,100.00,,
18.749451289,73135087,,rFF44,802102038,100.00,,
18.749451289,11349732566,,instructions,802105528,100.00,3.77,insn per cycle
18.749451289,3007891797,,cycles,802107128,100.00,,
18.849712635,662,,rD044,801975118,100.00,,
18.849712635,75562074,,rFF44,801972478,100.00,,
18.849712635,11650471425,,instructions,801964678,100.00,3.87,insn per cycle
18.849712635,3007155454,,cycles,801951858,100.00,,
18.949970762,742,,rD044,802056330,100.00,,
18.949970762,73861082,,rFF44,802055611,100.00,,
18.949970762,11445987514,,instructions,802062868,100.00,3.81,insn per cycle
18.949970762,3007717813,,cycles,802061328,100.00,,
19.050236029,622,,rD044,802120038,100.00,,
19.050236029,75935065,,rFF44,802119347,100.00,,
19.050236029,11700002814,,instructions,802115090,100.00,3.89,insn per cycle
19.050236029,3007938684,,cycles,802120000,100.00,,
19.150494725,709,,rD044,802068838,100.00,,
19.150494725,73369299,,rFF44,802082768,100.00,,
19.150494725,11380081198,,instructions,802083068,100.00,3.78,insn per cycle
19.150494725,3007768246,,cycles,802074128,100.00,,
19.250756202,915,,rD044,802081338,100.00,,
19.250756202,73773454,,rFF44,802080988,100.00,,
19.250756202,11429705846,,instructions,802095718,100.00,3.80,insn per cycle
19.250756202,3007875268,,cycles,802102808,100.00,,
19.351020189,722,,rD044,802105688,100.00,,
19.351020189,75863573,,rFF44,802096588,100.00,,
19.351020189,11678863150,,instructions,802081498,100.00,3.88,insn per cycle
19.351020189,3007824460,,cycles,802089568,100.00,,
19.451283786,882,,rD044,802081430,100.00,,
19.451283786,73211407,,rFF44,802094904,100.00,,
19.451283786,11353862797,,instructions,802093398,100.00,3.77,insn per cycle
19.451283786,3007765043,,cycles,802080478,100.00,,
19.551546102,779,,rD044,802093258,100.00,,
19.551546102,75801509,,rFF44,802083974,100.00,,
19.551546102,11667505853,,instructions,802081200,100.00,3.88,insn per cycle
19.551546102,3007790446,,cycles,802080340,100.00,,
19.651805849,892,,rD044,802066378,100.00,,
19.651805849,73290877,,rFF44,802069088,100.00,,
19.651805849,11366263911,,instructions,802075118,100.00,3.78,insn per cycle
19.651805849,3007790851,,cycles,802079988,100.00,,
19.752067476,726,,rD044,802085848,100.00,,
19.752067476,75723828,,rFF44,802082358,100.00,,
19.752067476,11662666943,,instructions,802098048,100.00,3.88,insn per cycle
19.752067476,3007907586,,cycles,802112018,100.00,,
19.852340133,876,,rD044,802047498,100.00,,
19.852340133,73745765,,rFF44,802052188,100.00,,
19.852340133,11415529733,,instructions,802041558,100.00,3.80,insn per cycle
19.852340133,3007423916,,cycles,802022198,100.00,,
19.952601469,783,,rD044,802089980,100.00,,
19.952601469,75673626,,rFF44,802078167,100.00,,
19.952601469,11663858454,,instructions,802064068,100.00,3.88,insn per cycle
19.952601469,3007712826,,cycles,802059448,100.00,,
20.052865906,948,,rD044,802045527,100.00,,
20.052865906,73615448,,rFF44,802059490,100.00,,
20.052865906,11408268717,,instructions,802079049,100.00,3.79,insn per cycle
20.052865906,3007707722,,cycles,802089844,100.00,,
20.153127973,824,,rD044,802086878,100.00,,
20.153127973,75823736,,rFF44,802085648,100.00,,
20.153127973,11692541775,,instructions,802121658,100.00,3.89,insn per cycle
20.153127973,3007960888,,cycles,802125723,100.00,,
20.253395650,964,,rD044,802135568,100.00,,
20.253395650,73248227,,rFF44,802134288,100.00,,
20.253395650,11363368307,,instructions,802079198,100.00,3.78,insn per cycle
20.253395650,3007758566,,cycles,802072028,100.00,,
20.353654996,843,,rD044,802075548,100.00,,
20.353654996,75803350,,rFF44,802072518,100.00,,
20.353654996,11687262731,,instructions,802085928,100.00,3.89,insn per cycle
20.353654996,3007844919,,cycles,802094858,100.00,,
20.453916303,1060,,rD044,802063041,100.00,,
20.453916303,73363682,,rFF44,802064838,100.00,,
20.453916303,11378322730,,instructions,802063548,100.00,3.78,insn per cycle
20.453916303,3007660454,,cycles,802053118,100.00,,
20.554201930,840,,rD044,802271897,100.00,,
20.554201930,76034943,,rFF44,802269910,100.00,,
20.554201930,11715230260,,instructions,802256916,100.00,3.89,insn per cycle
20.554201930,3008468806,,cycles,802261178,100.00,,
20.654461757,822,,rD044,802076418,100.00,,
20.654461757,73146958,,rFF44,802078018,100.00,,
20.654461757,11351668763,,instructions,802088652,100.00,3.77,insn per cycle
20.654461757,3007797519,,cycles,802082180,100.00,,
20.754723084,900,,rD044,802066918,100.00,,
20.754723084,73717712,,rFF44,802054188,100.00,,
20.754723084,11414727041,,instructions,802048918,100.00,3.80,insn per cycle
20.754723084,3007687801,,cycles,802053088,100.00,,
20.854978750,792,,rD044,801824348,100.00,,
20.854978750,75675541,,rFF44,801819938,100.00,,
20.854978750,11651141901,,instructions,801816948,100.00,3.88,insn per cycle
20.854978750,3006673932,,cycles,801815598,100.00,,
20.955233967,906,,rD044,802052274,100.00,,
20.955233967,73627071,,rFF44,802070208,100.00,,
20.955233967,11407742910,,instructions,802085708,100.00,3.79,insn per cycle
20.955233967,3007868688,,cycles,802101018,100.00,,
21.055496634,693,,rD044,802089334,100.00,,
21.055496634,75959823,,rFF44,802092510,100.00,,
21.055496634,11691793689,,instructions,802096542,100.00,3.89,insn per cycle
21.055496634,3007843530,,cycles,802094698,100.00,,
21.155760961,969,,rD044,802111158,100.00,,
21.155760961,73310650,,rFF44,802109298,100.00,,
21.155760961,11375310460,,instructions,802095526,100.00,3.78,insn per cycle
21.155760961,3007821728,,cycles,802088600,100.00,,
21.256022547,1254,,rD044,802075908,100.00,,
21.256022547,75829442,,rFF44,802060698,100.00,,
21.256022547,11678757855,,instructions,802058248,100.00,3.88,insn per cycle
21.256022547,3007727399,,cycles,802063298,100.00,,
21.356282804,1176,,rD044,802085668,100.00,,
21.356282804,73830059,,rFF44,802100388,100.00,,
21.356282804,11440557629,,instructions,802114998,100.00,3.80,insn per cycle
21.356282804,3007887304,,cycles,802106228,100.00,,
21.456544091,1143,,rD044,802065895,100.00,,
21.456544091,75542214,,rFF44,802051528,100.00,,
21.456544091,11643661488,,instructions,802028468,100.00,3.87,insn per cycle
21.456544091,3007563038,,cycles,802029028,100.00,,
21.556803517,686,,rD044,802066613,100.00,,
21.556803517,73702029,,rFF44,802076920,100.00,,
21.556803517,11420257422,,instructions,802088420,100.00,3.80,insn per cycle
21.556803517,3007821311,,cycles,802088278,100.00,,
21.657066414,634,,rD044,802090958,100.00,,
21.657066414,75756962,,rFF44,802087988,100.00,,
21.657066414,11683640549,,instructions,802080278,100.00,3.88,insn per cycle
21.657066414,3007781598,,cycles,802078180,100.00,,
21.757334991,754,,rD044,802141318,100.00,,
21.757334991,73182229,,rFF44,802144538,100.00,,
21.757334991,11359573937,,instructions,802152738,100.00,3.78,insn per cycle
21.757334991,3008056785,,cycles,802151218,100.00,,
21.857597598,642,,rD044,801913248,100.00,,
21.857597598,75750386,,rFF44,801907898,100.00,,
21.857597598,11681109024,,instructions,801907678,100.00,3.88,insn per cycle
21.857597598,3007053187,,cycles,801917638,100.00,,
21.957858345,735,,rD044,802081706,100.00,,
21.957858345,73236053,,rFF44,802086118,100.00,,
21.957858345,11366484665,,instructions,802090638,100.00,3.78,insn per cycle
21.957858345,3007833576,,cycles,802092188,100.00,,
22.058120821,601,,rD044,802093612,100.00,,
22.058120821,75829173,,rFF44,802097070,100.00,,
22.058120821,11685982060,,instructions,802146287,100.00,3.88,insn per cycle
22.058120821,3007999091,,cycles,802135338,100.00,,
22.158385588,720,,rD044,802110938,100.00,,
22.158385588,73110830,,rFF44,802106278,100.00,,
22.158385588,11342642642,,instructions,802045761,100.00,3.77,insn per cycle
22.158385588,3007674884,,cycles,802049510,100.00,,
22.258646735,726,,rD044,802081528,100.00,,
22.258646735,73811448,,rFF44,802082428,100.00,,
22.258646735,11433491414,,instructions,802091068,100.00,3.80,insn per cycle
22.258646735,3007854158,,cycles,802097528,100.00,,
22.358907511,598,,rD044,802089948,100.00,,
22.358907511,75864830,,rFF44,802083688,100.00,,
22.358907511,11681811692,,instructions,802075948,100.00,3.88,insn per cycle
22.358907511,3007760339,,cycles,802072468,100.00,,
22.459167488,812,,rD044,802087626,100.00,,
22.459167488,73826590,,rFF44,802105777,100.00,,
22.459167488,11433242161,,instructions,802112917,100.00,3.80,insn per cycle
22.459167488,3007920065,,cycles,802123897,100.00,,
22.559438885,564,,rD044,802115821,100.00,,
22.559438885,75746468,,rFF44,802103920,100.00,,
22.559438885,11660771078,,instructions,802105558,100.00,3.88,insn per cycle
22.559438885,3007858739,,cycles,802098608,100.00,,
22.659700852,756,,rD044,802095228,100.00,,
22.659700852,73774188,,rFF44,802095688,100.00,,
22.659700852,11421499773,,instructions,802089230,100.00,3.80,insn per cycle
22.659700852,3007793640,,cycles,802081190,100.00,,
22.759962119,678,,rD044,802076378,100.00,,
22.759962119,75742216,,rFF44,802077968,100.00,,
22.759962119,11666905625,,instructions,802086658,100.00,3.88,insn per cycle
22.759962119,3007868628,,cycles,802101158,100.00,,
22.860226025,754,,rD044,801962998,100.00,,
22.860226025,73578928,,rFF44,801967728,100.00,,
22.860226025,11404056330,,instructions,801967128,100.00,3.79,insn per cycle
22.860226025,3007177039,,cycles,801950428,100.00,,
22.960484982,577,,rD044,802081048,100.00,,
22.960484982,75801887,,rFF44,802080598,100.00,,
22.960484982,11683353495,,instructions,802070828,100.00,3.88,insn per cycle
22.960484982,3007740911,,cycles,802067268,100.00,,
23.060744539,645,,rD044,802063030,100.00,,
23.060744539,73675504,,rFF44,802057500,100.00,,
23.060744539,11413452926,,instructions,802069558,100.00,3.79,insn per cycle
23.060744539,3007769825,,cycles,802074678,100.00,,
23.161005256,725,,rD044,802084538,100.00,,
23.161005256,75604139,,rFF44,802075458,100.00,,
23.161005256,11659671486,,instructions,802071160,100.00,3.88,insn per cycle
23.161005256,3007768916,,cycles,802074640,100.00,,
23.261267032,763,,rD044,802078908,100.00,,
23.261267032,73044267,,rFF44,802084868,100.00,,
23.261267032,11334194467,,instructions,802100288,100.00,3.77,insn per cycle
23.261267032,3007870360,,cycles,802101398,100.00,,
23.361529749,578,,rD044,802100358,100.00,,
23.361529749,75649975,,rFF44,802098908,100.00,,
23.361529749,11664992824,,instructions,802082108,100.00,3.88,insn per cycle
23.361529749,3007814501,,cycles,802086508,100.00,,
23.461793606,726,,rD044,802094888,100.00,,
23.461793606,73480967,,rFF44,802108018,100.00,,
23.461793606,11392024777,,instructions,802111418,100.00,3.79,insn per cycle
23.461793606,3007880273,,cycles,802112178,100.00,,
23.562059922,604,,rD044,802119160,100.00,,
23.562059922,75948469,,rFF44,802106501,100.00,,
23.562059922,11704835270,,instructions,802101038,100.00,3.89,insn per cycle
23.562059922,3007847939,,cycles,802095798,100.00,,
23.662332599,730,,rD044,802169048,100.00,,
23.662332599,73802705,,rFF44,802169617,100.00,,
23.662332599,11434490763,,instructions,802165510,100.00,3.80,insn per cycle
23.662332599,3008073538,,cycles,802155550,100.00,,
23.762591296,717,,rD044,802064248,100.00,,
23.762591296,73676007,,rFF44,802069178,100.00,,
23.762591296,11414811785,,instructions,802084638,100.00,3.80,insn per cycle
23.762591296,3007841908,,cycles,802094218,100.00,,
23.862852453,591,,rD044,801990098,100.00,,
23.862852453,75644651,,rFF44,801994828,100.00,,
23.862852453,11648534880,,instructions,801981568,100.00,3.87,insn per cycle
23.862852453,3007255544,,cycles,801973438,100.00,,
23.963112870,1069,,rD044,802075208,100.00,,
23.963112870,73811375,,rFF44,802076368,100.00,,
23.963112870,11422940537,,instructions,802101518,100.00,3.80,insn per cycle
23.963112870,3007986740,,cycles,802132598,100.00,,
24.063384086,836,,rD044,802090300,100.00,,
24.063384086,75840513,,rFF44,802079867,100.00,,
24.063384086,11673199105,,instructions,802054168,100.00,3.88,insn per cycle
24.063384086,3007461566,,cycles,802026038,100.00,,
24.163641203,1028,,rD044,802062428,100.00,,
24.163641203,73407328,,rFF44,802061681,100.00,,
24.163641203,11381790419,,instructions,802059980,100.00,3.78,insn per cycle
24.163641203,3007726054,,cycles,802062980,100.00,,
24.263903500,725,,rD044,802091178,100.00,,
24.263903500,75772458,,rFF44,802099018,100.00,,
24.263903500,11670264541,,instructions,802119048,100.00,3.88,insn per cycle
24.263903500,3007968684,,cycles,802127618,100.00,,
24.364168327,865,,rD044,802146778,100.00,,
24.364168327,73016972,,rFF44,802154278,100.00,,
24.364168327,11326077888,,instructions,802145928,100.00,3.77,insn per cycle
24.364168327,3008011077,,cycles,802139428,100.00,,
24.464437753,766,,rD044,802100348,100.00,,
24.464437753,75465102,,rFF44,802083088,100.00,,
24.464437753,11629425636,,instructions,802073158,100.00,3.87,insn per cycle
24.464437753,3007796151,,cycles,802081928,100.00,,
24.564701860,2029,,rD044,802113662,100.00,,
24.564701860,73815924,,rFF44,802108468,100.00,,
24.564701860,11436842247,,instructions,802109548,100.00,3.80,insn per cycle
24.564701860,3007864185,,cycles,802101538,100.00,,
24.664961207,782,,rD044,802073496,100.00,,
24.664961207,75758838,,rFF44,802090830,100.00,,
24.664961207,11681624088,,instructions,802098230,100.00,3.88,insn per cycle
24.664961207,3007822737,,cycles,802088876,100.00,,
24.765224034,853,,rD044,802082018,100.00,,
24.765224034,73431605,,rFF44,802077878,100.00,,
24.765224034,11383659229,,instructions,802069008,100.00,3.78,insn per cycle
24.765224034,3007707841,,cycles,802066542,100.00,,
24.865482050,778,,rD044,802006078,100.00,,
24.865482050,75698815,,rFF44,802005028,100.00,,
24.865482050,11672472707,,instructions,802008248,100.00,3.88,insn per cycle
24.865482050,3007474662,,cycles,802015018,100.00,,
24.965743657,906,,rD044,802087908,100.00,,
24.965743657,73261346,,rFF44,802082838,100.00,,
24.965743657,11357487337,,instructions,802074698,100.00,3.78,insn per cycle
24.965743657,3007767862,,cycles,802074408,100.00,,
25.066003044,664,,rD044,802067100,100.00,,
25.066003044,75990446,,rFF44,802067988,100.00,,
25.066003044,11710765935,,instructions,802076958,100.00,3.89,insn per cycle
25.066003044,3007787736,,cycles,802079588,100.00,,
25.166263941,1042,,rD044,802075828,100.00,,
25.166263941,73545147,,rFF44,802077070,100.00,,
25.166263941,11395252148,,instructions,802075170,100.00,3.79,insn per cycle
25.166263941,3007777243,,cycles,802076603,100.00,,
25.266523937,957,,rD044,802078918,100.00,,
25.266523937,73811177,,rFF44,802080718,100.00,,
25.266523937,11426289847,,instructions,802093598,100.00,3.80,insn per cycle
25.266523937,3007827321,,cycles,802090285,100.00,,
25.366789974,841,,rD044,802123848,100.00,,
25.366789974,75803708,,rFF44,802116488,100.00,,
25.366789974,11669998895,,instructions,802102348,100.00,3.88,insn per cycle
25.366789974,3007875619,,cycles,802102528,100.00,,
25.467048941,1181,,rD044,802058318,100.00,,
25.467048941,73377181,,rFF44,802061908,100.00,,
25.467048941,11367396763,,instructions,802067528,100.00,3.78,insn per cycle
25.467048941,3007788449,,cycles,802080258,100.00,,
25.567321368,763,,rD044,802174963,100.00,,
25.567321368,75848187,,rFF44,802163608,100.00,,
25.567321368,11673808243,,instructions,802156778,100.00,3.88,insn per cycle
25.567321368,3008111047,,cycles,802165598,100.00,,
25.667584184,968,,rD044,802109075,100.00,,
25.667584184,73274514,,rFF44,802125380,100.00,,
25.667584184,11363346151,,instructions,802126400,100.00,3.78,insn per cycle
25.667584184,3007892266,,cycles,802107598,100.00,,
25.767846231,555,,rD044,802077058,100.00,,
25.767846231,75899519,,rFF44,802068958,100.00,,
25.767846231,11690834549,,instructions,802067858,100.00,3.89,insn per cycle
25.767846231,3007720245,,cycles,802061610,100.00,,
25.868105068,761,,rD044,802044588,100.00,,
25.868105068,73693138,,rFF44,802043528,100.00,,
25.868105068,11417307455,,instructions,802047478,100.00,3.80,insn per cycle
25.868105068,3007883668,,cycles,802112948,100.00,,
25.968372275,613,,rD044,802135358,100.00,,
25.968372275,75794556,,rFF44,802137298,100.00,,
25.968372275,11682308272,,instructions,802135948,100.00,3.88,insn per cycle
25.968372275,3007770838,,cycles,802075368,100.00,,
26.068632931,674,,rD044,802081814,100.00,,
26.068632931,73497127,,rFF44,802092808,100.00,,
26.068632931,11396846698,,instructions,802100338,100.00,3.79,insn per cycle
26.068632931,3007854751,,cycles,802097418,100.00,,
26.168894918,622,,rD044,802086624,100.00,,
26.168894918,75784705,,rFF44,802075940,100.00,,
26.168894918,11686438935,,instructions,802067861,100.00,3.89,insn per cycle
26.168894918,3007751222,,cycles,802069808,100.00,,
26.269155045,750,,rD044,802111228,100.00,,
26.269155045,73758502,,rFF44,802172908,100.00,,
26.269155045,11430545356,,instructions,802175647,100.00,3.80,insn per cycle
26.269155045,3008151810,,cycles,802176480,100.00,,
26.369430612,665,,rD044,802161678,100.00,,
26.369430612,75783965,,rFF44,802104618,100.00,,
26.369430612,11686788943,,instructions,802106548,100.00,3.89,insn per cycle
26.369430612,3007902507,,cycles,802110198,100.00,,
26.469692068,709,,rD044,802087068,100.00,,
26.469692068,73559932,,rFF44,802085528,100.00,,
26.469692068,11408526762,,instructions,802079688,100.00,3.79,insn per cycle
26.469692068,3007794459,,cycles,802081498,100.00,,
26.569953875,1056,,rD044,802093988,100.00,,
26.569953875,75818169,,rFF44,802097348,100.00,,
26.569953875,11684810213,,instructions,802094888,100.00,3.88,insn per cycle
26.569953875,3007787548,,cycles,802080228,100.00,,
26.670215492,744,,rD044,802072380,100.00,,
26.670215492,73819230,,rFF44,802063460,100.00,,
26.670215492,11435464947,,instructions,802065745,100.00,3.80,insn per cycle
26.670215492,3007786845,,cycles,802079488,100.00,,
26.770475539,651,,rD044,802075958,100.00,,
26.770475539,73562751,,rFF44,802073638,100.00,,
26.770475539,11408929295,,instructions,802071633,100.00,3.79,insn per cycle
26.770475539,3007734895,,cycles,802065400,100.00,,
26.870734495,690,,rD044,802070248,100.00,,
26.870734495,75866647,,rFF44,802080708,100.00,,
26.870734495,11681742781,,instructions,802080848,100.00,3.88,insn per cycle
26.870734495,3007814941,,cycles,802086858,100.00,,
26.970995352,655,,rD044,802079888,100.00,,
26.970995352,73576357,,rFF44,802082038,100.00,,
26.970995352,11404457118,,instructions,802091288,100.00,3.79,insn per cycle
26.970995352,3007852586,,cycles,802096898,100.00,,
27.071260989,870,,rD044,802128558,100.00,,
27.071260989,75961641,,rFF44,802130598,100.00,,
27.071260989,11692286357,,instructions,802139818,100.00,3.89,insn per cycle
27.071260989,3007965192,,cycles,802126678,100.00,,
27.171522786,883,,rD044,802085830,100.00,,
27.171522786,73625463,,rFF44,802080950,100.00,,
27.171522786,11415268854,,instructions,802056306,100.00,3.80,insn per cycle
27.171522786,3007675621,,cycles,802049138,100.00,,
27.271783362,641,,rD044,802074838,100.00,,
27.271783362,75717389,,rFF44,802071338,100.00,,
27.271783362,11662371720,,instructions,802075372,100.00,3.88,insn per cycle
27.271783362,3007764820,,cycles,802074250,100.00,,
27.372042739,698,,rD044,802059588,100.00,,
27.372042739,73667923,,rFF44,802064188,100.00,,
27.372042739,11421964202,,instructions,802077238,100.00,3.80,insn per cycle
27.372042739,3007861665,,cycles,802099308,100.00,,
27.472314826,592,,rD044,802163828,100.00,,
27.472314826,76010110,,rFF44,802149248,100.00,,
27.472314826,11715391147,,instructions,802138998,100.00,3.89,insn per cycle
27.472314826,3007950087,,cycles,802122848,100.00,,
27.572573253,689,,rD044,802078768,100.00,,
27.572573253,73878192,,rFF44,802094608,100.00,,
27.572573253,11441508175,,instructions,802086638,100.00,3.80,insn per cycle
27.572573253,3007781111,,cycles,802077438,100.00,,
27.672831839,671,,rD044,802054270,100.00,,
27.672831839,75864284,,rFF44,802056410,100.00,,
27.672831839,11700786589,,instructions,802072407,100.00,3.89,insn per cycle
27.672831839,3007788588,,cycles,802080048,100.00,,
27.773093216,682,,rD044,802085008,100.00,,
27.773093216,73032746,,rFF44,802077468,100.00,,
27.773093216,11335938781,,instructions,802061691,100.00,3.77,insn per cycle
27.773093216,3007855129,,cycles,802097560,100.00,,
27.873358333,713,,rD044,802101458,100.00,,
27.873358333,75834286,,rFF44,802093888,100.00,,
27.873358333,11693969546,,instructions,802109728,100.00,3.89,insn per cycle
27.873358333,3007796644,,cycles,802082108,100.00,,
27.973615730,2155,,rD044,802070628,100.00,,
27.973615730,73681603,,rFF44,802080638,100.00,,
27.973615730,11413720760,,instructions,802079258,100.00,3.79,insn per cycle
27.973615730,3007784219,,cycles,802081138,100.00,,
28.073881366,755,,rD044,802050888,100.00,,
28.073881366,75731770,,rFF44,802050378,100.00,,
28.073881366,11669729172,,instructions,802044888,100.00,3.88,insn per cycle
28.073881366,3007523406,,cycles,802043718,100.00,,
28.174138913,790,,rD044,802053240,100.00,,
28.174138913,73723351,,rFF44,802111741,100.00,,
28.174138913,11417016758,,instructions,802135608,100.00,3.80,insn per cycle
28.174138913,3007974862,,cycles,802129268,100.00,,
28.274408260,752,,rD044,802149988,100.00,,
28.274408260,73611355,,rFF44,802094457,100.00,,
28.274408260,11407700126,,instructions,802088830,100.00,3.79,insn per cycle
28.274408260,3007844738,,cycles,802094290,100.00,,
28.374671427,652,,rD044,802091228,100.00,,
28.374671427,75846561,,rFF44,802075088,100.00,,
28.374671427,11677920621,,instructions,802058518,100.00,3.88,insn per cycle
28.374671427,3007732500,,cycles,802065338,100.00,,
28.474931383,663,,rD044,802077158,100.00,,
28.474931383,73517984,,rFF44,802082318,100.00,,
28.474931383,11392008834,,instructions,802077238,100.00,3.79,insn per cycle
28.474931383,3007759681,,cycles,802072308,100.00,,
28.575191330,652,,rD044,802070098,100.00,,
28.575191330,75838734,,rFF44,802076988,100.00,,
28.575191330,11674343255,,instructions,802091388,100.00,3.88,insn per cycle
28.575191330,3007829358,,cycles,802090438,100.00,,
28.675452457,931,,rD044,802087100,100.00,,
28.675452457,73606319,,rFF44,802097830,100.00,,
28.675452457,11403851844,,instructions,802102718,100.00,3.79,insn per cycle
28.675452457,3007872747,,cycles,802102288,100.00,,
28.775716124,670,,rD044,802102608,100.00,,
28.775716124,75738381,,rFF44,802093208,100.00,,
28.775716124,11664651866,,instructions,802089350,100.00,3.88,insn per cycle
28.775716124,3007874786,,cycles,802102860,100.00,,
28.854648752,12052,,rD044,605650932,100.00,,
28.854648752,44342762,,rFF44,605445302,100.00,,
28.854648752,7090800777,,instructions,605258682,100.00,3.13,insn per cycle
28.854648752,2268880562,,cycles,605071172,100.00,,
