0.100115184,76957,,rD044,2695988586,100.00,,
0.100115184,308058257,,rFF44,2699490597,100.00,,
0.100115184,27146336740,,instructions,2702280577,100.00,2.68,insn per cycle
0.100115184,10138000261,,cycles,2705007134,100.00,,
0.200755435,16392,,rD044,3220235383,100.00,,
0.200755435,296228019,,rFF44,3220129624,100.00,,
0.200755435,45897164464,,instructions,3220015504,100.00,3.80,insn per cycle
0.200755435,12074791308,,cycles,3219958315,100.00,,
0.301294334,13632,,rD044,3216834183,100.00,,
0.301294334,296696695,,rFF44,3216561211,100.00,,
0.301294334,45945504069,,instructions,3216642113,100.00,3.81,insn per cycle
0.301294334,12062787490,,cycles,3216763295,100.00,,
0.401813733,12700,,rD044,3216610564,100.00,,
0.401813733,298267046,,rFF44,3216678864,100.00,,
0.401813733,46158997068,,instructions,3216607524,100.00,3.83,insn per cycle
0.401813733,12061559868,,cycles,3216428094,100.00,,
0.502327522,12097,,rD044,3216532473,100.00,,
0.502327522,298060682,,rFF44,3216519344,100.00,,
0.502327522,46126500747,,instructions,3216681605,100.00,3.82,insn per cycle
0.502327522,12062877296,,cycles,3216778504,100.00,,
0.602848802,12250,,rD044,3216544973,100.00,,
0.602848802,298216241,,rFF44,3216469394,100.00,,
0.602848802,46132713037,,instructions,3216277851,100.00,3.83,insn per cycle
0.602848802,12060626157,,cycles,3216178842,100.00,,
0.703357191,12279,,rD044,3216347724,100.00,,
0.703357191,299527723,,rFF44,3216362053,100.00,,
0.703357191,46312472428,,instructions,3216449324,100.00,3.84,insn per cycle
0.703357191,12061557499,,cycles,3216426204,100.00,,
0.803878790,13345,,rD044,3216474104,100.00,,
0.803878790,294671515,,rFF44,3216323143,100.00,,
0.803878790,45706819235,,instructions,3216222751,100.00,3.79,insn per cycle
0.803878790,12061356340,,cycles,3216373234,100.00,,
0.904387889,12524,,rD044,3216397590,100.00,,
0.904387889,297154539,,rFF44,3216790284,100.00,,
0.904387889,46012023471,,instructions,3216970055,100.00,3.81,insn per cycle
0.904387889,12063510079,,cycles,3216946318,100.00,,
1.004914818,12289,,rD044,3216870966,100.00,,
1.004914818,297695740,,rFF44,3216840510,100.00,,
1.004914818,46097629553,,instructions,3216757934,100.00,3.82,insn per cycle
1.004914818,12062322312,,cycles,3216632048,100.00,,
1.105432327,24827,,rD044,3216345294,100.00,,
1.105432327,295381167,,rFF44,3216340656,100.00,,
1.105432327,45763944651,,instructions,3216324950,100.00,3.79,insn per cycle
1.105432327,12061689148,,cycles,3216481074,100.00,,
1.205953396,11583,,rD044,3216765371,100.00,,
1.205953396,297806062,,rFF44,3216649624,100.00,,
1.205953396,46094139206,,instructions,3216461736,100.00,3.82,insn per cycle
1.205953396,12060802157,,cycles,3216226509,100.00,,
1.306460475,12740,,rD044,3215615639,100.00,,
1.306460475,297822256,,rFF44,3215698833,100.00,,
1.306460475,46102413958,,instructions,3215961133,100.00,3.82,insn per cycle
1.306460475,12059719663,,cycles,3216109346,100.00,,
1.406986825,11100,,rD044,3216706299,100.00,,
1.406986825,297977943,,rFF44,3216466778,100.00,,
1.406986825,46111890913,,instructions,3216232874,100.00,3.82,insn per cycle
1.406986825,12060160862,,cycles,3216054854,100.00,,
1.507484533,10473,,rD044,3215958774,100.00,,
1.507484533,297821265,,rFF44,3216064158,100.00,,
1.507484533,46095972759,,instructions,3216147892,100.00,3.82,insn per cycle
1.507484533,12061060360,,cycles,3216293454,100.00,,
1.607994092,11447,,rD044,3216296410,100.00,,
1.607994092,293883721,,rFF44,3216133364,100.00,,
1.607994092,45605439135,,instructions,3215957924,100.00,3.78,insn per cycle
1.607994092,12059990898,,cycles,3216008722,100.00,,
1.708500461,11526,,rD044,3215861203,100.00,,
1.708500461,296952075,,rFF44,3215959916,100.00,,
1.708500461,45986873654,,instructions,3216324911,100.00,3.81,insn per cycle
1.708500461,12061060548,,cycles,3216465771,100.00,,
1.809028951,10927,,rD044,3216889824,100.00,,
1.809028951,298366210,,rFF44,3216928217,100.00,,
1.809028951,46154953994,,instructions,3216623142,100.00,3.83,insn per cycle
1.809028951,12061143781,,cycles,3216318314,100.00,,
1.909530550,10550,,rD044,3216078868,100.00,,
1.909530550,296892093,,rFF44,3215999424,100.00,,
1.909530550,45970066464,,instructions,3216053874,100.00,3.81,insn per cycle
1.909530550,12060197192,,cycles,3216062702,100.00,,
2.010035039,11478,,rD044,3215990718,100.00,,
2.010035039,297517099,,rFF44,3216025576,100.00,,
2.010035039,46063192138,,instructions,3215981634,100.00,3.82,insn per cycle
2.010035039,12059990296,,cycles,3216022234,100.00,,
2.110537668,12407,,rD044,3215969094,100.00,,
2.110537668,297994530,,rFF44,3215916540,100.00,,
2.110537668,46117990128,,instructions,3215969147,100.00,3.82,insn per cycle
2.110537668,12059706390,,cycles,3215958274,100.00,,
2.211039847,11055,,rD044,3215946084,100.00,,
2.211039847,296870709,,rFF44,3216004664,100.00,,
2.211039847,45967177471,,instructions,3216027829,100.00,3.81,insn per cycle
2.211039847,12060239323,,cycles,3216124303,100.00,,
2.311569756,10751,,rD044,3216812662,100.00,,
2.311569756,298512967,,rFF44,3216816202,100.00,,
2.311569756,46179184696,,instructions,3216904264,100.00,3.83,insn per cycle
2.311569756,12063446778,,cycles,3216942223,100.00,,
2.412080475,12566,,rD044,3216383582,100.00,,
2.412080475,293214950,,rFF44,3216488942,100.00,,
2.412080475,45532299952,,instructions,3216546772,100.00,3.77,insn per cycle
2.412080475,12061893805,,cycles,3216552852,100.00,,
2.512599114,10746,,rD044,3216406355,100.00,,
2.512599114,297276808,,rFF44,3216235624,100.00,,
2.512599114,46026209504,,instructions,3216165152,100.00,3.82,insn per cycle
2.512599114,12060226301,,cycles,3216080760,100.00,,
2.613104263,10863,,rD044,3216163371,100.00,,
2.613104263,299162756,,rFF44,3216221169,100.00,,
2.613104263,46253808938,,instructions,3215960794,100.00,3.84,insn per cycle
2.613104263,12059668339,,cycles,3215921566,100.00,,
2.713605232,11057,,rD044,3216095334,100.00,,
2.713605232,296604200,,rFF44,3216148637,100.00,,
2.713605232,45933834692,,instructions,3216308083,100.00,3.81,insn per cycle
2.713605232,12061316913,,cycles,3216362724,100.00,,
2.814117101,11203,,rD044,3216404496,100.00,,
2.814117101,297848325,,rFF44,3216443684,100.00,,
2.814117101,46107785628,,instructions,3216417803,100.00,3.82,insn per cycle
2.814117101,12061249388,,cycles,3216350282,100.00,,
2.914627580,10667,,rD044,3216029200,100.00,,
2.914627580,297641052,,rFF44,3215915389,100.00,,
2.914627580,46078430935,,instructions,3215989554,100.00,3.82,insn per cycle
2.914627580,12060133445,,cycles,3216079834,100.00,,
3.015134069,10806,,rD044,3216240784,100.00,,
3.015134069,298217543,,rFF44,3216356547,100.00,,
3.015134069,46152646231,,instructions,3216323098,100.00,3.83,insn per cycle
3.015134069,12060455716,,cycles,3216156514,100.00,,
3.115641018,12301,,rD044,3215818017,100.00,,
3.115641018,297235448,,rFF44,3215603194,100.00,,
3.115641018,45999259169,,instructions,3215552018,100.00,3.81,insn per cycle
3.115641018,12058408281,,cycles,3215630999,100.00,,
3.216140687,11689,,rD044,3216024479,100.00,,
3.216140687,293915937,,rFF44,3216084829,100.00,,
3.216140687,45605272438,,instructions,3216095444,100.00,3.78,insn per cycle
3.216140687,12060522744,,cycles,3216177867,100.00,,
3.316645686,10901,,rD044,3216015484,100.00,,
3.316645686,296901451,,rFF44,3216139667,100.00,,
3.316645686,45993305371,,instructions,3216301356,100.00,3.81,insn per cycle
3.316645686,12060881236,,cycles,3216272234,100.00,,
3.417156715,10312,,rD044,3216261027,100.00,,
3.417156715,297269740,,rFF44,3216220524,100.00,,
3.417156715,46014949223,,instructions,3215974290,100.00,3.82,insn per cycle
3.417156715,12059860789,,cycles,3216012461,100.00,,
3.517669004,10190,,rD044,3216324769,100.00,,
3.517669004,297219953,,rFF44,3216337513,100.00,,
3.517669004,46004533160,,instructions,3216434114,100.00,3.81,insn per cycle
3.517669004,12061040950,,cycles,3216288485,100.00,,
3.618171623,11165,,rD044,3216037774,100.00,,
3.618171623,297032682,,rFF44,3216009673,100.00,,
3.618171623,45994650093,,instructions,3216109798,100.00,3.81,insn per cycle
3.618171623,12060888548,,cycles,3216249034,100.00,,
3.718689212,11282,,rD044,3216585970,100.00,,
3.718689212,297028246,,rFF44,3216600364,100.00,,
3.718689212,45988892105,,instructions,3216559378,100.00,3.81,insn per cycle
3.718689212,12061951304,,cycles,3216531778,100.00,,
3.819201381,10867,,rD044,3216363129,100.00,,
3.819201381,297260894,,rFF44,3216341214,100.00,,
3.819201381,46031630853,,instructions,3216336174,100.00,3.82,insn per cycle
3.819201381,12061195072,,cycles,3216335508,100.00,,
3.919712300,10984,,rD044,3216234231,100.00,,
3.919712300,297562803,,rFF44,3216238284,100.00,,
3.919712300,46067080068,,instructions,3216251774,100.00,3.82,insn per cycle
3.919712300,12060365826,,cycles,3216127954,100.00,,
4.020216019,11971,,rD044,3215879683,100.00,,
4.020216019,294919209,,rFF44,3215790712,100.00,,
4.020216019,45707920071,,instructions,3215702382,100.00,3.79,insn per cycle
4.020216019,12058807158,,cycles,3215741798,100.00,,
4.120715178,13144,,rD044,3215751294,100.00,,
4.120715178,293993141,,rFF44,3215774494,100.00,,
4.120715178,45638306421,,instructions,3215780074,100.00,3.78,insn per cycle
4.120715178,12059370648,,cycles,3215889798,100.00,,
4.221218137,10476,,rD044,3215908653,100.00,,
4.221218137,296991562,,rFF44,3216025432,100.00,,
4.221218137,45990624081,,instructions,3216093431,100.00,3.81,insn per cycle
4.221218137,12060484212,,cycles,3216168964,100.00,,
4.321741826,10726,,rD044,3216769004,100.00,,
4.321741826,297295664,,rFF44,3216738204,100.00,,
4.321741826,46043840318,,instructions,3216734435,100.00,3.82,insn per cycle
4.321741826,12062204937,,cycles,3216621923,100.00,,
4.422250935,10439,,rD044,3216255980,100.00,,
4.422250935,298798270,,rFF44,3216215634,100.00,,
4.422250935,46209460911,,instructions,3216273124,100.00,3.83,insn per cycle
4.422250935,12061490388,,cycles,3216430483,100.00,,
4.522764445,10490,,rD044,3216264026,100.00,,
4.522764445,297540171,,rFF44,3216310750,100.00,,
4.522764445,46059099073,,instructions,3216210364,100.00,3.82,insn per cycle
4.522764445,12060057518,,cycles,3216037404,100.00,,
4.623266303,10594,,rD044,3216108174,100.00,,
4.623266303,298489081,,rFF44,3216106076,100.00,,
4.623266303,46170800173,,instructions,3216153794,100.00,3.83,insn per cycle
4.623266303,12061126343,,cycles,3216311904,100.00,,
4.723780233,10768,,rD044,3216496435,100.00,,
4.723780233,298004852,,rFF44,3216645404,100.00,,
4.723780233,46122669536,,instructions,3216685112,100.00,3.82,insn per cycle
4.723780233,12062049147,,cycles,3216558195,100.00,,
4.824295552,11599,,rD044,3216324390,100.00,,
4.824295552,296659041,,rFF44,3216047284,100.00,,
4.824295552,45920104657,,instructions,3215956073,100.00,3.81,insn per cycle
4.824295552,12060311586,,cycles,3216106770,100.00,,
4.933516122,13264,,rD044,3495222926,100.00,,
4.933516122,320506390,,rFF44,3495349623,100.00,,
4.933516122,49726345279,,instructions,3495451649,100.00,3.79,insn per cycle
4.933516122,13107418807,,cycles,3495356506,100.00,,
5.034034781,11533,,rD044,3216333615,100.00,,
5.034034781,297623683,,rFF44,3216335484,100.00,,
5.034034781,46076052006,,instructions,3216163469,100.00,3.82,insn per cycle
5.034034781,12060136526,,cycles,3216066872,100.00,,
5.134536640,12633,,rD044,3215946131,100.00,,
5.134536640,297163192,,rFF44,3215918922,100.00,,
5.134536640,46015335216,,instructions,3216184884,100.00,3.82,insn per cycle
5.134536640,12060749146,,cycles,3216242084,100.00,,
5.235049159,10369,,rD044,3216281144,100.00,,
5.235049159,296057528,,rFF44,3216276484,100.00,,
5.235049159,45862273286,,instructions,3216029469,100.00,3.80,insn per cycle
5.235049159,12059715941,,cycles,3215986634,100.00,,
5.335572958,10644,,rD044,3216528860,100.00,,
5.335572958,298182333,,rFF44,3216386274,100.00,,
5.335572958,46145090072,,instructions,3216480157,100.00,3.83,insn per cycle
5.335572958,12062110103,,cycles,3216596790,100.00,,
5.436074127,11600,,rD044,3216080276,100.00,,
5.436074127,298495961,,rFF44,3216214931,100.00,,
5.436074127,46199951611,,instructions,3216200844,100.00,3.83,insn per cycle
5.436074127,12060480893,,cycles,3216162196,100.00,,
5.536585946,11799,,rD044,3216224364,100.00,,
5.536585946,294012463,,rFF44,3216214055,100.00,,
5.536585946,45631525525,,instructions,3216312088,100.00,3.78,insn per cycle
5.536585946,12060772482,,cycles,3216218404,100.00,,
5.637100635,10910,,rD044,3216095480,100.00,,
5.637100635,298430930,,rFF44,3216073792,100.00,,
5.637100635,46166163673,,instructions,3216035576,100.00,3.83,insn per cycle
5.637100635,12059967343,,cycles,3216167984,100.00,,
5.737620385,10778,,rD044,3216795344,100.00,,
5.737620385,297197655,,rFF44,3216858941,100.00,,
5.737620385,46025072016,,instructions,3216821684,100.00,3.82,insn per cycle
5.737620385,12062536096,,cycles,3216688440,100.00,,
5.838125514,10242,,rD044,3216034744,100.00,,
5.838125514,297359541,,rFF44,3215996795,100.00,,
5.838125514,46034398636,,instructions,3215903655,100.00,3.82,insn per cycle
5.838125514,12059297438,,cycles,3215830704,100.00,,
5.938625403,10692,,rD044,3215897792,100.00,,
5.938625403,297083376,,rFF44,3215899231,100.00,,
5.938625403,46001608033,,instructions,3216086878,100.00,3.81,insn per cycle
5.938625403,12061039229,,cycles,3216324189,100.00,,
6.039141292,11274,,rD044,3216485881,100.00,,
6.039141292,298075465,,rFF44,3216534432,100.00,,
6.039141292,46120413882,,instructions,3216338654,100.00,3.82,insn per cycle
6.039141292,12060197314,,cycles,3216085774,100.00,,
6.139644981,12733,,rD044,3215929644,100.00,,
6.139644981,297600188,,rFF44,3215868314,100.00,,
6.139644981,46068687565,,instructions,3216003026,100.00,3.82,insn per cycle
6.139644981,12060164255,,cycles,3216082364,100.00,,
6.240147080,10864,,rD044,3215969396,100.00,,
6.240147080,296589330,,rFF44,3216116934,100.00,,
6.240147080,45934997927,,instructions,3216133800,100.00,3.81,insn per cycle
6.240147080,12060692059,,cycles,3216239773,100.00,,
6.340668519,11463,,rD044,3216625740,100.00,,
6.340668519,295330174,,rFF44,3216592194,100.00,,
6.340668519,45790382537,,instructions,3216584484,100.00,3.80,insn per cycle
6.340668519,12061902772,,cycles,3216534543,100.00,,
6.441178998,10807,,rD044,3216196133,100.00,,
6.441178998,297651583,,rFF44,3216102741,100.00,,
6.441178998,46073880074,,instructions,3216139261,100.00,3.82,insn per cycle
6.441178998,12060603601,,cycles,3216204303,100.00,,
6.541697237,11825,,rD044,3216613814,100.00,,
6.541697237,297386663,,rFF44,3216612864,100.00,,
6.541697237,46029488182,,instructions,3216484564,100.00,3.82,insn per cycle
6.541697237,12061101472,,cycles,3216304752,100.00,,
6.642195806,10655,,rD044,3215858194,100.00,,
6.642195806,296730341,,rFF44,3215810544,100.00,,
6.642195806,45963660350,,instructions,3215792684,100.00,3.81,insn per cycle
6.642195806,12059911729,,cycles,3215988134,100.00,,
6.742717585,10943,,rD044,3216759912,100.00,,
6.742717585,298336205,,rFF44,3216829429,100.00,,
6.742717585,46163586338,,instructions,3216857214,100.00,3.83,insn per cycle
6.742717585,12062734004,,cycles,3216740094,100.00,,
6.843223014,10549,,rD044,3216107354,100.00,,
6.843223014,296769338,,rFF44,3216068807,100.00,,
6.843223014,45984511919,,instructions,3216107793,100.00,3.81,insn per cycle
6.843223014,12061099929,,cycles,3216311594,100.00,,
6.943741993,11490,,rD044,3216157976,100.00,,
6.943741993,297492062,,rFF44,3216212674,100.00,,
6.943741993,46056252171,,instructions,3216158053,100.00,3.82,insn per cycle
6.943741993,12059088682,,cycles,3215929143,100.00,,
7.044247512,10917,,rD044,3216208749,100.00,,
7.044247512,297800653,,rFF44,3216267337,100.00,,
7.044247512,46099328907,,instructions,3216233043,100.00,3.82,insn per cycle
7.044247512,12061297720,,cycles,3216366892,100.00,,
7.144762881,13367,,rD044,3216216434,100.00,,
7.144762881,294042249,,rFF44,3216226418,100.00,,
7.144762881,45619587028,,instructions,3216263675,100.00,3.78,insn per cycle
7.144762881,12060368949,,cycles,3216163144,100.00,,
7.245269370,28351,,rD044,3211017817,100.00,,
7.245269370,278888171,,rFF44,3210603417,100.00,,
7.245269370,43727021925,,instructions,3210487814,100.00,3.63,insn per cycle
7.245269370,12038857303,,cycles,3210418885,100.00,,
7.259146082,177911,,rD044,339722037,100.00,,
7.259146082,1808971,,rFF44,336949327,100.00,,
7.259146082,1016055326,,instructions,334482827,100.00,0.82,insn per cycle
7.259146082,1244541993,,cycles,331960127,100.00,,
