0.100181454,172424,,rD044,10146160228,100.00,,
0.100181454,455027384,,rFF44,10273670696,100.00,,
0.100181454,51961523410,,instructions,10387549694,100.00,1.32,insn per cycle
0.100181454,39336957244,,cycles,10492947210,100.00,,
0.204451256,125413,,rD044,13339219363,100.00,,
0.204451256,804791687,,rFF44,13327603071,100.00,,
0.204451256,125113020812,,instructions,13286631174,100.00,2.52,insn per cycle
0.204451256,49701017337,,cycles,13253696261,100.00,,
0.307871117,143693,,rD044,13233831535,100.00,,
0.307871117,807731798,,rFF44,13231112323,100.00,,
0.307871117,126194551776,,instructions,13263299285,100.00,2.53,insn per cycle
0.307871117,49836980810,,cycles,13290637754,100.00,,
0.411669083,119811,,rD044,13289376028,100.00,,
0.411669083,814215615,,rFF44,13293361670,100.00,,
0.411669083,126660401047,,instructions,13292228203,100.00,2.54,insn per cycle
0.411669083,49842295709,,cycles,13291334189,100.00,,
0.515485930,114982,,rD044,13285671806,100.00,,
0.515485930,813605167,,rFF44,13283729364,100.00,,
0.515485930,126433966931,,instructions,13278105723,100.00,2.54,insn per cycle
0.515485930,49800032673,,cycles,13280972742,100.00,,
0.619261905,108067,,rD044,13280876154,100.00,,
0.619261905,815170817,,rFF44,13280421649,100.00,,
0.619261905,126762281688,,instructions,13290153965,100.00,2.54,insn per cycle
0.619261905,49837579654,,cycles,13290060762,100.00,,
0.723039071,94113,,rD044,13245247723,100.00,,
0.723039071,811633623,,rFF44,13242309104,100.00,,
0.723039071,126222376498,,instructions,13244456902,100.00,2.54,insn per cycle
0.723039071,49674753266,,cycles,13246668788,100.00,,
0.826595004,114271,,rD044,13290626514,100.00,,
0.826595004,817348232,,rFF44,13293257266,100.00,,
0.826595004,126805043865,,instructions,13284350867,100.00,2.55,insn per cycle
0.826595004,49764359056,,cycles,13270642109,100.00,,
0.929987165,123630,,rD044,13235109202,100.00,,
0.929987165,808191008,,rFF44,13232908911,100.00,,
0.929987165,125795045321,,instructions,13232481909,100.00,2.53,insn per cycle
0.929987165,49656193639,,cycles,13241832805,100.00,,
1.033820112,148534,,rD044,13293456299,100.00,,
1.033820112,788358942,,rFF44,13292459995,100.00,,
1.033820112,123706288377,,instructions,13296005812,100.00,2.48,insn per cycle
1.033820112,49894810172,,cycles,13305372298,100.00,,
1.137688419,101701,,rD044,13288751734,100.00,,
1.137688419,814025781,,rFF44,13293682760,100.00,,
1.137688419,126550585806,,instructions,13290546042,100.00,2.54,insn per cycle
1.137688419,49805944097,,cycles,13281819198,100.00,,
1.241487475,103389,,rD044,13290026889,100.00,,
1.241487475,817538802,,rFF44,13282438082,100.00,,
1.241487475,126354011863,,instructions,13236937214,100.00,2.55,insn per cycle
1.241487475,49583951375,,cycles,13222526185,100.00,,
1.344811705,127497,,rD044,13225221393,100.00,,
1.344811705,801479298,,rFF44,13237826270,100.00,,
1.344811705,125664847104,,instructions,13290398534,100.00,2.52,insn per cycle
1.344811705,49891528347,,cycles,13304601171,100.00,,
1.448688532,97369,,rD044,13294881205,100.00,,
1.448688532,807134231,,rFF44,13286074992,100.00,,
1.448688532,125685482369,,instructions,13273882310,100.00,2.53,insn per cycle
1.448688532,49747586040,,cycles,13266064732,100.00,,
1.552276775,123715,,rD044,13254814159,100.00,,
1.552276775,805508541,,rFF44,13260152979,100.00,,
1.552276775,125665196063,,instructions,13271522035,100.00,2.52,insn per cycle
1.552276775,49790564052,,cycles,13277597921,100.00,,
1.656024341,87619,,rD044,13252103670,100.00,,
1.656024341,809869646,,rFF44,13251007162,100.00,,
1.656024341,126024793705,,instructions,13253282645,100.00,2.53,insn per cycle
1.656024341,49721780073,,cycles,13259368942,100.00,,
1.759620535,105021,,rD044,13289655110,100.00,,
1.759620535,816479194,,rFF44,13290739589,100.00,,
1.759620535,126778517730,,instructions,13289643594,100.00,2.55,insn per cycle
1.759620535,49791700220,,cycles,13278583589,100.00,,
1.863125947,79196,,rD044,13245853978,100.00,,
1.863125947,812627480,,rFF44,13246272556,100.00,,
1.863125947,126290011280,,instructions,13245611055,100.00,2.54,insn per cycle
1.863125947,49725594904,,cycles,13260329539,100.00,,
1.967083635,99504,,rD044,13306499521,100.00,,
1.967083635,815891224,,rFF44,13322335088,100.00,,
1.967083635,126877945221,,instructions,13324927179,100.00,2.54,insn per cycle
1.967083635,49964817707,,cycles,13324233675,100.00,,
2.071259875,99545,,rD044,13330461395,100.00,,
2.071259875,817320337,,rFF44,13305667503,100.00,,
2.071259875,126873700585,,instructions,13294247565,100.00,2.55,insn per cycle
2.071259875,49830429993,,cycles,13288267555,100.00,,
2.174962590,104993,,rD044,13271317683,100.00,,
2.174962590,800517177,,rFF44,13272659142,100.00,,
2.174962590,125061164580,,instructions,13270851199,100.00,2.51,insn per cycle
2.174962590,49761660902,,cycles,13270109574,100.00,,
2.278662475,62289,,rD044,13274545017,100.00,,
2.278662475,816833983,,rFF44,13274849795,100.00,,
2.278662475,126486703223,,instructions,13244687579,100.00,2.55,insn per cycle
2.278662475,49609367187,,cycles,13229359405,100.00,,
2.382101207,62714,,rD044,13242833505,100.00,,
2.382101207,814098894,,rFF44,13251242077,100.00,,
2.382101207,126881228912,,instructions,13292153772,100.00,2.54,insn per cycle
2.382101207,49902561510,,cycles,13307430493,100.00,,
2.485969004,68945,,rD044,13290130016,100.00,,
2.485969004,815899280,,rFF44,13279685856,100.00,,
2.485969004,126635772286,,instructions,13270040452,100.00,2.55,insn per cycle
2.485969004,49746714169,,cycles,13265837712,100.00,,
2.589591928,62730,,rD044,13264042499,100.00,,
2.589591928,811094716,,rFF44,13265309861,100.00,,
2.589591928,126203987266,,instructions,13266588512,100.00,2.54,insn per cycle
2.589591928,49763344071,,cycles,13270455971,100.00,,
2.693344703,66577,,rD044,13278399455,100.00,,
2.693344703,817297325,,rFF44,13287326761,100.00,,
2.693344703,126939054808,,instructions,13288622897,100.00,2.55,insn per cycle
2.693344703,49850666766,,cycles,13293646392,100.00,,
2.797168569,323118,,rD044,13055417473,100.00,,
2.797168569,663265455,,rFF44,12936430672,100.00,,
2.797168569,107883557155,,instructions,12835334406,100.00,2.26,insn per cycle
2.797168569,47736275729,,cycles,12730148332,100.00,,
2.801521250,10816,,rD044,2367418,100.00,,
2.801521250,102826,,rFF44,2361778,100.00,,
2.801521250,5738497,,instructions,2356448,100.00,0.65,insn per cycle
2.801521250,8795697,,cycles,2351668,100.00,,
