0.100123186,79973,,rD044,5134927172,100.00,,
0.100123186,158918323,,rFF44,5158509992,100.00,,
0.100123186,4487455362,,instructions,5178786633,100.00,0.23,insn per cycle
0.100123186,19485763738,,cycles,5198429773,100.00,,
0.201734048,13916,,rD044,6500397682,100.00,,
0.201734048,374382607,,rFF44,6498351209,100.00,,
0.201734048,58002114093,,instructions,6496712336,100.00,2.38,insn per cycle
0.201734048,24355108273,,cycles,6494759427,100.00,,
0.303166728,18428,,rD044,6490645236,100.00,,
0.303166728,373272736,,rFF44,6489496862,100.00,,
0.303166728,57941309130,,instructions,6488846238,100.00,2.38,insn per cycle
0.303166728,24332661339,,cycles,6488796488,100.00,,
0.404561578,17502,,rD044,6488395047,100.00,,
0.404561578,375029788,,rFF44,6487643801,100.00,,
0.404561578,58230044039,,instructions,6487112550,100.00,2.39,insn per cycle
0.404561578,24327894173,,cycles,6487464733,100.00,,
0.505913457,15563,,rD044,6487851844,100.00,,
0.505913457,378856539,,rFF44,6489734592,100.00,,
0.505913457,58742626624,,instructions,6491461247,100.00,2.41,insn per cycle
0.505913457,24340342154,,cycles,6490801233,100.00,,
0.607320487,16711,,rD044,6489572894,100.00,,
0.607320487,379283757,,rFF44,6487853362,100.00,,
0.607320487,58824287537,,instructions,6485688187,100.00,2.42,insn per cycle
0.607320487,24321775900,,cycles,6485883828,100.00,,
0.708671207,17973,,rD044,6486315632,100.00,,
0.708671207,379661047,,rFF44,6486453611,100.00,,
0.708671207,58873393375,,instructions,6486724859,100.00,2.42,insn per cycle
0.708671207,24323346309,,cycles,6486257838,100.00,,
0.810019226,16463,,rD044,6482784423,100.00,,
0.810019226,379258221,,rFF44,6477242155,100.00,,
0.810019226,58707114794,,instructions,6471891026,100.00,2.41,insn per cycle
0.810019226,24311184471,,cycles,6482964348,100.00,,
0.911498227,16467,,rD044,6496969001,100.00,,
0.911498227,381156990,,rFF44,6502487266,100.00,,
0.911498227,59176640897,,instructions,6507613324,100.00,2.43,insn per cycle
0.911498227,24360943401,,cycles,6496316440,100.00,,
1.012808706,16111,,rD044,6483996934,100.00,,
1.012808706,379706930,,rFF44,6483878580,100.00,,
1.012808706,58883744809,,instructions,6484684303,100.00,2.42,insn per cycle
1.012808706,24323211307,,cycles,6486208681,100.00,,
1.114175595,22685,,rD044,6487430179,100.00,,
1.114175595,376006647,,rFF44,6488185848,100.00,,
1.114175595,58465955767,,instructions,6488393620,100.00,2.40,insn per cycle
1.114175595,24328084398,,cycles,6487790507,100.00,,
1.215572545,15905,,rD044,6487973599,100.00,,
1.215572545,381141455,,rFF44,6488086917,100.00,,
1.215572545,59016875736,,instructions,6487832234,100.00,2.43,insn per cycle
1.215572545,24330262844,,cycles,6488237537,100.00,,
1.316952095,16470,,rD044,6489105182,100.00,,
1.316952095,379257637,,rFF44,6491065355,100.00,,
1.316952095,58866359454,,instructions,6491000936,100.00,2.42,insn per cycle
1.316952095,24339267910,,cycles,6490609983,100.00,,
1.418380265,15362,,rD044,6490200361,100.00,,
1.418380265,379681008,,rFF44,6487815114,100.00,,
1.418380265,58891331205,,instructions,6487694922,100.00,2.42,insn per cycle
1.418380265,24327205258,,cycles,6487277491,100.00,,
1.519725564,17090,,rD044,6496941101,100.00,,
1.519725564,381065099,,rFF44,6507400149,100.00,,
1.519725564,59111910559,,instructions,6510004470,100.00,2.42,insn per cycle
1.519725564,24412449487,,cycles,6510066610,100.00,,
1.621458938,15021,,rD044,6498678649,100.00,,
1.621458938,381012191,,rFF44,6488097435,100.00,,
1.621458938,58986879109,,instructions,6486092002,100.00,2.42,insn per cycle
1.621458938,24325169431,,cycles,6486832840,100.00,,
1.722833258,15556,,rD044,6489163011,100.00,,
1.722833258,379798937,,rFF44,6490165623,100.00,,
1.722833258,58910115991,,instructions,6490403900,100.00,2.42,insn per cycle
1.722833258,24340340725,,cycles,6490844085,100.00,,
1.824251928,15946,,rD044,6490955475,100.00,,
1.824251928,380158834,,rFF44,6489488991,100.00,,
1.824251928,58942901363,,instructions,6488192906,100.00,2.42,insn per cycle
1.824251928,24326847048,,cycles,6487183783,100.00,,
1.925599987,14622,,rD044,6485598139,100.00,,
1.925599987,380532088,,rFF44,6486264747,100.00,,
1.925599987,58937471551,,instructions,6487520873,100.00,2.42,insn per cycle
1.925599987,24332398504,,cycles,6488663347,100.00,,
2.026996637,15780,,rD044,6488860840,100.00,,
2.026996637,379711299,,rFF44,6490233744,100.00,,
2.026996637,58913337616,,instructions,6490584802,100.00,2.42,insn per cycle
2.026996637,24339113454,,cycles,6490452043,100.00,,
2.128423327,17936,,rD044,6491550072,100.00,,
2.128423327,376572164,,rFF44,6490795809,100.00,,
2.128423327,58552494237,,instructions,6489456557,100.00,2.41,insn per cycle
2.128423327,24334048905,,cycles,6489134512,100.00,,
2.229811887,16668,,rD044,6488735368,100.00,,
2.229811887,378798851,,rFF44,6489192316,100.00,,
2.229811887,58809443388,,instructions,6490651442,100.00,2.42,insn per cycle
2.229811887,24339242354,,cycles,6490635463,100.00,,
2.331239487,16483,,rD044,6491009427,100.00,,
2.331239487,380879526,,rFF44,6490811136,100.00,,
2.331239487,58987521701,,instructions,6489585941,100.00,2.42,insn per cycle
2.331239487,24333958118,,cycles,6489135460,100.00,,
2.432635857,14797,,rD044,6488684379,100.00,,
2.432635857,379377552,,rFF44,6488128915,100.00,,
2.432635857,58853228648,,instructions,6488898198,100.00,2.42,insn per cycle
2.432635857,24334121626,,cycles,6489123749,100.00,,
2.534033727,15312,,rD044,6490057075,100.00,,
2.534033727,379736374,,rFF44,6492061211,100.00,,
2.534033727,58907339501,,instructions,6491835918,100.00,2.42,insn per cycle
2.534033727,24343516170,,cycles,6491727058,100.00,,
2.635468737,14537,,rD044,6490324394,100.00,,
2.635468737,380856335,,rFF44,6487463790,100.00,,
2.635468737,58977041652,,instructions,6486550711,100.00,2.42,insn per cycle
2.635468737,24329005849,,cycles,6487833525,100.00,,
2.736854227,16071,,rD044,6489287356,100.00,,
2.736854227,380420025,,rFF44,6490225233,100.00,,
2.736854227,58988139167,,instructions,6490346811,100.00,2.42,insn per cycle
2.736854227,24333998872,,cycles,6489128847,100.00,,
2.838232656,15029,,rD044,6487544288,100.00,,
2.838232656,379923328,,rFF44,6486665689,100.00,,
2.838232656,58918044201,,instructions,6486697831,100.00,2.42,insn per cycle
2.838232656,24322883407,,cycles,6486131259,100.00,,
2.939592216,16024,,rD044,6485974120,100.00,,
2.939592216,379995196,,rFF44,6486973051,100.00,,
2.939592216,58923832612,,instructions,6487971910,100.00,2.42,insn per cycle
2.939592216,24331488546,,cycles,6488768356,100.00,,
3.040990746,14022,,rD044,6489314921,100.00,,
3.040990746,381256392,,rFF44,6489578930,100.00,,
3.040990746,59049890895,,instructions,6489741833,100.00,2.43,insn per cycle
3.040990746,24335343251,,cycles,6489448089,100.00,,
3.142382825,15742,,rD044,6488300467,100.00,,
3.142382825,379780028,,rFF44,6487424793,100.00,,
3.142382825,58888668427,,instructions,6486979280,100.00,2.42,insn per cycle
3.142382825,24325204891,,cycles,6486828420,100.00,,
3.243750974,15027,,rD044,6487363168,100.00,,
3.243750974,380030886,,rFF44,6487749288,100.00,,
3.243750974,58920844064,,instructions,6487394590,100.00,2.42,insn per cycle
3.243750974,24327081416,,cycles,6487417556,100.00,,
3.345132044,15686,,rD044,6486252005,100.00,,
3.345132044,380025359,,rFF44,6480121651,100.00,,
3.345132044,58820158775,,instructions,6473687466,100.00,2.43,insn per cycle
3.345132044,24252298704,,cycles,6467340464,100.00,,
3.446207120,15018,,rD044,6471585338,100.00,,
3.446207120,379507097,,rFF44,6477624934,100.00,,
3.446207120,58887430286,,instructions,6483617215,100.00,2.42,insn per cycle
3.446207120,24335643064,,cycles,6489523698,100.00,,
3.547577099,15513,,rD044,6486423167,100.00,,
3.547577099,379327966,,rFF44,6485864474,100.00,,
3.547577099,58845985885,,instructions,6485924848,100.00,2.42,insn per cycle
3.547577099,24325382668,,cycles,6486827999,100.00,,
3.648959069,16005,,rD044,6487959701,100.00,,
3.648959069,380024779,,rFF44,6489407920,100.00,,
3.648959069,58932771708,,instructions,6489744522,100.00,2.42,insn per cycle
3.648959069,24333743709,,cycles,6489197113,100.00,,
3.750345299,14583,,rD044,6488844001,100.00,,
3.750345299,380999257,,rFF44,6486824494,100.00,,
3.750345299,59009845854,,instructions,6486809269,100.00,2.43,insn per cycle
3.750345299,24324350326,,cycles,6486531669,100.00,,
3.851693148,15196,,rD044,6486626513,100.00,,
3.851693148,379221594,,rFF44,6488054355,100.00,,
3.851693148,58842885880,,instructions,6489030508,100.00,2.42,insn per cycle
3.851693148,24338584078,,cycles,6490311763,100.00,,
3.953113168,14906,,rD044,6491464799,100.00,,
3.953113168,379929341,,rFF44,6491953378,100.00,,
3.953113168,58915109604,,instructions,6490587763,100.00,2.42,insn per cycle
3.953113168,24334845315,,cycles,6489316227,100.00,,
4.054503138,16588,,rD044,6491776394,100.00,,
4.054503138,380111608,,rFF44,6493876926,100.00,,
4.054503138,58962074650,,instructions,6495049571,100.00,2.42,insn per cycle
4.054503138,24358036940,,cycles,6495496482,100.00,,
4.155992249,14484,,rD044,6490848058,100.00,,
4.155992249,380876398,,rFF44,6488816508,100.00,,
4.155992249,58985896478,,instructions,6488661246,100.00,2.42,insn per cycle
4.155992249,24331349342,,cycles,6488482627,100.00,,
4.257400729,15190,,rD044,6489776534,100.00,,
4.257400729,379850134,,rFF44,6488218004,100.00,,
4.257400729,58897078222,,instructions,6488066105,100.00,2.42,insn per cycle
4.257400729,24334266303,,cycles,6489241060,100.00,,
4.358786009,14597,,rD044,6489604335,100.00,,
4.358786009,379694064,,rFF44,6490989154,100.00,,
4.358786009,58902324368,,instructions,6491402094,100.00,2.42,insn per cycle
4.358786009,24338470305,,cycles,6490340817,100.00,,
4.460195319,15136,,rD044,6489134971,100.00,,
4.460195319,381191465,,rFF44,6487937102,100.00,,
4.460195319,59024603647,,instructions,6487986743,100.00,2.43,insn per cycle
4.460195319,24331894755,,cycles,6488549030,100.00,,
4.561590488,14912,,rD044,6488976441,100.00,,
4.561590488,379561595,,rFF44,6490114334,100.00,,
4.561590488,58881231150,,instructions,6489736861,100.00,2.42,insn per cycle
4.561590488,24333870927,,cycles,6489123458,100.00,,
4.662981448,15229,,rD044,6487852268,100.00,,
4.662981448,379984360,,rFF44,6486387599,100.00,,
4.662981448,58915103071,,instructions,6486278592,100.00,2.42,insn per cycle
4.662981448,24328480675,,cycles,6487772495,100.00,,
4.764378628,15655,,rD044,6489868842,100.00,,
4.764378628,380086560,,rFF44,6489859761,100.00,,
4.764378628,58938191464,,instructions,6489599600,100.00,2.42,insn per cycle
4.764378628,24334647327,,cycles,6489262390,100.00,,
4.865763758,14345,,rD044,6489165301,100.00,,
4.865763758,381060285,,rFF44,6489388830,100.00,,
4.865763758,58998413506,,instructions,6488513327,100.00,2.43,insn per cycle
4.865763758,24324315887,,cycles,6486509070,100.00,,
4.967108717,14717,,rD044,6486834392,100.00,,
4.967108717,380044104,,rFF44,6488417076,100.00,,
4.967108717,58937275316,,instructions,6489305269,100.00,2.42,insn per cycle
4.967108717,24337511170,,cycles,6490027590,100.00,,
5.068531147,17459,,rD044,6490008264,100.00,,
5.068531147,380145044,,rFF44,6489567989,100.00,,
5.068531147,58947969283,,instructions,6490602151,100.00,2.42,insn per cycle
5.068531147,24341984028,,cycles,6491219045,100.00,,
5.169946467,15044,,rD044,6490544926,100.00,,
5.169946467,380822350,,rFF44,6489573713,100.00,,
5.169946467,58941345422,,instructions,6484251606,100.00,2.43,insn per cycle
5.169946467,24294043612,,cycles,6478567234,100.00,,
5.271124415,15480,,rD044,6474279016,100.00,,
5.271124415,378850788,,rFF44,6474529677,100.00,,
5.271124415,58791149710,,instructions,6478779160,100.00,2.42,insn per cycle
5.271124415,24316137725,,cycles,6484390721,100.00,,
5.372521455,15194,,rD044,6489381062,100.00,,
5.372521455,379054315,,rFF44,6489435879,100.00,,
5.372521455,58811851658,,instructions,6489282439,100.00,2.42,insn per cycle
5.372521455,24332394360,,cycles,6488705406,100.00,,
5.473881614,15061,,rD044,6487676048,100.00,,
5.473881614,380093196,,rFF44,6488058884,100.00,,
5.473881614,58932645348,,instructions,6487971654,100.00,2.42,insn per cycle
5.473881614,24330020552,,cycles,6488023246,100.00,,
5.575273504,15688,,rD044,6486871324,100.00,,
5.575273504,380686384,,rFF44,6486124633,100.00,,
5.575273504,58953806490,,instructions,6486589795,100.00,2.42,insn per cycle
5.575273504,24324234311,,cycles,6486730834,100.00,,
5.676644163,15212,,rD044,6487726126,100.00,,
5.676644163,379995940,,rFF44,6488959560,100.00,,
5.676644163,58914128444,,instructions,6488122557,100.00,2.42,insn per cycle
5.676644163,24327860269,,cycles,6487565624,100.00,,
5.778018613,16796,,rD044,6477892512,100.00,,
5.778018613,338994764,,rFF44,6469213712,100.00,,
5.778018613,54411592818,,instructions,6462962292,100.00,2.25,insn per cycle
5.778018613,24209224582,,cycles,6455871431,100.00,,
5.786983036,15323,,rD044,327352918,100.00,,
5.786983036,1223744,,rFF44,314786631,100.00,,
5.786983036,887740790,,instructions,303717649,100.00,0.81,insn per cycle
5.786983036,1100578618,,cycles,293551890,100.00,,
