0.100303545,186086,,rD044,10154347074,100.00,,
0.100303545,445159242,,rFF44,10272702796,100.00,,
0.100303545,50116831519,,instructions,10379640664,100.00,1.28,insn per cycle
0.100303545,39294405718,,cycles,10481612654,100.00,,
0.204595416,117838,,rD044,13333075925,100.00,,
0.204595416,802923291,,rFF44,13333988622,100.00,,
0.204595416,125445286058,,instructions,13337015458,100.00,2.51,insn per cycle
0.204595416,49996315232,,cycles,13332448444,100.00,,
0.308160609,138732,,rD044,13250723256,100.00,,
0.308160609,808466549,,rFF44,13245183437,100.00,,
0.308160609,125965798925,,instructions,13239226185,100.00,2.54,insn per cycle
0.308160609,49675096862,,cycles,13246747405,100.00,,
0.411995005,130482,,rD044,13288730686,100.00,,
0.411995005,812516657,,rFF44,13288211905,100.00,,
0.411995005,126575319494,,instructions,13294617400,100.00,2.54,insn per cycle
0.411995005,49858932883,,cycles,13295802172,100.00,,
0.515868191,125893,,rD044,13297983024,100.00,,
0.515868191,813943187,,rFF44,13300224194,100.00,,
0.515868191,126586129590,,instructions,13292816971,100.00,2.54,insn per cycle
0.515868191,49839081660,,cycles,13290508513,100.00,,
0.619760817,102935,,rD044,13297374212,100.00,,
0.619760817,814183220,,rFF44,13301990476,100.00,,
0.619760817,126748050106,,instructions,13309598015,100.00,2.54,insn per cycle
0.619760817,49911999347,,cycles,13310185184,100.00,,
0.723678694,105389,,rD044,13301651593,100.00,,
0.723678694,815330379,,rFF44,13271136842,100.00,,
0.723678694,126397961607,,instructions,13256880191,100.00,2.54,insn per cycle
0.723678694,49837230506,,cycles,13289999855,100.00,,
0.827449379,141933,,rD044,13287222990,100.00,,
0.827449379,815708875,,rFF44,13315429846,100.00,,
0.827449379,127052019641,,instructions,13318848923,100.00,2.55,insn per cycle
0.827449379,49787526210,,cycles,13276790192,100.00,,
0.931232295,121586,,rD044,13281286432,100.00,,
0.931232295,813792433,,rFF44,13269941361,100.00,,
0.931232295,126517921371,,instructions,13265921925,100.00,2.54,insn per cycle
0.931232295,49779734711,,cycles,13274643548,100.00,,
1.034945589,169555,,rD044,13268407304,100.00,,
1.034945589,775102456,,rFF44,13270439652,100.00,,
1.034945589,122281062587,,instructions,13275909394,100.00,2.46,insn per cycle
1.034945589,49769210243,,cycles,13272616626,100.00,,
1.138691054,100190,,rD044,13266098889,100.00,,
1.138691054,809411875,,rFF44,13212704696,100.00,,
1.138691054,125199058624,,instructions,13169202812,100.00,2.52,insn per cycle
1.138691054,49637418453,,cycles,13236744026,100.00,,
1.242122445,99750,,rD044,13258822246,100.00,,
1.242122445,815650309,,rFF44,13322483420,100.00,,
1.242122445,127552021488,,instructions,13368305584,100.00,2.56,insn per cycle
1.242122445,49872372773,,cycles,13299412824,100.00,,
1.346093093,126967,,rD044,13298624845,100.00,,
1.346093093,804490599,,rFF44,13293786592,100.00,,
1.346093093,125653793885,,instructions,13305400675,100.00,2.52,insn per cycle
1.346093093,49925126431,,cycles,13313498020,100.00,,
1.450126031,116656,,rD044,13323348650,100.00,,
1.450126031,817316224,,rFF44,13322694517,100.00,,
1.450126031,126998587327,,instructions,13313870699,100.00,2.54,insn per cycle
1.450126031,49933542701,,cycles,13315740963,100.00,,
1.554079708,140312,,rD044,13301307829,100.00,,
1.554079708,804937761,,rFF44,13300845306,100.00,,
1.554079708,125577803085,,instructions,13294331340,100.00,2.52,insn per cycle
1.554079708,49819474106,,cycles,13285330984,100.00,,
1.657851583,120158,,rD044,13264166366,100.00,,
1.657851583,808528525,,rFF44,13203678048,100.00,,
1.657851583,124926062086,,instructions,13148095021,100.00,2.55,insn per cycle
1.657851583,49077954453,,cycles,13087654158,100.00,,
1.759671026,133577,,rD044,13053768515,100.00,,
1.759671026,790146792,,rFF44,13116419164,100.00,,
1.759671026,124409589070,,instructions,13179281096,100.00,2.50,insn per cycle
1.759671026,49666691865,,cycles,13244597088,100.00,,
1.863555492,126018,,rD044,13292150200,100.00,,
1.863555492,813605445,,rFF44,13288311095,100.00,,
1.863555492,126510588042,,instructions,13282314272,100.00,2.54,insn per cycle
1.863555492,49783186170,,cycles,13275725977,100.00,,
1.967259006,96524,,rD044,13271286056,100.00,,
1.967259006,813651461,,rFF44,13271193468,100.00,,
1.967259006,126557566078,,instructions,13273686696,100.00,2.54,insn per cycle
1.967259006,49780033489,,cycles,13274726048,100.00,,
2.071227294,126597,,rD044,13330641452,100.00,,
2.071227294,813765599,,rFF44,13330487539,100.00,,
2.071227294,126664484047,,instructions,13327045173,100.00,2.53,insn per cycle
2.071227294,49986260740,,cycles,13329730101,100.00,,
2.175180141,112211,,rD044,13289835414,100.00,,
2.175180141,814105279,,rFF44,13297511774,100.00,,
2.175180141,126350248312,,instructions,13274249309,100.00,2.54,insn per cycle
2.175180141,49722843376,,cycles,13259637698,100.00,,
2.279121518,116873,,rD044,13301268113,100.00,,
2.279121518,800336608,,rFF44,13293249843,100.00,,
2.279121518,125406998781,,instructions,13318200957,100.00,2.51,insn per cycle
2.279121518,49997688994,,cycles,13333003826,100.00,,
2.383016335,71471,,rD044,13297444955,100.00,,
2.383016335,817821864,,rFF44,13303079116,100.00,,
2.383016335,127129564550,,instructions,13309283301,100.00,2.55,insn per cycle
2.383016335,49902566047,,cycles,13307507844,100.00,,
2.486890371,82133,,rD044,13299711660,100.00,,
2.486890371,813846400,,rFF44,13298212003,100.00,,
2.486890371,126509118636,,instructions,13287786294,100.00,2.54,insn per cycle
2.486890371,49807716125,,cycles,13282340482,100.00,,
2.590635326,76596,,rD044,13273542278,100.00,,
2.590635326,814762388,,rFF44,13284122046,100.00,,
2.590635326,126749540196,,instructions,13292576289,100.00,2.54,insn per cycle
2.590635326,49854566925,,cycles,13294796104,100.00,,
2.694498652,79015,,rD044,13282926086,100.00,,
2.694498652,810928747,,rFF44,13247419412,100.00,,
2.694498652,126438000843,,instructions,13279657211,100.00,2.54,insn per cycle
2.694498652,49791166388,,cycles,13277815975,100.00,,
2.798136876,182488,,rD044,13233540683,100.00,,
2.798136876,698721515,,rFF44,13192081998,100.00,,
2.798136876,112731506733,,instructions,13095861512,100.00,2.31,insn per cycle
2.798136876,48901004009,,cycles,13040637292,100.00,,
2.807954220,178442,,rD044,507121993,100.00,,
2.807954220,1420712,,rFF44,458879558,100.00,,
2.807954220,1035079181,,instructions,416785359,100.00,0.73,insn per cycle
2.807954220,1409909340,,cycles,376154723,100.00,,
