0.100119139,13828,,rD044,87550109,100.00,,
0.100119139,22864000,,rFF44,87555439,100.00,,
0.100119139,491221610,,instructions,87560509,100.00,1.52,insn per cycle
0.100119139,324200121,,cycles,87566219,100.00,,
0.200349599,1083,,rD044,100227626,100.00,,
0.200349599,28391481,,rFF44,100228286,100.00,,
0.200349599,597428206,,instructions,100227616,100.00,1.59,insn per cycle
0.200349599,375847136,,cycles,100226326,100.00,,
0.300539429,2133,,rD044,100187816,100.00,,
0.300539429,30946023,,rFF44,100187446,100.00,,
0.300539429,420581615,,instructions,100187916,100.00,1.12,insn per cycle
0.300539429,375702534,,cycles,100187686,100.00,,
0.400729059,2541,,rD044,100189595,100.00,,
0.400729059,37509126,,rFF44,100190335,100.00,,
0.400729059,46335698,,instructions,100189975,100.00,0.12,insn per cycle
0.400729059,375709355,,cycles,100190465,100.00,,
0.500935399,23299,,rD044,400521191,100.00,,
0.500935399,53377044,,rFF44,400771231,100.00,,
0.500935399,4974276575,,instructions,400948241,100.00,3.31,insn per cycle
0.500935399,1503501043,,cycles,401123571,100.00,,
0.601214359,32343,,rD044,802137177,100.00,,
0.601214359,75411905,,rFF44,802107697,100.00,,
0.601214359,11626482885,,instructions,802097957,100.00,3.87,insn per cycle
0.601214359,3007784030,,cycles,802085267,100.00,,
0.701478820,34013,,rD044,802017922,100.00,,
0.701478820,72548300,,rFF44,802015728,100.00,,
0.701478820,11255453501,,instructions,802006348,100.00,3.74,insn per cycle
0.701478820,3007474703,,cycles,802003868,100.00,,
0.801737511,29492,,rD044,802018186,100.00,,
0.801737511,74647758,,rFF44,802008290,100.00,,
0.801737511,11515013723,,instructions,802007290,100.00,3.83,insn per cycle
0.801737511,3007482342,,cycles,802003874,100.00,,
0.901998971,34374,,rD044,802087688,100.00,,
0.901998971,71975187,,rFF44,802106118,100.00,,
0.901998971,11162401497,,instructions,802114518,100.00,3.71,insn per cycle
0.901998971,3007934311,,cycles,802119874,100.00,,
1.002261802,28202,,rD044,801993198,100.00,,
1.002261802,74317834,,rFF44,801972288,100.00,,
1.002261802,11464345923,,instructions,801965918,100.00,3.81,insn per cycle
1.002261802,3007269062,,cycles,801952808,100.00,,
1.102519133,32632,,rD044,802032398,100.00,,
1.102519133,71825559,,rFF44,802030968,100.00,,
1.102519133,11173860468,,instructions,802026238,100.00,3.72,insn per cycle
1.102519133,3007609508,,cycles,802038248,100.00,,
1.202773963,28880,,rD044,801955960,100.00,,
1.202773963,74715194,,rFF44,801961636,100.00,,
1.202773963,11523170834,,instructions,801967488,100.00,3.83,insn per cycle
1.202773963,3007316605,,cycles,801959958,100.00,,
1.303031404,32872,,rD044,802055468,100.00,,
1.303031404,72510969,,rFF44,802052822,100.00,,
1.303031404,11238322740,,instructions,802055230,100.00,3.74,insn per cycle
1.303031404,3007703378,,cycles,802057140,100.00,,
1.403296285,30737,,rD044,802050548,100.00,,
1.403296285,74142858,,rFF44,802052528,100.00,,
1.403296285,11428490818,,instructions,802046468,100.00,3.80,insn per cycle
1.403296285,3007655741,,cycles,802049438,100.00,,
1.503554925,34959,,rD044,802065578,100.00,,
1.503554925,72011621,,rFF44,802063438,100.00,,
1.503554925,11188108959,,instructions,802068348,100.00,3.72,insn per cycle
1.503554925,3007743392,,cycles,802067798,100.00,,
1.603812886,32559,,rD044,801952538,100.00,,
1.603812886,72453600,,rFF44,801955478,100.00,,
1.603812886,11234780815,,instructions,801958068,100.00,3.74,insn per cycle
1.603812886,3007266718,,cycles,801962848,100.00,,
1.704077857,35438,,rD044,801973280,100.00,,
1.704077857,74255014,,rFF44,801965094,100.00,,
1.704077857,11465488655,,instructions,801961758,100.00,3.81,insn per cycle
1.704077857,3007250543,,cycles,801961928,100.00,,
1.804329897,32643,,rD044,801968968,100.00,,
1.804329897,71928420,,rFF44,801976604,100.00,,
1.804329897,11186967745,,instructions,801973740,100.00,3.72,insn per cycle
1.804329897,3007341780,,cycles,801966510,100.00,,
1.904587618,29269,,rD044,802061448,100.00,,
1.904587618,75145930,,rFF44,802063088,100.00,,
1.904587618,11574330398,,instructions,802074198,100.00,3.85,insn per cycle
1.904587618,3007809169,,cycles,802085408,100.00,,
2.004847458,31727,,rD044,801975768,100.00,,
2.004847458,70181936,,rFF44,801967428,100.00,,
2.004847458,10959771871,,instructions,801951588,100.00,3.64,insn per cycle
2.004847458,3007201513,,cycles,801936898,100.00,,
2.105108159,29199,,rD044,802044067,100.00,,
2.105108159,74624141,,rFF44,802044848,100.00,,
2.105108159,11490343581,,instructions,802047808,100.00,3.82,insn per cycle
2.105108159,3007660117,,cycles,802051508,100.00,,
2.205361440,31757,,rD044,801962200,100.00,,
2.205361440,71181894,,rFF44,801971639,100.00,,
2.205361440,11080685001,,instructions,801972742,100.00,3.68,insn per cycle
2.205361440,3007367181,,cycles,801972797,100.00,,
2.305619460,29482,,rD044,802061628,100.00,,
2.305619460,74443471,,rFF44,802053278,100.00,,
2.305619460,11467746979,,instructions,802065665,100.00,3.81,insn per cycle
2.305619460,3007763871,,cycles,802073640,100.00,,
2.405880191,31776,,rD044,802007448,100.00,,
2.405880191,70446580,,rFF44,802007568,100.00,,
2.405880191,10977031397,,instructions,802014918,100.00,3.65,insn per cycle
2.405880191,3007629553,,cycles,802043218,100.00,,
2.506142732,30731,,rD044,802080198,100.00,,
2.506142732,75019345,,rFF44,802079208,100.00,,
2.506142732,11558410894,,instructions,802067248,100.00,3.84,insn per cycle
2.506142732,3007636809,,cycles,802039638,100.00,,
2.606400202,33422,,rD044,802034874,100.00,,
2.606400202,70213992,,rFF44,802043728,100.00,,
2.606400202,10973280626,,instructions,802041968,100.00,3.65,insn per cycle
2.606400202,3007579298,,cycles,802039928,100.00,,
2.706659443,28807,,rD044,801928174,100.00,,
2.706659443,74529596,,rFF44,801929250,100.00,,
2.706659443,11486231648,,instructions,801936740,100.00,3.82,insn per cycle
2.706659443,3007225487,,cycles,801943358,100.00,,
2.806925074,31598,,rD044,802138168,100.00,,
2.806925074,67538585,,rFF44,802169128,100.00,,
2.806925074,10647631089,,instructions,802151968,100.00,3.54,insn per cycle
2.806925074,3008022862,,cycles,802142240,100.00,,
2.907192474,28562,,rD044,801980788,100.00,,
2.907192474,75254174,,rFF44,801957178,100.00,,
2.907192474,11602887489,,instructions,801960228,100.00,3.86,insn per cycle
2.907192474,3007123501,,cycles,801961868,100.00,,
3.007452465,33263,,rD044,802019138,100.00,,
3.007452465,72900985,,rFF44,802002548,100.00,,
3.007452465,11307791489,,instructions,802000368,100.00,3.76,insn per cycle
3.007452465,3007419573,,cycles,802001878,100.00,,
3.107710046,29068,,rD044,801968745,100.00,,
3.107710046,75606002,,rFF44,801982878,100.00,,
3.107710046,11663152999,,instructions,801986318,100.00,3.88,insn per cycle
3.107710046,3007379708,,cycles,801982228,100.00,,
3.207969826,32515,,rD044,802059923,100.00,,
3.207969826,73702272,,rFF44,802048220,100.00,,
3.207969826,11406216729,,instructions,802047410,100.00,3.79,insn per cycle
3.207969826,3007677861,,cycles,802050348,100.00,,
3.308225287,29304,,rD044,801990408,100.00,,
3.308225287,74877737,,rFF44,801993498,100.00,,
3.308225287,11552032455,,instructions,801993158,100.00,3.84,insn per cycle
3.308225287,3007432043,,cycles,801989940,100.00,,
3.408485367,32588,,rD044,802057548,100.00,,
3.408485367,72207541,,rFF44,802059488,100.00,,
3.408485367,11221454738,,instructions,802054588,100.00,3.73,insn per cycle
3.408485367,3007640727,,cycles,802046078,100.00,,
3.508743338,31354,,rD044,801987908,100.00,,
3.508743338,74931301,,rFF44,801980348,100.00,,
3.508743338,11553884181,,instructions,801987798,100.00,3.84,insn per cycle
3.508743338,3007455149,,cycles,801995838,100.00,,
3.609003029,34404,,rD044,802074800,100.00,,
3.609003029,72389447,,rFF44,802080908,100.00,,
3.609003029,11240679794,,instructions,802080318,100.00,3.74,insn per cycle
3.609003029,3007771212,,cycles,802075038,100.00,,
3.709260699,29939,,rD044,801890177,100.00,,
3.709260699,75564797,,rFF44,801888459,100.00,,
3.709260699,11645593241,,instructions,801889039,100.00,3.87,insn per cycle
3.709260699,3007044998,,cycles,801895370,100.00,,
3.809519400,32936,,rD044,802068818,100.00,,
3.809519400,73208353,,rFF44,802072018,100.00,,
3.809519400,11344507231,,instructions,802071398,100.00,3.77,insn per cycle
3.809519400,3007755007,,cycles,802071337,100.00,,
3.909779831,32322,,rD044,802027018,100.00,,
3.909779831,72098840,,rFF44,802033228,100.00,,
3.909779831,11203170045,,instructions,802028398,100.00,3.73,insn per cycle
3.909779831,3007544339,,cycles,802019698,100.00,,
4.010038311,28962,,rD044,802046448,100.00,,
4.010038311,74946067,,rFF44,802043968,100.00,,
4.010038311,11545409134,,instructions,802055048,100.00,3.84,insn per cycle
4.010038311,3007733057,,cycles,802064778,100.00,,
4.110299162,33029,,rD044,801946230,100.00,,
4.110299162,72515105,,rFF44,801937904,100.00,,
4.110299162,11242264892,,instructions,801927578,100.00,3.74,insn per cycle
4.110299162,3007077481,,cycles,801915898,100.00,,
4.210553662,29442,,rD044,802041538,100.00,,
4.210553662,75140226,,rFF44,802049484,100.00,,
4.210553662,11571627463,,instructions,802058590,100.00,3.85,insn per cycle
4.210553662,3007772235,,cycles,802074740,100.00,,
4.310817663,32394,,rD044,802034587,100.00,,
4.310817663,72387385,,rFF44,802035077,100.00,,
4.310817663,11232409613,,instructions,802017967,100.00,3.73,insn per cycle
4.310817663,3007484931,,cycles,802004617,100.00,,
4.411107014,29331,,rD044,802295788,100.00,,
4.411107014,75137384,,rFF44,802292358,100.00,,
4.411107014,11575381021,,instructions,802307788,100.00,3.85,insn per cycle
4.411107014,3008661963,,cycles,802318568,100.00,,
4.511368125,32733,,rD044,802002558,100.00,,
4.511368125,69662128,,rFF44,802003688,100.00,,
4.511368125,10898414053,,instructions,802002738,100.00,3.62,insn per cycle
4.511368125,3007430708,,cycles,801989588,100.00,,
4.611623315,30238,,rD044,801972651,100.00,,
4.611623315,75183581,,rFF44,801973947,100.00,,
4.611623315,11585445892,,instructions,801966907,100.00,3.85,insn per cycle
4.611623315,3007371132,,cycles,801976267,100.00,,
4.711884666,34204,,rD044,802008476,100.00,,
4.711884666,73841737,,rFF44,802005560,100.00,,
4.711884666,11422863877,,instructions,802037160,100.00,3.80,insn per cycle
4.711884666,3007706194,,cycles,802062747,100.00,,
4.812147457,29633,,rD044,802102408,100.00,,
4.812147457,74715830,,rFF44,802105438,100.00,,
4.812147457,11521961169,,instructions,802081738,100.00,3.83,insn per cycle
4.812147457,3007703217,,cycles,802057311,100.00,,
4.912408567,32846,,rD044,802034768,100.00,,
4.912408567,73090470,,rFF44,802036038,100.00,,
4.912408567,11317647233,,instructions,802037608,100.00,3.76,insn per cycle
4.912408567,3007608032,,cycles,802037058,100.00,,
5.012671858,29194,,rD044,802098938,100.00,,
5.012671858,74707333,,rFF44,802093238,100.00,,
5.012671858,11525750958,,instructions,802095758,100.00,3.83,insn per cycle
5.012671858,3007873246,,cycles,802101688,100.00,,
5.112934759,32407,,rD044,801996923,100.00,,
5.112934759,71996809,,rFF44,802006477,100.00,,
5.112934759,11175152372,,instructions,801989277,100.00,3.72,insn per cycle
5.112934759,3007314000,,cycles,801972967,100.00,,
5.213193669,28654,,rD044,802025524,100.00,,
5.213193669,74539494,,rFF44,802013520,100.00,,
5.213193669,11499489087,,instructions,802024200,100.00,3.82,insn per cycle
5.213193669,3007616362,,cycles,802033794,100.00,,
5.313452150,31375,,rD044,802080298,100.00,,
5.313452150,69182703,,rFF44,802084508,100.00,,
5.313452150,10827591407,,instructions,802084428,100.00,3.60,insn per cycle
5.313452150,3007813955,,cycles,802086404,100.00,,
5.413711581,28598,,rD044,802006127,100.00,,
5.413711581,74115141,,rFF44,802010477,100.00,,
5.413711581,11432909785,,instructions,802010247,100.00,3.80,insn per cycle
5.413711581,3007487393,,cycles,802005447,100.00,,
5.513972271,309574,,rD044,802066568,100.00,,
5.513972271,69826628,,rFF44,802058788,100.00,,
5.513972271,10723306108,,instructions,802055558,100.00,3.57,insn per cycle
5.513972271,3007741515,,cycles,802067898,100.00,,
5.614243782,580328,,rD044,802126144,100.00,,
5.614243782,75960098,,rFF44,802135048,100.00,,
5.614243782,11356687239,,instructions,802132088,100.00,3.78,insn per cycle
5.614243782,3007902197,,cycles,802115218,100.00,,
5.714503263,552723,,rD044,801969753,100.00,,
5.714503263,70936560,,rFF44,801956039,100.00,,
5.714503263,10778634088,,instructions,801964149,100.00,3.58,insn per cycle
5.714503263,3007329507,,cycles,801964704,100.00,,
5.814759493,28876,,rD044,802011188,100.00,,
5.814759493,74192246,,rFF44,802021338,100.00,,
5.814759493,11438606888,,instructions,802018378,100.00,3.80,insn per cycle
5.814759493,3007542013,,cycles,802020223,100.00,,
5.915020014,30733,,rD044,802070588,100.00,,
5.915020014,72006081,,rFF44,802070538,100.00,,
5.915020014,11183418661,,instructions,802063858,100.00,3.72,insn per cycle
5.915020014,3007763076,,cycles,802072788,100.00,,
6.015280995,28225,,rD044,802014208,100.00,,
6.015280995,73937615,,rFF44,802004548,100.00,,
6.015280995,11406231270,,instructions,802005998,100.00,3.79,insn per cycle
6.015280995,3007450139,,cycles,801994708,100.00,,
6.115539715,28829,,rD044,802030360,100.00,,
6.115539715,71066144,,rFF44,802039108,100.00,,
6.115539715,11082772140,,instructions,802047778,100.00,3.68,insn per cycle
6.115539715,3007621182,,cycles,802049648,100.00,,
6.215799746,31078,,rD044,801990628,100.00,,
6.215799746,71919697,,rFF44,801976550,100.00,,
6.215799746,11167823487,,instructions,801971350,100.00,3.71,insn per cycle
6.215799746,3007391031,,cycles,801979830,100.00,,
6.316055627,25885,,rD044,802059288,100.00,,
6.316055627,75005743,,rFF44,802073628,100.00,,
6.316055627,11556463548,,instructions,802074118,100.00,3.84,insn per cycle
6.316055627,3007761471,,cycles,802072588,100.00,,
6.416318077,31762,,rD044,802022578,100.00,,
6.416318077,72531970,,rFF44,802025278,100.00,,
6.416318077,11245974990,,instructions,802029318,100.00,3.74,insn per cycle
6.416318077,3007588930,,cycles,802032118,100.00,,
6.516582968,301716,,rD044,802019378,100.00,,
6.516582968,76252206,,rFF44,802008608,100.00,,
6.516582968,11553456742,,instructions,802010688,100.00,3.84,insn per cycle
6.516582968,3007397900,,cycles,802002658,100.00,,
6.616839399,1055711,,rD044,801983870,100.00,,
6.616839399,74042311,,rFF44,801981084,100.00,,
6.616839399,10876842489,,instructions,801972318,100.00,3.62,insn per cycle
6.616839399,3007342241,,cycles,801965778,100.00,,
6.717103159,799144,,rD044,801982628,100.00,,
6.717103159,77357662,,rFF44,801984004,100.00,,
6.717103159,11421458754,,instructions,801987510,100.00,3.80,insn per cycle
6.717103159,3007415575,,cycles,802000250,100.00,,
6.817361160,29632,,rD044,802011887,100.00,,
6.817361160,67471029,,rFF44,802020667,100.00,,
6.817361160,10631275189,,instructions,802022557,100.00,3.53,insn per cycle
6.817361160,3007515519,,cycles,802013647,100.00,,
6.917620210,23485,,rD044,801988198,100.00,,
6.917620210,75328029,,rFF44,801997028,100.00,,
6.917620210,11602052547,,instructions,801994038,100.00,3.86,insn per cycle
6.917620210,3007281445,,cycles,802000068,100.00,,
7.017879851,28256,,rD044,801998938,100.00,,
7.017879851,74175306,,rFF44,801993228,100.00,,
7.017879851,11473886693,,instructions,802008648,100.00,3.81,insn per cycle
7.017879851,3007637778,,cycles,802045018,100.00,,
7.118141692,23637,,rD044,802050430,100.00,,
7.118141692,74678028,,rFF44,802045882,100.00,,
7.118141692,11510017411,,instructions,802047748,100.00,3.83,insn per cycle
7.118141692,3007494730,,cycles,802014288,100.00,,
7.218402042,27462,,rD044,802016728,100.00,,
7.218402042,70050096,,rFF44,802022166,100.00,,
7.218402042,10933679788,,instructions,802004420,100.00,3.64,insn per cycle
7.218402042,3007443381,,cycles,801993180,100.00,,
7.318660373,23791,,rD044,802061078,100.00,,
7.318660373,74007446,,rFF44,802054438,100.00,,
7.318660373,11409580562,,instructions,802060918,100.00,3.79,insn per cycle
7.318660373,3007754139,,cycles,802070908,100.00,,
7.418920644,27843,,rD044,802027548,100.00,,
7.418920644,70723441,,rFF44,802252778,100.00,,
7.418920644,11028961406,,instructions,802244238,100.00,3.67,insn per cycle
7.418920644,3008397805,,cycles,802247398,100.00,,
7.519205905,290061,,rD044,802245748,100.00,,
7.519205905,74864338,,rFF44,802017448,100.00,,
7.519205905,11364334092,,instructions,802017078,100.00,3.78,insn per cycle
7.519205905,3007530192,,cycles,802011438,100.00,,
7.619463225,1012692,,rD044,801892909,100.00,,
7.619463225,73808224,,rFF44,801897516,100.00,,
7.619463225,10861087276,,instructions,801900147,100.00,3.61,insn per cycle
7.619463225,3007055721,,cycles,801898087,100.00,,
7.719722256,792562,,rD044,802076218,100.00,,
7.719722256,77252445,,rFF44,802081131,100.00,,
7.719722256,11400260665,,instructions,802082320,100.00,3.79,insn per cycle
7.719722256,3007805024,,cycles,802083950,100.00,,
7.819985787,23948,,rD044,802039638,100.00,,
7.819985787,64550004,,rFF44,802034638,100.00,,
7.819985787,10274016009,,instructions,802038788,100.00,3.42,insn per cycle
7.819985787,3007626517,,cycles,802042748,100.00,,
7.920248737,20596,,rD044,802098828,100.00,,
7.920248737,75022440,,rFF44,802100938,100.00,,
7.920248737,11571602973,,instructions,802104998,100.00,3.85,insn per cycle
7.920248737,3007886405,,cycles,802105578,100.00,,
8.020510568,24182,,rD044,802079228,100.00,,
8.020510568,69190056,,rFF44,802089418,100.00,,
8.020510568,10828418148,,instructions,802074728,100.00,3.60,insn per cycle
8.020510568,3007710947,,cycles,802065988,100.00,,
8.120771579,20467,,rD044,801958730,100.00,,
8.120771579,74404370,,rFF44,801938908,100.00,,
8.120771579,11477992737,,instructions,801942408,100.00,3.82,insn per cycle
8.120771579,3007199830,,cycles,801947678,100.00,,
8.221027789,23970,,rD044,802033228,100.00,,
8.221027789,70512821,,rFF44,802040590,100.00,,
8.221027789,11003763039,,instructions,802043130,100.00,3.66,insn per cycle
8.221027789,3007667133,,cycles,802047500,100.00,,
8.321286000,20934,,rD044,801989787,100.00,,
8.321286000,75255134,,rFF44,801984047,100.00,,
8.321286000,11610972220,,instructions,801983377,100.00,3.86,insn per cycle
8.321286000,3007410286,,cycles,801984267,100.00,,
8.421540510,24141,,rD044,802043218,100.00,,
8.421540510,73163042,,rFF44,802051428,100.00,,
8.421540510,11336496805,,instructions,802053358,100.00,3.77,insn per cycle
8.421540510,3007688151,,cycles,802053198,100.00,,
8.521797651,236170,,rD044,801972847,100.00,,
8.521797651,75682424,,rFF44,801966117,100.00,,
8.521797651,11510764063,,instructions,801964467,100.00,3.83,insn per cycle
8.521797651,3007310408,,cycles,801958397,100.00,,
8.622056232,1009624,,rD044,802056830,100.00,,
8.622056232,73754434,,rFF44,802064330,100.00,,
8.622056232,10837585173,,instructions,802063216,100.00,3.60,insn per cycle
8.622056232,3007709338,,cycles,802057968,100.00,,
8.722312992,828313,,rD044,801912957,100.00,,
8.722312992,77260655,,rFF44,801906587,100.00,,
8.722312992,11373410197,,instructions,801903531,100.00,3.78,insn per cycle
8.722312992,3007095459,,cycles,801908829,100.00,,
8.822571843,19811,,rD044,802073508,100.00,,
8.822571843,66689609,,rFF44,802088298,100.00,,
8.822571843,10527678394,,instructions,802093218,100.00,3.50,insn per cycle
8.822571843,3007830288,,cycles,802090858,100.00,,
8.922831683,18704,,rD044,802009108,100.00,,
8.922831683,74688796,,rFF44,801986948,100.00,,
8.922831683,11513336289,,instructions,801976058,100.00,3.83,insn per cycle
8.922831683,3007388412,,cycles,801978498,100.00,,
9.023096654,20370,,rD044,802063806,100.00,,
9.023096654,72106220,,rFF44,802074098,100.00,,
9.023096654,11190743022,,instructions,802083478,100.00,3.72,insn per cycle
9.023096654,3007769895,,cycles,802087018,100.00,,
9.123353675,20576,,rD044,801964922,100.00,,
9.123353675,72584451,,rFF44,801954140,100.00,,
9.123353675,11229750157,,instructions,801954440,100.00,3.73,insn per cycle
9.123353675,3007242206,,cycles,801943938,100.00,,
9.223605965,18800,,rD044,802003198,100.00,,
9.223605965,74437743,,rFF44,802017338,100.00,,
9.223605965,11491263221,,instructions,802024048,100.00,3.82,insn per cycle
9.223605965,3007580556,,cycles,802032130,100.00,,
9.323859156,24783,,rD044,801959388,100.00,,
9.323859156,71385960,,rFF44,801953068,100.00,,
9.323859156,11111402283,,instructions,801940758,100.00,3.69,insn per cycle
9.323859156,3007290753,,cycles,801953528,100.00,,
9.424139097,16940,,rD044,802234788,100.00,,
9.424139097,75290012,,rFF44,802230878,100.00,,
9.424139097,11595787039,,instructions,802242328,100.00,3.85,insn per cycle
9.424139097,3008341594,,cycles,802227078,100.00,,
9.524388247,49588,,rD044,801913522,100.00,,
9.524388247,72357973,,rFF44,801912168,100.00,,
9.524388247,11221637857,,instructions,801899888,100.00,3.73,insn per cycle
9.524388247,3007068517,,cycles,801894188,100.00,,
9.624637608,156054,,rD044,801978786,100.00,,
9.624637608,75880517,,rFF44,801975210,100.00,,
9.624637608,11589635952,,instructions,801981340,100.00,3.85,insn per cycle
9.624637608,3007434180,,cycles,801986310,100.00,,
9.724887008,746642,,rD044,801841348,100.00,,
9.724887008,69997825,,rFF44,801837078,100.00,,
9.724887008,10532719430,,instructions,801868518,100.00,3.50,insn per cycle
9.724887008,3007027804,,cycles,801889608,100.00,,
9.825143169,16650,,rD044,802040198,100.00,,
9.825143169,75115623,,rFF44,802047098,100.00,,
9.825143169,11568101394,,instructions,802018368,100.00,3.85,insn per cycle
9.825143169,3007505686,,cycles,802004418,100.00,,
9.925398440,17224,,rD044,801972247,100.00,,
9.925398440,72165652,,rFF44,801975818,100.00,,
9.925398440,11196547420,,instructions,801971548,100.00,3.72,insn per cycle
9.925398440,3007330670,,cycles,801963708,100.00,,
10.025651200,16729,,rD044,801999351,100.00,,
10.025651200,75430494,,rFF44,801990040,100.00,,
10.025651200,11622558560,,instructions,801994420,100.00,3.86,insn per cycle
10.025651200,3007437567,,cycles,801992498,100.00,,
10.125899721,17042,,rD044,800696543,100.00,,
10.125899721,72166699,,rFF44,800729423,100.00,,
10.125899721,11198245065,,instructions,800759733,100.00,3.73,insn per cycle
10.125899721,3002722348,,cycles,800756715,100.00,,
10.226156541,16157,,rD044,802018558,100.00,,
10.226156541,75586141,,rFF44,801992568,100.00,,
10.226156541,11653257885,,instructions,801965118,100.00,3.87,insn per cycle
10.226156541,3007391330,,cycles,801981058,100.00,,
10.326414072,16358,,rD044,801987328,100.00,,
10.326414072,70733053,,rFF44,801984058,100.00,,
10.326414072,11028717640,,instructions,801971648,100.00,3.67,insn per cycle
10.326414072,3007320230,,cycles,801960338,100.00,,
10.426662522,16454,,rD044,801997500,100.00,,
10.426662522,74345033,,rFF44,802015843,100.00,,
10.426662522,11465124928,,instructions,802021698,100.00,3.81,insn per cycle
10.426662522,3007595530,,cycles,802028478,100.00,,
10.526920073,17085,,rD044,801957447,100.00,,
10.526920073,72170725,,rFF44,802002174,100.00,,
10.526920073,11212273167,,instructions,802005109,100.00,3.73,insn per cycle
10.526920073,3007497310,,cycles,802007349,100.00,,
10.627180544,18185,,rD044,802026038,100.00,,
10.627180544,74969054,,rFF44,801971708,100.00,,
10.627180544,11564095636,,instructions,801975188,100.00,3.85,insn per cycle
10.627180544,3007325853,,cycles,801965758,100.00,,
10.727438134,16951,,rD044,801988147,100.00,,
10.727438134,70709581,,rFF44,801980137,100.00,,
10.727438134,11018016116,,instructions,801975687,100.00,3.66,insn per cycle
10.727438134,3007388049,,cycles,801977767,100.00,,
10.827696475,16846,,rD044,801955926,100.00,,
10.827696475,74882856,,rFF44,801939618,100.00,,
10.827696475,11550552895,,instructions,801929018,100.00,3.84,insn per cycle
10.827696475,3007020094,,cycles,801932988,100.00,,
10.927941415,16688,,rD044,802021802,100.00,,
10.927941415,73543203,,rFF44,802058960,100.00,,
10.927941415,11390573612,,instructions,802066630,100.00,3.79,insn per cycle
10.927941415,3007702535,,cycles,802056618,100.00,,
11.028196516,16011,,rD044,801879238,100.00,,
11.028196516,74405733,,rFF44,801859598,100.00,,
11.028196516,11470195726,,instructions,801861418,100.00,3.81,insn per cycle
11.028196516,3006917170,,cycles,801864480,100.00,,
11.128448526,16352,,rD044,801989388,100.00,,
11.128448526,71332706,,rFF44,802006268,100.00,,
11.128448526,11104846069,,instructions,802008068,100.00,3.69,insn per cycle
11.128448526,3007507383,,cycles,802010278,100.00,,
11.228705937,16471,,rD044,801948748,100.00,,
11.228705937,74665141,,rFF44,801927278,100.00,,
11.228705937,11521439074,,instructions,801921548,100.00,3.83,insn per cycle
11.228705937,3007155353,,cycles,801924748,100.00,,
11.328987378,16526,,rD044,802247413,100.00,,
11.328987378,73083040,,rFF44,802255738,100.00,,
11.328987378,11327724231,,instructions,802259578,100.00,3.77,insn per cycle
11.328987378,3008451869,,cycles,802256508,100.00,,
11.429238848,16719,,rD044,801934715,100.00,,
11.429238848,72378033,,rFF44,801933150,100.00,,
11.429238848,11236918613,,instructions,801938200,100.00,3.74,insn per cycle
11.429238848,3007233991,,cycles,801938002,100.00,,
11.529489339,17384,,rD044,801985048,100.00,,
11.529489339,74646928,,rFF44,801966618,100.00,,
11.529489339,11498452066,,instructions,801959808,100.00,3.82,insn per cycle
11.529489339,3007318310,,cycles,801954216,100.00,,
11.629735460,17008,,rD044,801918627,100.00,,
11.629735460,67587794,,rFF44,801937567,100.00,,
11.629735460,10652669834,,instructions,801926517,100.00,3.54,insn per cycle
11.629735460,3007200969,,cycles,801928617,100.00,,
11.729988820,17094,,rD044,801939726,100.00,,
11.729988820,74736324,,rFF44,801939258,100.00,,
11.729988820,11509186051,,instructions,801944808,100.00,3.83,insn per cycle
11.729988820,3007252703,,cycles,801944698,100.00,,
11.830235701,16664,,rD044,801898012,100.00,,
11.830235701,70794145,,rFF44,801893280,100.00,,
11.830235701,11029040812,,instructions,801895180,100.00,3.67,insn per cycle
11.830235701,3007109844,,cycles,801904165,100.00,,
11.930487441,16377,,rD044,802015458,100.00,,
11.930487441,75309735,,rFF44,802028968,100.00,,
11.930487441,11597726357,,instructions,802028708,100.00,3.86,insn per cycle
11.930487441,3007563982,,cycles,802020283,100.00,,
12.030734032,16797,,rD044,801828667,100.00,,
12.030734032,72319089,,rFF44,801810637,100.00,,
12.030734032,11206038269,,instructions,801818717,100.00,3.73,insn per cycle
12.030734032,3006725474,,cycles,801820237,100.00,,
12.130982502,16374,,rD044,801987897,100.00,,
12.130982502,75021192,,rFF44,801988308,100.00,,
12.130982502,11558484591,,instructions,801996328,100.00,3.84,insn per cycle
12.130982502,3007469485,,cycles,801994978,100.00,,
12.231232333,16875,,rD044,801899470,100.00,,
12.231232333,72578212,,rFF44,801907469,100.00,,
12.231232333,11266990253,,instructions,801897519,100.00,3.75,insn per cycle
12.231232333,3007093514,,cycles,801907227,100.00,,
12.331484423,16597,,rD044,802009938,100.00,,
12.331484423,75019309,,rFF44,802007268,100.00,,
12.331484423,11564159809,,instructions,802002738,100.00,3.85,insn per cycle
12.331484423,3007465473,,cycles,801993800,100.00,,
12.431735634,16942,,rD044,801960808,100.00,,
12.431735634,73511130,,rFF44,801965578,100.00,,
12.431735634,11386298280,,instructions,801969488,100.00,3.79,insn per cycle
12.431735634,3007356582,,cycles,801970618,100.00,,
12.531990514,16763,,rD044,801995058,100.00,,
12.531990514,74903172,,rFF44,801978318,100.00,,
12.531990514,11551787406,,instructions,801985368,100.00,3.84,insn per cycle
12.531990514,3007473599,,cycles,801996118,100.00,,
12.632242175,17853,,rD044,801890610,100.00,,
12.632242175,71464010,,rFF44,801916280,100.00,,
12.632242175,11135198358,,instructions,801920748,100.00,3.70,insn per cycle
12.632242175,3007111453,,cycles,801913288,100.00,,
12.732500606,16849,,rD044,802053838,100.00,,
12.732500606,74723255,,rFF44,802050128,100.00,,
12.732500606,11526266594,,instructions,802039950,100.00,3.83,insn per cycle
12.732500606,3007617956,,cycles,802034080,100.00,,
12.832754156,16317,,rD044,801944488,100.00,,
12.832754156,70319318,,rFF44,801940288,100.00,,
12.832754156,10964762362,,instructions,801929288,100.00,3.65,insn per cycle
12.832754156,3007153587,,cycles,801916288,100.00,,
12.933001477,16432,,rD044,801972338,100.00,,
12.933001477,74906212,,rFF44,801963808,100.00,,
12.933001477,11554788127,,instructions,801977648,100.00,3.84,insn per cycle
12.933001477,3007495452,,cycles,802001678,100.00,,
13.033253837,16306,,rD044,801942450,100.00,,
13.033253837,71623448,,rFF44,801954238,100.00,,
13.033253837,11143858447,,instructions,801957498,100.00,3.71,insn per cycle
13.033253837,3007256016,,cycles,801949578,100.00,,
13.133508968,16342,,rD044,801998997,100.00,,
13.133508968,75304909,,rFF44,801998909,100.00,,
13.133508968,11611705881,,instructions,801989589,100.00,3.86,insn per cycle
13.133508968,3007387195,,cycles,801984089,100.00,,
13.233763978,16304,,rD044,801962648,100.00,,
13.233763978,73739773,,rFF44,801956488,100.00,,
13.233763978,11406579249,,instructions,801951908,100.00,3.79,insn per cycle
13.233763978,3007295726,,cycles,801953928,100.00,,
13.334014669,16705,,rD044,801976688,100.00,,
13.334014669,74708076,,rFF44,801977948,100.00,,
13.334014669,11527111841,,instructions,801980248,100.00,3.83,insn per cycle
13.334014669,3007410045,,cycles,801986328,100.00,,
13.434269019,16733,,rD044,801949796,100.00,,
13.434269019,73353191,,rFF44,801946838,100.00,,
13.434269019,11351561762,,instructions,801949428,100.00,3.77,insn per cycle
13.434269019,3007266063,,cycles,801945638,100.00,,
13.534515730,47978,,rD044,801950782,100.00,,
13.534515730,70018885,,rFF44,801940360,100.00,,
13.534515730,10920019866,,instructions,801938110,100.00,3.63,insn per cycle
13.534515730,3007233579,,cycles,801931884,100.00,,
13.634761200,817538,,rD044,801892788,100.00,,
13.634761200,77989913,,rFF44,801902538,100.00,,
13.634761200,11458644801,,instructions,801900268,100.00,3.81,insn per cycle
13.634761200,3007117053,,cycles,801907734,100.00,,
13.735012091,17253,,rD044,801942817,100.00,,
13.735012091,70313706,,rFF44,801946797,100.00,,
13.735012091,11000629718,,instructions,801947007,100.00,3.66,insn per cycle
13.735012091,3007283718,,cycles,801951357,100.00,,
13.835262282,14330,,rD044,801979657,100.00,,
13.835262282,74957015,,rFF44,801980038,100.00,,
13.835262282,11543272817,,instructions,801979338,100.00,3.84,insn per cycle
13.835262282,3007401735,,cycles,801976778,100.00,,
13.935510562,16001,,rD044,801920901,100.00,,
13.935510562,71192266,,rFF44,801922480,100.00,,
13.935510562,11085664713,,instructions,801927390,100.00,3.69,insn per cycle
13.935510562,3007198108,,cycles,801928058,100.00,,
14.035760173,14685,,rD044,801966388,100.00,,
14.035760173,75330693,,rFF44,801970058,100.00,,
14.035760173,11600544608,,instructions,801975108,100.00,3.86,insn per cycle
14.035760173,3007331229,,cycles,801968820,100.00,,
14.136014393,15707,,rD044,801944008,100.00,,
14.136014393,72944430,,rFF44,801933528,100.00,,
14.136014393,11294343652,,instructions,801941618,100.00,3.76,insn per cycle
14.136014393,3007258032,,cycles,801948148,100.00,,
14.236265474,14510,,rD044,801998848,100.00,,
14.236265474,74386251,,rFF44,802002908,100.00,,
14.236265474,11462588347,,instructions,801994008,100.00,3.81,insn per cycle
14.236265474,3007454550,,cycles,801990778,100.00,,
14.336514064,15040,,rD044,801905210,100.00,,
14.336514064,69711677,,rFF44,801915990,100.00,,
14.336514064,10898512868,,instructions,801914646,100.00,3.62,insn per cycle
14.336514064,3007129789,,cycles,801917808,100.00,,
14.436767305,14599,,rD044,802018938,100.00,,
14.436767305,74751971,,rFF44,802012318,100.00,,
14.436767305,11520954521,,instructions,802005992,100.00,3.83,insn per cycle
14.436767305,3007497945,,cycles,802001830,100.00,,
14.537020295,87042,,rD044,801931358,100.00,,
14.537020295,71713869,,rFF44,801910638,100.00,,
14.537020295,11110283883,,instructions,801914978,100.00,3.69,insn per cycle
14.537020295,3007157127,,cycles,801916868,100.00,,
14.637272026,973090,,rD044,802006958,100.00,,
14.637272026,78207803,,rFF44,802019388,100.00,,
14.637272026,11384079245,,instructions,802021988,100.00,3.79,insn per cycle
14.637272026,3007575822,,cycles,802023158,100.00,,
14.737524476,921832,,rD044,801890059,100.00,,
14.737524476,71887255,,rFF44,801896685,100.00,,
14.737524476,10641586571,,instructions,801889537,100.00,3.54,insn per cycle
14.737524476,3006992005,,cycles,801880647,100.00,,
14.837781627,12158,,rD044,801944437,100.00,,
14.837781627,75046234,,rFF44,801939081,100.00,,
14.837781627,11572335262,,instructions,801949299,100.00,3.85,insn per cycle
14.837781627,3007139508,,cycles,801962279,100.00,,
14.938035468,12194,,rD044,801988598,100.00,,
14.938035468,71710947,,rFF44,801995008,100.00,,
14.938035468,11160210889,,instructions,801994728,100.00,3.71,insn per cycle
14.938035468,3007420873,,cycles,801987128,100.00,,
15.038285188,12343,,rD044,801951728,100.00,,
15.038285188,74964069,,rFF44,801939828,100.00,,
15.038285188,11564366946,,instructions,801926188,100.00,3.85,insn per cycle
15.038285188,3007154322,,cycles,801928468,100.00,,
15.138537369,11486,,rD044,801950874,100.00,,
15.138537369,71052458,,rFF44,801961818,100.00,,
15.138537369,11063963219,,instructions,801976068,100.00,3.68,insn per cycle
15.138537369,3007355936,,cycles,801970568,100.00,,
15.238791789,12856,,rD044,802021664,100.00,,
15.238791789,74390272,,rFF44,802028040,100.00,,
15.238791789,11475241460,,instructions,802025420,100.00,3.82,insn per cycle
15.238791789,3007577481,,cycles,802023015,100.00,,
15.339042610,11504,,rD044,801921217,100.00,,
15.339042610,69839281,,rFF44,801918057,100.00,,
15.339042610,10901160724,,instructions,801915967,100.00,3.63,insn per cycle
15.339042610,3007161989,,cycles,801925912,100.00,,
15.439296310,12913,,rD044,801997378,100.00,,
15.439296310,74978367,,rFF44,801978938,100.00,,
15.439296310,11564352770,,instructions,801982158,100.00,3.85,insn per cycle
15.439296310,3007438894,,cycles,801986758,100.00,,
15.539546421,56859,,rD044,801923558,100.00,,
15.539546421,70056471,,rFF44,801923118,100.00,,
15.539546421,10917952289,,instructions,801912528,100.00,3.63,insn per cycle
15.539546421,3007105499,,cycles,801903198,100.00,,
15.639789091,995285,,rD044,801849649,100.00,,
15.639789091,77532583,,rFF44,801846219,100.00,,
15.639789091,11283705439,,instructions,801848149,100.00,3.75,insn per cycle
15.639789091,3006894186,,cycles,801849105,100.00,,
15.740037512,943329,,rD044,801946068,100.00,,
15.740037512,72339698,,rFF44,801954658,100.00,,
15.740037512,10678310752,,instructions,801955178,100.00,3.55,insn per cycle
15.740037512,3007311581,,cycles,801959042,100.00,,
15.840308923,10314,,rD044,802153088,100.00,,
15.840308923,74523978,,rFF44,802157988,100.00,,
15.840308923,11489886291,,instructions,802155708,100.00,3.82,insn per cycle
15.840308923,3008013062,,cycles,802146798,100.00,,
15.940563153,8782,,rD044,801962158,100.00,,
15.940563153,66837778,,rFF44,801962278,100.00,,
15.940563153,10535104612,,instructions,801964448,100.00,3.50,insn per cycle
15.940563153,3007335571,,cycles,801964408,100.00,,
16.040815134,10018,,rD044,802006570,100.00,,
16.040815134,74624749,,rFF44,802016888,100.00,,
16.040815134,11502573016,,instructions,802016818,100.00,3.82,insn per cycle
16.040815134,3007542952,,cycles,802020878,100.00,,
16.141106815,8492,,rD044,802233118,100.00,,
16.141106815,70489648,,rFF44,802234000,100.00,,
16.141106815,10999864546,,instructions,802242925,100.00,3.66,insn per cycle
16.141106815,3008344286,,cycles,802244078,100.00,,
16.241363805,10373,,rD044,802039098,100.00,,
16.241363805,73413460,,rFF44,802024068,100.00,,
16.241363805,11352847748,,instructions,802004403,100.00,3.77,insn per cycle
16.241363805,3007504581,,cycles,802004970,100.00,,
16.341615046,8196,,rD044,801993778,100.00,,
16.341615046,70944591,,rFF44,802003428,100.00,,
16.341615046,11062019314,,instructions,802013688,100.00,3.68,insn per cycle
16.341615046,3007516164,,cycles,802014948,100.00,,
16.441865796,10537,,rD044,801921708,100.00,,
16.441865796,72346747,,rFF44,801916928,100.00,,
16.441865796,11225321674,,instructions,801910428,100.00,3.73,insn per cycle
16.441865796,3007263124,,cycles,801944908,100.00,,
16.542120017,51153,,rD044,802009590,100.00,,
16.542120017,75317796,,rFF44,801998964,100.00,,
16.542120017,11569754559,,instructions,802012138,100.00,3.85,insn per cycle
16.542120017,3007407587,,cycles,801978318,100.00,,
16.642369798,951021,,rD044,801837848,100.00,,
16.642369798,72946343,,rFF44,801838244,100.00,,
16.642369798,10745241654,,instructions,801830740,100.00,3.57,insn per cycle
16.642369798,3006787661,,cycles,801825870,100.00,,
16.742616018,966159,,rD044,801981058,100.00,,
16.742616018,78374427,,rFF44,801996108,100.00,,
16.742616018,11420662195,,instructions,801995368,100.00,3.80,insn per cycle
16.742616018,3007497922,,cycles,802002118,100.00,,
16.842871129,7267,,rD044,801997178,100.00,,
16.842871129,71233065,,rFF44,801990318,100.00,,
16.842871129,11098224833,,instructions,801999108,100.00,3.69,insn per cycle
16.842871129,3007780132,,cycles,802082658,100.00,,
16.943133519,5283,,rD044,802083694,100.00,,
16.943133519,75174199,,rFF44,802090988,100.00,,
16.943133519,11576139329,,instructions,802091858,100.00,3.85,insn per cycle
16.943133519,3007497839,,cycles,802002488,100.00,,
17.043384190,6981,,rD044,801915304,100.00,,
17.043384190,71178845,,rFF44,801915940,100.00,,
17.043384190,11090339108,,instructions,801910240,100.00,3.69,insn per cycle
17.043384190,3007070521,,cycles,801905734,100.00,,
17.143635070,5342,,rD044,801974038,100.00,,
17.143635070,75205012,,rFF44,801974118,100.00,,
17.143635070,11584835098,,instructions,801981548,100.00,3.85,insn per cycle
17.143635070,3007462158,,cycles,801998564,100.00,,
17.243885921,6467,,rD044,801940968,100.00,,
17.243885921,73222507,,rFF44,801938148,100.00,,
17.243885921,11352554494,,instructions,801980888,100.00,3.77,insn per cycle
17.243885921,3008005055,,cycles,802143468,100.00,,
17.344159012,6078,,rD044,802140368,100.00,,
17.344159012,75124544,,rFF44,802127248,100.00,,
17.344159012,11577953025,,instructions,802072578,100.00,3.85,insn per cycle
17.344159012,3007074253,,cycles,801896818,100.00,,
17.444402312,5960,,rD044,801867390,100.00,,
17.444402312,71726281,,rFF44,801857790,100.00,,
17.444402312,11153790965,,instructions,801865045,100.00,3.71,insn per cycle
17.444402312,3006994423,,cycles,801873798,100.00,,
17.544647283,7284,,rD044,801934108,100.00,,
17.544647283,74868444,,rFF44,801930648,100.00,,
17.544647283,11531301421,,instructions,801924583,100.00,3.83,insn per cycle
17.544647283,3007161683,,cycles,801912730,100.00,,
17.644882303,504935,,rD044,801841428,100.00,,
17.644882303,70573371,,rFF44,801873768,100.00,,
17.644882303,10721974328,,instructions,801909658,100.00,3.57,insn per cycle
17.644882303,3007218913,,cycles,801941248,100.00,,
17.745140414,843194,,rD044,801957478,100.00,,
17.745140414,77997540,,rFF44,801926078,100.00,,
17.745140414,11459089315,,instructions,801884248,100.00,3.81,insn per cycle
17.745140414,3006935605,,cycles,801858788,100.00,,
17.845383564,4769,,rD044,801908160,100.00,,
17.845383564,71205152,,rFF44,801928190,100.00,,
17.845383564,11091728319,,instructions,801931693,100.00,3.69,insn per cycle
17.845383564,3007178424,,cycles,801922508,100.00,,
17.945631575,3750,,rD044,801961748,100.00,,
17.945631575,75038341,,rFF44,801963578,100.00,,
17.945631575,11576428086,,instructions,801969415,100.00,3.85,insn per cycle
17.945631575,3007390724,,cycles,801973870,100.00,,
18.045874475,4518,,rD044,801811578,100.00,,
18.045874475,72516396,,rFF44,801801868,100.00,,
18.045874475,11241850592,,instructions,801800848,100.00,3.74,insn per cycle
18.045874475,3006799186,,cycles,801839078,100.00,,
18.146124646,3611,,rD044,801998448,100.00,,
18.146124646,74992695,,rFF44,802001218,100.00,,
18.146124646,11566531672,,instructions,802001208,100.00,3.85,insn per cycle
18.146124646,3007341951,,cycles,801960658,100.00,,
18.246369836,4209,,rD044,801877010,100.00,,
18.246369836,71414483,,rFF44,801870370,100.00,,
18.246369836,11128335610,,instructions,801859340,100.00,3.70,insn per cycle
18.246369836,3006942663,,cycles,801859737,100.00,,
18.346608186,3681,,rD044,801919088,100.00,,
18.346608186,74839175,,rFF44,801930898,100.00,,
18.346608186,11539450053,,instructions,801937248,100.00,3.84,insn per cycle
18.346608186,3007235849,,cycles,801932241,100.00,,
18.446854627,4359,,rD044,801881537,100.00,,
18.446854627,71636138,,rFF44,801884277,100.00,,
18.446854627,11157070916,,instructions,801884347,100.00,3.71,insn per cycle
18.446854627,3007046870,,cycles,801895437,100.00,,
18.547108797,3526,,rD044,802020547,100.00,,
18.547108797,75040953,,rFF44,802008278,100.00,,
18.547108797,11568448570,,instructions,802011958,100.00,3.85,insn per cycle
18.547108797,3007530101,,cycles,802010768,100.00,,
18.647351898,4310,,rD044,801802231,100.00,,
18.647351898,73307676,,rFF44,801818550,100.00,,
18.647351898,11361273452,,instructions,801819190,100.00,3.78,insn per cycle
18.647351898,3006729603,,cycles,801809976,100.00,,
18.747594478,4461,,rD044,801916998,100.00,,
18.747594478,72016056,,rFF44,801910908,100.00,,
18.747594478,11184898568,,instructions,801910788,100.00,3.72,insn per cycle
18.747594478,3007201915,,cycles,801922682,100.00,,
18.847849329,3633,,rD044,801902797,100.00,,
18.847849329,74913382,,rFF44,801893007,100.00,,
18.847849329,11538797276,,instructions,801895817,100.00,3.84,insn per cycle
18.847849329,3006891140,,cycles,801899097,100.00,,
18.948101760,4225,,rD044,802006428,100.00,,
18.948101760,71816492,,rFF44,802000658,100.00,,
18.948101760,11166656876,,instructions,802000538,100.00,3.71,insn per cycle
18.948101760,3007477213,,cycles,801996658,100.00,,
19.048342990,3790,,rD044,801821320,100.00,,
19.048342990,75093765,,rFF44,801823340,100.00,,
19.048342990,11563804422,,instructions,801831950,100.00,3.85,insn per cycle
19.048342990,3006787126,,cycles,801829305,100.00,,
19.148585090,4133,,rD044,801931108,100.00,,
19.148585090,71558574,,rFF44,801945868,100.00,,
19.148585090,11139611309,,instructions,801948658,100.00,3.70,insn per cycle
19.148585090,3007326674,,cycles,801959903,100.00,,
19.248835731,3455,,rD044,801988208,100.00,,
19.248835731,74689332,,rFF44,801981418,100.00,,
19.248835731,11504336764,,instructions,801959948,100.00,3.83,insn per cycle
19.248835731,3007295735,,cycles,801948798,100.00,,
19.349108882,4231,,rD044,802123458,100.00,,
19.349108882,71840326,,rFF44,802121718,100.00,,
19.349108882,11168247037,,instructions,802140728,100.00,3.71,insn per cycle
19.349108882,3008019352,,cycles,802147308,100.00,,
19.449354062,3574,,rD044,801917080,100.00,,
19.449354062,75241398,,rFF44,801907560,100.00,,
19.449354062,11595603971,,instructions,801882695,100.00,3.86,insn per cycle
19.449354062,3006952755,,cycles,801865108,100.00,,
19.549594613,4302,,rD044,801855568,100.00,,
19.549594613,72514101,,rFF44,801876768,100.00,,
19.549594613,11252942866,,instructions,801889853,100.00,3.74,insn per cycle
19.549594613,3007095717,,cycles,801900730,100.00,,
19.649838713,4528,,rD044,801872058,100.00,,
19.649838713,74127466,,rFF44,801860288,100.00,,
19.649838713,11425754503,,instructions,801865178,100.00,3.80,insn per cycle
19.649838713,3006977126,,cycles,801870778,100.00,,
19.750091124,6276,,rD044,801941618,100.00,,
19.750091124,65676984,,rFF44,801936338,100.00,,
19.750091124,10408245618,,instructions,801933198,100.00,3.46,insn per cycle
19.750091124,3007214846,,cycles,801932338,100.00,,
19.850334724,3986,,rD044,801951600,100.00,,
19.850334724,75457915,,rFF44,801956780,100.00,,
19.850334724,11633481395,,instructions,801954692,100.00,3.87,insn per cycle
19.850334724,3007293729,,cycles,801948058,100.00,,
19.950581385,5233,,rD044,801895317,100.00,,
19.950581385,73420414,,rFF44,801904047,100.00,,
19.950581385,11372448287,,instructions,801894975,100.00,3.78,insn per cycle
19.950581385,3007045750,,cycles,801887279,100.00,,
20.050823855,4648,,rD044,801878908,100.00,,
20.050823855,75030781,,rFF44,801865018,100.00,,
20.050823855,11573494100,,instructions,801883998,100.00,3.85,insn per cycle
20.050823855,3007045471,,cycles,801899258,100.00,,
20.151079356,5417,,rD044,801959347,100.00,,
20.151079356,72798917,,rFF44,801959267,100.00,,
20.151079356,11292280694,,instructions,801948417,100.00,3.76,insn per cycle
20.151079356,3007243397,,cycles,801940677,100.00,,
20.251320506,4467,,rD044,801920350,100.00,,
20.251320506,75051607,,rFF44,801905310,100.00,,
20.251320506,11575714329,,instructions,801909510,100.00,3.85,insn per cycle
20.251320506,3007164527,,cycles,801912827,100.00,,
20.351562727,5064,,rD044,800715024,100.00,,
20.351562727,73731027,,rFF44,800744834,100.00,,
20.351562727,11400128092,,instructions,800750514,100.00,3.80,insn per cycle
20.351562727,3002748021,,cycles,800749467,100.00,,
20.451812927,4542,,rD044,801958747,100.00,,
20.451812927,74973771,,rFF44,801948117,100.00,,
20.451812927,11554213878,,instructions,801927557,100.00,3.84,insn per cycle
20.451812927,3007160655,,cycles,801919647,100.00,,
20.552052227,4980,,rD044,801837385,100.00,,
20.552052227,73026710,,rFF44,801837068,100.00,,
20.552052227,11324255969,,instructions,801848068,100.00,3.77,insn per cycle
20.552052227,3006898975,,cycles,801849388,100.00,,
20.652293948,5109,,rD044,801809192,100.00,,
20.652293948,73249922,,rFF44,801791889,100.00,,
20.652293948,11352274237,,instructions,801796299,100.00,3.78,insn per cycle
20.652293948,3006711413,,cycles,801806579,100.00,,
20.752533719,4904,,rD044,801890498,100.00,,
20.752533719,74958854,,rFF44,801904678,100.00,,
20.752533719,11546418704,,instructions,801895598,100.00,3.84,insn per cycle
20.752533719,3007040535,,cycles,801886358,100.00,,
20.852774913,5679,,rD044,801916168,100.00,,
20.852774913,72762888,,rFF44,801924398,100.00,,
20.852774913,11290674723,,instructions,801929328,100.00,3.75,insn per cycle
20.852774913,3007221421,,cycles,801930168,100.00,,
20.953034987,4557,,rD044,802022444,100.00,,
20.953034987,75442322,,rFF44,802018678,100.00,,
20.953034987,11616021824,,instructions,802025268,100.00,3.86,insn per cycle
20.953034987,3007555039,,cycles,802023028,100.00,,
21.053278671,4994,,rD044,801870964,100.00,,
21.053278671,72601232,,rFF44,801849500,100.00,,
21.053278671,11264850287,,instructions,801831950,100.00,3.75,insn per cycle
21.053278671,3006812503,,cycles,801837240,100.00,,
21.153518695,3946,,rD044,801869738,100.00,,
21.153518695,74950356,,rFF44,801888008,100.00,,
21.153518695,11541899729,,instructions,801906488,100.00,3.84,insn per cycle
21.153518695,3007116841,,cycles,801906598,100.00,,
21.253763659,5235,,rD044,801952708,100.00,,
21.253763659,72290405,,rFF44,801956878,100.00,,
21.253763659,11231285928,,instructions,801960738,100.00,3.73,insn per cycle
21.253763659,3007346968,,cycles,801961878,100.00,,
21.354008153,4500,,rD044,801903940,100.00,,
21.354008153,75110684,,rFF44,801890118,100.00,,
21.354008153,11572353238,,instructions,801871108,100.00,3.85,insn per cycle
21.354008153,3006935738,,cycles,801858358,100.00,,
21.454248597,5180,,rD044,801872928,100.00,,
21.454248597,73330844,,rFF44,801877710,100.00,,
21.454248597,11369016949,,instructions,801891720,100.00,3.78,insn per cycle
21.454248597,3007102909,,cycles,801910270,100.00,,
21.554491991,3838,,rD044,801883467,100.00,,
21.554491991,74625064,,rFF44,801895877,100.00,,
21.554491991,11502976829,,instructions,801893127,100.00,3.83,insn per cycle
21.554491991,3007030228,,cycles,801882997,100.00,,
21.654737145,5408,,rD044,801875587,100.00,,
21.654737145,71069622,,rFF44,801879917,100.00,,
21.654737145,11084611645,,instructions,801871237,100.00,3.69,insn per cycle
21.654737145,3006974068,,cycles,801869757,100.00,,
21.754983419,4958,,rD044,801913470,100.00,,
21.754983419,75158291,,rFF44,801903052,100.00,,
21.754983419,11589301206,,instructions,801910298,100.00,3.85,insn per cycle
21.754983419,3007115462,,cycles,801905658,100.00,,
21.855227213,5186,,rD044,801928588,100.00,,
21.855227213,71768814,,rFF44,801924136,100.00,,
21.855227213,11165033549,,instructions,801925100,100.00,3.71,insn per cycle
21.855227213,3007243063,,cycles,801934370,100.00,,
21.955467636,4242,,rD044,801945018,100.00,,
21.955467636,74919493,,rFF44,801953238,100.00,,
21.955467636,11556362521,,instructions,801945438,100.00,3.84,insn per cycle
21.955467636,3007263985,,cycles,801940088,100.00,,
22.055714300,5511,,rD044,801862557,100.00,,
22.055714300,72218311,,rFF44,801859127,100.00,,
22.055714300,11216098319,,instructions,801861937,100.00,3.73,insn per cycle
22.055714300,3006927686,,cycles,801867837,100.00,,
22.155987175,3808,,rD044,802144200,100.00,,
22.155987175,75082913,,rFF44,802143578,100.00,,
22.155987175,11578947931,,instructions,802145658,100.00,3.85,insn per cycle
22.155987175,3008010273,,cycles,802144618,100.00,,
22.256233069,5139,,rD044,801903328,100.00,,
22.256233069,71262397,,rFF44,801913440,100.00,,
22.256233069,11096185301,,instructions,801917550,100.00,3.69,insn per cycle
22.256233069,3007129375,,cycles,801910580,100.00,,
22.356477303,4137,,rD044,801941648,100.00,,
22.356477303,75161914,,rFF44,801933378,100.00,,
22.356477303,11584215667,,instructions,801927298,100.00,3.85,insn per cycle
22.356477303,3007233756,,cycles,801931558,100.00,,
22.456716457,5406,,rD044,801830378,100.00,,
22.456716457,71840856,,rFF44,801832038,100.00,,
22.456716457,11169498581,,instructions,801830748,100.00,3.71,insn per cycle
22.456716457,3006780355,,cycles,801829988,100.00,,
22.556960261,4581,,rD044,801936930,100.00,,
22.556960261,73579125,,rFF44,801928150,100.00,,
22.556960261,11394515634,,instructions,801928578,100.00,3.79,insn per cycle
22.556960261,3007225238,,cycles,801929478,100.00,,
22.657202625,4218,,rD044,801787898,100.00,,
22.657202625,73958500,,rFF44,801799428,100.00,,
22.657202625,11433776860,,instructions,801798300,100.00,3.80,insn per cycle
22.657202625,3006705576,,cycles,801804080,100.00,,
22.757446449,5304,,rD044,801945158,100.00,,
22.757446449,70808232,,rFF44,801937338,100.00,,
22.757446449,11033800120,,instructions,801932908,100.00,3.67,insn per cycle
22.757446449,3007206269,,cycles,801924528,100.00,,
22.857692803,4611,,rD044,801828908,100.00,,
22.857692803,75650072,,rFF44,801841678,100.00,,
22.857692803,11650784048,,instructions,801856348,100.00,3.87,insn per cycle
22.857692803,3006793057,,cycles,801875228,100.00,,
22.957941487,5678,,rD044,802025140,100.00,,
22.957941487,71879975,,rFF44,802033260,100.00,,
22.957941487,11179577263,,instructions,802025798,100.00,3.72,insn per cycle
22.957941487,3007557620,,cycles,802019138,100.00,,
23.058191501,4322,,rD044,801809387,100.00,,
23.058191501,75210312,,rFF44,801777087,100.00,,
23.058191501,11581185853,,instructions,801778979,100.00,3.85,insn per cycle
23.058191501,3006549084,,cycles,801771399,100.00,,
23.158433515,4667,,rD044,801940378,100.00,,
23.158433515,72689603,,rFF44,801955628,100.00,,
23.158433515,11285705910,,instructions,801957868,100.00,3.75,insn per cycle
23.158433515,3007332601,,cycles,801958218,100.00,,
23.258676949,4551,,rD044,801885127,100.00,,
23.258676949,75194033,,rFF44,801878027,100.00,,
23.258676949,11584285074,,instructions,801871697,100.00,3.85,insn per cycle
23.258676949,3006975941,,cycles,801869197,100.00,,
23.358917983,4864,,rD044,801918550,100.00,,
23.358917983,72532621,,rFF44,802175225,100.00,,
23.358917983,11252125059,,instructions,802186108,100.00,3.74,insn per cycle
23.358917983,3008225074,,cycles,802196408,100.00,,
23.459197027,4490,,rD044,802163288,100.00,,
23.459197027,74888465,,rFF44,801924623,100.00,,
23.459197027,11540908128,,instructions,801924060,100.00,3.84,insn per cycle
23.459197027,3007147811,,cycles,801919700,100.00,,
23.559446331,4779,,rD044,801963178,100.00,,
23.559446331,71874571,,rFF44,801948818,100.00,,
23.559446331,11180653159,,instructions,801936038,100.00,3.72,insn per cycle
23.559446331,3007244401,,cycles,801941638,100.00,,
23.659688555,4353,,rD044,801782178,100.00,,
23.659688555,74818685,,rFF44,801782828,100.00,,
23.659688555,11535233002,,instructions,801789518,100.00,3.84,insn per cycle
23.659688555,3006600207,,cycles,801775138,100.00,,
23.759933459,6395,,rD044,801964160,100.00,,
23.759933459,71702492,,rFF44,801984605,100.00,,
23.759933459,11168824935,,instructions,801984358,100.00,3.71,insn per cycle
23.759933459,3007485102,,cycles,802000288,100.00,,
23.860181403,4104,,rD044,801903168,100.00,,
23.860181403,75085020,,rFF44,801885353,100.00,,
23.860181403,11582280333,,instructions,801885120,100.00,3.85,insn per cycle
23.860181403,3006993255,,cycles,801873710,100.00,,
23.960428107,4963,,rD044,801980378,100.00,,
23.960428107,72826761,,rFF44,802005118,100.00,,
23.960428107,11305131846,,instructions,802016138,100.00,3.76,insn per cycle
23.960428107,3007597081,,cycles,802028668,100.00,,
24.060681541,3875,,rD044,801897927,100.00,,
24.060681541,75654426,,rFF44,801881647,100.00,,
24.060681541,11669434317,,instructions,801883307,100.00,3.88,insn per cycle
24.060681541,3006971716,,cycles,801882267,100.00,,
24.160932955,5212,,rD044,802005420,100.00,,
24.160932955,73581092,,rFF44,802005318,100.00,,
24.160932955,11391492606,,instructions,801990418,100.00,3.79,insn per cycle
24.160932955,3007395677,,cycles,801974968,100.00,,
24.261178689,4198,,rD044,801881468,100.00,,
24.261178689,74806308,,rFF44,801860540,100.00,,
24.261178689,11529142872,,instructions,801871350,100.00,3.83,insn per cycle
24.261178689,3006989426,,cycles,801872540,100.00,,
24.361418683,4742,,rD044,801940928,100.00,,
24.361418683,72257834,,rFF44,801964078,100.00,,
24.361418683,11225784151,,instructions,801950408,100.00,3.73,insn per cycle
24.361418683,3007304961,,cycles,801950618,100.00,,
24.461663557,4603,,rD044,801847588,100.00,,
24.461663557,72511887,,rFF44,801826898,100.00,,
24.461663557,11255470161,,instructions,801820958,100.00,3.74,insn per cycle
24.461663557,3006779205,,cycles,801822228,100.00,,
24.561903331,4539,,rD044,801938780,100.00,,
24.561903331,70140761,,rFF44,802000825,100.00,,
24.561903331,10976430697,,instructions,802035458,100.00,3.65,insn per cycle
24.561903331,3007622458,,cycles,802042958,100.00,,
24.662161455,5982,,rD044,801842687,100.00,,
24.662161455,72768108,,rFF44,801782242,100.00,,
24.662161455,11286265227,,instructions,801765899,100.00,3.75,insn per cycle
24.662161455,3006514203,,cycles,801757409,100.00,,
24.762400639,3649,,rD044,801926638,100.00,,
24.762400639,75329182,,rFF44,801928708,100.00,,
24.762400639,11604090861,,instructions,801908788,100.00,3.86,insn per cycle
24.762400639,3007150693,,cycles,801910258,100.00,,
24.862640413,5142,,rD044,801927838,100.00,,
24.862640413,72240940,,rFF44,801934968,100.00,,
24.862640413,11212991565,,instructions,801950468,100.00,3.73,insn per cycle
24.862640413,3007308604,,cycles,801951788,100.00,,
24.962884707,3969,,rD044,801840560,100.00,,
24.962884707,75381127,,rFF44,801824090,100.00,,
24.962884707,11606462162,,instructions,801841794,100.00,3.86,insn per cycle
24.962884707,3007058906,,cycles,801896028,100.00,,
25.063133621,4952,,rD044,801998568,100.00,,
25.063133621,72285060,,rFF44,802023058,100.00,,
25.063133621,11226588573,,instructions,802000184,100.00,3.73,insn per cycle
25.063133621,3007280957,,cycles,801950360,100.00,,
25.163379425,3831,,rD044,801848778,100.00,,
25.163379425,74883673,,rFF44,801820498,100.00,,
25.163379425,11531691698,,instructions,801818838,100.00,3.84,insn per cycle
25.163379425,3006770013,,cycles,801813928,100.00,,
25.263619019,4904,,rD044,801930168,100.00,,
25.263619019,72310887,,rFF44,801963458,100.00,,
25.263619019,11239292522,,instructions,801982348,100.00,3.74,insn per cycle
25.263619019,3007442340,,cycles,801987088,100.00,,
25.363870173,3713,,rD044,801959910,100.00,,
25.363870173,75172681,,rFF44,801945400,100.00,,
25.363870173,11584092901,,instructions,801931564,100.00,3.85,insn per cycle
25.363870173,3007476286,,cycles,802002148,100.00,,
25.464145707,4966,,rD044,802175598,100.00,,
25.464145707,73525248,,rFF44,802171388,100.00,,
25.464145707,11385823980,,instructions,802175724,100.00,3.79,insn per cycle
25.464145707,3007861855,,cycles,802104750,100.00,,
25.564389611,3961,,rD044,801857228,100.00,,
25.564389611,75401607,,rFF44,801852688,100.00,,
25.564389611,11626327880,,instructions,801839778,100.00,3.87,insn per cycle
25.564389611,3006806275,,cycles,801830808,100.00,,
25.664634145,4973,,rD044,801828258,100.00,,
25.664634145,73101165,,rFF44,801835298,100.00,,
25.664634145,11329846751,,instructions,801849488,100.00,3.77,insn per cycle
25.664634145,3006916364,,cycles,801861238,100.00,,
25.764879669,4032,,rD044,801907780,100.00,,
25.764879669,75400791,,rFF44,801913214,100.00,,
25.764879669,11631265404,,instructions,801905868,100.00,3.87,insn per cycle
25.764879669,3007271360,,cycles,801947818,100.00,,
25.865130033,4675,,rD044,801987328,100.00,,
25.865130033,72930899,,rFF44,801979734,100.00,,
25.865130033,11307629269,,instructions,801979550,100.00,3.76,insn per cycle
25.865130033,3007244188,,cycles,801934330,100.00,,
25.965370097,3932,,rD044,801879918,100.00,,
25.965370097,74785360,,rFF44,801873538,100.00,,
25.965370097,11533692402,,instructions,801869218,100.00,3.84,insn per cycle
25.965370097,3006966303,,cycles,801867168,100.00,,
26.065626821,5252,,rD044,801993237,100.00,,
26.065626821,72709174,,rFF44,802002927,100.00,,
26.065626821,11286565598,,instructions,802013207,100.00,3.75,insn per cycle
26.065626821,3007497095,,cycles,802019747,100.00,,
26.165873985,3749,,rD044,801909489,100.00,,
26.165873985,75028036,,rFF44,801908275,100.00,,
26.165873985,11564591208,,instructions,801905017,100.00,3.85,insn per cycle
26.165873985,3007270932,,cycles,801947107,100.00,,
26.266125059,4752,,rD044,801994398,100.00,,
26.266125059,72055243,,rFF44,802007502,100.00,,
26.266125059,11197734942,,instructions,802018210,100.00,3.72,insn per cycle
26.266125059,3007398693,,cycles,801976100,100.00,,
26.366370483,4752,,rD044,801886017,100.00,,
26.366370483,73578566,,rFF44,801886587,100.00,,
26.366370483,11384810186,,instructions,801877127,100.00,3.79,insn per cycle
26.366370483,3006929775,,cycles,801861797,100.00,,
26.466614137,4076,,rD044,801961168,100.00,,
26.466614137,73929412,,rFF44,801953118,100.00,,
26.466614137,11436286105,,instructions,801944548,100.00,3.80,insn per cycle
26.466614137,3007282389,,cycles,801944898,100.00,,
26.566855291,4886,,rD044,801817000,100.00,,
26.566855291,70188591,,rFF44,801817603,100.00,,
26.566855291,10965853161,,instructions,801823598,100.00,3.65,insn per cycle
26.566855291,3006797436,,cycles,801837828,100.00,,
26.667107075,3750,,rD044,801925718,100.00,,
26.667107075,75280236,,rFF44,801918755,100.00,,
26.667107075,11594171933,,instructions,801908150,100.00,3.86,insn per cycle
26.667107075,3007093124,,cycles,801900460,100.00,,
26.767350689,6421,,rD044,801886628,100.00,,
26.767350689,73157387,,rFF44,801895138,100.00,,
26.767350689,11329984127,,instructions,801904648,100.00,3.77,insn per cycle
26.767350689,3007107678,,cycles,801905688,100.00,,
26.867601083,3785,,rD044,801912126,100.00,,
26.867601083,75146610,,rFF44,801907616,100.00,,
26.867601083,11571403869,,instructions,801907006,100.00,3.85,insn per cycle
26.867601083,3006975224,,cycles,801917626,100.00,,
26.967847467,4772,,rD044,801839090,100.00,,
26.967847467,72218225,,rFF44,801831603,100.00,,
26.967847467,11230121413,,instructions,801834588,100.00,3.74,insn per cycle
26.967847467,3006705599,,cycles,801820478,100.00,,
27.068095331,4279,,rD044,801947268,100.00,,
27.068095331,75524133,,rFF44,801946735,100.00,,
27.068095331,11634678563,,instructions,801945520,100.00,3.87,insn per cycle
27.068095331,3007260029,,cycles,801954130,100.00,,
27.168343315,4698,,rD044,801890568,100.00,,
27.168343315,72334506,,rFF44,801886038,100.00,,
27.168343315,11235727529,,instructions,801885618,100.00,3.74,insn per cycle
27.168343315,3007049970,,cycles,801888238,100.00,,
27.268583599,3923,,rD044,801932238,100.00,,
27.268583599,74914023,,rFF44,801946978,100.00,,
27.268583599,11545359883,,instructions,801952698,100.00,3.84,insn per cycle
27.268583599,3007283759,,cycles,801945418,100.00,,
27.368831243,4892,,rD044,801915160,100.00,,
27.368831243,71728953,,rFF44,801915072,100.00,,
27.368831243,11168565544,,instructions,801906738,100.00,3.71,insn per cycle
27.368831243,3007123580,,cycles,801907798,100.00,,
27.469108417,4324,,rD044,802190228,100.00,,
27.469108417,75239261,,rFF44,802187696,100.00,,
27.469108417,11601169106,,instructions,802182880,100.00,3.86,insn per cycle
27.469108417,3008127199,,cycles,802175440,100.00,,
27.569352651,4603,,rD044,801947858,100.00,,
27.569352651,71886349,,rFF44,801948018,100.00,,
27.569352651,11168600961,,instructions,801951868,100.00,3.71,insn per cycle
27.569352651,3007312185,,cycles,801952978,100.00,,
27.669595055,4169,,rD044,801747597,100.00,,
27.669595055,75217886,,rFF44,801755367,100.00,,
27.669595055,11603638096,,instructions,801757237,100.00,3.86,insn per cycle
27.669595055,3006517492,,cycles,801767897,100.00,,
27.769843529,4670,,rD044,801967722,100.00,,
27.769843529,72689361,,rFF44,801955218,100.00,,
27.769843529,11272815581,,instructions,801946898,100.00,3.75,insn per cycle
27.769843529,3007251716,,cycles,801936468,100.00,,
27.870092083,4494,,rD044,801908715,100.00,,
27.870092083,75164032,,rFF44,801903929,100.00,,
27.870092083,11592941446,,instructions,801921559,100.00,3.86,insn per cycle
27.870092083,3007180812,,cycles,801923169,100.00,,
27.970336087,4726,,rD044,801938458,100.00,,
27.970336087,72196677,,rFF44,801948768,100.00,,
27.970336087,11217247821,,instructions,801935268,100.00,3.73,insn per cycle
27.970336087,3007224718,,cycles,801935588,100.00,,
28.070576801,3890,,rD044,801805818,100.00,,
28.070576801,74756970,,rFF44,801788848,100.00,,
28.070576801,11523592009,,instructions,801781118,100.00,3.83,insn per cycle
28.070576801,3006611244,,cycles,801782458,100.00,,
28.170811955,4319,,rD044,801885030,100.00,,
28.170811955,71759105,,rFF44,801898502,100.00,,
28.170811955,11164276142,,instructions,801909698,100.00,3.71,insn per cycle
28.170811955,3007173796,,cycles,801915848,100.00,,
28.271067029,4059,,rD044,801962418,100.00,,
28.271067029,74733929,,rFF44,801955076,100.00,,
28.271067029,11536568315,,instructions,801964670,100.00,3.84,insn per cycle
28.271067029,3007313516,,cycles,801958850,100.00,,
28.371310903,4537,,rD044,801954568,100.00,,
28.371310903,72782564,,rFF44,801957538,100.00,,
28.371310903,11294088354,,instructions,801938118,100.00,3.76,insn per cycle
28.371310903,3007246607,,cycles,801934988,100.00,,
28.471550447,4867,,rD044,801835538,100.00,,
28.471550447,69949846,,rFF44,801830338,100.00,,
28.471550447,10925794313,,instructions,801828238,100.00,3.63,insn per cycle
28.471550447,3006798750,,cycles,801827258,100.00,,
28.571786391,3935,,rD044,801889450,100.00,,
28.571786391,74615103,,rFF44,801902100,100.00,,
28.571786391,11493701458,,instructions,801916134,100.00,3.82,insn per cycle
28.571786391,3007186244,,cycles,801919208,100.00,,
28.672031665,5020,,rD044,801786127,100.00,,
28.672031665,70324223,,rFF44,801782077,100.00,,
28.672031665,10984555665,,instructions,801781093,100.00,3.65,insn per cycle
28.672031665,3006598131,,cycles,801784689,100.00,,
28.772273459,3873,,rD044,801937568,100.00,,
28.772273459,75334009,,rFF44,801943508,100.00,,
28.772273459,11600280496,,instructions,801947428,100.00,3.86,insn per cycle
28.772273459,3007256055,,cycles,801937658,100.00,,
28.872518623,4381,,rD044,801897298,100.00,,
28.872518623,73253074,,rFF44,801892498,100.00,,
28.872518623,11357149023,,instructions,801890898,100.00,3.78,insn per cycle
28.872518623,3007117197,,cycles,801906498,100.00,,
28.972764417,3650,,rD044,801974490,100.00,,
28.972764417,75116288,,rFF44,801984730,100.00,,
28.972764417,11569492425,,instructions,801980710,100.00,3.85,insn per cycle
28.972764417,3007372538,,cycles,801969018,100.00,,
29.073010791,4742,,rD044,801842957,100.00,,
29.073010791,70214948,,rFF44,801827537,100.00,,
29.073010791,10960993964,,instructions,801827187,100.00,3.65,insn per cycle
29.073010791,3006763472,,cycles,801828309,100.00,,
29.173252385,3620,,rD044,801921378,100.00,,
29.173252385,75222450,,rFF44,801918558,100.00,,
29.173252385,11590203053,,instructions,801923748,100.00,3.85,insn per cycle
29.173252385,3007254232,,cycles,801937468,100.00,,
29.273495369,4496,,rD044,801866815,100.00,,
29.273495369,71940010,,rFF44,801869898,100.00,,
29.273495369,11165588764,,instructions,801867358,100.00,3.71,insn per cycle
29.273495369,3006936308,,cycles,801858458,100.00,,
29.373736653,3286,,rD044,801924093,100.00,,
29.373736653,74388890,,rFF44,801930940,100.00,,
29.373736653,11465715753,,instructions,801929660,100.00,3.81,insn per cycle
29.373736653,3007188711,,cycles,801925440,100.00,,
29.473979547,4575,,rD044,801877487,100.00,,
29.473979547,69126930,,rFF44,801873377,100.00,,
29.473979547,10823302731,,instructions,801875877,100.00,3.60,insn per cycle
29.473979547,3006985078,,cycles,801871047,100.00,,
29.574222891,3401,,rD044,801928298,100.00,,
29.574222891,74454521,,rFF44,801933398,100.00,,
29.574222891,11478939606,,instructions,801936358,100.00,3.82,insn per cycle
29.574222891,3007259355,,cycles,801947168,100.00,,
29.643271331,194505,,rD044,526749578,100.00,,
29.643271331,34390862,,rFF44,526548548,100.00,,
29.643271331,5616352851,,instructions,526389068,100.00,2.85,insn per cycle
29.643271331,1973227290,,cycles,526232178,100.00,,
