0.100116816,14478,,rD044,92243067,100.00,,
0.100116816,24080320,,rFF44,92248487,100.00,,
0.100116816,517237546,,instructions,92253207,100.00,1.51,insn per cycle
0.100116816,341829245,,cycles,92258057,100.00,,
0.200368724,2718,,rD044,100247246,100.00,,
0.200368724,28257351,,rFF44,100247726,100.00,,
0.200368724,594740310,,instructions,100247996,100.00,1.58,insn per cycle
0.200368724,375926886,,cycles,100247516,100.00,,
0.300557710,2782,,rD044,100187166,100.00,,
0.300557710,31320523,,rFF44,100187166,100.00,,
0.300557710,399017319,,instructions,100186446,100.00,1.06,insn per cycle
0.300557710,375698336,,cycles,100186636,100.00,,
0.400744777,2682,,rD044,100186465,100.00,,
0.400744777,37504177,,rFF44,100186805,100.00,,
0.400744777,46383365,,instructions,100186685,100.00,0.12,insn per cycle
0.400744777,375698166,,cycles,100186535,100.00,,
0.502229099,16575879,,rD044,6173903021,100.00,,
0.502229099,230646545,,rFF44,7557828631,100.00,,
0.502229099,40956408591,,instructions,8479457801,100.00,1.23,insn per cycle
0.502229099,33353060336,,cycles,8896574754,100.00,,
0.632493390,44822927,,rD044,16588203085,100.00,,
0.632493390,461191051,,rFF44,15873830291,100.00,,
0.632493390,76730982232,,instructions,15362305109,100.00,1.33,insn per cycle
0.632493390,57518451202,,cycles,15338313308,100.00,,
0.751454451,42671477,,rD044,15079517194,100.00,,
0.751454451,427447942,,rFF44,14869890922,100.00,,
0.751454451,74056429657,,instructions,14832426994,100.00,1.33,insn per cycle
0.751454451,55522499002,,cycles,14806075322,100.00,,
0.867469129,41870200,,rD044,14788139183,100.00,,
0.867469129,424514081,,rFF44,14758610392,100.00,,
0.867469129,73717239984,,instructions,14770168258,100.00,1.33,insn per cycle
0.867469129,55505963137,,cycles,14801804131,100.00,,
0.982974681,41949115,,rD044,14762404694,100.00,,
0.982974681,425037557,,rFF44,14777511880,100.00,,
0.982974681,73847210002,,instructions,14791390236,100.00,1.33,insn per cycle
0.982974681,55505608092,,cycles,14801545518,100.00,,
1.098529834,42252508,,rD044,14753426462,100.00,,
1.098529834,423528259,,rFF44,14743346455,100.00,,
1.098529834,73482051382,,instructions,14744274009,100.00,1.33,insn per cycle
1.098529834,55216852101,,cycles,14725463569,100.00,,
1.213560541,42566032,,rD044,14733119881,100.00,,
1.213560541,423524360,,rFF44,14733479668,100.00,,
1.213560541,73549992653,,instructions,14748322179,100.00,1.33,insn per cycle
1.213560541,55389790158,,cycles,14770651117,100.00,,
1.329830512,42167775,,rD044,14811065961,100.00,,
1.329830512,424218826,,rFF44,14788118447,100.00,,
1.329830512,73710055463,,instructions,14787097613,100.00,1.33,insn per cycle
1.329830512,55336387986,,cycles,14757363302,100.00,,
1.444532635,41879845,,rD044,14762718500,100.00,,
1.444532635,423168711,,rFF44,14788700043,100.00,,
1.444532635,73669969519,,instructions,14798157008,100.00,1.33,insn per cycle
1.444532635,55568566399,,cycles,14818598496,100.00,,
1.560249349,41942939,,rD044,14776509298,100.00,,
1.560249349,424898692,,rFF44,14769645014,100.00,,
1.560249349,73464410077,,instructions,14741906374,100.00,1.33,insn per cycle
1.560249349,55272674214,,cycles,14739485295,100.00,,
1.675268176,41646809,,rD044,14735445782,100.00,,
1.675268176,423512232,,rFF44,14734270967,100.00,,
1.675268176,73536414604,,instructions,14741931089,100.00,1.33,insn per cycle
1.675268176,55330738336,,cycles,14755046006,100.00,,
1.790576825,41833642,,rD044,14734833812,100.00,,
1.790576825,422284645,,rFF44,14701563845,100.00,,
1.790576825,73096055665,,instructions,14663894211,100.00,1.33,insn per cycle
1.790576825,54938517824,,cycles,14650975524,100.00,,
1.905526051,41334403,,rD044,14725179686,100.00,,
1.905526051,424645085,,rFF44,14776973887,100.00,,
1.905526051,74019474989,,instructions,14820277660,100.00,1.33,insn per cycle
1.905526051,55610580278,,cycles,14829755212,100.00,,
2.021153065,41658461,,rD044,14790241257,100.00,,
2.021153065,424174315,,rFF44,14790792769,100.00,,
2.021153065,73594268051,,instructions,14772560484,100.00,1.33,insn per cycle
2.021153065,55313132187,,cycles,14750948823,100.00,,
2.136355193,41142989,,rD044,14771467331,100.00,,
2.136355193,423247616,,rFF44,14774247807,100.00,,
2.136355193,73693667926,,instructions,14796430171,100.00,1.33,insn per cycle
2.136355193,55503530533,,cycles,14801041626,100.00,,
2.251790145,41805058,,rD044,14746845774,100.00,,
2.251790145,422593366,,rFF44,14711623566,100.00,,
2.251790145,73363074093,,instructions,14712152952,100.00,1.33,insn per cycle
2.251790145,55156247974,,cycles,14708449986,100.00,,
2.366714160,41120744,,rD044,14752739577,100.00,,
2.366714160,423182166,,rFF44,14764378268,100.00,,
2.366714160,73489091524,,instructions,14743159313,100.00,1.33,insn per cycle
2.366714160,55311934235,,cycles,14751179979,100.00,,
2.482351434,41138616,,rD044,14732632254,100.00,,
2.482351434,423246987,,rFF44,14696166873,100.00,,
2.482351434,73324852222,,instructions,14681030158,100.00,1.33,insn per cycle
2.482351434,55032607023,,cycles,14675501341,100.00,,
2.596679352,41207483,,rD044,14780970954,100.00,,
2.596679352,424005380,,rFF44,14839842564,100.00,,
2.596679352,73941673012,,instructions,14854323364,100.00,1.33,insn per cycle
2.596679352,55677301331,,cycles,14847514180,100.00,,
2.712610399,42023483,,rD044,14762938699,100.00,,
2.712610399,423736556,,rFF44,14730698102,100.00,,
2.712610399,73709015417,,instructions,14761058671,100.00,1.33,insn per cycle
2.712610399,55441083192,,cycles,14784642848,100.00,,
2.828499456,41706248,,rD044,14772587712,100.00,,
2.828499456,424348694,,rFF44,14785850073,100.00,,
2.828499456,73688104188,,instructions,14775185444,100.00,1.33,insn per cycle
2.828499456,55325497617,,cycles,14754197187,100.00,,
2.943206469,42505616,,rD044,14716868888,100.00,,
2.943206469,422769751,,rFF44,14695563599,100.00,,
2.943206469,73264910166,,instructions,14681531383,100.00,1.33,insn per cycle
2.943206469,55158751453,,cycles,14709280561,100.00,,
3.058566589,42169345,,rD044,14762633838,100.00,,
3.058566589,425036504,,rFF44,14784919640,100.00,,
3.058566589,73714809824,,instructions,14771845551,100.00,1.33,insn per cycle
3.058566589,55328008204,,cycles,14754170819,100.00,,
3.174152472,40854432,,rD044,14755560876,100.00,,
3.174152472,423197755,,rFF44,14740329732,100.00,,
3.174152472,73661976300,,instructions,14760337204,100.00,1.33,insn per cycle
3.174152472,55388312195,,cycles,14770882359,100.00,,
3.289244719,38363055,,rD044,14777503688,100.00,,
3.289244719,422531852,,rFF44,14742191691,100.00,,
3.289244719,73229229524,,instructions,14670008951,100.00,1.34,insn per cycle
3.289244719,54746505612,,cycles,14602599304,100.00,,
3.403156713,36879544,,rD044,14530337016,100.00,,
3.403156713,425188951,,rFF44,14569677703,100.00,,
3.403156713,73632524868,,instructions,14594303175,100.00,1.34,insn per cycle
3.403156713,54866946086,,cycles,14632575761,100.00,,
3.517602083,40307179,,rD044,14663185153,100.00,,
3.517602083,423039727,,rFF44,14652854969,100.00,,
3.517602083,73615683257,,instructions,14696969813,100.00,1.33,insn per cycle
3.517602083,55144385955,,cycles,14705639911,100.00,,
3.632239945,40515246,,rD044,14698577879,100.00,,
3.632239945,422993867,,rFF44,14724345451,100.00,,
3.632239945,73542176059,,instructions,14742951209,100.00,1.33,insn per cycle
3.632239945,55416692447,,cycles,14778335018,100.00,,
3.748222543,41407612,,rD044,14801962200,100.00,,
3.748222543,425753731,,rFF44,14812409935,100.00,,
3.748222543,73920594841,,instructions,14811381274,100.00,1.33,insn per cycle
3.748222543,55419846198,,cycles,14779443541,100.00,,
3.863310670,40129824,,rD044,14717494314,100.00,,
3.863310670,421844884,,rFF44,14675868274,100.00,,
3.863310670,73155803338,,instructions,14662203441,100.00,1.33,insn per cycle
3.863310670,55061738918,,cycles,14683497749,100.00,,
3.978331647,40245022,,rD044,14726348867,100.00,,
3.978331647,423176257,,rFF44,14726064771,100.00,,
3.978331647,73435881244,,instructions,14712370891,100.00,1.33,insn per cycle
3.978331647,55089247296,,cycles,14690549517,100.00,,
4.093307603,40899598,,rD044,14707259764,100.00,,
4.093307603,423430368,,rFF44,14713978476,100.00,,
4.093307603,73541939767,,instructions,14730542777,100.00,1.33,insn per cycle
4.093307603,55252999371,,cycles,14734219451,100.00,,
4.208324989,40929180,,rD044,14753411824,100.00,,
4.208324989,424188292,,rFF44,14773285406,100.00,,
4.208324989,73655287623,,instructions,14769481373,100.00,1.33,insn per cycle
4.208324989,55408693636,,cycles,14776033158,100.00,,
4.323573888,41009296,,rD044,14752027512,100.00,,
4.323573888,422873312,,rFF44,14734166799,100.00,,
4.323573888,73386798765,,instructions,14720869415,100.00,1.33,insn per cycle
4.323573888,55177195360,,cycles,14714685469,100.00,,
4.438606775,41156572,,rD044,14744741264,100.00,,
4.438606775,424170078,,rFF44,14754628905,100.00,,
4.438606775,73634916266,,instructions,14754125942,100.00,1.33,insn per cycle
4.438606775,55287438608,,cycles,14744182228,100.00,,
4.553806964,41216507,,rD044,14729601472,100.00,,
4.553806964,423569738,,rFF44,14732094330,100.00,,
4.553806964,73592332988,,instructions,14753919996,100.00,1.33,insn per cycle
4.553806964,55439136016,,cycles,14783840886,100.00,,
4.669373966,41385368,,rD044,14737064276,100.00,,
4.669373966,423128504,,rFF44,14723678814,100.00,,
4.669373966,73439404717,,instructions,14720445159,100.00,1.33,insn per cycle
4.669373966,55102469156,,cycles,14694374114,100.00,,
4.783525343,41240245,,rD044,14738598074,100.00,,
4.783525343,423254816,,rFF44,14791758997,100.00,,
4.783525343,73650123726,,instructions,14792375453,100.00,1.33,insn per cycle
4.783525343,55479927397,,cycles,14795681406,100.00,,
4.899700153,42130127,,rD044,14808450540,100.00,,
4.899700153,424290499,,rFF44,14773753148,100.00,,
4.899700153,73658071397,,instructions,14765499479,100.00,1.33,insn per cycle
4.899700153,55463346105,,cycles,14790270540,100.00,,
5.015393157,41992405,,rD044,14790154626,100.00,,
5.015393157,424888187,,rFF44,14800335945,100.00,,
5.015393157,73808161537,,instructions,14806478525,100.00,1.33,insn per cycle
5.015393157,55563246920,,cycles,14816916317,100.00,,
5.131162522,41165215,,rD044,14782682651,100.00,,
5.131162522,425012215,,rFF44,14793286470,100.00,,
5.131162522,73881548927,,instructions,14801330347,100.00,1.33,insn per cycle
5.131162522,55430708781,,cycles,14781574512,100.00,,
5.246250879,41230922,,rD044,14727306712,100.00,,
5.246250879,423115639,,rFF44,14714616670,100.00,,
5.246250879,73400028500,,instructions,14702223556,100.00,1.33,insn per cycle
5.246250879,55051236022,,cycles,14680415437,100.00,,
5.361163385,41300637,,rD044,14721099112,100.00,,
5.361163385,422359233,,rFF44,14715051529,100.00,,
5.361163385,73463809464,,instructions,14734449897,100.00,1.33,insn per cycle
5.361163385,55329411412,,cycles,14754658668,100.00,,
5.476318003,40823807,,rD044,14734665709,100.00,,
5.476318003,424140479,,rFF44,14738780723,100.00,,
5.476318003,73494133496,,instructions,14726984953,100.00,1.33,insn per cycle
5.476318003,55131665483,,cycles,14702091814,100.00,,
5.591412950,39900979,,rD044,14809741054,100.00,,
5.591412950,421855599,,rFF44,14823884743,100.00,,
5.591412950,73843202721,,instructions,14841087912,100.00,1.32,insn per cycle
5.591412950,55756630841,,cycles,14870623886,100.00,,
5.707503659,40818390,,rD044,14802962243,100.00,,
5.707503659,424432346,,rFF44,14773603626,100.00,,
5.707503659,73725209808,,instructions,14765116680,100.00,1.33,insn per cycle
5.707503659,55368752805,,cycles,14765122050,100.00,,
5.822920660,41252287,,rD044,14736596954,100.00,,
5.822920660,423102148,,rFF44,14726971050,100.00,,
5.822920660,73204352224,,instructions,14689371167,100.00,1.33,insn per cycle
5.822920660,55091140847,,cycles,14691319686,100.00,,
5.938225070,41611206,,rD044,14733002554,100.00,,
5.938225070,423226627,,rFF44,14723662033,100.00,,
5.938225070,73587717514,,instructions,14748836793,100.00,1.33,insn per cycle
5.938225070,55349587694,,cycles,14759973079,100.00,,
6.053356988,42465192,,rD044,14753698858,100.00,,
6.053356988,424496767,,rFF44,14776852052,100.00,,
6.053356988,73608381302,,instructions,14765887431,100.00,1.33,insn per cycle
6.053356988,55261548450,,cycles,14736451257,100.00,,
6.168401784,42120039,,rD044,14730639625,100.00,,
6.168401784,423282684,,rFF44,14738841292,100.00,,
6.168401784,73445146641,,instructions,14736689964,100.00,1.33,insn per cycle
6.168401784,55235806439,,cycles,14729603322,100.00,,
6.283265569,40681102,,rD044,14748972228,100.00,,
6.283265569,421977844,,rFF44,14724336493,100.00,,
6.283265569,73439560860,,instructions,14707262982,100.00,1.33,insn per cycle
6.283265569,55114797844,,cycles,14699635011,100.00,,
6.321273133,7050406,,rD044,3829510628,100.00,,
6.321273133,34907134,,rFF44,3418380546,100.00,,
6.321273133,11102880420,,instructions,3043148335,100.00,1.11,insn per cycle
6.321273133,9987318945,,cycles,2663761361,100.00,,
