0.100122133,13606,,rD044,92474360,100.00,,
0.100122133,24046035,,rFF44,92480210,100.00,,
0.100122133,515934248,,instructions,92484300,100.00,1.50,insn per cycle
0.100122133,342898687,,cycles,92489550,100.00,,
0.200358277,2449,,rD044,100230936,100.00,,
0.200358277,28241954,,rFF44,100231646,100.00,,
0.200358277,594622868,,instructions,100232276,100.00,1.58,insn per cycle
0.200358277,375865451,,cycles,100231316,100.00,,
0.300549420,2278,,rD044,100190246,100.00,,
0.300549420,31382626,,rFF44,100189686,100.00,,
0.300549420,400379068,,instructions,100189696,100.00,1.07,insn per cycle
0.300549420,375712247,,cycles,100190106,100.00,,
0.400733954,1993,,rD044,100183125,100.00,,
0.400733954,37655363,,rFF44,100182825,100.00,,
0.400733954,46470657,,instructions,100182085,100.00,0.12,insn per cycle
0.400733954,375682591,,cycles,100182385,100.00,,
0.502612277,16902982,,rD044,6098101634,100.00,,
0.502612277,231498956,,rFF44,7464982540,100.00,,
0.502612277,40375804192,,instructions,8416128899,100.00,1.22,insn per cycle
0.502612277,33024699329,,cycles,8808569379,100.00,,
0.632487083,44782241,,rD044,16585752318,100.00,,
0.632487083,463270349,,rFF44,15940691284,100.00,,
0.632487083,76334397595,,instructions,15412971565,100.00,1.32,insn per cycle
0.632487083,57769120740,,cycles,15405328983,100.00,,
0.752862979,43869124,,rD044,15200415871,100.00,,
0.752862979,432434728,,rFF44,14933074233,100.00,,
0.752862979,74654831975,,instructions,14937775302,100.00,1.33,insn per cycle
0.752862979,56075369607,,cycles,14953551953,100.00,,
0.869138678,41552034,,rD044,14813559169,100.00,,
0.869138678,427052927,,rFF44,14777479731,100.00,,
0.869138678,73505046483,,instructions,14734015489,100.00,1.33,insn per cycle
0.869138678,55194970152,,cycles,14718713017,100.00,,
0.983747487,40739690,,rD044,14675011419,100.00,,
0.983747487,427176692,,rFF44,14688051145,100.00,,
0.983747487,73723039002,,instructions,14712887439,100.00,1.34,insn per cycle
0.983747487,55177654023,,cycles,14714289137,100.00,,
1.098925343,41221892,,rD044,14786653637,100.00,,
1.098925343,427740250,,rFF44,14821638196,100.00,,
1.098925343,73929692738,,instructions,14824122516,100.00,1.33,insn per cycle
1.098925343,55579453526,,cycles,14821219355,100.00,,
1.214637756,41627849,,rD044,14701789111,100.00,,
1.214637756,425066611,,rFF44,14643485196,100.00,,
1.214637756,73142953563,,instructions,14643044093,100.00,1.33,insn per cycle
1.214637756,55038975087,,cycles,14677148594,100.00,,
1.329734001,42297038,,rD044,14716466243,100.00,,
1.329734001,427645626,,rFF44,14726827692,100.00,,
1.329734001,73422022263,,instructions,14698681694,100.00,1.34,insn per cycle
1.329734001,54932600064,,cycles,14648811709,100.00,,
1.443721014,41836953,,rD044,14674400067,100.00,,
1.443721014,425340319,,rFF44,14669890011,100.00,,
1.443721014,73289480589,,instructions,14681836542,100.00,1.33,insn per cycle
1.443721014,55125180734,,cycles,14700123272,100.00,,
1.558824029,42374488,,rD044,14712715957,100.00,,
1.558824029,428302446,,rFF44,14726094992,100.00,,
1.558824029,73555286745,,instructions,14732896137,100.00,1.33,insn per cycle
1.558824029,55249255354,,cycles,14733457651,100.00,,
1.673944385,42052885,,rD044,14714468775,100.00,,
1.673944385,427083126,,rFF44,14724422982,100.00,,
1.673944385,73587839719,,instructions,14739993092,100.00,1.33,insn per cycle
1.673944385,55327416263,,cycles,14754197881,100.00,,
1.789267472,41337504,,rD044,14725416318,100.00,,
1.789267472,426477880,,rFF44,14717422642,100.00,,
1.789267472,73303287070,,instructions,14692331390,100.00,1.33,insn per cycle
1.789267472,55055078475,,cycles,14681488961,100.00,,
1.903946733,41545219,,rD044,14684423325,100.00,,
1.903946733,425372022,,rFF44,14655199505,100.00,,
1.903946733,73112891454,,instructions,14646597993,100.00,1.33,insn per cycle
1.903946733,54898086192,,cycles,14639639031,100.00,,
2.018802885,41142838,,rD044,14687950255,100.00,,
2.018802885,427265816,,rFF44,14722250199,100.00,,
2.018802885,73702139330,,instructions,14743111066,100.00,1.33,insn per cycle
2.018802885,55285660773,,cycles,14745354299,100.00,,
2.133762459,38730286,,rD044,14812779166,100.00,,
2.133762459,426841480,,rFF44,14834719007,100.00,,
2.133762459,74084834462,,instructions,14830174451,100.00,1.33,insn per cycle
2.133762459,55636500718,,cycles,14836516196,100.00,,
2.249777995,40383105,,rD044,14739765331,100.00,,
2.249777995,426723070,,rFF44,14693530375,100.00,,
2.249777995,73539557063,,instructions,14689710198,100.00,1.34,insn per cycle
2.249777995,55058048982,,cycles,14682704155,100.00,,
2.364555777,40657331,,rD044,14692810229,100.00,,
2.364555777,426284215,,rFF44,14683386246,100.00,,
2.364555777,73306425934,,instructions,14666098176,100.00,1.34,insn per cycle
2.364555777,54905843902,,cycles,14641742201,100.00,,
2.478084724,40827720,,rD044,14604427706,100.00,,
2.478084724,425001830,,rFF44,14641381049,100.00,,
2.478084724,73302775636,,instructions,14666466165,100.00,1.33,insn per cycle
2.478084724,55158582395,,cycles,14709042427,100.00,,
2.593935868,41353040,,rD044,14820300184,100.00,,
2.593935868,427749038,,rFF44,14808404505,100.00,,
2.593935868,73811751185,,instructions,14795543970,100.00,1.33,insn per cycle
2.593935868,55422054973,,cycles,14779453847,100.00,,
2.709177515,41210386,,rD044,14714243578,100.00,,
2.709177515,426964317,,rFF44,14703124733,100.00,,
2.709177515,73520014544,,instructions,14703159435,100.00,1.33,insn per cycle
2.709177515,55131639619,,cycles,14701994874,100.00,,
2.824130868,41154007,,rD044,14704562423,100.00,,
2.824130868,427138935,,rFF44,14723175831,100.00,,
2.824130868,73709347988,,instructions,14747169686,100.00,1.33,insn per cycle
2.824130868,55320918706,,cycles,14752397033,100.00,,
2.939199243,41441847,,rD044,14709276055,100.00,,
2.939199243,425787365,,rFF44,14699426612,100.00,,
2.939199243,73266838270,,instructions,14684960059,100.00,1.33,insn per cycle
2.939199243,55056999482,,cycles,14682759302,100.00,,
3.053747382,41125597,,rD044,14693448805,100.00,,
3.053747382,426394039,,rFF44,14699242885,100.00,,
3.053747382,73492820984,,instructions,14715928594,100.00,1.33,insn per cycle
3.053747382,55210081050,,cycles,14722740868,100.00,,
3.168751327,39080147,,rD044,14771673405,100.00,,
3.168751327,426765989,,rFF44,14752766955,100.00,,
3.168751327,73655054490,,instructions,14719977433,100.00,1.34,insn per cycle
3.168751327,55047140090,,cycles,14682866267,100.00,,
3.283362416,37636185,,rD044,14558680593,100.00,,
3.283362416,428181083,,rFF44,14549115449,100.00,,
3.283362416,73587432430,,instructions,14556814244,100.00,1.34,insn per cycle
3.283362416,54765400700,,cycles,14605152422,100.00,,
3.397696008,39776576,,rD044,14618396969,100.00,,
3.397696008,425836124,,rFF44,14628377326,100.00,,
3.397696008,73228352421,,instructions,14625522403,100.00,1.34,insn per cycle
3.397696008,54737718411,,cycles,14597036380,100.00,,
3.511650614,41821404,,rD044,14637846814,100.00,,
3.511650614,425129314,,rFF44,14652393725,100.00,,
3.511650614,73050338486,,instructions,14632318348,100.00,1.33,insn per cycle
3.511650614,54851597756,,cycles,14628745725,100.00,,
3.626347219,41199690,,rD044,14689078495,100.00,,
3.626347219,426533338,,rFF44,14674471614,100.00,,
3.626347219,73453650037,,instructions,14685370652,100.00,1.33,insn per cycle
3.626347219,55036726544,,cycles,14677562883,100.00,,
3.741043254,41395423,,rD044,14695241449,100.00,,
3.741043254,426856389,,rFF44,14718485829,100.00,,
3.741043254,73715055123,,instructions,14744674982,100.00,1.33,insn per cycle
3.741043254,55418225816,,cycles,14778498504,100.00,,
3.856654390,41756897,,rD044,14729684750,100.00,,
3.856654390,426655922,,rFF44,14707202432,100.00,,
3.856654390,73432275665,,instructions,14700806236,100.00,1.33,insn per cycle
3.856654390,55198468796,,cycles,14719692795,100.00,,
3.971655648,42368604,,rD044,14702577225,100.00,,
3.971655648,426156248,,rFF44,14685303874,100.00,,
3.971655648,73215989650,,instructions,14670531203,100.00,1.34,insn per cycle
3.971655648,54806657412,,cycles,14615181124,100.00,,
4.085668985,41246339,,rD044,14670873162,100.00,,
4.085668985,427039298,,rFF44,14712368860,100.00,,
4.085668985,73565084600,,instructions,14725953810,100.00,1.33,insn per cycle
4.085668985,55362583590,,cycles,14763650152,100.00,,
4.201044108,40939134,,rD044,14742067285,100.00,,
4.201044108,426825009,,rFF44,14736784585,100.00,,
4.201044108,73549006669,,instructions,14729484649,100.00,1.33,insn per cycle
4.201044108,55192037223,,cycles,14719015487,100.00,,
4.315675062,40595916,,rD044,14662648276,100.00,,
4.315675062,427152272,,rFF44,14671865590,100.00,,
4.315675062,73553155470,,instructions,14691511480,100.00,1.33,insn per cycle
4.315675062,55129209369,,cycles,14701709603,100.00,,
4.430655420,41241555,,rD044,14689537713,100.00,,
4.430655420,425738677,,rFF44,14665725947,100.00,,
4.430655420,73074596549,,instructions,14632609779,100.00,1.33,insn per cycle
4.430655420,54850798354,,cycles,14627022930,100.00,,
4.545375846,42131323,,rD044,14708984645,100.00,,
4.545375846,427585324,,rFF44,14722668535,100.00,,
4.545375846,73639847397,,instructions,14738187680,100.00,1.33,insn per cycle
4.545375846,55267567237,,cycles,14738931701,100.00,,
4.660661977,40617192,,rD044,14750651740,100.00,,
4.660661977,426823591,,rFF44,14746080657,100.00,,
4.660661977,73689594275,,instructions,14755789514,100.00,1.33,insn per cycle
4.660661977,55348497040,,cycles,14760747931,100.00,,
4.775740927,40266582,,rD044,14682243892,100.00,,
4.775740927,425951007,,rFF44,14667977634,100.00,,
4.775740927,73363558421,,instructions,14681556520,100.00,1.33,insn per cycle
4.775740927,55064817703,,cycles,14684056472,100.00,,
4.890363821,40471046,,rD044,14686737087,100.00,,
4.890363821,426116389,,rFF44,14671401537,100.00,,
4.890363821,73247870355,,instructions,14655441397,100.00,1.33,insn per cycle
4.890363821,54917210934,,cycles,14644718098,100.00,,
5.004728922,40957060,,rD044,14658245148,100.00,,
5.004728922,426246835,,rFF44,14677289235,100.00,,
5.004728922,73366602354,,instructions,14680063018,100.00,1.33,insn per cycle
5.004728922,55047498410,,cycles,14679335211,100.00,,
5.119600409,40236037,,rD044,14795516867,100.00,,
5.119600409,425240740,,rFF44,14785122057,100.00,,
5.119600409,73486398955,,instructions,14764666356,100.00,1.33,insn per cycle
5.119600409,55309014358,,cycles,14749685346,100.00,,
5.235000432,40481261,,rD044,14771324920,100.00,,
5.235000432,426180114,,rFF44,14784794322,100.00,,
5.235000432,73497936648,,instructions,14746334728,100.00,1.33,insn per cycle
5.235000432,55227654309,,cycles,14727749586,100.00,,
5.349680977,40238239,,rD044,14666417656,100.00,,
5.349680977,427281745,,rFF44,14683308243,100.00,,
5.349680977,73682907198,,instructions,14709605504,100.00,1.33,insn per cycle
5.349680977,55232210519,,cycles,14728828138,100.00,,
5.464850437,40690277,,rD044,14709437082,100.00,,
5.464850437,427605601,,rFF44,14694775910,100.00,,
5.464850437,73736767089,,instructions,14714249846,100.00,1.34,insn per cycle
5.464850437,55170287647,,cycles,14712144457,100.00,,
5.579593023,41150657,,rD044,14690082627,100.00,,
5.579593023,427372606,,rFF44,14702198314,100.00,,
5.579593023,73526184285,,instructions,14700878631,100.00,1.33,insn per cycle
5.579593023,55142630780,,cycles,14704919577,100.00,,
5.694761823,42009545,,rD044,14702792428,100.00,,
5.694761823,426927785,,rFF44,14705575206,100.00,,
5.694761823,73629037108,,instructions,14729882360,100.00,1.33,insn per cycle
5.694761823,55307015145,,cycles,14748680777,100.00,,
5.810063995,42268539,,rD044,14737462098,100.00,,
5.810063995,426579718,,rFF44,14713938895,100.00,,
5.810063995,73455636438,,instructions,14714823756,100.00,1.33,insn per cycle
5.810063995,55137273701,,cycles,14703350268,100.00,,
5.924728650,42029966,,rD044,14688705428,100.00,,
5.924728650,426724015,,rFF44,14709988322,100.00,,
5.924728650,73492477954,,instructions,14714613232,100.00,1.33,insn per cycle
5.924728650,55251574016,,cycles,14733793459,100.00,,
6.039734798,42063908,,rD044,14698644252,100.00,,
6.039734798,426156056,,rFF44,14693092052,100.00,,
6.039734798,73314455703,,instructions,14690495063,100.00,1.33,insn per cycle
6.039734798,54991774690,,cycles,14664521356,100.00,,
6.154890828,41654236,,rD044,14758657271,100.00,,
6.154890828,428300118,,rFF44,14782930149,100.00,,
6.154890828,73637616105,,instructions,14754491908,100.00,1.33,insn per cycle
6.154890828,55337469746,,cycles,14756775505,100.00,,
6.269635584,41398770,,rD044,14671082922,100.00,,
6.269635584,425585847,,rFF44,14655721317,100.00,,
6.269635584,73367316268,,instructions,14681692539,100.00,1.33,insn per cycle
6.269635584,55122847932,,cycles,14699639250,100.00,,
6.306345955,6972408,,rD044,3741829067,100.00,,
6.306345955,33847887,,rFF44,3306226980,100.00,,
6.306345955,10299919353,,instructions,2891897930,100.00,1.10,insn per cycle
6.306345955,9337631957,,cycles,2490588623,100.00,,
