0.100123396,11383,,rD044,92618780,100.00,,
0.100123396,24352599,,rFF44,92624210,100.00,,
0.100123396,522683097,,instructions,92629050,100.00,1.52,insn per cycle
0.100123396,343491022,,cycles,92633260,100.00,,
0.200382823,2157,,rD044,100254316,100.00,,
0.200382823,28245694,,rFF44,100254726,100.00,,
0.200382823,594736429,,instructions,100255196,100.00,1.58,insn per cycle
0.200382823,375956578,,cycles,100255456,100.00,,
0.300563540,2819,,rD044,100179525,100.00,,
0.300563540,31469509,,rFF44,100179605,100.00,,
0.300563540,393934482,,instructions,100179225,100.00,1.05,insn per cycle
0.300563540,375666106,,cycles,100178805,100.00,,
0.400744196,3139,,rD044,100180906,100.00,,
0.400744196,37433332,,rFF44,100180516,100.00,,
0.400744196,46328612,,instructions,100180246,100.00,0.12,insn per cycle
0.400744196,375671185,,cycles,100180136,100.00,,
0.500927103,124775,,rD044,1533134462,100.00,,
0.500927103,157266941,,rFF44,1536843717,100.00,,
0.500927103,21290128310,,instructions,1539840376,100.00,3.68,insn per cycle
0.500927103,5782876422,,cycles,1542723399,100.00,,
0.601506304,199273,,rD044,3218101108,100.00,,
0.601506304,281772346,,rFF44,3217531794,100.00,,
0.601506304,43949223090,,instructions,3217119575,100.00,3.64,insn per cycle
0.601506304,12063031670,,cycles,3216821887,100.00,,
0.702038225,216174,,rD044,3216966485,100.00,,
0.702038225,284583197,,rFF44,3217275374,100.00,,
0.702038225,44342965530,,instructions,3217522704,100.00,3.67,insn per cycle
0.702038225,12066437360,,cycles,3217748389,100.00,,
0.802590386,184429,,rD044,3217727412,100.00,,
0.802590386,284479937,,rFF44,3217742133,100.00,,
0.802590386,44323975191,,instructions,3217794144,100.00,3.67,insn per cycle
0.802590386,12066959688,,cycles,3217877454,100.00,,
0.903152527,183647,,rD044,3218069033,100.00,,
0.903152527,282473148,,rFF44,3218033361,100.00,,
0.903152527,44063664781,,instructions,3217968443,100.00,3.65,insn per cycle
0.903152527,12067094391,,cycles,3217908853,100.00,,
1.003715988,186676,,rD044,3217826164,100.00,,
1.003715988,291455182,,rFF44,3217793095,100.00,,
1.003715988,45210708598,,instructions,3217766387,100.00,3.75,insn per cycle
1.003715988,12066211299,,cycles,3217667384,100.00,,
1.104271689,181807,,rD044,3217763244,100.00,,
1.104271689,285253101,,rFF44,3217779224,100.00,,
1.104271689,44411645454,,instructions,3217848359,100.00,3.68,insn per cycle
1.104271689,12066717809,,cycles,3217803434,100.00,,
1.204828299,184397,,rD044,3217680714,100.00,,
1.204828299,288670918,,rFF44,3217679134,100.00,,
1.204828299,44854435412,,instructions,3217605204,100.00,3.72,insn per cycle
1.204828299,12066440371,,cycles,3217729765,100.00,,
1.305389210,181639,,rD044,3217975054,100.00,,
1.305389210,285959119,,rFF44,3217952484,100.00,,
1.305389210,44524656142,,instructions,3218057254,100.00,3.69,insn per cycle
1.305389210,12068011035,,cycles,3218147894,100.00,,
1.405953601,185136,,rD044,3218116285,100.00,,
1.405953601,283722087,,rFF44,3218158724,100.00,,
1.405953601,44205761716,,instructions,3218174424,100.00,3.66,insn per cycle
1.405953601,12068070681,,cycles,3218161721,100.00,,
1.506518372,191578,,rD044,3217982311,100.00,,
1.506518372,282732581,,rFF44,3218015136,100.00,,
1.506518372,44088774905,,instructions,3217981064,100.00,3.65,insn per cycle
1.506518372,12067245078,,cycles,3217943514,100.00,,
1.607084313,183426,,rD044,3218259854,100.00,,
1.607084313,289915856,,rFF44,3218385586,100.00,,
1.607084313,44995493642,,instructions,3218379744,100.00,3.73,insn per cycle
1.607084313,12068934853,,cycles,3218407234,100.00,,
1.707661535,183308,,rD044,3218296174,100.00,,
1.707661535,285748308,,rFF44,3218103301,100.00,,
1.707661535,44477618950,,instructions,3218016444,100.00,3.69,insn per cycle
1.707661535,12066900180,,cycles,3217853084,100.00,,
1.808216545,184649,,rD044,3217627794,100.00,,
1.808216545,287952761,,rFF44,3217536381,100.00,,
1.808216545,44776829914,,instructions,3217603441,100.00,3.71,insn per cycle
1.808216545,12066209240,,cycles,3217697724,100.00,,
1.908774456,184031,,rD044,3217876410,100.00,,
1.908774456,290125592,,rFF44,3218015083,100.00,,
1.908774456,45036927813,,instructions,3218001949,100.00,3.73,insn per cycle
1.908774456,12067231383,,cycles,3217951293,100.00,,
2.009347898,186328,,rD044,3218240649,100.00,,
2.009347898,288353764,,rFF44,3218309954,100.00,,
2.009347898,44799758366,,instructions,3218435249,100.00,3.71,insn per cycle
2.009347898,12069386528,,cycles,3218522692,100.00,,
2.109928019,186081,,rD044,3217706461,100.00,,
2.109928019,284765694,,rFF44,3217498678,100.00,,
2.109928019,44371058988,,instructions,3217409158,100.00,3.68,insn per cycle
2.109928019,12064876571,,cycles,3217480536,100.00,,
2.210482220,184980,,rD044,3217980614,100.00,,
2.210482220,292904816,,rFF44,3218042044,100.00,,
2.210482220,45375005824,,instructions,3218031784,100.00,3.76,insn per cycle
2.210482220,12067088790,,cycles,3217902257,100.00,,
2.311038421,187858,,rD044,3217376036,100.00,,
2.311038421,287480872,,rFF44,3217336053,100.00,,
2.311038421,44690168218,,instructions,3217376343,100.00,3.70,insn per cycle
2.311038421,12064538844,,cycles,3217374942,100.00,,
2.411596891,181807,,rD044,3217913383,100.00,,
2.411596891,285684040,,rFF44,3217972812,100.00,,
2.411596891,44521395518,,instructions,3217794803,100.00,3.69,insn per cycle
2.411596891,12066410685,,cycles,3217733893,100.00,,
2.512152992,189982,,rD044,3217941974,100.00,,
2.512152992,291528042,,rFF44,3218421874,100.00,,
2.512152992,45191991692,,instructions,3218422564,100.00,3.74,insn per cycle
2.512152992,12069071872,,cycles,3218431074,100.00,,
2.612725873,186235,,rD044,3217864504,100.00,,
2.612725873,282127262,,rFF44,3217119863,100.00,,
2.612725873,44045851861,,instructions,3216992000,100.00,3.65,insn per cycle
2.612725873,12062948086,,cycles,3216807254,100.00,,
2.713247544,212753,,rD044,3216868152,100.00,,
2.713247544,282238151,,rFF44,3217132064,100.00,,
2.713247544,44082317446,,instructions,3217420156,100.00,3.65,insn per cycle
2.713247544,12066362211,,cycles,3217715194,100.00,,
2.813805265,181319,,rD044,3217801261,100.00,,
2.813805265,285471010,,rFF44,3217749912,100.00,,
2.813805265,44434975373,,instructions,3217650662,100.00,3.68,insn per cycle
2.813805265,12065962813,,cycles,3217625654,100.00,,
2.914367556,179692,,rD044,3217780375,100.00,,
2.914367556,281845008,,rFF44,3217765640,100.00,,
2.914367556,43997665453,,instructions,3217785004,100.00,3.65,insn per cycle
2.914367556,12066637029,,cycles,3217791840,100.00,,
3.014921777,178456,,rD044,3217792634,100.00,,
3.014921777,280875888,,rFF44,3217855840,100.00,,
3.014921777,43883939481,,instructions,3217966274,100.00,3.64,insn per cycle
3.014921777,12068039963,,cycles,3218165564,100.00,,
3.115490148,181219,,rD044,3218083424,100.00,,
3.115490148,284193743,,rFF44,3218049600,100.00,,
3.115490148,44263789130,,instructions,3217901724,100.00,3.67,insn per cycle
3.115490148,12066406904,,cycles,3217719954,100.00,,
3.216042119,183664,,rD044,3217659813,100.00,,
3.216042119,284786349,,rFF44,3217872103,100.00,,
3.216042119,44354148038,,instructions,3217940581,100.00,3.68,insn per cycle
3.216042119,12066799330,,cycles,3217830743,100.00,,
3.316603990,186290,,rD044,3217965470,100.00,,
3.316603990,290759505,,rFF44,3217936114,100.00,,
3.316603990,45109242982,,instructions,3217921969,100.00,3.74,insn per cycle
3.316603990,12067554480,,cycles,3218028214,100.00,,
3.417171951,187681,,rD044,3218213949,100.00,,
3.417171951,294569093,,rFF44,3218445014,100.00,,
3.417171951,45598885362,,instructions,3218580539,100.00,3.78,insn per cycle
3.417171951,12069734222,,cycles,3218618943,100.00,,
3.517754862,184135,,rD044,3218464189,100.00,,
3.517754862,287010717,,rFF44,3218230384,100.00,,
3.517754862,44643626609,,instructions,3218196004,100.00,3.70,insn per cycle
3.517754862,12068256377,,cycles,3218218405,100.00,,
3.618333883,179156,,rD044,3218296067,100.00,,
3.618333883,282867431,,rFF44,3218199054,100.00,,
3.618333883,44135810040,,instructions,3218150384,100.00,3.66,insn per cycle
3.618333883,12067427537,,cycles,3218006821,100.00,,
3.718886614,181609,,rD044,3217535433,100.00,,
3.718886614,289771033,,rFF44,3217392079,100.00,,
3.718886614,44994183513,,instructions,3217275304,100.00,3.73,insn per cycle
3.718886614,12065418423,,cycles,3217463795,100.00,,
3.819432995,184418,,rD044,3217623944,100.00,,
3.819432995,289350324,,rFF44,3217679368,100.00,,
3.819432995,44930678959,,instructions,3217624894,100.00,3.72,insn per cycle
3.819432995,12065277058,,cycles,3217433414,100.00,,
3.919979715,184134,,rD044,3217494593,100.00,,
3.919979715,285220174,,rFF44,3217656092,100.00,,
3.919979715,44412787142,,instructions,3218007720,100.00,3.68,insn per cycle
3.919979715,12067697190,,cycles,3218091513,100.00,,
4.020548866,185695,,rD044,3217996894,100.00,,
4.020548866,286095521,,rFF44,3217958154,100.00,,
4.020548866,44533511226,,instructions,3217850211,100.00,3.69,insn per cycle
4.020548866,12066615378,,cycles,3217782534,100.00,,
4.121113837,184597,,rD044,3218083729,100.00,,
4.121113837,289298151,,rFF44,3218169074,100.00,,
4.121113837,44941348867,,instructions,3218064071,100.00,3.72,insn per cycle
4.121113837,12067519101,,cycles,3218024094,100.00,,
4.221678459,180530,,rD044,3217999807,100.00,,
4.221678459,292489691,,rFF44,3217825114,100.00,,
4.221678459,45312604683,,instructions,3217701921,100.00,3.76,insn per cycle
4.221678459,12066495280,,cycles,3217744261,100.00,,
4.322237520,180384,,rD044,3217666581,100.00,,
4.322237520,286762278,,rFF44,3217699494,100.00,,
4.322237520,44572579331,,instructions,3217959194,100.00,3.69,insn per cycle
4.322237520,12067622469,,cycles,3218042651,100.00,,
4.422802961,185504,,rD044,3218271657,100.00,,
4.422802961,286947631,,rFF44,3218300574,100.00,,
4.422802961,44629508820,,instructions,3218048724,100.00,3.70,insn per cycle
4.422802961,12067021083,,cycles,3217884068,100.00,,
4.523409872,189782,,rD044,3219165674,100.00,,
4.523409872,290367119,,rFF44,3219032922,100.00,,
4.523409872,45058095237,,instructions,3219141194,100.00,3.73,insn per cycle
4.523409872,12072012318,,cycles,3219216124,100.00,,
4.623960973,182489,,rD044,3217575304,100.00,,
4.623960973,284567946,,rFF44,3217397955,100.00,,
4.623960973,44295728978,,instructions,3217163584,100.00,3.67,insn per cycle
4.623960973,12063366315,,cycles,3216916714,100.00,,
4.724525994,210692,,rD044,3218241184,100.00,,
4.724525994,286134241,,rFF44,3218483325,100.00,,
4.724525994,44561534653,,instructions,3218648764,100.00,3.69,insn per cycle
4.724525994,12070936473,,cycles,3218941384,100.00,,
4.825084705,178055,,rD044,3217721684,100.00,,
4.825084705,285384558,,rFF44,3217785332,100.00,,
4.825084705,44443087509,,instructions,3217873563,100.00,3.68,insn per cycle
4.825084705,12067249597,,cycles,3217957974,100.00,,
4.925644756,188096,,rD044,3217840342,100.00,,
4.925644756,289012425,,rFF44,3217810584,100.00,,
4.925644756,44888923938,,instructions,3217796268,100.00,3.72,insn per cycle
4.925644756,12066527016,,cycles,3217770754,100.00,,
5.026211147,178684,,rD044,3218153937,100.00,,
5.026211147,288530250,,rFF44,3218176894,100.00,,
5.026211147,44829557910,,instructions,3218228219,100.00,3.71,insn per cycle
5.026211147,12067874244,,cycles,3218118939,100.00,,
5.126772198,188741,,rD044,3217855275,100.00,,
5.126772198,282760544,,rFF44,3217915373,100.00,,
5.126772198,44107190972,,instructions,3217899213,100.00,3.66,insn per cycle
5.126772198,12067176390,,cycles,3217932841,100.00,,
5.227346629,185496,,rD044,3218205365,100.00,,
5.227346629,288624784,,rFF44,3218073714,100.00,,
5.227346629,44839196928,,instructions,3218024594,100.00,3.72,insn per cycle
5.227346629,12067281611,,cycles,3217954939,100.00,,
5.327898100,184183,,rD044,3217836968,100.00,,
5.327898100,284435225,,rFF44,3217963858,100.00,,
5.327898100,44305007975,,instructions,3217973554,100.00,3.67,insn per cycle
5.327898100,12067891537,,cycles,3218115284,100.00,,
5.428463951,182966,,rD044,3218009254,100.00,,
5.428463951,287226593,,rFF44,3217884930,100.00,,
5.428463951,44681705242,,instructions,3217776974,100.00,3.70,insn per cycle
5.428463951,12066813960,,cycles,3217828314,100.00,,
5.529028252,183319,,rD044,3218176234,100.00,,
5.529028252,291939213,,rFF44,3218596489,100.00,,
5.529028252,45268322907,,instructions,3219065554,100.00,3.75,insn per cycle
5.529028252,12071358192,,cycles,3219040204,100.00,,
5.629623733,183681,,rD044,3218773584,100.00,,
5.629623733,282608166,,rFF44,3218380937,100.00,,
5.629623733,44098208190,,instructions,3218002901,100.00,3.65,insn per cycle
5.629623733,12066916617,,cycles,3217863674,100.00,,
5.730178574,188685,,rD044,3216708410,100.00,,
5.730178574,294328131,,rFF44,3216653380,100.00,,
5.730178574,45578517299,,instructions,3216678485,100.00,3.78,insn per cycle
5.730178574,12062497197,,cycles,3216685230,100.00,,
5.830737035,181750,,rD044,3217794218,100.00,,
5.830737035,285115053,,rFF44,3217952074,100.00,,
5.830737035,44416028893,,instructions,3217917970,100.00,3.68,insn per cycle
5.830737035,12067176591,,cycles,3217948713,100.00,,
5.931305446,182044,,rD044,3217886466,100.00,,
5.931305446,289666773,,rFF44,3217792664,100.00,,
5.931305446,44990843130,,instructions,3217785244,100.00,3.73,insn per cycle
5.931305446,12066470287,,cycles,3217749490,100.00,,
6.031859357,179915,,rD044,3217744861,100.00,,
6.031859357,284499692,,rFF44,3217952823,100.00,,
6.031859357,44313845705,,instructions,3218110933,100.00,3.67,insn per cycle
6.031859357,12068892927,,cycles,3218390645,100.00,,
6.132436648,183833,,rD044,3218338557,100.00,,
6.132436648,288584929,,rFF44,3218157553,100.00,,
6.132436648,44846462800,,instructions,3218002543,100.00,3.72,insn per cycle
6.132436648,12066476831,,cycles,3217745544,100.00,,
6.233001719,184689,,rD044,3218042074,100.00,,
6.233001719,288554618,,rFF44,3218046662,100.00,,
6.233001719,44815938814,,instructions,3218193834,100.00,3.71,insn per cycle
6.233001719,12068151120,,cycles,3218184994,100.00,,
6.333590830,183490,,rD044,3218554994,100.00,,
6.333590830,288027338,,rFF44,3218628122,100.00,,
6.333590830,44776784041,,instructions,3218502204,100.00,3.71,insn per cycle
6.333590830,12068893217,,cycles,3218549134,100.00,,
6.434157071,179753,,rD044,3218187804,100.00,,
6.434157071,284579731,,rFF44,3218396275,100.00,,
6.434157071,44322385260,,instructions,3218410744,100.00,3.67,insn per cycle
6.434157071,12068985565,,cycles,3218407064,100.00,,
6.534731533,1938513,,rD044,3218047684,100.00,,
6.534731533,288455813,,rFF44,3217541225,100.00,,
6.534731533,43841848208,,instructions,3217410534,100.00,3.63,insn per cycle
6.534731533,12064659862,,cycles,3217255534,100.00,,
6.635270803,328964,,rD044,3217372711,100.00,,
6.635270803,272045468,,rFF44,3217666114,100.00,,
6.635270803,42701107422,,instructions,3217888678,100.00,3.54,insn per cycle
6.635270803,12067028531,,cycles,3217885424,100.00,,
6.735826064,156191,,rD044,3217788755,100.00,,
6.735826064,289160099,,rFF44,3217667864,100.00,,
6.735826064,44904049897,,instructions,3217459878,100.00,3.72,insn per cycle
6.735826064,12066213722,,cycles,3217668612,100.00,,
6.836383685,154015,,rD044,3217470828,100.00,,
6.836383685,283366255,,rFF44,3217151664,100.00,,
6.836383685,44184593600,,instructions,3217014514,100.00,3.66,insn per cycle
6.836383685,12062246081,,cycles,3216637054,100.00,,
6.936893745,156195,,rD044,3216361950,100.00,,
6.936893745,280017933,,rFF44,3216399954,100.00,,
6.936893745,43753744234,,instructions,3216231434,100.00,3.63,insn per cycle
6.936893745,12060784449,,cycles,3216224434,100.00,,
7.037404206,167673,,rD044,3216385764,100.00,,
7.037404206,284443182,,rFF44,3216674232,100.00,,
7.037404206,44359407358,,instructions,3217133552,100.00,3.68,insn per cycle
7.037404206,12065187025,,cycles,3217402224,100.00,,
7.137961527,149423,,rD044,3217771905,100.00,,
7.137961527,285974178,,rFF44,3217758524,100.00,,
7.137961527,44515067869,,instructions,3217767064,100.00,3.69,insn per cycle
7.137961527,12066516356,,cycles,3217757009,100.00,,
7.238512388,150573,,rD044,3217439511,100.00,,
7.238512388,290097338,,rFF44,3217357524,100.00,,
7.238512388,45005200696,,instructions,3217160684,100.00,3.73,insn per cycle
7.238512388,12063880875,,cycles,3217046437,100.00,,
7.339049748,150227,,rD044,3217207454,100.00,,
7.339049748,294506682,,rFF44,3217424956,100.00,,
7.339049748,45578907290,,instructions,3217513744,100.00,3.78,insn per cycle
7.339049748,12066231280,,cycles,3217672624,100.00,,
7.439609529,147401,,rD044,3217806594,100.00,,
7.439609529,285656585,,rFF44,3217602907,100.00,,
7.439609529,44478325456,,instructions,3217582134,100.00,3.69,insn per cycle
7.439609529,12065604645,,cycles,3217506064,100.00,,
7.540155510,1888519,,rD044,3217870954,100.00,,
7.540155510,283620658,,rFF44,3217965667,100.00,,
7.540155510,43256456159,,instructions,3218060228,100.00,3.58,insn per cycle
7.540155510,12067714975,,cycles,3218068134,100.00,,
7.640715701,495472,,rD044,3217629503,100.00,,
7.640715701,285821492,,rFF44,3217602584,100.00,,
7.640715701,44308903937,,instructions,3217393841,100.00,3.67,insn per cycle
7.640715701,12064653329,,cycles,3217252544,100.00,,
7.741256712,118675,,rD044,3217192021,100.00,,
7.741256712,287374031,,rFF44,3217103114,100.00,,
7.741256712,44720439340,,instructions,3217139581,100.00,3.71,insn per cycle
7.741256712,12064401329,,cycles,3217185665,100.00,,
7.841790862,113623,,rD044,3216942076,100.00,,
7.841790862,284547855,,rFF44,3216842071,100.00,,
7.841790862,44326997295,,instructions,3216915274,100.00,3.67,insn per cycle
7.841790862,12063956211,,cycles,3217065951,100.00,,
7.940810126,160690,,rD044,3057250682,100.00,,
7.940810126,226846303,,rFF44,3054067403,100.00,,
7.940810126,36569651935,,instructions,3051310260,100.00,3.20,insn per cycle
7.940810126,11431532297,,cycles,3048531540,100.00,,
