0.100119378,13573,,rD044,92817353,100.00,,
0.100119378,24356295,,rFF44,92823763,100.00,,
0.100119378,522874858,,instructions,92828823,100.00,1.52,insn per cycle
0.100119378,344153588,,cycles,92833883,100.00,,
0.200372108,2477,,rD044,100237725,100.00,,
0.200372108,28267681,,rFF44,100236695,100.00,,
0.200372108,594717619,,instructions,100236205,100.00,1.58,insn per cycle
0.200372108,375855753,,cycles,100236045,100.00,,
0.300564147,2213,,rD044,100190466,100.00,,
0.300564147,31433853,,rFF44,100191156,100.00,,
0.300564147,393903694,,instructions,100191106,100.00,1.05,insn per cycle
0.300564147,375713852,,cycles,100190856,100.00,,
0.400763707,2249,,rD044,100199506,100.00,,
0.400763707,37651070,,rFF44,100199126,100.00,,
0.400763707,46541735,,instructions,100199276,100.00,0.12,insn per cycle
0.400763707,375746779,,cycles,100199566,100.00,,
0.500972146,44542,,rD044,828278590,100.00,,
0.500972146,91797234,,rFF44,829244986,100.00,,
0.500972146,11222676884,,instructions,829953756,100.00,3.60,insn per cycle
0.500972146,3113609130,,cycles,830648066,100.00,,
0.601365908,62599,,rD044,1606073864,100.00,,
0.601365908,146794393,,rFF44,1605974865,100.00,,
0.601365908,22732864868,,instructions,1605957705,100.00,3.77,insn per cycle
0.601365908,6022149811,,cycles,1605925975,100.00,,
0.701726779,61891,,rD044,1605872513,100.00,,
0.701726779,142872331,,rFF44,1605912296,100.00,,
0.701726779,22218382147,,instructions,1605875776,100.00,3.69,insn per cycle
0.701726779,6021958275,,cycles,1605861376,100.00,,
0.802094721,60342,,rD044,1605760966,100.00,,
0.802094721,146712586,,rFF44,1605724166,100.00,,
0.802094721,22693877106,,instructions,1605693886,100.00,3.77,insn per cycle
0.802094721,6021170515,,cycles,1605651416,100.00,,
0.902446342,58280,,rD044,1605504606,100.00,,
0.902446342,141276800,,rFF44,1605464806,100.00,,
0.902446342,22019918583,,instructions,1605467226,100.00,3.66,insn per cycle
0.902446342,6020363745,,cycles,1605454866,100.00,,
1.002794783,59045,,rD044,1605561816,100.00,,
1.002794783,146059721,,rFF44,1605606306,100.00,,
1.002794783,22636827779,,instructions,1605637916,100.00,3.76,insn per cycle
1.002794783,6021199245,,cycles,1605663509,100.00,,
1.103149634,58715,,rD044,1605648166,100.00,,
1.103149634,144457865,,rFF44,1605658126,100.00,,
1.103149634,22405555889,,instructions,1605638469,100.00,3.72,insn per cycle
1.103149634,6021046986,,cycles,1605624199,100.00,,
1.203508035,58159,,rD044,1605677166,100.00,,
1.203508035,143604176,,rFF44,1605660968,100.00,,
1.203508035,22308229049,,instructions,1605662219,100.00,3.70,insn per cycle
1.203508035,6021315077,,cycles,1605689426,100.00,,
1.303874276,58044,,rD044,1605812964,100.00,,
1.303874276,143077263,,rFF44,1605841209,100.00,,
1.303874276,22228418160,,instructions,1605855905,100.00,3.69,insn per cycle
1.303874276,6021959627,,cycles,1605866335,100.00,,
1.404236698,57292,,rD044,1605776023,100.00,,
1.404236698,140346181,,rFF44,1605741456,100.00,,
1.404236698,21922279692,,instructions,1605733306,100.00,3.64,insn per cycle
1.404236698,6021464167,,cycles,1605730456,100.00,,
1.504595239,61656,,rD044,1605652675,100.00,,
1.504595239,143588431,,rFF44,1605667735,100.00,,
1.504595239,22305763952,,instructions,1605672315,100.00,3.70,insn per cycle
1.504595239,6022575167,,cycles,1606030745,100.00,,
1.604973540,61838,,rD044,1606087906,100.00,,
1.604973540,141923739,,rFF44,1606097106,100.00,,
1.604973540,22125997337,,instructions,1606115296,100.00,3.67,insn per cycle
1.604973540,6021646243,,cycles,1605777088,100.00,,
1.705336402,58163,,rD044,1605659136,100.00,,
1.705336402,143285988,,rFF44,1605658766,100.00,,
1.705336402,22260814644,,instructions,1605626127,100.00,3.70,insn per cycle
1.705336402,6020948159,,cycles,1605605350,100.00,,
1.805695913,58037,,rD044,1605755716,100.00,,
1.805695913,145029055,,rFF44,1605828630,100.00,,
1.805695913,22489062007,,instructions,1605861991,100.00,3.73,insn per cycle
1.805695913,6021972027,,cycles,1605869616,100.00,,
1.906064734,59794,,rD044,1605759286,100.00,,
1.906064734,145641579,,rFF44,1605700148,100.00,,
1.906064734,22560556349,,instructions,1605686496,100.00,3.75,insn per cycle
1.906064734,6021194417,,cycles,1605671176,100.00,,
2.006425945,60045,,rD044,1605626772,100.00,,
2.006425945,146609993,,rFF44,1605572706,100.00,,
2.006425945,22702974277,,instructions,1605574726,100.00,3.77,insn per cycle
2.006425945,6020776035,,cycles,1605584166,100.00,,
2.106781326,62000,,rD044,1605589946,100.00,,
2.106781326,143338649,,rFF44,1605550626,100.00,,
2.106781326,22288769566,,instructions,1605494426,100.00,3.70,insn per cycle
2.106781326,6020468719,,cycles,1605469246,100.00,,
2.207126938,55790,,rD044,1605544266,100.00,,
2.207126938,140237288,,rFF44,1605556176,100.00,,
2.207126938,21893949367,,instructions,1605604796,100.00,3.64,insn per cycle
2.207126938,6021075110,,cycles,1605625116,100.00,,
2.307477129,57972,,rD044,1605477196,100.00,,
2.307477129,140592925,,rFF44,1605478926,100.00,,
2.307477129,21965042992,,instructions,1605473636,100.00,3.65,insn per cycle
2.307477129,6020560663,,cycles,1605493301,100.00,,
2.407831870,59351,,rD044,1605413186,100.00,,
2.407831870,144372765,,rFF44,1605349936,100.00,,
2.407831870,22406054272,,instructions,1605339356,100.00,3.72,insn per cycle
2.407831870,6019721009,,cycles,1605343997,100.00,,
2.508172941,60119,,rD044,1605457356,100.00,,
2.508172941,144515471,,rFF44,1605536026,100.00,,
2.508172941,22432834558,,instructions,1605518620,100.00,3.73,insn per cycle
2.508172941,6020531821,,cycles,1605496926,100.00,,
2.608522092,58341,,rD044,1605574136,100.00,,
2.608522092,144128175,,rFF44,1605579067,100.00,,
2.608522092,22375786032,,instructions,1605582708,100.00,3.72,insn per cycle
2.608522092,6020881239,,cycles,1605573926,100.00,,
2.708881013,59463,,rD044,1605611763,100.00,,
2.708881013,146134530,,rFF44,1605617921,100.00,,
2.708881013,22625363477,,instructions,1605626546,100.00,3.76,insn per cycle
2.708881013,6020991271,,cycles,1605622706,100.00,,
2.809235054,58419,,rD044,1605667984,100.00,,
2.809235054,143420001,,rFF44,1605690476,100.00,,
2.809235054,22289548986,,instructions,1605690066,100.00,3.70,insn per cycle
2.809235054,6021385424,,cycles,1605708596,100.00,,
2.909588565,57418,,rD044,1605497536,100.00,,
2.909588565,142715955,,rFF44,1605456635,100.00,,
2.909588565,22189113025,,instructions,1605445225,100.00,3.69,insn per cycle
2.909588565,6020646226,,cycles,1605531805,100.00,,
3.009944797,58191,,rD044,1605715476,100.00,,
3.009944797,143863408,,rFF44,1605762046,100.00,,
3.009944797,22359107864,,instructions,1605773096,100.00,3.71,insn per cycle
3.009944797,6021286240,,cycles,1605683006,100.00,,
3.110302478,58164,,rD044,1605648256,100.00,,
3.110302478,144414304,,rFF44,1605656476,100.00,,
3.110302478,22402639849,,instructions,1605715396,100.00,3.72,insn per cycle
3.110302478,6021610238,,cycles,1605773027,100.00,,
3.210669809,59426,,rD044,1605882066,100.00,,
3.210669809,147045532,,rFF44,1605948746,100.00,,
3.210669809,22745887667,,instructions,1605905950,100.00,3.78,insn per cycle
3.210669809,6021950859,,cycles,1605859691,100.00,,
3.311029910,58280,,rD044,1605643596,100.00,,
3.311029910,143169855,,rFF44,1605576299,100.00,,
3.311029910,22256210111,,instructions,1605583878,100.00,3.70,insn per cycle
3.311029910,6020888823,,cycles,1605586946,100.00,,
3.411384771,56708,,rD044,1605600142,100.00,,
3.411384771,142253770,,rFF44,1605560009,100.00,,
3.411384771,22123996474,,instructions,1605540336,100.00,3.67,insn per cycle
3.411384771,6020671483,,cycles,1605528356,100.00,,
3.511732413,60178,,rD044,1605570683,100.00,,
3.511732413,143299491,,rFF44,1605621816,100.00,,
3.511732413,22257613366,,instructions,1605657776,100.00,3.70,insn per cycle
3.511732413,6021178402,,cycles,1605668056,100.00,,
3.612096694,57663,,rD044,1605704119,100.00,,
3.612096694,143058684,,rFF44,1605677196,100.00,,
3.612096694,22258946683,,instructions,1605651036,100.00,3.70,insn per cycle
3.612096694,6021104887,,cycles,1605640216,100.00,,
3.712450485,58549,,rD044,1605621676,100.00,,
3.712450485,145921783,,rFF44,1605637716,100.00,,
3.712450485,22599359914,,instructions,1605675226,100.00,3.75,insn per cycle
3.712450485,6021350500,,cycles,1605704176,100.00,,
3.812814206,57471,,rD044,1605645596,100.00,,
3.812814206,142154823,,rFF44,1605572526,100.00,,
3.812814206,22149624573,,instructions,1605518746,100.00,3.68,insn per cycle
3.812814206,6020474816,,cycles,1605487482,100.00,,
3.913163367,57514,,rD044,1605579096,100.00,,
3.913163367,144528876,,rFF44,1605635176,100.00,,
3.913163367,22418800192,,instructions,1605660072,100.00,3.72,insn per cycle
3.913163367,6021070615,,cycles,1605632146,100.00,,
4.013514568,60658,,rD044,1605498646,100.00,,
4.013514568,145220703,,rFF44,1605465857,100.00,,
4.013514568,22520794878,,instructions,1605432866,100.00,3.74,insn per cycle
4.013514568,6020334588,,cycles,1605441306,100.00,,
4.113872450,57534,,rD044,1605693286,100.00,,
4.113872450,143750424,,rFF44,1605670201,100.00,,
4.113872450,22354003620,,instructions,1605695366,100.00,3.71,insn per cycle
4.113872450,6021385373,,cycles,1605707766,100.00,,
4.214234371,59178,,rD044,1605490177,100.00,,
4.214234371,146011577,,rFF44,1605518426,100.00,,
4.214234371,22642476749,,instructions,1605531736,100.00,3.76,insn per cycle
4.214234371,6020340564,,cycles,1605539786,100.00,,
4.314587812,58252,,rD044,1605708451,100.00,,
4.314587812,143944460,,rFF44,1605738306,100.00,,
4.314587812,22355640899,,instructions,1605733606,100.00,3.71,insn per cycle
4.314587812,6021899275,,cycles,1605850966,100.00,,
4.414953173,57125,,rD044,1605778436,100.00,,
4.414953173,141951472,,rFF44,1605796096,100.00,,
4.414953173,22124237377,,instructions,1605776386,100.00,3.67,insn per cycle
4.414953173,6021054910,,cycles,1605630286,100.00,,
4.515312015,60387,,rD044,1605692325,100.00,,
4.515312015,146012129,,rFF44,1605661505,100.00,,
4.515312015,22628178984,,instructions,1605656875,100.00,3.76,insn per cycle
4.515312015,6021216447,,cycles,1605668129,100.00,,
4.615666356,59506,,rD044,1605570895,100.00,,
4.615666356,143714346,,rFF44,1605707775,100.00,,
4.615666356,22335950847,,instructions,1606218491,100.00,3.71,insn per cycle
4.615666356,6023283746,,cycles,1606220087,100.00,,
4.716060117,59714,,rD044,1606234996,100.00,,
4.716060117,142808039,,rFF44,1606092072,100.00,,
4.716060117,22229102088,,instructions,1605582456,100.00,3.69,insn per cycle
4.716060117,6020904891,,cycles,1605600376,100.00,,
4.816416598,57363,,rD044,1605597866,100.00,,
4.816416598,143238777,,rFF44,1605643716,100.00,,
4.816416598,22251385855,,instructions,1605662236,100.00,3.70,insn per cycle
4.816416598,6021113020,,cycles,1605651046,100.00,,
4.916774520,57881,,rD044,1605615832,100.00,,
4.916774520,144397385,,rFF44,1605560296,100.00,,
4.916774520,22391247040,,instructions,1605550986,100.00,3.72,insn per cycle
4.916774520,6020770274,,cycles,1605559626,100.00,,
5.017125241,56883,,rD044,1605551886,100.00,,
5.017125241,141093185,,rFF44,1605576986,100.00,,
5.017125241,21995895321,,instructions,1605593096,100.00,3.65,insn per cycle
5.017125241,6020878686,,cycles,1605578716,100.00,,
5.117479322,57718,,rD044,1605670736,100.00,,
5.117479322,142676238,,rFF44,1605664676,100.00,,
5.117479322,22164819266,,instructions,1605654376,100.00,3.68,insn per cycle
5.117479322,6021208987,,cycles,1605661956,100.00,,
5.217834113,60981,,rD044,1605609426,100.00,,
5.217834113,145393907,,rFF44,1605642646,100.00,,
5.217834113,22567172339,,instructions,1605679986,100.00,3.75,insn per cycle
5.217834113,6021290942,,cycles,1605688289,100.00,,
5.318196834,58845,,rD044,1605783736,100.00,,
5.318196834,145196656,,rFF44,1605721646,100.00,,
5.318196834,22496587173,,instructions,1605682528,100.00,3.74,insn per cycle
5.318196834,6021283781,,cycles,1605680969,100.00,,
5.418547936,58164,,rD044,1605527246,100.00,,
5.418547936,143867223,,rFF44,1605541215,100.00,,
5.418547936,22338944457,,instructions,1605536700,100.00,3.71,insn per cycle
5.418547936,6020694896,,cycles,1605533046,100.00,,
5.518919327,469520,,rD044,1605861104,100.00,,
5.518919327,143626285,,rFF44,1605822543,100.00,,
5.518919327,22112873814,,instructions,1605851216,100.00,3.67,insn per cycle
5.518919327,6021936342,,cycles,1605856846,100.00,,
5.619271098,627895,,rD044,1605601734,100.00,,
5.619271098,143971947,,rFF44,1605648566,100.00,,
5.619271098,22049312141,,instructions,1605619646,100.00,3.66,insn per cycle
5.619271098,6020953511,,cycles,1605606946,100.00,,
5.719629009,54426,,rD044,1605711726,100.00,,
5.719629009,138520981,,rFF44,1605706796,100.00,,
5.719629009,21716043079,,instructions,1605832456,100.00,3.61,insn per cycle
5.719629009,6021948159,,cycles,1605869616,100.00,,
5.819991590,56945,,rD044,1605671424,100.00,,
5.819991590,146312316,,rFF44,1605663804,100.00,,
5.819991590,22629741615,,instructions,1605526234,100.00,3.76,insn per cycle
5.819991590,6020531590,,cycles,1605490774,100.00,,
5.920344312,57972,,rD044,1605550696,100.00,,
5.920344312,142073233,,rFF44,1605524566,100.00,,
5.920344312,22117903301,,instructions,1605537426,100.00,3.67,insn per cycle
5.920344312,6020621445,,cycles,1605521505,100.00,,
6.020689193,55620,,rD044,1605493875,100.00,,
6.020689193,144396294,,rFF44,1605607335,100.00,,
6.020689193,22420423778,,instructions,1605621174,100.00,3.72,insn per cycle
6.020689193,6021086077,,cycles,1605633432,100.00,,
6.121048004,54350,,rD044,1605687786,100.00,,
6.121048004,141802248,,rFF44,1605594961,100.00,,
6.121048004,22066032381,,instructions,1605582793,100.00,3.66,insn per cycle
6.121048004,6020930196,,cycles,1605587376,100.00,,
6.221395355,55123,,rD044,1605506047,100.00,,
6.221395355,144989874,,rFF44,1605525247,100.00,,
6.221395355,22475004437,,instructions,1605535206,100.00,3.73,insn per cycle
6.221395355,6020776937,,cycles,1605551866,100.00,,
6.321748866,54092,,rD044,1605756987,100.00,,
6.321748866,140960611,,rFF44,1605772546,100.00,,
6.321748866,21973153719,,instructions,1605776046,100.00,3.65,insn per cycle
6.321748866,6021530796,,cycles,1605747516,100.00,,
6.422103757,53337,,rD044,1605464790,100.00,,
6.422103757,140206595,,rFF44,1605453516,100.00,,
6.422103757,21893229585,,instructions,1605458276,100.00,3.64,insn per cycle
6.422103757,6020460823,,cycles,1605466986,100.00,,
6.522455008,775622,,rD044,1605519046,100.00,,
6.522455008,145585493,,rFF44,1605430136,100.00,,
6.522455008,22159671911,,instructions,1605402366,100.00,3.68,insn per cycle
6.522455008,6020393925,,cycles,1605445206,100.00,,
6.622804259,1416929,,rD044,1605575945,100.00,,
6.622804259,139652441,,rFF44,1605658575,100.00,,
6.622804259,21035178461,,instructions,1605674365,100.00,3.49,insn per cycle
6.622804259,6021045069,,cycles,1605630385,100.00,,
6.723150991,48444,,rD044,1605484526,100.00,,
6.723150991,142380450,,rFF44,1605478646,100.00,,
6.723150991,22157544808,,instructions,1605483596,100.00,3.68,insn per cycle
6.723150991,6020597080,,cycles,1605503419,100.00,,
6.823508412,49887,,rD044,1605745526,100.00,,
6.823508412,146403707,,rFF44,1605776466,100.00,,
6.823508412,22663965051,,instructions,1605763131,100.00,3.76,insn per cycle
6.823508412,6021458470,,cycles,1605733469,100.00,,
6.923870043,49261,,rD044,1605648816,100.00,,
6.923870043,143181445,,rFF44,1605563517,100.00,,
6.923870043,22252030168,,instructions,1605555197,100.00,3.70,insn per cycle
6.923870043,6020848518,,cycles,1605570156,100.00,,
7.024216324,48600,,rD044,1605528416,100.00,,
7.024216324,142711888,,rFF44,1605555880,100.00,,
7.024216324,22182150840,,instructions,1605548116,100.00,3.68,insn per cycle
7.024216324,6020658969,,cycles,1605522946,100.00,,
7.124559865,48540,,rD044,1605405922,100.00,,
7.124559865,144198869,,rFF44,1605400167,100.00,,
7.124559865,22392280964,,instructions,1605394636,100.00,3.72,insn per cycle
7.124559865,6020181108,,cycles,1605393226,100.00,,
7.224910986,49551,,rD044,1605621774,100.00,,
7.224910986,145618925,,rFF44,1605644376,100.00,,
7.224910986,22583626539,,instructions,1605660326,100.00,3.75,insn per cycle
7.224910986,6021237202,,cycles,1605668436,100.00,,
7.325264557,49414,,rD044,1605540508,100.00,,
7.325264557,142360390,,rFF44,1605553606,100.00,,
7.325264557,22149251920,,instructions,1605557736,100.00,3.68,insn per cycle
7.325264557,6020874245,,cycles,1605578366,100.00,,
7.425613188,50686,,rD044,1605557046,100.00,,
7.425613188,142625617,,rFF44,1605503436,100.00,,
7.425613188,22191924962,,instructions,1605549236,100.00,3.69,insn per cycle
7.425613188,6021131836,,cycles,1605640606,100.00,,
7.525963940,772922,,rD044,1605510395,100.00,,
7.525963940,144629253,,rFF44,1605529045,100.00,,
7.525963940,22008769199,,instructions,1605502545,100.00,3.66,insn per cycle
7.525963940,6020165272,,cycles,1605393345,100.00,,
7.626307831,1376618,,rD044,1605527956,100.00,,
7.626307831,135733188,,rFF44,1605549236,100.00,,
7.626307831,20624597905,,instructions,1605538146,100.00,3.43,insn per cycle
7.626307831,6020755494,,cycles,1605539855,100.00,,
7.726652232,44420,,rD044,1605413395,100.00,,
7.726652232,142239236,,rFF44,1605455695,100.00,,
7.726652232,22124967353,,instructions,1605554192,100.00,3.67,insn per cycle
7.726652232,6020848493,,cycles,1605577772,100.00,,
7.827009243,44653,,rD044,1605687626,100.00,,
7.827009243,143260132,,rFF44,1605634107,100.00,,
7.827009243,22261502268,,instructions,1605509075,100.00,3.70,insn per cycle
7.827009243,6020576778,,cycles,1605492826,100.00,,
7.927352654,42397,,rD044,1605343856,100.00,,
7.927352654,141659102,,rFF44,1605295755,100.00,,
7.927352654,22070497473,,instructions,1605278746,100.00,3.67,insn per cycle
7.927352654,6019755192,,cycles,1605287296,100.00,,
8.027691395,42179,,rD044,1605448918,100.00,,
8.027691395,141715025,,rFF44,1605603632,100.00,,
8.027691395,22069151486,,instructions,1605612096,100.00,3.67,insn per cycle
8.027691395,6020906523,,cycles,1605579796,100.00,,
8.128038096,44048,,rD044,1605444434,100.00,,
8.128038096,144792834,,rFF44,1605303516,100.00,,
8.128038096,22470685160,,instructions,1605292276,100.00,3.73,insn per cycle
8.128038096,6019946358,,cycles,1605330166,100.00,,
8.228385577,44349,,rD044,1605353062,100.00,,
8.228385577,145639469,,rFF44,1605370366,100.00,,
8.228385577,22580531272,,instructions,1605430426,100.00,3.75,insn per cycle
8.228385577,6019954360,,cycles,1605432186,100.00,,
8.328729318,43177,,rD044,1605513815,100.00,,
8.328729318,145628624,,rFF44,1605525485,100.00,,
8.328729318,22562293591,,instructions,1605496615,100.00,3.75,insn per cycle
8.328729318,6020452898,,cycles,1605463895,100.00,,
8.429071839,42124,,rD044,1605383026,100.00,,
8.429071839,143145390,,rFF44,1605377536,100.00,,
8.429071839,22279387151,,instructions,1605366456,100.00,3.70,insn per cycle
8.429071839,6020024725,,cycles,1605351176,100.00,,
8.529411860,828579,,rD044,1605312396,100.00,,
8.529411860,145804246,,rFF44,1605291656,100.00,,
8.529411860,22150930040,,instructions,1605297716,100.00,3.68,insn per cycle
8.529411860,6019931347,,cycles,1605325496,100.00,,
8.629748951,1303427,,rD044,1605531086,100.00,,
8.629748951,135889779,,rFF44,1605561196,100.00,,
8.629748951,20634577951,,instructions,1605558836,100.00,3.43,insn per cycle
8.629748951,6020778021,,cycles,1605553877,100.00,,
8.730094843,36931,,rD044,1605331626,100.00,,
8.730094843,143442188,,rFF44,1605352876,100.00,,
8.730094843,22302764492,,instructions,1605400446,100.00,3.70,insn per cycle
8.730094843,6020307473,,cycles,1605426427,100.00,,
8.830444244,37863,,rD044,1605570756,100.00,,
8.830444244,144982387,,rFF44,1605538986,100.00,,
8.830444244,22492069468,,instructions,1605477902,100.00,3.74,insn per cycle
8.830444244,6020246843,,cycles,1605404240,100.00,,
8.930776025,37167,,rD044,1605149026,100.00,,
8.930776025,142108566,,rFF44,1605098056,100.00,,
8.930776025,22117685472,,instructions,1605095850,100.00,3.67,insn per cycle
8.930776025,6019163803,,cycles,1605129946,100.00,,
9.031107226,36887,,rD044,1605352036,100.00,,
9.031107226,142519269,,rFF44,1605392537,100.00,,
9.031107226,22156513356,,instructions,1605397162,100.00,3.68,insn per cycle
9.031107226,6020291502,,cycles,1605416716,100.00,,
9.131446648,36649,,rD044,1605331856,100.00,,
9.131446648,142770283,,rFF44,1605337436,100.00,,
9.131446648,22192195558,,instructions,1605334266,100.00,3.69,insn per cycle
9.131446648,6019841806,,cycles,1605301746,100.00,,
9.231783289,37173,,rD044,1605421108,100.00,,
9.231783289,142568991,,rFF44,1605459381,100.00,,
9.231783289,22184238613,,instructions,1605485676,100.00,3.68,insn per cycle
9.231783289,6020636276,,cycles,1605508376,100.00,,
9.332125950,37316,,rD044,1605423023,100.00,,
9.332125950,142767649,,rFF44,1605485806,100.00,,
9.332125950,22208386424,,instructions,1605475946,100.00,3.69,insn per cycle
9.332125950,6020449887,,cycles,1605464586,100.00,,
9.432475312,37027,,rD044,1605502012,100.00,,
9.432475312,145595387,,rFF44,1605418096,100.00,,
9.432475312,22571461521,,instructions,1605381176,100.00,3.75,insn per cycle
9.432475312,6020089944,,cycles,1605368906,100.00,,
9.532812963,395954,,rD044,1605309707,100.00,,
9.532812963,143100684,,rFF44,1605223406,100.00,,
9.532812963,22045541808,,instructions,1605244156,100.00,3.66,insn per cycle
9.532812963,6019741304,,cycles,1605269456,100.00,,
9.633146384,1042158,,rD044,1605270596,100.00,,
9.633146384,135881918,,rFF44,1605322906,100.00,,
9.633146384,20794697971,,instructions,1605346906,100.00,3.45,insn per cycle
9.633146384,6019926285,,cycles,1605330706,100.00,,
9.733483145,30575,,rD044,1605407316,100.00,,
9.733483145,141976366,,rFF44,1605447376,100.00,,
9.733483145,22121802866,,instructions,1605424156,100.00,3.67,insn per cycle
9.733483145,6020360470,,cycles,1605435436,100.00,,
9.833823887,30641,,rD044,1605408386,100.00,,
9.833823887,146800994,,rFF44,1605395316,100.00,,
9.833823887,22723326183,,instructions,1605413526,100.00,3.77,insn per cycle
9.833823887,6020216113,,cycles,1605401476,100.00,,
9.934164558,29916,,rD044,1605357726,100.00,,
9.934164558,142752363,,rFF44,1605363446,100.00,,
9.934164558,22229178273,,instructions,1605350206,100.00,3.69,insn per cycle
9.934164558,6020129374,,cycles,1605381876,100.00,,
10.034503459,30063,,rD044,1605328476,100.00,,
10.034503459,144740508,,rFF44,1605281796,100.00,,
10.034503459,22435888452,,instructions,1605263246,100.00,3.73,insn per cycle
10.034503459,6019549730,,cycles,1605223549,100.00,,
10.134836051,29366,,rD044,1605395256,100.00,,
10.134836051,144103468,,rFF44,1605487206,100.00,,
10.134836051,22380738458,,instructions,1605498936,100.00,3.72,insn per cycle
10.134836051,6020745224,,cycles,1605537338,100.00,,
10.235182092,29830,,rD044,1605445646,100.00,,
10.235182092,142951815,,rFF44,1605395096,100.00,,
10.235182092,22210709515,,instructions,1605369625,100.00,3.69,insn per cycle
10.235182092,6019931946,,cycles,1605325897,100.00,,
10.335520683,29951,,rD044,1605360226,100.00,,
10.335520683,145037350,,rFF44,1605348956,100.00,,
10.335520683,22510050498,,instructions,1605391273,100.00,3.74,insn per cycle
10.335520683,6020379279,,cycles,1605440826,100.00,,
10.435874735,29389,,rD044,1605573206,100.00,,
10.435874735,144973043,,rFF44,1605565131,100.00,,
10.435874735,22484762900,,instructions,1605527536,100.00,3.73,insn per cycle
10.435874735,6020563393,,cycles,1605493626,100.00,,
10.536209786,31109,,rD044,1605277568,100.00,,
10.536209786,140697240,,rFF44,1605257477,100.00,,
10.536209786,21936802834,,instructions,1605302506,100.00,3.64,insn per cycle
10.536209786,6019986932,,cycles,1605341696,100.00,,
10.636545617,31162,,rD044,1605399944,100.00,,
10.636545617,139613562,,rFF44,1605459206,100.00,,
10.636545617,21841493613,,instructions,1605447386,100.00,3.63,insn per cycle
10.636545617,6020253580,,cycles,1605410776,100.00,,
10.736894369,30012,,rD044,1605472741,100.00,,
10.736894369,145460553,,rFF44,1605440846,100.00,,
10.736894369,22534817815,,instructions,1605443886,100.00,3.74,insn per cycle
10.736894369,6020435555,,cycles,1605462436,100.00,,
10.837235870,29981,,rD044,1605495876,100.00,,
10.837235870,144704626,,rFF44,1605526415,100.00,,
10.837235870,22444706393,,instructions,1605495775,100.00,3.73,insn per cycle
10.837235870,6020517445,,cycles,1605482745,100.00,,
10.937578591,28976,,rD044,1605356066,100.00,,
10.937578591,143041591,,rFF44,1605304866,100.00,,
10.937578591,22229580545,,instructions,1605311806,100.00,3.69,insn per cycle
10.937578591,6020026177,,cycles,1605353896,100.00,,
11.037921593,29313,,rD044,1605399376,100.00,,
11.037921593,139458710,,rFF44,1605426176,100.00,,
11.037921593,21792622209,,instructions,1605440696,100.00,3.62,insn per cycle
11.037921593,6020224407,,cycles,1605403986,100.00,,
11.138264524,29262,,rD044,1605488896,100.00,,
11.138264524,143066699,,rFF44,1605475406,100.00,,
11.138264524,22267720588,,instructions,1605505346,100.00,3.70,insn per cycle
11.138264524,6020650357,,cycles,1605512156,100.00,,
11.238604965,29627,,rD044,1605341936,100.00,,
11.238604965,146343946,,rFF44,1605326516,100.00,,
11.238604965,22604434740,,instructions,1605278696,100.00,3.75,insn per cycle
11.238604965,6019966388,,cycles,1605334985,100.00,,
11.338944057,29868,,rD044,1605478076,100.00,,
11.338944057,143512527,,rFF44,1605540326,100.00,,
11.338944057,22289909466,,instructions,1605567859,100.00,3.70,insn per cycle
11.338944057,6020753164,,cycles,1605540173,100.00,,
11.439291128,29423,,rD044,1605415875,100.00,,
11.439291128,143391847,,rFF44,1605366685,100.00,,
11.439291128,22291270561,,instructions,1605340934,100.00,3.70,insn per cycle
11.439291128,6019777138,,cycles,1605283865,100.00,,
11.539624269,30755,,rD044,1605266266,100.00,,
11.539624269,140764499,,rFF44,1605237357,100.00,,
11.539624269,21958859950,,instructions,1605362280,100.00,3.65,insn per cycle
11.539624269,6020632136,,cycles,1605508146,100.00,,
11.639970431,32342,,rD044,1605476746,100.00,,
11.639970431,141652237,,rFF44,1605503389,100.00,,
11.639970431,22083248533,,instructions,1605383966,100.00,3.67,insn per cycle
11.639970431,6019514241,,cycles,1605221746,100.00,,
11.740323952,29208,,rD044,1605609754,100.00,,
11.740323952,143849804,,rFF44,1605575188,100.00,,
11.740323952,22321565443,,instructions,1605603156,100.00,3.71,insn per cycle
11.740323952,6021084570,,cycles,1605629246,100.00,,
11.840654493,29625,,rD044,1605259019,100.00,,
11.840654493,143580258,,rFF44,1605329726,100.00,,
11.840654493,22309400308,,instructions,1605427116,100.00,3.71,insn per cycle
11.840654493,6020317576,,cycles,1605428356,100.00,,
11.940997585,29603,,rD044,1605441961,100.00,,
11.940997585,142604653,,rFF44,1605436466,100.00,,
11.940997585,22170439068,,instructions,1605351266,100.00,3.68,insn per cycle
11.940997585,6020087983,,cycles,1605369686,100.00,,
12.041333636,29327,,rD044,1605304306,100.00,,
12.041333636,143389699,,rFF44,1605268946,100.00,,
12.041333636,22290208760,,instructions,1605233276,100.00,3.70,insn per cycle
12.041333636,6019508410,,cycles,1605212616,100.00,,
12.141669397,28967,,rD044,1605336636,100.00,,
12.141669397,140744034,,rFF44,1605356826,100.00,,
12.141669397,21945052608,,instructions,1605428926,100.00,3.65,insn per cycle
12.141669397,6020312402,,cycles,1605423106,100.00,,
12.242011748,30203,,rD044,1605263795,100.00,,
12.242011748,145531617,,rFF44,1605242575,100.00,,
12.242011748,22584736086,,instructions,1605183475,100.00,3.75,insn per cycle
12.242011748,6019082146,,cycles,1605205605,100.00,,
12.342345100,29664,,rD044,1605379845,100.00,,
12.342345100,145377389,,rFF44,1605467975,100.00,,
12.342345100,22553829570,,instructions,1605478565,100.00,3.75,insn per cycle
12.342345100,6020493365,,cycles,1605474055,100.00,,
12.442688621,29293,,rD044,1605365056,100.00,,
12.442688621,144252658,,rFF44,1605417516,100.00,,
12.442688621,22405053413,,instructions,1605412646,100.00,3.72,insn per cycle
12.442688621,6020147497,,cycles,1605384199,100.00,,
12.543027562,30732,,rD044,1605344846,100.00,,
12.543027562,141088213,,rFF44,1605172576,100.00,,
12.543027562,21987849678,,instructions,1605176826,100.00,3.65,insn per cycle
12.543027562,6019563627,,cycles,1605226573,100.00,,
12.643361014,30544,,rD044,1605318076,100.00,,
12.643361014,142826604,,rFF44,1605361016,100.00,,
12.643361014,22223697565,,instructions,1605331176,100.00,3.69,insn per cycle
12.643361014,6019862036,,cycles,1605309392,100.00,,
12.743697315,29043,,rD044,1605360866,100.00,,
12.743697315,141991519,,rFF44,1605463696,100.00,,
12.743697315,22093646328,,instructions,1605505219,100.00,3.67,insn per cycle
12.743697315,6020689449,,cycles,1605527036,100.00,,
12.844045696,30195,,rD044,1605519616,100.00,,
12.844045696,144885622,,rFF44,1605429881,100.00,,
12.844045696,22458405118,,instructions,1605406419,100.00,3.73,insn per cycle
12.844045696,6020105516,,cycles,1605367896,100.00,,
12.944379987,29260,,rD044,1605282996,100.00,,
12.944379987,142746153,,rFF44,1605309075,100.00,,
12.944379987,22195795751,,instructions,1605300086,100.00,3.69,insn per cycle
12.944379987,6019832499,,cycles,1605306736,100.00,,
13.044721039,29773,,rD044,1605487572,100.00,,
13.044721039,142629131,,rFF44,1605482658,100.00,,
13.044721039,22195510895,,instructions,1605507496,100.00,3.69,insn per cycle
13.044721039,6020699696,,cycles,1605525576,100.00,,
13.145066400,29187,,rD044,1605422941,100.00,,
13.145066400,142627785,,rFF44,1605414316,100.00,,
13.145066400,22197878526,,instructions,1605395886,100.00,3.69,insn per cycle
13.145066400,6020120858,,cycles,1605377106,100.00,,
13.245407562,29593,,rD044,1605432701,100.00,,
13.245407562,143117423,,rFF44,1605433536,100.00,,
13.245407562,22262415467,,instructions,1605397076,100.00,3.70,insn per cycle
13.245407562,6020175791,,cycles,1605385596,100.00,,
13.345746383,30303,,rD044,1605474126,100.00,,
13.345746383,142339602,,rFF44,1605469886,100.00,,
13.345746383,22166638943,,instructions,1605497416,100.00,3.68,insn per cycle
13.345746383,6020574984,,cycles,1605496606,100.00,,
13.446093964,29857,,rD044,1605405576,100.00,,
13.446093964,143762369,,rFF44,1605373126,100.00,,
13.446093964,22359981795,,instructions,1605365326,100.00,3.71,insn per cycle
13.446093964,6020093645,,cycles,1605369106,100.00,,
13.546428585,340426,,rD044,1605191036,100.00,,
13.546428585,144779679,,rFF44,1605176596,100.00,,
13.546428585,22267602637,,instructions,1605189756,100.00,3.70,insn per cycle
13.546428585,6019425059,,cycles,1605190506,100.00,,
13.646763997,141702,,rD044,1605340616,100.00,,
13.646763997,144628179,,rFF44,1605360056,100.00,,
13.646763997,22394969912,,instructions,1605384486,100.00,3.72,insn per cycle
13.646763997,6020152952,,cycles,1605387306,100.00,,
13.747103028,30450,,rD044,1605434066,100.00,,
13.747103028,146296999,,rFF44,1605497056,100.00,,
13.747103028,22669575223,,instructions,1605478056,100.00,3.77,insn per cycle
13.747103028,6020497029,,cycles,1605476670,100.00,,
13.847448769,28459,,rD044,1605547366,100.00,,
13.847448769,144391231,,rFF44,1605537696,100.00,,
13.847448769,22410091928,,instructions,1605538416,100.00,3.72,insn per cycle
13.847448769,6020758358,,cycles,1605541518,100.00,,
13.947791111,27824,,rD044,1605292536,100.00,,
13.947791111,142218967,,rFF44,1605236766,100.00,,
13.947791111,22152107409,,instructions,1605219493,100.00,3.68,insn per cycle
13.947791111,6019682388,,cycles,1605268686,100.00,,
14.048128082,27832,,rD044,1605344506,100.00,,
14.048128082,138718709,,rFF44,1605344986,100.00,,
14.048128082,21683905487,,instructions,1605361484,100.00,3.60,insn per cycle
14.048128082,6020024043,,cycles,1605345706,100.00,,
14.148462193,27743,,rD044,1605305916,100.00,,
14.148462193,143054914,,rFF44,1605313602,100.00,,
14.148462193,22217087082,,instructions,1605307927,100.00,3.69,insn per cycle
14.148462193,6019774357,,cycles,1605284036,100.00,,
14.248797294,27934,,rD044,1605307586,100.00,,
14.248797294,143248060,,rFF44,1605269192,100.00,,
14.248797294,22243598552,,instructions,1605277786,100.00,3.70,insn per cycle
14.248797294,6019843723,,cycles,1605296896,100.00,,
14.349128816,28141,,rD044,1605302309,100.00,,
14.349128816,143452406,,rFF44,1605408000,100.00,,
14.349128816,22311175870,,instructions,1605410286,100.00,3.71,insn per cycle
14.349128816,6020163058,,cycles,1605387746,100.00,,
14.449473177,28944,,rD044,1605450522,100.00,,
14.449473177,145711730,,rFF44,1605427356,100.00,,
14.449473177,22577982802,,instructions,1605418746,100.00,3.75,insn per cycle
14.449473177,6020347379,,cycles,1605436636,100.00,,
14.549814218,633872,,rD044,1605252080,100.00,,
14.549814218,147678597,,rFF44,1605145086,100.00,,
14.549814218,22465547471,,instructions,1605144796,100.00,3.73,insn per cycle
14.549814218,6019212846,,cycles,1605133346,100.00,,
14.650142410,1367303,,rD044,1605291119,100.00,,
14.650142410,144904023,,rFF44,1605351476,100.00,,
14.650142410,21700409220,,instructions,1605346686,100.00,3.60,insn per cycle
14.650142410,6019989151,,cycles,1605345066,100.00,,
14.750476971,24444,,rD044,1605382595,100.00,,
14.750476971,143302747,,rFF44,1605451575,100.00,,
14.750476971,22276383991,,instructions,1605457845,100.00,3.70,insn per cycle
14.750476971,6020504891,,cycles,1605479835,100.00,,
14.850827042,23593,,rD044,1605516226,100.00,,
14.850827042,144738710,,rFF44,1605455046,100.00,,
14.850827042,22466734186,,instructions,1605466436,100.00,3.73,insn per cycle
14.850827042,6020450134,,cycles,1605458766,100.00,,
14.951164074,22870,,rD044,1605246176,100.00,,
14.951164074,145241900,,rFF44,1605219436,100.00,,
14.951164074,22498464693,,instructions,1605183786,100.00,3.74,insn per cycle
14.951164074,6019298120,,cycles,1605165446,100.00,,
15.051497575,22205,,rD044,1605308276,100.00,,
15.051497575,143875517,,rFF44,1605325806,100.00,,
15.051497575,22325842265,,instructions,1605385506,100.00,3.71,insn per cycle
15.051497575,6020201656,,cycles,1605392156,100.00,,
15.151833926,22251,,rD044,1605343206,100.00,,
15.151833926,139649992,,rFF44,1605326426,100.00,,
15.151833926,21816211809,,instructions,1605300696,100.00,3.62,insn per cycle
15.151833926,6019833186,,cycles,1605294646,100.00,,
15.252164057,22277,,rD044,1605229576,100.00,,
15.252164057,141734997,,rFF44,1605255396,100.00,,
15.252164057,22084203781,,instructions,1605245456,100.00,3.67,insn per cycle
15.252164057,6019584992,,cycles,1605233931,100.00,,
15.352499559,23258,,rD044,1605379776,100.00,,
15.352499559,141113853,,rFF44,1605380416,100.00,,
15.352499559,22008393111,,instructions,1605385116,100.00,3.66,insn per cycle
15.352499559,6020200259,,cycles,1605392735,100.00,,
15.389629598,144077,,rD044,540726541,100.00,,
15.389629598,20518222,,rFF44,539916391,100.00,,
15.389629598,3917066280,,instructions,539291311,100.00,1.94,insn per cycle
15.389629598,2019681445,,cycles,538684147,100.00,,
