0.100121221,4534760,,rD044,92877612,100.00,,
0.100121221,20001855,,rFF44,92882612,100.00,,
0.100121221,434436667,,instructions,92888242,100.00,1.26,insn per cycle
0.100121221,344522717,,cycles,92892862,100.00,,
0.200384024,5490233,,rD044,100260555,100.00,,
0.200384024,23988777,,rFF44,100262085,100.00,,
0.200384024,505718234,,instructions,100261375,100.00,1.35,insn per cycle
0.200384024,375976820,,cycles,100260965,100.00,,
0.300597567,5479927,,rD044,100211805,100.00,,
0.300597567,23929234,,rFF44,100211725,100.00,,
0.300597567,503774787,,instructions,100211535,100.00,1.34,insn per cycle
0.300597567,375794046,,cycles,100211965,100.00,,
0.400810889,6747616,,rD044,100198875,100.00,,
0.400810889,28828535,,rFF44,100198245,100.00,,
0.400810889,87441625,,instructions,100198315,100.00,0.23,insn per cycle
0.400810889,375717528,,cycles,100197845,100.00,,
0.501030821,6908413,,rD044,100218814,100.00,,
0.501030821,30058074,,rFF44,100219034,100.00,,
0.501030821,37512141,,instructions,100219244,100.00,0.10,insn per cycle
0.501030821,375820466,,cycles,100219204,100.00,,
0.601245354,5786404,,rD044,875129817,100.00,,
0.601245354,86614963,,rFF44,876925144,100.00,,
0.601245354,11257838142,,instructions,878329105,100.00,3.41,insn per cycle
0.601245354,3296981895,,cycles,879496940,100.00,,
0.701827180,4680986,,rD044,1608918193,100.00,,
0.701827180,135742237,,rFF44,1608510104,100.00,,
0.701827180,21130254138,,instructions,1607906061,100.00,3.51,insn per cycle
0.701827180,6027945985,,cycles,1607460836,100.00,,
0.802285395,4661037,,rD044,1607130106,100.00,,
0.802285395,136802806,,rFF44,1606768578,100.00,,
0.802285395,21236190486,,instructions,1606799643,100.00,3.52,insn per cycle
0.802285395,6025645730,,cycles,1606846896,100.00,,
0.902712060,4923580,,rD044,1607176956,100.00,,
0.902712060,137411637,,rFF44,1607682891,100.00,,
0.902712060,21324873060,,instructions,1607886919,100.00,3.54,insn per cycle
0.902712060,6031002549,,cycles,1608273356,100.00,,
1.003241956,4588224,,rD044,1608362496,100.00,,
1.003241956,136792815,,rFF44,1607967346,100.00,,
1.003241956,21263044662,,instructions,1607923766,100.00,3.53,insn per cycle
1.003241956,6028752986,,cycles,1607675306,100.00,,
1.103714621,4724361,,rD044,1607242766,100.00,,
1.103714621,136414167,,rFF44,1607420743,100.00,,
1.103714621,21219606118,,instructions,1608056566,100.00,3.52,insn per cycle
1.103714621,6030504213,,cycles,1608143901,100.00,,
1.204226126,5368549,,rD044,1608422805,100.00,,
1.204226126,137424654,,rFF44,1609063210,100.00,,
1.204226126,21341043383,,instructions,1608885449,100.00,3.54,insn per cycle
1.204226126,6033629997,,cycles,1608974887,100.00,,
1.304795323,5570934,,rD044,1609676597,100.00,,
1.304795323,136013577,,rFF44,1609953382,100.00,,
1.304795323,21157969958,,instructions,1609876493,100.00,3.50,insn per cycle
1.304795323,6038314327,,cycles,1610230182,100.00,,
1.405453230,4907664,,rD044,1610418247,100.00,,
1.405453230,136790614,,rFF44,1609939901,100.00,,
1.405453230,21255635610,,instructions,1609673537,100.00,3.52,insn per cycle
1.405453230,6033810531,,cycles,1609038185,100.00,,
1.505989636,5143439,,rD044,1608152144,100.00,,
1.505989636,135885697,,rFF44,1607610746,100.00,,
1.505989636,21150918193,,instructions,1607429406,100.00,3.51,insn per cycle
1.505989636,6027562820,,cycles,1607357796,100.00,,
1.606451461,5456881,,rD044,1607094933,100.00,,
1.606451461,136695009,,rFF44,1607244496,100.00,,
1.606451461,21251264315,,instructions,1607286026,100.00,3.53,insn per cycle
1.606451461,6027379090,,cycles,1607309186,100.00,,
1.706915986,5062722,,rD044,1607444447,100.00,,
1.706915986,135699506,,rFF44,1607030166,100.00,,
1.706915986,21115115630,,instructions,1606874226,100.00,3.50,insn per cycle
1.706915986,6025776155,,cycles,1606880936,100.00,,
1.807339861,4955252,,rD044,1606846450,100.00,,
1.807339861,137922827,,rFF44,1606923246,100.00,,
1.807339861,21403134349,,instructions,1607000176,100.00,3.55,insn per cycle
1.807339861,6027143572,,cycles,1607245316,100.00,,
1.907808756,5369907,,rD044,1608108035,100.00,,
1.907808756,136448518,,rFF44,1608695236,100.00,,
1.907808756,21222593435,,instructions,1608604566,100.00,3.52,insn per cycle
1.907808756,6031358852,,cycles,1608371014,100.00,,
2.008365392,5606584,,rD044,1608147343,100.00,,
2.008365392,136844935,,rFF44,1607641636,100.00,,
2.008365392,21267159843,,instructions,1607701526,100.00,3.53,insn per cycle
2.008365392,6028835833,,cycles,1607697714,100.00,,
2.108800367,5383360,,rD044,1606930664,100.00,,
2.108800367,136112012,,rFF44,1606934146,100.00,,
2.108800367,21186260000,,instructions,1607293776,100.00,3.51,insn per cycle
2.108800367,6027492871,,cycles,1607338925,100.00,,
2.209262322,4639511,,rD044,1607269177,100.00,,
2.209262322,135751230,,rFF44,1607104636,100.00,,
2.209262322,21139430225,,instructions,1606850196,100.00,3.51,insn per cycle
2.209262322,6025716162,,cycles,1606865628,100.00,,
2.309694457,4851878,,rD044,1607142329,100.00,,
2.309694457,136524571,,rFF44,1608019366,100.00,,
2.309694457,21229284903,,instructions,1608477847,100.00,3.52,insn per cycle
2.309694457,6032041089,,cycles,1608558155,100.00,,
2.410226453,4879674,,rD044,1608367624,100.00,,
2.410226453,135890886,,rFF44,1608071958,100.00,,
2.410226453,21156787920,,instructions,1607684821,100.00,3.51,insn per cycle
2.410226453,6028487123,,cycles,1607620656,100.00,,
2.510706298,5485880,,rD044,1608073556,100.00,,
2.510706298,137263038,,rFF44,1607674611,100.00,,
2.510706298,21316308499,,instructions,1607536866,100.00,3.54,insn per cycle
2.510706298,6029121016,,cycles,1607772106,100.00,,
2.611189753,5218730,,rD044,1607070496,100.00,,
2.611189753,136347753,,rFF44,1606819999,100.00,,
2.611189753,21207559307,,instructions,1606681742,100.00,3.52,insn per cycle
2.611189753,6023567164,,cycles,1606300246,100.00,,
2.711597858,5317003,,rD044,1606882826,100.00,,
2.711597858,136547162,,rFF44,1607254067,100.00,,
2.711597858,21238855562,,instructions,1607658470,100.00,3.52,insn per cycle
2.711597858,6029190603,,cycles,1607804936,100.00,,
2.812088033,5727360,,rD044,1607438156,100.00,,
2.812088033,137076976,,rFF44,1607020475,100.00,,
2.812088033,21272369029,,instructions,1606567992,100.00,3.53,insn per cycle
2.812088033,6023980210,,cycles,1606410326,100.00,,
2.912477728,5582429,,rD044,1606237295,100.00,,
2.912477728,139494657,,rFF44,1606245216,100.00,,
2.912477728,21588828843,,instructions,1606278654,100.00,3.58,insn per cycle
2.912477728,6023473721,,cycles,1606287510,100.00,,
3.012868972,5538333,,rD044,1606277441,100.00,,
3.012868972,138731343,,rFF44,1606449426,100.00,,
3.012868972,21500219053,,instructions,1606425226,100.00,3.57,insn per cycle
3.012868972,6024080183,,cycles,1606427976,100.00,,
3.113268016,5658043,,rD044,1606550846,100.00,,
3.113268016,135956646,,rFF44,1606523520,100.00,,
3.113268016,21159290475,,instructions,1606544895,100.00,3.51,insn per cycle
3.113268016,6026072142,,cycles,1606959336,100.00,,
3.213736931,5470798,,rD044,1607438905,100.00,,
3.213736931,137329529,,rFF44,1608137958,100.00,,
3.213736931,21336387094,,instructions,1608629106,100.00,3.54,insn per cycle
3.213736931,6033590161,,cycles,1608982940,100.00,,
3.314281217,5808975,,rD044,1608740756,100.00,,
3.314281217,136044814,,rFF44,1608186419,100.00,,
3.314281217,21170386738,,instructions,1607743186,100.00,3.51,insn per cycle
3.314281217,6026027092,,cycles,1606967541,100.00,,
3.414708342,5037062,,rD044,1606514959,100.00,,
3.414708342,136623446,,rFF44,1606492196,100.00,,
3.414708342,21237906336,,instructions,1606502876,100.00,3.53,insn per cycle
3.414708342,6024356194,,cycles,1606557726,100.00,,
3.515145777,5370116,,rD044,1607082454,100.00,,
3.515145777,134902880,,rFF44,1607217655,100.00,,
3.515145777,21035764299,,instructions,1607242755,100.00,3.49,insn per cycle
3.515145777,6027159099,,cycles,1607276855,100.00,,
3.615602392,5436102,,rD044,1607492048,100.00,,
3.615602392,135232094,,rFF44,1607512846,100.00,,
3.615602392,21067442440,,instructions,1607497136,100.00,3.49,insn per cycle
3.615602392,6027886528,,cycles,1607445136,100.00,,
3.716075887,4630633,,rD044,1607213245,100.00,,
3.716075887,134569568,,rFF44,1607158015,100.00,,
3.716075887,20996958290,,instructions,1607492235,100.00,3.48,insn per cycle
3.716075887,6029816840,,cycles,1607984312,100.00,,
3.816597183,5764791,,rD044,1608097154,100.00,,
3.816597183,138256860,,rFF44,1607943576,100.00,,
3.816597183,21437253546,,instructions,1607593286,100.00,3.56,insn per cycle
3.816597183,6027270263,,cycles,1607287564,100.00,,
3.917032218,5213586,,rD044,1607151235,100.00,,
3.917032218,136768351,,rFF44,1607327636,100.00,,
3.917032218,21262137058,,instructions,1607455596,100.00,3.53,insn per cycle
3.917032218,6028786922,,cycles,1607681692,100.00,,
4.017521223,5561172,,rD044,1608358430,100.00,,
4.017521223,136624562,,rFF44,1608504596,100.00,,
4.017521223,21245848665,,instructions,1608555959,100.00,3.52,insn per cycle
4.017521223,6031845555,,cycles,1608501121,100.00,,
4.118051639,5061424,,rD044,1607748597,100.00,,
4.118051639,136050442,,rFF44,1607383786,100.00,,
4.118051639,21169988172,,instructions,1607521998,100.00,3.51,insn per cycle
4.118051639,6028062273,,cycles,1607496566,100.00,,
4.218515894,5466737,,rD044,1607595236,100.00,,
4.218515894,137675906,,rFF44,1608083055,100.00,,
4.218515894,21373085247,,instructions,1607833417,100.00,3.55,insn per cycle
4.218515894,6028304391,,cycles,1607558086,100.00,,
4.318985259,5392167,,rD044,1607226466,100.00,,
4.318985259,137346982,,rFF44,1606794417,100.00,,
4.318985259,21333653133,,instructions,1607071146,100.00,3.54,insn per cycle
4.318985259,6027746650,,cycles,1607406606,100.00,,
4.419457385,5510673,,rD044,1607663925,100.00,,
4.419457385,137544270,,rFF44,1607612340,100.00,,
4.419457385,21332220315,,instructions,1607304905,100.00,3.54,insn per cycle
4.419457385,6025998835,,cycles,1606949245,100.00,,
4.519884879,5644237,,rD044,1607583266,100.00,,
4.519884879,137355084,,rFF44,1608192547,100.00,,
4.519884879,21327520698,,instructions,1608327206,100.00,3.54,insn per cycle
4.519884879,6031585655,,cycles,1608429316,100.00,,
4.620413835,5345380,,rD044,1607717847,100.00,,
4.620413835,136083405,,rFF44,1607156046,100.00,,
4.620413835,21172944240,,instructions,1607526836,100.00,3.51,insn per cycle
4.620413835,6028104636,,cycles,1607503656,100.00,,
4.720885600,5210469,,rD044,1607519589,100.00,,
4.720885600,137320914,,rFF44,1607465846,100.00,,
4.720885600,21312800643,,instructions,1606875716,100.00,3.54,insn per cycle
4.720885600,6025193904,,cycles,1606725636,100.00,,
4.821302805,4924685,,rD044,1607152236,100.00,,
4.821302805,137541956,,rFF44,1607956006,100.00,,
4.821302805,21366061250,,instructions,1608635407,100.00,3.54,insn per cycle
4.821302805,6035725621,,cycles,1609533712,100.00,,
4.921912302,5286792,,rD044,1609454548,100.00,,
4.921912302,137309193,,rFF44,1608778756,100.00,,
4.921912302,21324656936,,instructions,1608250130,100.00,3.54,insn per cycle
4.921912302,6028007986,,cycles,1607482556,100.00,,
5.022366587,4499111,,rD044,1607573146,100.00,,
5.022366587,135890217,,rFF44,1607643428,100.00,,
5.022366587,21154526859,,instructions,1607704497,100.00,3.51,insn per cycle
5.022366587,6028781327,,cycles,1607683866,100.00,,
5.122846892,5015459,,rD044,1607172386,100.00,,
5.122846892,136629395,,rFF44,1607324196,100.00,,
5.122846892,21234589958,,instructions,1607151226,100.00,3.52,insn per cycle
5.122846892,6026617552,,cycles,1607118376,100.00,,
5.223288527,5715421,,rD044,1606953126,100.00,,
5.223288527,135157649,,rFF44,1606523984,100.00,,
5.223288527,21055450570,,instructions,1606463870,100.00,3.50,insn per cycle
5.223288527,6024010921,,cycles,1606411796,100.00,,
5.323696911,5422401,,rD044,1606789075,100.00,,
5.323696911,137145918,,rFF44,1607187365,100.00,,
5.323696911,21298072789,,instructions,1607450609,100.00,3.53,insn per cycle
5.323696911,6029105685,,cycles,1607782715,100.00,,
5.424183017,5157545,,rD044,1607799716,100.00,,
5.424183017,136605688,,rFF44,1607683646,100.00,,
5.424183017,21228920430,,instructions,1607702952,100.00,3.52,insn per cycle
5.424183017,6028831908,,cycles,1607706636,100.00,,
5.524673112,5062692,,rD044,1608687168,100.00,,
5.524673112,135569658,,rFF44,1608984312,100.00,,
5.524673112,21121336503,,instructions,1609170792,100.00,3.50,insn per cycle
5.524673112,6034339109,,cycles,1609165050,100.00,,
5.625244998,5244565,,rD044,1607899691,100.00,,
5.625244998,138491777,,rFF44,1607499486,100.00,,
5.625244998,21474311713,,instructions,1607220056,100.00,3.56,insn per cycle
5.625244998,6026059211,,cycles,1606957922,100.00,,
5.725694743,5553211,,rD044,1607420877,100.00,,
5.725694743,136206020,,rFF44,1607474816,100.00,,
5.725694743,21189898521,,instructions,1607355676,100.00,3.52,insn per cycle
5.725694743,6027494525,,cycles,1607338646,100.00,,
5.826145968,4987896,,rD044,1607125603,100.00,,
5.826145968,138178321,,rFF44,1607179256,100.00,,
5.826145968,21427176837,,instructions,1607253136,100.00,3.55,insn per cycle
5.826145968,6027420385,,cycles,1607320866,100.00,,
5.926595673,5330703,,rD044,1607370387,100.00,,
5.926595673,137769511,,rFF44,1607493926,100.00,,
5.926595673,21364460963,,instructions,1607519826,100.00,3.54,insn per cycle
5.926595673,6028017837,,cycles,1607479446,100.00,,
6.027074189,5141173,,rD044,1607292554,100.00,,
6.027074189,135178743,,rFF44,1606848956,100.00,,
6.027074189,21062422791,,instructions,1606685216,100.00,3.50,insn per cycle
6.027074189,6024719666,,cycles,1606600436,100.00,,
6.127474993,4958717,,rD044,1606493482,100.00,,
6.127474993,136666766,,rFF44,1606746828,100.00,,
6.127474993,21245694274,,instructions,1606973956,100.00,3.53,insn per cycle
6.127474993,6026788662,,cycles,1607149686,100.00,,
6.227924048,4986669,,rD044,1607321166,100.00,,
6.227924048,137051020,,rFF44,1607353968,100.00,,
6.227924048,21278496809,,instructions,1607152976,100.00,3.53,insn per cycle
6.227924048,6025992880,,cycles,1606940076,100.00,,
6.328356513,5534738,,rD044,1606686356,100.00,,
6.328356513,136898547,,rFF44,1606513676,100.00,,
6.328356513,21257212775,,instructions,1606548250,100.00,3.53,insn per cycle
6.328356513,6024811099,,cycles,1606630076,100.00,,
6.428775617,5423107,,rD044,1607004696,100.00,,
6.428775617,136369200,,rFF44,1607670961,100.00,,
6.428775617,21208170435,,instructions,1608071372,100.00,3.52,insn per cycle
6.428775617,6031408462,,cycles,1608388416,100.00,,
6.529316083,4831351,,rD044,1608992722,100.00,,
6.529316083,136350674,,rFF44,1608891747,100.00,,
6.529316083,21210674189,,instructions,1608686656,100.00,3.52,insn per cycle
6.529316083,6032242940,,cycles,1608626103,100.00,,
6.629850389,4723584,,rD044,1608475724,100.00,,
6.629850389,135908745,,rFF44,1608200886,100.00,,
6.629850389,21166624243,,instructions,1608299023,100.00,3.51,insn per cycle
6.629850389,6030931895,,cycles,1608255775,100.00,,
6.730360745,4658526,,rD044,1607401178,100.00,,
6.730360745,137329276,,rFF44,1606980106,100.00,,
6.730360745,21335073912,,instructions,1606633769,100.00,3.54,insn per cycle
6.730360745,6023861489,,cycles,1606387157,100.00,,
6.830760349,5317903,,rD044,1607285583,100.00,,
6.830760349,137246577,,rFF44,1608290066,100.00,,
6.830760349,21320443596,,instructions,1608804512,100.00,3.53,insn per cycle
6.830760349,6034891642,,cycles,1609309355,100.00,,
6.931347946,5262830,,rD044,1608850199,100.00,,
6.931347946,136739281,,rFF44,1608274910,100.00,,
6.931347946,21244574694,,instructions,1607961496,100.00,3.52,insn per cycle
6.931347946,6028931322,,cycles,1607723576,100.00,,
7.031819401,5178774,,rD044,1607242546,100.00,,
7.031819401,138069116,,rFF44,1607120891,100.00,,
7.031819401,21413597896,,instructions,1607094846,100.00,3.55,insn per cycle
7.031819401,6026150539,,cycles,1606981876,100.00,,
7.132267726,5202764,,rD044,1607648228,100.00,,
7.132267726,136908107,,rFF44,1608060163,100.00,,
7.132267726,21279821013,,instructions,1608280546,100.00,3.53,insn per cycle
7.132267726,6033110347,,cycles,1608836127,100.00,,
7.232829572,5512223,,rD044,1608445968,100.00,,
7.232829572,136902447,,rFF44,1607852005,100.00,,
7.232829572,21274083375,,instructions,1607891825,100.00,3.53,insn per cycle
7.232829572,6026605188,,cycles,1607125482,100.00,,
7.333257967,5752767,,rD044,1607054449,100.00,,
7.333257967,137335648,,rFF44,1607671116,100.00,,
7.333257967,21330505034,,instructions,1607468406,100.00,3.54,insn per cycle
7.333257967,6029503629,,cycles,1607881894,100.00,,
7.433767472,5424567,,rD044,1607489502,100.00,,
7.433767472,136708537,,rFF44,1606620784,100.00,,
7.433767472,21240700082,,instructions,1606336214,100.00,3.53,insn per cycle
7.433767472,6022375412,,cycles,1606057758,100.00,,
7.534188297,5079815,,rD044,1606740418,100.00,,
7.534188297,139507780,,rFF44,1606815866,100.00,,
7.534188297,21578708807,,instructions,1606862656,100.00,3.58,insn per cycle
7.534188297,6025400768,,cycles,1606781336,100.00,,
7.634577951,5217128,,rD044,1606567928,100.00,,
7.634577951,138016166,,rFF44,1606701143,100.00,,
7.634577951,21413228388,,instructions,1606710096,100.00,3.55,insn per cycle
7.634577951,6024907511,,cycles,1606649966,100.00,,
7.734992246,5927984,,rD044,1606311626,100.00,,
7.734992246,138081459,,rFF44,1606297893,100.00,,
7.734992246,21409958048,,instructions,1606383939,100.00,3.55,insn per cycle
7.734992246,6024493580,,cycles,1606552486,100.00,,
7.835419901,5091440,,rD044,1606998356,100.00,,
7.835419901,137096009,,rFF44,1607455207,100.00,,
7.835419901,21311631650,,instructions,1608008373,100.00,3.53,insn per cycle
7.835419901,6032584578,,cycles,1608701666,100.00,,
7.935961926,5052753,,rD044,1608514626,100.00,,
7.935961926,137855302,,rFF44,1608222055,100.00,,
7.935961926,21388006593,,instructions,1607938226,100.00,3.55,insn per cycle
7.935961926,6029527650,,cycles,1607877158,100.00,,
8.036468132,5521047,,rD044,1608333735,100.00,,
8.036468132,138165457,,rFF44,1608230222,100.00,,
8.036468132,21425198480,,instructions,1607911226,100.00,3.56,insn per cycle
8.036468132,6026734929,,cycles,1607147264,100.00,,
8.136894627,5629027,,rD044,1607116144,100.00,,
8.136894627,136774878,,rFF44,1607230366,100.00,,
8.136894627,21264626991,,instructions,1607196396,100.00,3.53,insn per cycle
8.136894627,6027729069,,cycles,1607410418,100.00,,
8.237382392,5549822,,rD044,1607217163,100.00,,
8.237382392,136421731,,rFF44,1607232026,100.00,,
8.237382392,21222487581,,instructions,1607475586,100.00,3.52,insn per cycle
8.237382392,6028968665,,cycles,1607734289,100.00,,
8.337847517,5188122,,rD044,1607668170,100.00,,
8.337847517,136195039,,rFF44,1607974146,100.00,,
8.337847517,21198910821,,instructions,1608078226,100.00,3.52,insn per cycle
8.337847517,6029849606,,cycles,1607975796,100.00,,
8.438343483,5722125,,rD044,1607775894,100.00,,
8.438343483,136045404,,rFF44,1607542086,100.00,,
8.438343483,21170535724,,instructions,1607256516,100.00,3.51,insn per cycle
8.438343483,6026107939,,cycles,1606980571,100.00,,
8.538769028,4903630,,rD044,1607138302,100.00,,
8.538769028,135717059,,rFF44,1607514626,100.00,,
8.538769028,21146427073,,instructions,1608054044,100.00,3.51,insn per cycle
8.538769028,6031081578,,cycles,1608294672,100.00,,
8.639300553,5034825,,rD044,1608476010,100.00,,
8.639300553,136254024,,rFF44,1608340077,100.00,,
8.639300553,21203326096,,instructions,1607840584,100.00,3.52,insn per cycle
8.639300553,6028783994,,cycles,1607684476,100.00,,
8.739785069,5418883,,rD044,1607349546,100.00,,
8.739785069,135957251,,rFF44,1606871705,100.00,,
8.739785069,21167007508,,instructions,1606949500,100.00,3.51,insn per cycle
8.739785069,6026062379,,cycles,1606957146,100.00,,
8.840219123,5104756,,rD044,1606911816,100.00,,
8.840219123,136464310,,rFF44,1606896366,100.00,,
8.840219123,21220952442,,instructions,1606806228,100.00,3.52,insn per cycle
8.840219123,6025703874,,cycles,1606861686,100.00,,
8.940652048,5411622,,rD044,1607915106,100.00,,
8.940652048,136678826,,rFF44,1608995418,100.00,,
8.940652048,21266400717,,instructions,1609699650,100.00,3.52,insn per cycle
8.940652048,6036131073,,cycles,1609643666,100.00,,
9.041236935,5511301,,rD044,1608459899,100.00,,
9.041236935,137211739,,rFF44,1607662540,100.00,,
9.041236935,21309410147,,instructions,1607017646,100.00,3.54,insn per cycle
9.041236935,6025870834,,cycles,1606906936,100.00,,
9.141676660,5299760,,rD044,1606996603,100.00,,
9.141676660,135998675,,rFF44,1606687851,100.00,,
9.141676660,21159186815,,instructions,1606488796,100.00,3.51,insn per cycle
9.141676660,6024064335,,cycles,1606424586,100.00,,
9.242091074,5301435,,rD044,1606552846,100.00,,
9.242091074,136062383,,rFF44,1606546725,100.00,,
9.242091074,21172085915,,instructions,1606595320,100.00,3.51,insn per cycle
9.242091074,6024654027,,cycles,1606582706,100.00,,
9.342493868,5676341,,rD044,1606813036,100.00,,
9.342493868,135998393,,rFF44,1607732409,100.00,,
9.342493868,21159266994,,instructions,1607890662,100.00,3.51,insn per cycle
9.342493868,6030326801,,cycles,1608094536,100.00,,
9.443021284,5484104,,rD044,1608045226,100.00,,
9.443021284,137427352,,rFF44,1607370248,100.00,,
9.443021284,21330326470,,instructions,1607494666,100.00,3.54,insn per cycle
9.443021284,6029310769,,cycles,1607836146,100.00,,
9.543503850,5830701,,rD044,1607803346,100.00,,
9.543503850,136857066,,rFF44,1607592470,100.00,,
9.543503850,21268740897,,instructions,1607596046,100.00,3.53,insn per cycle
9.543503850,6027024419,,cycles,1607218086,100.00,,
9.643966865,5658412,,rD044,1607226546,100.00,,
9.643966865,136395915,,rFF44,1607157622,100.00,,
9.643966865,21205839368,,instructions,1606813366,100.00,3.52,insn per cycle
9.643966865,6024961114,,cycles,1606664546,100.00,,
9.744362349,5242375,,rD044,1606438386,100.00,,
9.744362349,137181462,,rFF44,1606631261,100.00,,
9.744362349,21306934727,,instructions,1606882740,100.00,3.54,insn per cycle
9.744362349,6027132552,,cycles,1607241536,100.00,,
9.844820004,5788231,,rD044,1607299286,100.00,,
9.844820004,136670155,,rFF44,1607418186,100.00,,
9.844820004,21253350303,,instructions,1607652380,100.00,3.53,insn per cycle
9.844820004,6028441623,,cycles,1607593646,100.00,,
9.945296349,5221611,,rD044,1607696666,100.00,,
9.945296349,136379479,,rFF44,1607671886,100.00,,
9.945296349,21206900392,,instructions,1607549928,100.00,3.52,insn per cycle
9.945296349,6027859894,,cycles,1607436876,100.00,,
10.045754015,5445756,,rD044,1607418976,100.00,,
10.045754015,138350954,,rFF44,1608005327,100.00,,
10.045754015,21446822622,,instructions,1608231866,100.00,3.56,insn per cycle
10.045754015,6031724061,,cycles,1608467496,100.00,,
10.146297110,5313445,,rD044,1608541540,100.00,,
10.146297110,137608370,,rFF44,1607825691,100.00,,
10.146297110,21355065371,,instructions,1607403826,100.00,3.54,insn per cycle
10.146297110,6026440156,,cycles,1607058646,100.00,,
10.246730505,4837943,,rD044,1606982593,100.00,,
10.246730505,136456962,,rFF44,1607166836,100.00,,
10.246730505,21214143585,,instructions,1607206936,100.00,3.52,insn per cycle
10.246730505,6027967198,,cycles,1607466386,100.00,,
10.347192320,5166570,,rD044,1607219785,100.00,,
10.347192320,136161939,,rFF44,1607148135,100.00,,
10.347192320,21183952074,,instructions,1607101136,100.00,3.52,insn per cycle
10.347192320,6026266136,,cycles,1607010666,100.00,,
10.447648375,5648732,,rD044,1607846343,100.00,,
10.447648375,136885787,,rFF44,1607901047,100.00,,
10.447648375,21272861312,,instructions,1608021666,100.00,3.53,insn per cycle
10.447648375,6029482287,,cycles,1607880156,100.00,,
10.548137411,5788862,,rD044,1607488066,100.00,,
10.548137411,136307646,,rFF44,1607869536,100.00,,
10.548137411,21200495934,,instructions,1607820986,100.00,3.52,insn per cycle
10.548137411,6028882557,,cycles,1607709611,100.00,,
10.648605903,5263019,,rD044,1607667108,100.00,,
10.648605903,135885159,,rFF44,1607477506,100.00,,
10.648605903,21151589388,,instructions,1607617096,100.00,3.51,insn per cycle
10.648605903,6029296290,,cycles,1607819736,100.00,,
10.749115904,4910806,,rD044,1608142643,100.00,,
10.749115904,136134648,,rFF44,1607895216,100.00,,
10.749115904,21183103629,,instructions,1607684169,100.00,3.51,insn per cycle
10.749115904,6029635543,,cycles,1607908687,100.00,,
10.849602834,5419722,,rD044,1607479686,100.00,,
10.849602834,135653505,,rFF44,1607439276,100.00,,
10.849602834,21124097497,,instructions,1607412779,100.00,3.51,insn per cycle
10.849602834,6026710312,,cycles,1607132306,100.00,,
10.950046805,5493564,,rD044,1606962276,100.00,,
10.950046805,135642547,,rFF44,1606788556,100.00,,
10.950046805,21115565573,,instructions,1606710350,100.00,3.50,insn per cycle
10.950046805,6024994483,,cycles,1606673250,100.00,,
11.050458375,5795691,,rD044,1606479548,100.00,,
11.050458375,137293565,,rFF44,1606454396,100.00,,
11.050458375,21323471090,,instructions,1606444496,100.00,3.54,insn per cycle
11.050458375,6023623539,,cycles,1606320906,100.00,,
11.150854214,5351928,,rD044,1606470838,100.00,,
11.150854214,134562463,,rFF44,1606798375,100.00,,
11.150854214,20998281692,,instructions,1607174266,100.00,3.48,insn per cycle
11.150854214,6027072706,,cycles,1607254116,100.00,,
11.251345915,4871523,,rD044,1608017343,100.00,,
11.251345915,135854326,,rFF44,1607806956,100.00,,
11.251345915,21139518885,,instructions,1607521725,100.00,3.51,insn per cycle
11.251345915,6027801506,,cycles,1607453295,100.00,,
11.351768895,5239461,,rD044,1606989594,100.00,,
11.351768895,133355157,,rFF44,1607825786,100.00,,
11.351768895,20850068993,,instructions,1608059586,100.00,3.46,insn per cycle
11.351768895,6031770036,,cycles,1608485001,100.00,,
11.452322387,6148438,,rD044,1608549046,100.00,,
11.452322387,137352454,,rFF44,1608059146,100.00,,
11.452322387,21330856505,,instructions,1608136028,100.00,3.54,insn per cycle
11.452322387,6029920407,,cycles,1608063077,100.00,,
11.552844828,5586189,,rD044,1608029456,100.00,,
11.552844828,136524702,,rFF44,1607746926,100.00,,
11.552844828,21224427102,,instructions,1607354568,100.00,3.52,insn per cycle
11.552844828,6026246135,,cycles,1607014636,100.00,,
11.653269698,5542158,,rD044,1606756576,100.00,,
11.653269698,134962197,,rFF44,1607039046,100.00,,
11.653269698,21044531191,,instructions,1607446707,100.00,3.49,insn per cycle
11.653269698,6028611384,,cycles,1607636836,100.00,,
11.753755469,5235518,,rD044,1607518956,100.00,,
11.753755469,138065565,,rFF44,1606987836,100.00,,
11.753755469,21402782460,,instructions,1606550921,100.00,3.55,insn per cycle
11.753755469,6023925051,,cycles,1606388165,100.00,,
11.854146758,5613814,,rD044,1606248952,100.00,,
11.854146758,139177979,,rFF44,1606226976,100.00,,
11.854146758,21554693255,,instructions,1606270176,100.00,3.58,insn per cycle
11.854146758,6023294317,,cycles,1606219451,100.00,,
11.954533928,5595023,,rD044,1606834521,100.00,,
11.954533928,136362371,,rFF44,1607671296,100.00,,
11.954533928,21236503946,,instructions,1608452370,100.00,3.52,insn per cycle
11.954533928,6033563447,,cycles,1608957342,100.00,,
12.055121750,5006656,,rD044,1608921575,100.00,,
12.055121750,137631244,,rFF44,1608351456,100.00,,
12.055121750,21360572085,,instructions,1607716141,100.00,3.54,insn per cycle
12.055121750,6028104204,,cycles,1607501076,100.00,,
12.155572470,5345084,,rD044,1607219696,100.00,,
12.155572470,138354643,,rFF44,1607130616,100.00,,
12.155572470,21453374350,,instructions,1607232674,100.00,3.56,insn per cycle
12.155572470,6027889756,,cycles,1607447036,100.00,,
12.256038711,5554930,,rD044,1607483006,100.00,,
12.256038711,136896843,,rFF44,1607724616,100.00,,
12.256038711,21281794916,,instructions,1607545010,100.00,3.53,insn per cycle
12.256038711,6026848498,,cycles,1607167136,100.00,,
12.356493561,5048223,,rD044,1607123166,100.00,,
12.356493561,135915981,,rFF44,1606792536,100.00,,
12.356493561,21145019184,,instructions,1606698535,100.00,3.51,insn per cycle
12.356493561,6024643073,,cycles,1606595323,100.00,,
12.456896781,4551006,,rD044,1606945955,100.00,,
12.456896781,136874059,,rFF44,1607545806,100.00,,
12.456896781,21272923876,,instructions,1607950997,100.00,3.53,insn per cycle
12.456896781,6030451833,,cycles,1608136179,100.00,,
12.557408962,5164900,,rD044,1607861647,100.00,,
12.557408962,136235725,,rFF44,1607797356,100.00,,
12.557408962,21190565307,,instructions,1607853081,100.00,3.51,insn per cycle
12.557408962,6030201239,,cycles,1608061426,100.00,,
12.657916223,5108311,,rD044,1608201626,100.00,,
12.657916223,136555275,,rFF44,1607727162,100.00,,
12.657916223,21222900018,,instructions,1607329316,100.00,3.52,insn per cycle
12.657916223,6025875988,,cycles,1606908806,100.00,,
12.758342213,4862016,,rD044,1606753406,100.00,,
12.758342213,136319801,,rFF44,1606745790,100.00,,
12.758342213,21212778547,,instructions,1606964184,100.00,3.52,insn per cycle
12.758342213,6026378241,,cycles,1607041416,100.00,,
12.858783683,5167757,,rD044,1606837705,100.00,,
12.858783683,136154080,,rFF44,1607186075,100.00,,
12.858783683,21181873852,,instructions,1607344506,100.00,3.51,insn per cycle
12.858783683,6027436969,,cycles,1607351205,100.00,,
12.959259124,5251322,,rD044,1607563226,100.00,,
12.959259124,134664985,,rFF44,1607349216,100.00,,
12.959259124,20999496825,,instructions,1606904688,100.00,3.48,insn per cycle
12.959259124,6025946562,,cycles,1606926996,100.00,,
13.059698344,5047956,,rD044,1606975556,100.00,,
13.059698344,135297108,,rFF44,1606758796,100.00,,
13.059698344,21078970134,,instructions,1606774709,100.00,3.50,insn per cycle
13.059698344,6024961009,,cycles,1606664500,100.00,,
13.160128404,5472816,,rD044,1607027026,100.00,,
13.160128404,136711324,,rFF44,1607100036,100.00,,
13.160128404,21246556653,,instructions,1607107776,100.00,3.53,insn per cycle
13.160128404,6026770993,,cycles,1607146942,100.00,,
13.260547524,5211317,,rD044,1606492347,100.00,,
13.260547524,135883063,,rFF44,1606407666,100.00,,
13.260547524,21142914818,,instructions,1606365686,100.00,3.51,insn per cycle
13.260547524,6023799202,,cycles,1606354890,100.00,,
13.360953404,5469476,,rD044,1606572409,100.00,,
13.360953404,135349283,,rFF44,1606715140,100.00,,
13.360953404,21083100465,,instructions,1607010786,100.00,3.50,insn per cycle
13.360953404,6026478414,,cycles,1607085226,100.00,,
13.461395544,5311249,,rD044,1607048286,100.00,,
13.461395544,136401270,,rFF44,1607130854,100.00,,
13.461395544,21210863657,,instructions,1607101826,100.00,3.52,insn per cycle
13.461395544,6026694373,,cycles,1607126996,100.00,,
13.561835524,5177469,,rD044,1607173536,100.00,,
13.561835524,138222054,,rFF44,1607379967,100.00,,
13.561835524,21431596451,,instructions,1607184306,100.00,3.56,insn per cycle
13.561835524,6026772555,,cycles,1607146876,100.00,,
13.662283375,5770061,,rD044,1607028686,100.00,,
13.662283375,137142840,,rFF44,1606878227,100.00,,
13.662283375,21293339977,,instructions,1606903856,100.00,3.53,insn per cycle
13.662283375,6025614456,,cycles,1606856176,100.00,,
13.762710744,5670038,,rD044,1607275586,100.00,,
13.762710744,136487178,,rFF44,1607556561,100.00,,
13.762710744,21203385028,,instructions,1607705566,100.00,3.52,insn per cycle
13.762710744,6029708474,,cycles,1607929546,100.00,,
13.863211135,5476286,,rD044,1607739446,100.00,,
13.863211135,136667022,,rFF44,1607285793,100.00,,
13.863211135,21245455327,,instructions,1607307166,100.00,3.52,insn per cycle
13.863211135,6027094996,,cycles,1607232686,100.00,,
13.963664866,5127020,,rD044,1607502726,100.00,,
13.963664866,136535234,,rFF44,1608226069,100.00,,
13.963664866,21225038527,,instructions,1608427086,100.00,3.52,insn per cycle
13.963664866,6032440876,,cycles,1608658867,100.00,,
14.064205507,5451768,,rD044,1608464144,100.00,,
14.064205507,137606155,,rFF44,1608024257,100.00,,
14.064205507,21349059604,,instructions,1607639246,100.00,3.54,insn per cycle
14.064205507,6027217856,,cycles,1607266145,100.00,,
14.164658808,4842142,,rD044,1607235995,100.00,,
14.164658808,137039240,,rFF44,1607519786,100.00,,
14.164658808,21284555486,,instructions,1607673406,100.00,3.53,insn per cycle
14.164658808,6031554835,,cycles,1608420690,100.00,,
14.265196649,5250496,,rD044,1608783925,100.00,,
14.265196649,136423542,,rFF44,1609312174,100.00,,
14.265196649,21224917668,,instructions,1610093002,100.00,3.52,insn per cycle
14.265196649,6035728403,,cycles,1609536648,100.00,,
14.365787641,6010372,,rD044,1609266484,100.00,,
14.365787641,136146371,,rFF44,1608327544,100.00,,
14.365787641,21175215660,,instructions,1607482546,100.00,3.51,insn per cycle
14.365787641,6027214832,,cycles,1607265556,100.00,,
14.466236571,5407545,,rD044,1606883850,100.00,,
14.466236571,136883236,,rFF44,1606610736,100.00,,
14.466236571,21267093946,,instructions,1606454916,100.00,3.53,insn per cycle
14.466236571,6024149199,,cycles,1606455076,100.00,,
14.566641921,5499076,,rD044,1606615844,100.00,,
14.566641921,135572664,,rFF44,1606817717,100.00,,
14.566641921,21113149429,,instructions,1606910706,100.00,3.50,insn per cycle
14.566641921,6026249682,,cycles,1607007126,100.00,,
14.667094911,5603102,,rD044,1607216686,100.00,,
14.667094911,135976321,,rFF44,1607561461,100.00,,
14.667094911,21156704251,,instructions,1607494576,100.00,3.51,insn per cycle
14.667094911,6028397786,,cycles,1607579246,100.00,,
14.767571412,5318454,,rD044,1607762159,100.00,,
14.767571412,136641618,,rFF44,1608338570,100.00,,
14.767571412,21253811219,,instructions,1609128497,100.00,3.52,insn per cycle
14.767571412,6036205345,,cycles,1609661672,100.00,,
14.868183294,4996050,,rD044,1609604349,100.00,,
14.868183294,136578697,,rFF44,1608678096,100.00,,
14.868183294,21226765150,,instructions,1607889323,100.00,3.52,insn per cycle
14.868183294,6027039721,,cycles,1607226416,100.00,,
14.968608854,5103792,,rD044,1607170246,100.00,,
14.968608854,135629470,,rFF44,1607497636,100.00,,
14.968608854,21127278272,,instructions,1607697253,100.00,3.50,insn per cycle
14.968608854,6029741758,,cycles,1607937296,100.00,,
15.069130665,5482050,,rD044,1607935256,100.00,,
15.069130665,137488256,,rFF44,1607886343,100.00,,
15.069130665,21345031617,,instructions,1607788417,100.00,3.54,insn per cycle
15.069130665,6028349756,,cycles,1607586166,100.00,,
15.169585165,5495257,,rD044,1607934290,100.00,,
15.169585165,136793759,,rFF44,1608631495,100.00,,
15.169585165,21267968394,,instructions,1608873176,100.00,3.52,insn per cycle
15.169585165,6034949438,,cycles,1609327195,100.00,,
15.270183837,5249007,,rD044,1608750247,100.00,,
15.270183837,136125232,,rFF44,1608193745,100.00,,
15.270183837,21191696191,,instructions,1608179122,100.00,3.51,insn per cycle
15.270183837,6029693958,,cycles,1607968082,100.00,,
15.370657478,5648625,,rD044,1607779965,100.00,,
15.370657478,137892360,,rFF44,1607492255,100.00,,
15.370657478,21385221875,,instructions,1607218594,100.00,3.55,insn per cycle
15.370657478,6026118889,,cycles,1606981405,100.00,,
15.471117108,5283712,,rD044,1606825736,100.00,,
15.471117108,136453446,,rFF44,1606671706,100.00,,
15.471117108,21216627791,,instructions,1606689400,100.00,3.52,insn per cycle
15.471117108,6024912651,,cycles,1606727014,100.00,,
15.571550808,4970728,,rD044,1607217976,100.00,,
15.571550808,135061606,,rFF44,1607322296,100.00,,
15.571550808,21052406998,,instructions,1607345436,100.00,3.49,insn per cycle
15.571550808,6027058568,,cycles,1607223815,100.00,,
15.671992629,5543848,,rD044,1606750151,100.00,,
15.671992629,135500945,,rFF44,1606537896,100.00,,
15.671992629,21111827226,,instructions,1606417316,100.00,3.50,insn per cycle
15.671992629,6024134038,,cycles,1606442503,100.00,,
15.772397509,5603917,,rD044,1607106413,100.00,,
15.772397509,137607833,,rFF44,1607456876,100.00,,
15.772397509,21359937645,,instructions,1607767936,100.00,3.54,insn per cycle
15.772397509,6031485414,,cycles,1608402319,100.00,,
15.872946850,5887627,,rD044,1608211494,100.00,,
15.872946850,137080066,,rFF44,1607951526,100.00,,
15.872946850,21291730331,,instructions,1607945986,100.00,3.53,insn per cycle
15.872946850,6027868256,,cycles,1607440349,100.00,,
15.973391860,5383550,,rD044,1607139836,100.00,,
15.973391860,136169902,,rFF44,1607078026,100.00,,
15.973391860,21178241485,,instructions,1606878756,100.00,3.51,insn per cycle
15.973391860,6025517587,,cycles,1606813738,100.00,,
16.073816730,5412382,,rD044,1606571536,100.00,,
16.073816730,138076489,,rFF44,1606435076,100.00,,
16.073816730,21412600482,,instructions,1606521956,100.00,3.55,insn per cycle
16.073816730,6024822462,,cycles,1606626978,100.00,,
16.174224230,5356233,,rD044,1606526480,100.00,,
16.174224230,139416933,,rFF44,1606537917,100.00,,
16.174224230,21577444631,,instructions,1606323646,100.00,3.58,insn per cycle
16.174224230,6022721983,,cycles,1606077096,100.00,,
16.195613842,178163,,rD044,296643709,100.00,,
16.195613842,2227271,,rFF44,295799482,100.00,,
16.195613842,981262564,,instructions,295090923,100.00,0.89,insn per cycle
16.195613842,1103937420,,cycles,294415473,100.00,,
