0.100116898,3734223,,rD044,89786622,100.00,,
0.100116898,17406427,,rFF44,89792582,100.00,,
0.100116898,379159985,,instructions,89796882,100.00,1.14,insn per cycle
0.100116898,332774496,,cycles,89801352,100.00,,
0.200370548,5397305,,rD044,100232476,100.00,,
0.200370548,23766037,,rFF44,100231806,100.00,,
0.200370548,500959428,,instructions,100232036,100.00,1.33,insn per cycle
0.200370548,375839296,,cycles,100231756,100.00,,
0.300557788,5484412,,rD044,100185255,100.00,,
0.300557788,23970460,,rFF44,100186105,100.00,,
0.300557788,505153305,,instructions,100186395,100.00,1.34,insn per cycle
0.300557788,375700928,,cycles,100187255,100.00,,
0.400747257,6616822,,rD044,100189226,100.00,,
0.400747257,28094322,,rFF44,100189606,100.00,,
0.400747257,141915151,,instructions,100189216,100.00,0.38,insn per cycle
0.400747257,375705489,,cycles,100188496,100.00,,
0.500936386,6951812,,rD044,100188305,100.00,,
0.500936386,29838070,,rFF44,100187895,100.00,,
0.500936386,37196352,,instructions,100188275,100.00,0.10,insn per cycle
0.500936386,375705645,,cycles,100188525,100.00,,
0.601132486,6301786,,rD044,1278445109,100.00,,
0.601132486,122916948,,rFF44,1284965865,100.00,,
0.601132486,16320302385,,instructions,1290394287,100.00,3.36,insn per cycle
0.601132486,4855322362,,cycles,1295389267,100.00,,
0.702021043,5251206,,rD044,3227835034,100.00,,
0.702021043,264378062,,rFF44,3226672686,100.00,,
0.702021043,41287970713,,instructions,3225672835,100.00,3.41,insn per cycle
0.702021043,12092055495,,cycles,3224565386,100.00,,
0.802783939,5440565,,rD044,3224467650,100.00,,
0.802783939,272416177,,rFF44,3224274262,100.00,,
0.802783939,42277887193,,instructions,3224228315,100.00,3.50,insn per cycle
0.802783939,12091577277,,cycles,3224433969,100.00,,
0.903550095,5099584,,rD044,3224241286,100.00,,
0.903550095,272455836,,rFF44,3223730128,100.00,,
0.903550095,42268397292,,instructions,3223408210,100.00,3.50,insn per cycle
0.903550095,12092284657,,cycles,3224618501,100.00,,
1.004320190,5277794,,rD044,3224906606,100.00,,
1.004320190,270906267,,rFF44,3225392646,100.00,,
1.004320190,42092854336,,instructions,3225508620,100.00,3.48,insn per cycle
1.004320190,12091073056,,cycles,3224301110,100.00,,
1.105078206,5367360,,rD044,3224149694,100.00,,
1.105078206,272956663,,rFF44,3224464044,100.00,,
1.105078206,42345444213,,instructions,3224796338,100.00,3.50,insn per cycle
1.105078206,12095840342,,cycles,3225565340,100.00,,
1.205894693,5370906,,rD044,3226061964,100.00,,
1.205894693,272279929,,rFF44,3225807766,100.00,,
1.205894693,42257384349,,instructions,3225756672,100.00,3.49,insn per cycle
1.205894693,12095623912,,cycles,3225511416,100.00,,
1.306686019,5252631,,rD044,3225508778,100.00,,
1.306686019,270364276,,rFF44,3225427568,100.00,,
1.306686019,42022349578,,instructions,3225193906,100.00,3.48,insn per cycle
1.306686019,12092548201,,cycles,3224708800,100.00,,
1.407466335,5154792,,rD044,3224618767,100.00,,
1.407466335,271629967,,rFF44,3224810862,100.00,,
1.407466335,42180322440,,instructions,3224870644,100.00,3.49,insn per cycle
1.407466335,12093868195,,cycles,3225039670,100.00,,
1.508242781,5269558,,rD044,3225004809,100.00,,
1.508242781,274117862,,rFF44,3225362126,100.00,,
1.508242781,42484123656,,instructions,3225816488,100.00,3.51,insn per cycle
1.508242781,12097184768,,cycles,3225928796,100.00,,
1.609050577,5056371,,rD044,3225851790,100.00,,
1.609050577,273800993,,rFF44,3225837688,100.00,,
1.609050577,42449476324,,instructions,3225979074,100.00,3.51,insn per cycle
1.609050577,12099287180,,cycles,3226494015,100.00,,
1.709894984,5128087,,rD044,3227067696,100.00,,
1.709894984,274340403,,rFF44,3226527966,100.00,,
1.709894984,42505168328,,instructions,3225958956,100.00,3.51,insn per cycle
1.709894984,12096480393,,cycles,3225743308,100.00,,
1.810689270,5450565,,rD044,3224616911,100.00,,
1.810689270,274018195,,rFF44,3224337370,100.00,,
1.810689270,42468298937,,instructions,3224464233,100.00,3.51,insn per cycle
1.810689270,12090790721,,cycles,3224417471,100.00,,
1.911450406,5089268,,rD044,3224209387,100.00,,
1.911450406,273887334,,rFF44,3224325670,100.00,,
1.911450406,42448228514,,instructions,3224203995,100.00,3.51,insn per cycle
1.911450406,12090592654,,cycles,3224168629,100.00,,
2.012221392,5135820,,rD044,3224647582,100.00,,
2.012221392,273122645,,rFF44,3224384900,100.00,,
2.012221392,42346529078,,instructions,3224396576,100.00,3.50,insn per cycle
2.012221392,12090498314,,cycles,3224144601,100.00,,
2.112979737,5341943,,rD044,3224616839,100.00,,
2.112979737,272932408,,rFF44,3226349776,100.00,,
2.112979737,42335551837,,instructions,3226133758,100.00,3.50,insn per cycle
2.112979737,12101801338,,cycles,3227195215,100.00,,
2.213841224,5159814,,rD044,3227189499,100.00,,
2.213841224,276460797,,rFF44,3226019535,100.00,,
2.213841224,42771548629,,instructions,3226157322,100.00,3.54,insn per cycle
2.213841224,12093142965,,cycles,3224869916,100.00,,
2.314592490,5078549,,rD044,3224229309,100.00,,
2.314592490,272932582,,rFF44,3224389702,100.00,,
2.314592490,42343216854,,instructions,3224855215,100.00,3.50,insn per cycle
2.314592490,12094442869,,cycles,3225194455,100.00,,
2.415391646,5090613,,rD044,3225302931,100.00,,
2.415391646,271762657,,rFF44,3224593298,100.00,,
2.415391646,42189922593,,instructions,3223990947,100.00,3.49,insn per cycle
2.415391646,12091540185,,cycles,3224418645,100.00,,
2.516168102,5022638,,rD044,3224746601,100.00,,
2.516168102,272993126,,rFF44,3225390743,100.00,,
2.516168102,42358696127,,instructions,3226373313,100.00,3.50,insn per cycle
2.516168102,12095040079,,cycles,3225359804,100.00,,
2.616936598,5003325,,rD044,3224792440,100.00,,
2.616936598,272582836,,rFF44,3224440487,100.00,,
2.616936598,42281436295,,instructions,3223293856,100.00,3.50,insn per cycle
2.616936598,12087730840,,cycles,3223405546,100.00,,
2.717669723,5200928,,rD044,3222895810,100.00,,
2.717669723,271882901,,rFF44,3223276333,100.00,,
2.717669723,42201622962,,instructions,3223829384,100.00,3.49,insn per cycle
2.717669723,12094332849,,cycles,3225164826,100.00,,
2.818488800,5391266,,rD044,3226641586,100.00,,
2.818488800,272120772,,rFF44,3226639536,100.00,,
2.818488800,42241161877,,instructions,3226824636,100.00,3.49,insn per cycle
2.818488800,12096914295,,cycles,3225859634,100.00,,
2.919279406,5343353,,rD044,3225418668,100.00,,
2.919279406,272214294,,rFF44,3224908837,100.00,,
2.919279406,42237079621,,instructions,3224281760,100.00,3.49,insn per cycle
2.919279406,12091271494,,cycles,3224347836,100.00,,
3.020048252,5124575,,rD044,3224216965,100.00,,
3.020048252,272514231,,rFF44,3224443966,100.00,,
3.020048252,42277187058,,instructions,3224964085,100.00,3.50,insn per cycle
3.020048252,12092348062,,cycles,3224685586,100.00,,
3.120809888,5233323,,rD044,3224382002,100.00,,
3.120809888,271321671,,rFF44,3224153639,100.00,,
3.120809888,42131999668,,instructions,3223528131,100.00,3.49,insn per cycle
3.120809888,12088361323,,cycles,3223585286,100.00,,
3.221557023,5104387,,rD044,3223381281,100.00,,
3.221557023,272314012,,rFF44,3223522011,100.00,,
3.221557023,42258521950,,instructions,3223865028,100.00,3.50,insn per cycle
3.221557023,12089478144,,cycles,3223901004,100.00,,
3.322309339,4962767,,rD044,3224417580,100.00,,
3.322309339,272367006,,rFF44,3224645318,100.00,,
3.322309339,42269319219,,instructions,3224765772,100.00,3.49,insn per cycle
3.322309339,12097826883,,cycles,3226091055,100.00,,
3.423140156,5299608,,rD044,3226153358,100.00,,
3.423140156,273018986,,rFF44,3225828092,100.00,,
3.423140156,42347500356,,instructions,3225810573,100.00,3.50,insn per cycle
3.423140156,12092116945,,cycles,3224585225,100.00,,
3.523889186,5526549,,rD044,3224323146,100.00,,
3.523889186,273615404,,rFF44,3224886446,100.00,,
3.523889186,42417492792,,instructions,3224898522,100.00,3.51,insn per cycle
3.523889186,12095103516,,cycles,3225364616,100.00,,
3.624713607,5018784,,rD044,3226620292,100.00,,
3.624713607,272517411,,rFF44,3226251518,100.00,,
3.624713607,42290392136,,instructions,3226577591,100.00,3.50,insn per cycle
3.624713607,12097544725,,cycles,3226032489,100.00,,
3.725510628,4878709,,rD044,3224764190,100.00,,
3.725510628,271805829,,rFF44,3224829844,100.00,,
3.725510628,42196115211,,instructions,3224732006,100.00,3.49,insn per cycle
3.725510628,12093558191,,cycles,3224955642,100.00,,
3.826283848,4923639,,rD044,3224748664,100.00,,
3.826283848,272096822,,rFF44,3224409784,100.00,,
3.826283848,42230568150,,instructions,3224286289,100.00,3.49,insn per cycle
3.826283848,12090434412,,cycles,3224129415,100.00,,
3.927037018,4998018,,rD044,3224620082,100.00,,
3.927037018,273273445,,rFF44,3224931237,100.00,,
3.927037018,42382867458,,instructions,3225077801,100.00,3.50,insn per cycle
3.927037018,12094739492,,cycles,3225277080,100.00,,
4.027823429,4955575,,rD044,3225071193,100.00,,
4.027823429,273471008,,rFF44,3225261093,100.00,,
4.027823429,42397223258,,instructions,3225106070,100.00,3.51,insn per cycle
4.027823429,12092853604,,cycles,3224771420,100.00,,
4.128590399,5160666,,rD044,3224555707,100.00,,
4.128590399,271985695,,rFF44,3224713216,100.00,,
4.128590399,42222570407,,instructions,3225220916,100.00,3.49,insn per cycle
4.128590399,12096028634,,cycles,3225634786,100.00,,
4.229408480,5257079,,rD044,3226788546,100.00,,
4.229408480,272435150,,rFF44,3227409842,100.00,,
4.229408480,42280858920,,instructions,3227566624,100.00,3.49,insn per cycle
4.229408480,12104202333,,cycles,3227831266,100.00,,
4.330292402,5157339,,rD044,3227173786,100.00,,
4.330292402,275686158,,rFF44,3225187703,100.00,,
4.330292402,42623406668,,instructions,3223176792,100.00,3.53,insn per cycle
4.330292402,12079060824,,cycles,3221102774,100.00,,
4.430918191,5022488,,rD044,3220018314,100.00,,
4.430918191,272793502,,rFF44,3221625544,100.00,,
4.430918191,42344664470,,instructions,3223207324,100.00,3.50,insn per cycle
4.430918191,12096334366,,cycles,3225697406,100.00,,
4.531752612,5198031,,rD044,3226587866,100.00,,
4.531752612,274211329,,rFF44,3225750818,100.00,,
4.531752612,42489078678,,instructions,3225632686,100.00,3.51,insn per cycle
4.531752612,12093413215,,cycles,3224920723,100.00,,
4.632529242,4955945,,rD044,3225205970,100.00,,
4.632529242,272380693,,rFF44,3226547499,100.00,,
4.632529242,42268518127,,instructions,3226312863,100.00,3.49,insn per cycle
4.632529242,12098057396,,cycles,3226161327,100.00,,
4.733344603,4886453,,rD044,3225902784,100.00,,
4.733344603,271779871,,rFF44,3224864456,100.00,,
4.733344603,42203645358,,instructions,3225623168,100.00,3.49,insn per cycle
4.733344603,12097080841,,cycles,3225900636,100.00,,
4.834151414,5127496,,rD044,3225562822,100.00,,
4.834151414,273923412,,rFF44,3225117869,100.00,,
4.834151414,42429477682,,instructions,3223562735,100.00,3.51,insn per cycle
4.834151414,12085428291,,cycles,3222790928,100.00,,
4.934866134,4874451,,rD044,3223068635,100.00,,
4.934866134,272394647,,rFF44,3223110831,100.00,,
4.934866134,42261485991,,instructions,3222969534,100.00,3.50,insn per cycle
4.934866134,12085973735,,cycles,3222936772,100.00,,
5.035576753,4982706,,rD044,3222873253,100.00,,
5.035576753,272902174,,rFF44,3224248049,100.00,,
5.035576753,42367035273,,instructions,3227491552,100.00,3.50,insn per cycle
5.035576753,12111439550,,cycles,3229725946,100.00,,
5.136538636,5578868,,rD044,3230493698,100.00,,
5.136538636,272596724,,rFF44,3229627956,100.00,,
5.136538636,42264258094,,instructions,3227439970,100.00,3.49,insn per cycle
5.136538636,12096289318,,cycles,3225710550,100.00,,
5.237327587,5065373,,rD044,3225149721,100.00,,
5.237327587,271076796,,rFF44,3224829480,100.00,,
5.237327587,42107469849,,instructions,3224686535,100.00,3.48,insn per cycle
5.237327587,12093234226,,cycles,3224888681,100.00,,
5.338105547,5281443,,rD044,3224869688,100.00,,
5.338105547,273169414,,rFF44,3225060376,100.00,,
5.338105547,42357989795,,instructions,3224996776,100.00,3.50,insn per cycle
5.338105547,12094791174,,cycles,3225283704,100.00,,
5.438898108,5137489,,rD044,3225358686,100.00,,
5.438898108,274089479,,rFF44,3225470448,100.00,,
5.438898108,42472202692,,instructions,3225493604,100.00,3.51,insn per cycle
5.438898108,12097054568,,cycles,3225895275,100.00,,
5.539698118,4863332,,rD044,3225245632,100.00,,
5.539698118,273115086,,rFF44,3224860532,100.00,,
5.539698118,42350559488,,instructions,3224888196,100.00,3.50,insn per cycle
5.539698118,12090047997,,cycles,3224026855,100.00,,
5.640458589,5207013,,rD044,3224697477,100.00,,
5.640458589,273127982,,rFF44,3224745226,100.00,,
5.640458589,42345956665,,instructions,3224560209,100.00,3.50,insn per cycle
5.640458589,12088680652,,cycles,3223661886,100.00,,
5.741185138,5111013,,rD044,3223106284,100.00,,
5.741185138,273067027,,rFF44,3223473742,100.00,,
5.741185138,42345099889,,instructions,3223833791,100.00,3.50,insn per cycle
5.741185138,12093290774,,cycles,3224885902,100.00,,
5.841982069,4967259,,rD044,3224908851,100.00,,
5.841982069,272806314,,rFF44,3224640397,100.00,,
5.841982069,42310694407,,instructions,3224767974,100.00,3.50,insn per cycle
5.841982069,12090644682,,cycles,3224371227,100.00,,
5.942755300,5237224,,rD044,3224893381,100.00,,
5.942755300,272289086,,rFF44,3224725961,100.00,,
5.942755300,42246102771,,instructions,3224264015,100.00,3.49,insn per cycle
5.942755300,12092073208,,cycles,3224564647,100.00,,
6.043534140,5228415,,rD044,3225427584,100.00,,
6.043534140,272905084,,rFF44,3226168471,100.00,,
6.043534140,42338126947,,instructions,3226600306,100.00,3.50,insn per cycle
6.043534140,12101478449,,cycles,3227072407,100.00,,
6.144384882,5290536,,rD044,3226261826,100.00,,
6.144384882,272339386,,rFF44,3225406194,100.00,,
6.144384882,42252435208,,instructions,3225309986,100.00,3.49,insn per cycle
6.144384882,12094220428,,cycles,3225147222,100.00,,
6.245164802,5391590,,rD044,3225110240,100.00,,
6.245164802,273857660,,rFF44,3225733796,100.00,,
6.245164802,42448445132,,instructions,3226011982,100.00,3.51,insn per cycle
6.245164802,12096363078,,cycles,3225729406,100.00,,
6.345959473,4964241,,rD044,3225445482,100.00,,
6.345959473,272657994,,rFF44,3224755198,100.00,,
6.345959473,42298380084,,instructions,3224347418,100.00,3.50,insn per cycle
6.345959473,12093787532,,cycles,3225021662,100.00,,
6.446748643,5223414,,rD044,3225075576,100.00,,
6.446748643,273274991,,rFF44,3225071952,100.00,,
6.446748643,42378873958,,instructions,3224897076,100.00,3.51,insn per cycle
6.446748643,12090350050,,cycles,3224105288,100.00,,
6.547507933,5072443,,rD044,3223284944,100.00,,
6.547507933,272695093,,rFF44,3222056355,100.00,,
6.547507933,42242835796,,instructions,3220792364,100.00,3.50,insn per cycle
6.547507933,12071845601,,cycles,3219173914,100.00,,
6.648073741,5081530,,rD044,3219148944,100.00,,
6.648073741,273604074,,rFF44,3220775877,100.00,,
6.648073741,42450333892,,instructions,3222519734,100.00,3.51,insn per cycle
6.648073741,12089717031,,cycles,3223933299,100.00,,
6.748838412,4906817,,rD044,3225106398,100.00,,
6.748838412,273151635,,rFF44,3225469916,100.00,,
6.748838412,42363398756,,instructions,3224818266,100.00,3.50,insn per cycle
6.748838412,12095695690,,cycles,3225525157,100.00,,
6.849645512,4893375,,rD044,3225216053,100.00,,
6.849645512,272002923,,rFF44,3225160872,100.00,,
6.849645512,42227528335,,instructions,3225728561,100.00,3.49,insn per cycle
6.849645512,12097157817,,cycles,3225924250,100.00,,
6.950478703,4970529,,rD044,3226724288,100.00,,
6.950478703,272960492,,rFF44,3226554396,100.00,,
6.950478703,42339393726,,instructions,3226239831,100.00,3.50,insn per cycle
6.950478703,12098075443,,cycles,3226162496,100.00,,
7.051278414,5168620,,rD044,3225535363,100.00,,
7.051278414,272858365,,rFF44,3225564149,100.00,,
7.051278414,42342158512,,instructions,3226905754,100.00,3.50,insn per cycle
7.051278414,12100623206,,cycles,3226843472,100.00,,
7.152126836,4985189,,rD044,3226962395,100.00,,
7.152126836,272854309,,rFF44,3226739787,100.00,,
7.152126836,42309223952,,instructions,3225160346,100.00,3.50,insn per cycle
7.152126836,12091790607,,cycles,3224503722,100.00,,
7.252890666,4926142,,rD044,3224219615,100.00,,
7.252890666,272365565,,rFF44,3224124720,100.00,,
7.252890666,42272511050,,instructions,3224679117,100.00,3.50,insn per cycle
7.252890666,12094229966,,cycles,3225181362,100.00,,
7.353680977,5043806,,rD044,3226119147,100.00,,
7.353680977,271563065,,rFF44,3226767206,100.00,,
7.353680977,42170207465,,instructions,3226878468,100.00,3.49,insn per cycle
7.353680977,12100424087,,cycles,3226793256,100.00,,
7.454524808,5026096,,rD044,3226331955,100.00,,
7.454524808,272574946,,rFF44,3226143543,100.00,,
7.454524808,42294208425,,instructions,3225844021,100.00,3.50,insn per cycle
7.454524808,12095380107,,cycles,3225446613,100.00,,
7.555310288,4935520,,rD044,3224983876,100.00,,
7.555310288,272089852,,rFF44,3224881387,100.00,,
7.555310288,42242391462,,instructions,3225538143,100.00,3.49,insn per cycle
7.555310288,12096316712,,cycles,3225696867,100.00,,
7.656105329,5048104,,rD044,3225140418,100.00,,
7.656105329,272981925,,rFF44,3224753856,100.00,,
7.656105329,42324881061,,instructions,3223725257,100.00,3.50,insn per cycle
7.656105329,12090357339,,cycles,3224099996,100.00,,
7.756887229,5224540,,rD044,3225223812,100.00,,
7.756887229,273125054,,rFF44,3225463590,100.00,,
7.756887229,42361061750,,instructions,3225795776,100.00,3.50,insn per cycle
7.756887229,12094806559,,cycles,3225300449,100.00,,
7.857651120,4657631,,rD044,3224587251,100.00,,
7.857651120,272370414,,rFF44,3224663470,100.00,,
7.857651120,42276104001,,instructions,3224534905,100.00,3.50,insn per cycle
7.857651120,12093796124,,cycles,3225019041,100.00,,
7.958452221,4916896,,rD044,3224991579,100.00,,
7.958452221,272116943,,rFF44,3224737145,100.00,,
7.958452221,42240581541,,instructions,3224870815,100.00,3.49,insn per cycle
7.958452221,12090949476,,cycles,3224264071,100.00,,
8.059217961,4977750,,rD044,3224829765,100.00,,
8.059217961,273287519,,rFF44,3224497167,100.00,,
8.059217961,42376232667,,instructions,3224404336,100.00,3.50,insn per cycle
8.059217961,12093320209,,cycles,3224898115,100.00,,
8.159980991,4914951,,rD044,3224256654,100.00,,
8.159980991,271873714,,rFF44,3224872373,100.00,,
8.159980991,42216844977,,instructions,3225781512,100.00,3.49,insn per cycle
8.159980991,12096550036,,cycles,3225778449,100.00,,
8.260793302,5029198,,rD044,3226209236,100.00,,
8.260793302,272106295,,rFF44,3226076696,100.00,,
8.260793302,42235764103,,instructions,3225740810,100.00,3.49,insn per cycle
8.260793302,12097041877,,cycles,3225908326,100.00,,
8.361598343,5421589,,rD044,3225589376,100.00,,
8.361598343,272511290,,rFF44,3225379265,100.00,,
8.361598343,42274308343,,instructions,3225021123,100.00,3.50,insn per cycle
8.361598343,12093692319,,cycles,3224994319,100.00,,
8.425278907,2405626,,rD044,1934891607,100.00,,
8.425278907,121074149,,rFF44,1929973806,100.00,,
8.425278907,20032426970,,instructions,1925446685,100.00,2.78,insn per cycle
8.425278907,7201792677,,cycles,1920545060,100.00,,
