0.100128692,4579031,,rD044,92219693,100.00,,
0.100128692,20267001,,rFF44,92225963,100.00,,
0.100128692,439754393,,instructions,92230873,100.00,1.29,insn per cycle
0.100128692,341877368,,cycles,92235383,100.00,,
0.200448057,5496589,,rD044,100315125,100.00,,
0.200448057,23978386,,rFF44,100314925,100.00,,
0.200448057,505218394,,instructions,100314495,100.00,1.34,insn per cycle
0.200448057,376179409,,cycles,100314995,100.00,,
0.300660111,5480746,,rD044,100211165,100.00,,
0.300660111,23962767,,rFF44,100210955,100.00,,
0.300660111,505190284,,instructions,100211065,100.00,1.34,insn per cycle
0.300660111,375786470,,cycles,100210425,100.00,,
0.400868474,6790590,,rD044,100207395,100.00,,
0.400868474,28691483,,rFF44,100207985,100.00,,
0.400868474,82018940,,instructions,100207985,100.00,0.22,insn per cycle
0.400868474,375777969,,cycles,100207945,100.00,,
0.501082077,6924938,,rD044,100213455,100.00,,
0.501082077,29979994,,rFF44,100213715,100.00,,
0.501082077,37431444,,instructions,100213835,100.00,0.10,insn per cycle
0.501082077,375801891,,cycles,100214325,100.00,,
0.601307481,4166756,,rD044,474716738,100.00,,
0.601307481,51905783,,rFF44,474985368,100.00,,
0.601307481,5909306775,,instructions,475173438,100.00,3.32,insn per cycle
0.601307481,1782028132,,cycles,475359718,100.00,,
0.701618926,1990280,,rD044,802702000,100.00,,
0.701618926,72520237,,rFF44,802770350,100.00,,
0.701618926,11178645909,,instructions,802774414,100.00,3.71,insn per cycle
0.701618926,3010385307,,cycles,802773488,100.00,,
0.801965501,2038508,,rD044,802515512,100.00,,
0.801965501,69237638,,rFF44,802391728,100.00,,
0.801965501,10779595229,,instructions,802381994,100.00,3.58,insn per cycle
0.801965501,3008890789,,cycles,802374810,100.00,,
0.902261495,1893857,,rD044,802379966,100.00,,
0.902261495,72900948,,rFF44,802415820,100.00,,
0.902261495,11235695844,,instructions,802438730,100.00,3.73,insn per cycle
0.902261495,3009154525,,cycles,802445130,100.00,,
1.002565749,1786737,,rD044,802414530,100.00,,
1.002565749,69954529,,rFF44,802384340,100.00,,
1.002565749,10884004166,,instructions,802362030,100.00,3.62,insn per cycle
1.002565749,3008788163,,cycles,802351200,100.00,,
1.102850854,2007720,,rD044,802274900,100.00,,
1.102850854,72879716,,rFF44,802273680,100.00,,
1.102850854,11229709916,,instructions,802270180,100.00,3.73,insn per cycle
1.102850854,3008491057,,cycles,802275671,100.00,,
1.203146248,1922125,,rD044,802390660,100.00,,
1.203146248,69592763,,rFF44,802394821,100.00,,
1.203146248,10837925749,,instructions,802462098,100.00,3.60,insn per cycle
1.203146248,3009314094,,cycles,802487187,100.00,,
1.303457993,2223413,,rD044,802434278,100.00,,
1.303457993,73049575,,rFF44,802433427,100.00,,
1.303457993,11256275305,,instructions,802378520,100.00,3.74,insn per cycle
1.303457993,3008778630,,cycles,802344960,100.00,,
1.403755297,1980803,,rD044,802380070,100.00,,
1.403755297,69565551,,rFF44,802376730,100.00,,
1.403755297,10834226631,,instructions,802366020,100.00,3.60,insn per cycle
1.403755297,3008907363,,cycles,802379150,100.00,,
1.504052522,1730582,,rD044,802366200,100.00,,
1.504052522,72941714,,rFF44,802394930,100.00,,
1.504052522,11238013827,,instructions,802410870,100.00,3.73,insn per cycle
1.504052522,3009050121,,cycles,802428001,100.00,,
1.604377156,1559012,,rD044,802542840,100.00,,
1.604377156,69022963,,rFF44,802508414,100.00,,
1.604377156,10767161837,,instructions,802502498,100.00,3.58,insn per cycle
1.604377156,3009298870,,cycles,802484017,100.00,,
1.704672701,1831247,,rD044,802363988,100.00,,
1.704672701,72914868,,rFF44,802378454,100.00,,
1.704672701,11232180849,,instructions,802384770,100.00,3.73,insn per cycle
1.704672701,3008884343,,cycles,802373030,100.00,,
1.804973085,1815933,,rD044,802463080,100.00,,
1.804973085,68959875,,rFF44,802480800,100.00,,
1.804973085,10752146766,,instructions,802479010,100.00,3.57,insn per cycle
1.804973085,3009315696,,cycles,802491400,100.00,,
1.905283240,2064960,,rD044,802410820,100.00,,
1.905283240,72847950,,rFF44,802392800,100.00,,
1.905283240,11220175407,,instructions,802388480,100.00,3.73,insn per cycle
1.905283240,3008942320,,cycles,802394552,100.00,,
2.005602874,1999570,,rD044,802531920,100.00,,
2.005602874,70708923,,rFF44,802526038,100.00,,
2.005602874,10971956222,,instructions,802526058,100.00,3.65,insn per cycle
2.005602874,3009391559,,cycles,802508756,100.00,,
2.105900039,2063081,,rD044,802446648,100.00,,
2.105900039,72816074,,rFF44,802517530,100.00,,
2.105900039,11214029123,,instructions,802530060,100.00,3.73,insn per cycle
2.105900039,3009510621,,cycles,802540100,100.00,,
2.206232924,1991609,,rD044,802621890,100.00,,
2.206232924,69710889,,rFF44,802585910,100.00,,
2.206232924,10845856616,,instructions,802574380,100.00,3.60,insn per cycle
2.206232924,3009658186,,cycles,802579180,100.00,,
2.306540818,1675788,,rD044,802416410,100.00,,
2.306540818,72617515,,rFF44,802364370,100.00,,
2.306540818,11184207129,,instructions,802362527,100.00,3.72,insn per cycle
2.306540818,3008809607,,cycles,802353568,100.00,,
2.406835753,1795241,,rD044,802357834,100.00,,
2.406835753,70114976,,rFF44,802374988,100.00,,
2.406835753,10892260867,,instructions,802363261,100.00,3.62,insn per cycle
2.406835753,3008797297,,cycles,802349340,100.00,,
2.507128227,1716175,,rD044,802408964,100.00,,
2.507128227,72772040,,rFF44,802442700,100.00,,
2.507128227,11207291398,,instructions,802548120,100.00,3.72,insn per cycle
2.507128227,3010502160,,cycles,802803610,100.00,,
2.607481142,1998108,,rD044,802735590,100.00,,
2.607481142,70629652,,rFF44,802704060,100.00,,
2.607481142,10968760960,,instructions,802602320,100.00,3.65,insn per cycle
2.607481142,3008784619,,cycles,802354137,100.00,,
2.707777596,2108318,,rD044,802387970,100.00,,
2.707777596,73180195,,rFF44,802398728,100.00,,
2.707777596,11271077664,,instructions,802402218,100.00,3.75,insn per cycle
2.707777596,3008996647,,cycles,802402561,100.00,,
2.808076761,1858972,,rD044,802357318,100.00,,
2.808076761,70533203,,rFF44,802339730,100.00,,
2.808076761,10948547174,,instructions,802343840,100.00,3.64,insn per cycle
2.808076761,3008783637,,cycles,802346030,100.00,,
2.908382035,2270810,,rD044,802427120,100.00,,
2.908382035,70813393,,rFF44,802415250,100.00,,
2.908382035,10980491603,,instructions,802408760,100.00,3.65,insn per cycle
2.908382035,3009009070,,cycles,802406940,100.00,,
3.008675390,1900751,,rD044,802421770,100.00,,
3.008675390,71900477,,rFF44,802454740,100.00,,
3.008675390,11121968729,,instructions,802466390,100.00,3.70,insn per cycle
3.008675390,3009271531,,cycles,802476304,100.00,,
3.108983174,1755414,,rD044,802427950,100.00,,
3.108983174,70044429,,rFF44,802445356,100.00,,
3.108983174,10885255377,,instructions,802444788,100.00,3.62,insn per cycle
3.108983174,3009150518,,cycles,802455764,100.00,,
3.209294519,1837630,,rD044,802723308,100.00,,
3.209294519,73052588,,rFF44,803077032,100.00,,
3.209294519,11254742308,,instructions,803160060,100.00,3.74,insn per cycle
3.209294519,3012025998,,cycles,803216534,100.00,,
3.309698504,1863996,,rD044,802963170,100.00,,
3.309698504,69497570,,rFF44,802593935,100.00,,
3.309698504,10816748417,,instructions,802504148,100.00,3.59,insn per cycle
3.309698504,3009105192,,cycles,802432284,100.00,,
3.409998559,2430517,,rD044,802607278,100.00,,
3.409998559,72969841,,rFF44,802700953,100.00,,
3.409998559,11242626823,,instructions,802703390,100.00,3.74,insn per cycle
3.409998559,3010044974,,cycles,802701010,100.00,,
3.510388474,2024183,,rD044,802868760,100.00,,
3.510388474,69026750,,rFF44,802762320,100.00,,
3.510388474,10766288120,,instructions,802756197,100.00,3.58,insn per cycle
3.510388474,3010289636,,cycles,802747548,100.00,,
3.610693289,2063801,,rD044,802271314,100.00,,
3.610693289,73088522,,rFF44,802272607,100.00,,
3.610693289,11262923026,,instructions,802270380,100.00,3.74,insn per cycle
3.610693289,3008393400,,cycles,802279269,100.00,,
3.710991783,1885413,,rD044,802452293,100.00,,
3.710991783,69761106,,rFF44,802541120,100.00,,
3.710991783,10847615995,,instructions,802587060,100.00,3.60,insn per cycle
3.710991783,3009800323,,cycles,802617270,100.00,,
3.811322468,2073947,,rD044,802575410,100.00,,
3.811322468,73249886,,rFF44,802484120,100.00,,
3.811322468,11288029526,,instructions,802445280,100.00,3.75,insn per cycle
3.811322468,3009035029,,cycles,802413043,100.00,,
3.911658083,1981042,,rD044,802739547,100.00,,
3.911658083,70103294,,rFF44,802751828,100.00,,
3.911658083,10895899925,,instructions,802738698,100.00,3.62,insn per cycle
3.911658083,3010273816,,cycles,802743735,100.00,,
4.011963128,1845786,,rD044,802387641,100.00,,
4.011963128,72826528,,rFF44,802373150,100.00,,
4.011963128,11225783149,,instructions,802398500,100.00,3.73,insn per cycle
4.011963128,3009044159,,cycles,802415690,100.00,,
4.112268592,1892395,,rD044,802402230,100.00,,
4.112268592,70431148,,rFF44,802394310,100.00,,
4.112268592,10933732057,,instructions,802376850,100.00,3.63,insn per cycle
4.112268592,3008779025,,cycles,802344980,100.00,,
4.212564586,1805918,,rD044,802504820,100.00,,
4.212564586,72844386,,rFF44,802586695,100.00,,
4.212564586,11231996305,,instructions,802672608,100.00,3.73,insn per cycle
4.212564586,3010207557,,cycles,802725898,100.00,,
4.312903611,1639708,,rD044,802576258,100.00,,
4.312903611,69557825,,rFF44,802502253,100.00,,
4.312903611,10821321733,,instructions,802436180,100.00,3.60,insn per cycle
4.312903611,3009020329,,cycles,802409350,100.00,,
4.413207676,1769434,,rD044,802566800,100.00,,
4.413207676,72966925,,rFF44,802702550,100.00,,
4.413207676,11249379870,,instructions,802702550,100.00,3.74,insn per cycle
4.413207676,3010148187,,cycles,802709521,100.00,,
4.513544891,1641316,,rD044,802566890,100.00,,
4.513544891,70011989,,rFF44,802457524,100.00,,
4.513544891,10876868348,,instructions,802466038,100.00,3.61,insn per cycle
4.513544891,3009150007,,cycles,802450847,100.00,,
4.613862365,2195156,,rD044,802523238,100.00,,
4.613862365,72803804,,rFF44,802501844,100.00,,
4.613862365,11224575975,,instructions,802465950,100.00,3.73,insn per cycle
4.613862365,3009200125,,cycles,802458560,100.00,,
4.714160180,1701664,,rD044,802716980,100.00,,
4.714160180,69340698,,rFF44,802988110,100.00,,
4.714160180,10787828923,,instructions,803039746,100.00,3.58,insn per cycle
4.714160180,3011423290,,cycles,803049618,100.00,,
4.814542495,1871396,,rD044,802679723,100.00,,
4.814542495,72659426,,rFF44,802392178,100.00,,
4.814542495,11203299702,,instructions,802346642,100.00,3.72,insn per cycle
4.814542495,3008710528,,cycles,802326840,100.00,,
4.914830809,1961809,,rD044,802319585,100.00,,
4.914830809,69890321,,rFF44,802319430,100.00,,
4.914830809,10862436829,,instructions,802319380,100.00,3.61,insn per cycle
4.914830809,3008724179,,cycles,802330310,100.00,,
5.015125394,1957340,,rD044,802338200,100.00,,
5.015125394,72465605,,rFF44,802336930,100.00,,
5.015125394,11173556746,,instructions,802335940,100.00,3.71,insn per cycle
5.015125394,3008891208,,cycles,802374830,100.00,,
5.115425298,1465885,,rD044,802465450,100.00,,
5.115425298,68938775,,rFF44,802517480,100.00,,
5.115425298,10740645345,,instructions,802558591,100.00,3.57,insn per cycle
5.115425298,3009548903,,cycles,802562058,100.00,,
5.215750913,1912379,,rD044,802505421,100.00,,
5.215750913,72804365,,rFF44,802449698,100.00,,
5.215750913,11225495938,,instructions,802417247,100.00,3.73,insn per cycle
5.215750913,3008910484,,cycles,802379970,100.00,,
5.316044697,1656689,,rD044,802380717,100.00,,
5.316044697,69809849,,rFF44,802396810,100.00,,
5.316044697,10853169124,,instructions,802385690,100.00,3.61,insn per cycle
5.316044697,3008888912,,cycles,802374340,100.00,,
5.416372292,1940254,,rD044,802579300,100.00,,
5.416372292,72869769,,rFF44,802572850,100.00,,
5.416372292,11236423192,,instructions,802582300,100.00,3.73,insn per cycle
5.416372292,3009676665,,cycles,802584360,100.00,,
5.516668827,1764449,,rD044,802473250,100.00,,
5.516668827,69003649,,rFF44,802521381,100.00,,
5.516668827,10760204786,,instructions,802526808,100.00,3.58,insn per cycle
5.516668827,3009436427,,cycles,802526988,100.00,,
5.616987781,1749197,,rD044,802513988,100.00,,
5.616987781,72679492,,rFF44,802504287,100.00,,
5.616987781,11206034718,,instructions,802505160,100.00,3.72,insn per cycle
5.616987781,3009381307,,cycles,802514840,100.00,,
5.717301836,1787479,,rD044,802391920,100.00,,
5.717301836,70030306,,rFF44,802340500,100.00,,
5.717301836,10877363136,,instructions,802325870,100.00,3.62,insn per cycle
5.717301836,3008689406,,cycles,802321300,100.00,,
5.817629641,1837033,,rD044,802765600,100.00,,
5.817629641,72904032,,rFF44,802805510,100.00,,
5.817629641,11239246226,,instructions,802812998,100.00,3.73,insn per cycle
5.817629641,3010494655,,cycles,802802678,100.00,,
5.917944125,1722929,,rD044,802534807,100.00,,
5.917944125,68048325,,rFF44,802661608,100.00,,
5.917944125,10639119097,,instructions,802735560,100.00,3.53,insn per cycle
5.917944125,3010479582,,cycles,802797730,100.00,,
6.018298360,1913846,,rD044,802662741,100.00,,
6.018298360,72957563,,rFF44,802563140,100.00,,
6.018298360,11245240740,,instructions,802504700,100.00,3.74,insn per cycle
6.018298360,3009179646,,cycles,802452270,100.00,,
6.118601005,1756584,,rD044,802661101,100.00,,
6.118601005,70510361,,rFF44,802897858,100.00,,
6.118601005,10939158461,,instructions,802956628,100.00,3.63,insn per cycle
6.118601005,3011125664,,cycles,802970608,100.00,,
6.218974940,1666858,,rD044,802817547,100.00,,
6.218974940,72584734,,rFF44,802538710,100.00,,
6.218974940,11186814291,,instructions,802467260,100.00,3.72,insn per cycle
6.218974940,3009223878,,cycles,802463660,100.00,,
6.319285365,1966101,,rD044,802406180,100.00,,
6.319285365,70787733,,rFF44,802396060,100.00,,
6.319285365,10979343672,,instructions,802402170,100.00,3.65,insn per cycle
6.319285365,3008928099,,cycles,802384632,100.00,,
6.419582609,1992221,,rD044,802555153,100.00,,
6.419582609,73080258,,rFF44,802728458,100.00,,
6.419582609,11261644593,,instructions,802781208,100.00,3.74,insn per cycle
6.419582609,3011054364,,cycles,802949466,100.00,,
6.519964434,1715107,,rD044,802901355,100.00,,
6.519964434,69672500,,rFF44,802757940,100.00,,
6.519964434,10848535681,,instructions,802709860,100.00,3.60,insn per cycle
6.519964434,3009542037,,cycles,802556850,100.00,,
6.620273739,1701154,,rD044,802416180,100.00,,
6.620273739,72843495,,rFF44,802384300,100.00,,
6.620273739,11222326724,,instructions,802368213,100.00,3.73,insn per cycle
6.620273739,3008807490,,cycles,802352528,100.00,,
6.720567003,1979991,,rD044,802348661,100.00,,
6.720567003,70218938,,rFF44,802348238,100.00,,
6.720567003,10910648621,,instructions,802329035,100.00,3.63,insn per cycle
6.720567003,3008714330,,cycles,802327740,100.00,,
6.820857488,1937617,,rD044,802568347,100.00,,
6.820857488,72666314,,rFF44,802668300,100.00,,
6.820857488,11195121954,,instructions,802723390,100.00,3.72,insn per cycle
6.820857488,3010340106,,cycles,802760720,100.00,,
6.921203493,1564493,,rD044,802570240,100.00,,
6.921203493,69704493,,rFF44,802506000,100.00,,
6.921203493,10849770961,,instructions,802480130,100.00,3.61,insn per cycle
6.921203493,3009178263,,cycles,802451644,100.00,,
7.021511197,2096520,,rD044,802397540,100.00,,
7.021511197,73140667,,rFF44,802368593,100.00,,
7.021511197,11265780378,,instructions,802362778,100.00,3.74,insn per cycle
7.021511197,3008841991,,cycles,802361864,100.00,,
7.121805622,1871179,,rD044,802453338,100.00,,
7.121805622,70102275,,rFF44,802480235,100.00,,
7.121805622,10888111982,,instructions,802486630,100.00,3.62,insn per cycle
7.121805622,3009361263,,cycles,802505030,100.00,,
7.222123766,1778892,,rD044,802438080,100.00,,
7.222123766,72719256,,rFF44,802409900,100.00,,
7.222123766,11199059423,,instructions,802410420,100.00,3.72,insn per cycle
7.222123766,3009261361,,cycles,802477890,100.00,,
7.322436991,1940525,,rD044,802499550,100.00,,
7.322436991,70608944,,rFF44,802500910,100.00,,
7.322436991,10957914404,,instructions,802495090,100.00,3.64,insn per cycle
7.322436991,3009025851,,cycles,802410886,100.00,,
7.422719795,1993827,,rD044,802324950,100.00,,
7.422719795,72798034,,rFF44,802346526,100.00,,
7.422719795,11209818796,,instructions,802363248,100.00,3.73,insn per cycle
7.422719795,3008889484,,cycles,802387742,100.00,,
7.523034250,1404549,,rD044,802397837,100.00,,
7.523034250,69639241,,rFF44,802401501,100.00,,
7.523034250,10832814841,,instructions,802378089,100.00,3.60,insn per cycle
7.523034250,3008815686,,cycles,802386289,100.00,,
7.623377095,1919528,,rD044,802718260,100.00,,
7.623377095,72956850,,rFF44,802716620,100.00,,
7.623377095,11234892731,,instructions,802735190,100.00,3.73,insn per cycle
7.623377095,3010136736,,cycles,802706993,100.00,,
7.723719010,1704955,,rD044,802736795,100.00,,
7.723719010,69790397,,rFF44,802740858,100.00,,
7.723719010,10862081072,,instructions,802722318,100.00,3.61,insn per cycle
7.723719010,3010197124,,cycles,802723425,100.00,,
7.824027384,1963004,,rD044,802379723,100.00,,
7.824027384,73178942,,rFF44,802350130,100.00,,
7.824027384,11271674510,,instructions,802364120,100.00,3.75,insn per cycle
7.824027384,3008850410,,cycles,802363640,100.00,,
7.924325058,1937207,,rD044,802369910,100.00,,
7.924325058,69800403,,rFF44,802359970,100.00,,
7.924325058,10861325631,,instructions,802331310,100.00,3.61,insn per cycle
7.924325058,3008699109,,cycles,802323540,100.00,,
8.024618463,1757708,,rD044,802330260,100.00,,
8.024618463,71641672,,rFF44,802335920,100.00,,
8.024618463,11078883308,,instructions,802353720,100.00,3.68,insn per cycle
8.024618463,3008815948,,cycles,802355406,100.00,,
8.124909107,1783824,,rD044,802414040,100.00,,
8.124909107,71842838,,rFF44,802406497,100.00,,
8.124909107,11112093438,,instructions,802396258,100.00,3.69,insn per cycle
8.124909107,3008971490,,cycles,802396222,100.00,,
8.225213152,1693840,,rD044,802512658,100.00,,
8.225213152,69951536,,rFF44,802545241,100.00,,
8.225213152,10876796487,,instructions,802585880,100.00,3.61,insn per cycle
8.225213152,3009861187,,cycles,802633490,100.00,,
8.325544186,1965532,,rD044,802615300,100.00,,
8.325544186,73298474,,rFF44,802610010,100.00,,
8.325544186,11291430387,,instructions,802579900,100.00,3.75,insn per cycle
8.325544186,3009486308,,cycles,802533140,100.00,,
8.425858651,1955112,,rD044,802394090,100.00,,
8.425858651,69368175,,rFF44,802390360,100.00,,
8.425858651,10800300978,,instructions,802394998,100.00,3.59,insn per cycle
8.425858651,3008974583,,cycles,802397228,100.00,,
8.526159416,1838217,,rD044,802699078,100.00,,
8.526159416,72925552,,rFF44,802909628,100.00,,
8.526159416,11235910963,,instructions,802933840,100.00,3.73,insn per cycle
8.526159416,3010990276,,cycles,802934680,100.00,,
8.626528341,1950766,,rD044,802674480,100.00,,
8.626528341,69994240,,rFF44,802462360,100.00,,
8.626528341,10879186595,,instructions,802423630,100.00,3.62,insn per cycle
8.626528341,3009039309,,cycles,802420193,100.00,,
8.726833565,2046501,,rD044,802403060,100.00,,
8.726833565,72984674,,rFF44,802406455,100.00,,
8.726833565,11247671544,,instructions,802413418,100.00,3.74,insn per cycle
8.726833565,3009038272,,cycles,802414475,100.00,,
8.827136800,1712823,,rD044,802407008,100.00,,
8.827136800,70393184,,rFF44,802396113,100.00,,
8.827136800,10931151607,,instructions,802406800,100.00,3.63,insn per cycle
8.827136800,3009424217,,cycles,802516870,100.00,,
8.927450604,1829232,,rD044,802577100,100.00,,
8.927450604,72942648,,rFF44,802581830,100.00,,
8.927450604,11241413518,,instructions,802571490,100.00,3.74,insn per cycle
8.927450604,3009246346,,cycles,802474190,100.00,,
9.027759709,1802567,,rD044,802565910,100.00,,
9.027759709,68472214,,rFF44,802590080,100.00,,
9.027759709,10694505897,,instructions,802583157,100.00,3.55,insn per cycle
9.027759709,3009580890,,cycles,802559248,100.00,,
9.128065433,2325356,,rD044,802261580,100.00,,
9.128065433,72976847,,rFF44,802226478,100.00,,
9.128065433,11248241474,,instructions,802236131,100.00,3.74,insn per cycle
9.128065433,3008404198,,cycles,802244780,100.00,,
9.228372748,1901611,,rD044,802451438,100.00,,
9.228372748,69503432,,rFF44,802449700,100.00,,
9.228372748,10823919634,,instructions,802442050,100.00,3.60,insn per cycle
9.228372748,3009161441,,cycles,802452990,100.00,,
9.328669912,1900744,,rD044,802394220,100.00,,
9.328669912,72952902,,rFF44,802462930,100.00,,
9.328669912,11248075541,,instructions,802480910,100.00,3.74,insn per cycle
9.328669912,3009285680,,cycles,802480260,100.00,,
9.428981737,1898452,,rD044,802562780,100.00,,
9.428981737,70113387,,rFF44,802533170,100.00,,
9.428981737,10890925766,,instructions,802522106,100.00,3.62,insn per cycle
9.428981737,3009416573,,cycles,802514828,100.00,,
9.529297592,2085551,,rD044,802378114,100.00,,
9.529297592,72930705,,rFF44,802346778,100.00,,
9.529297592,11244445289,,instructions,802356662,100.00,3.74,insn per cycle
9.529297592,3008772601,,cycles,802357830,100.00,,
9.629624336,1848685,,rD044,802652914,100.00,,
9.629624336,70015536,,rFF44,802659790,100.00,,
9.629624336,10892755727,,instructions,802650000,100.00,3.62,insn per cycle
9.629624336,3009927235,,cycles,802650880,100.00,,
9.729936781,2031507,,rD044,802545650,100.00,,
9.729936781,73027341,,rFF44,802543650,100.00,,
9.729936781,11259863809,,instructions,802538571,100.00,3.74,insn per cycle
9.729936781,3009516195,,cycles,802542978,100.00,,
9.830246175,1928607,,rD044,802368870,100.00,,
9.830246175,69255355,,rFF44,802354898,100.00,,
9.830246175,10791202171,,instructions,802357007,100.00,3.59,insn per cycle
9.830246175,3008820659,,cycles,802355840,100.00,,
9.930541460,2040643,,rD044,802433128,100.00,,
9.930541460,72942281,,rFF44,802455900,100.00,,
9.930541460,11248960298,,instructions,802487880,100.00,3.74,insn per cycle
9.930541460,3009329691,,cycles,802492150,100.00,,
10.030853085,1910779,,rD044,802472030,100.00,,
10.030853085,69860665,,rFF44,802490910,100.00,,
10.030853085,10862488731,,instructions,802463540,100.00,3.61,insn per cycle
10.030853085,3009164595,,cycles,802451010,100.00,,
10.131161969,1885837,,rD044,802429570,100.00,,
10.131161969,72659260,,rFF44,802433580,100.00,,
10.131161969,11205981102,,instructions,802636588,100.00,3.72,insn per cycle
10.131161969,3009902207,,cycles,802644838,100.00,,
10.231493614,1888343,,rD044,802734637,100.00,,
10.231493614,69558918,,rFF44,802701567,100.00,,
10.231493614,10830093056,,instructions,802490629,100.00,3.60,insn per cycle
10.231493614,3009204495,,cycles,802474599,100.00,,
10.331807179,2168425,,rD044,802374680,100.00,,
10.331807179,72777147,,rFF44,802381910,100.00,,
10.331807179,11222430551,,instructions,802391910,100.00,3.73,insn per cycle
10.331807179,3009014042,,cycles,802407750,100.00,,
10.432109163,2302398,,rD044,802411270,100.00,,
10.432109163,69687060,,rFF44,802402370,100.00,,
10.432109163,10834682684,,instructions,802393430,100.00,3.60,insn per cycle
10.432109163,3008934333,,cycles,802386283,100.00,,
10.532415927,1974493,,rD044,802475970,100.00,,
10.532415927,73079252,,rFF44,802488718,100.00,,
10.532415927,11267603337,,instructions,802492498,100.00,3.74,insn per cycle
10.532415927,3009283948,,cycles,802491585,100.00,,
10.632723082,1793047,,rD044,802381288,100.00,,
10.632723082,68928722,,rFF44,802357500,100.00,,
10.632723082,10741457662,,instructions,802360380,100.00,3.57,insn per cycle
10.632723082,3008885504,,cycles,802373220,100.00,,
10.733021046,1762472,,rD044,802424870,100.00,,
10.733021046,72855234,,rFF44,802496260,100.00,,
10.733021046,11232425166,,instructions,802506870,100.00,3.73,insn per cycle
10.733021046,3009386487,,cycles,802507190,100.00,,
10.833335401,1332695,,rD044,802597340,100.00,,
10.833335401,70337216,,rFF44,802579560,100.00,,
10.833335401,10918256036,,instructions,802571106,100.00,3.63,insn per cycle
10.833335401,3009599999,,cycles,802563538,100.00,,
10.933652326,1697960,,rD044,802400503,100.00,,
10.933652326,72901878,,rFF44,802350018,100.00,,
10.933652326,11236979774,,instructions,802337612,100.00,3.73,insn per cycle
10.933652326,3008758116,,cycles,802339730,100.00,,
11.033949450,1780083,,rD044,802384505,100.00,,
11.033949450,69880719,,rFF44,802389980,100.00,,
11.033949450,10866864604,,instructions,802388190,100.00,3.61,insn per cycle
11.033949450,3008881695,,cycles,802371890,100.00,,
11.134243884,2105307,,rD044,802326420,100.00,,
11.134243884,72796513,,rFF44,802315210,100.00,,
11.134243884,11219817711,,instructions,802324360,100.00,3.73,insn per cycle
11.134243884,3008714655,,cycles,802327890,100.00,,
11.234538639,1903759,,rD044,802365900,100.00,,
11.234538639,69368315,,rFF44,802367580,100.00,,
11.234538639,10812683600,,instructions,802355400,100.00,3.59,insn per cycle
11.234538639,3008813114,,cycles,802354950,100.00,,
11.334830893,1955030,,rD044,802317770,100.00,,
11.334830893,72868360,,rFF44,802333951,100.00,,
11.334830893,11230890249,,instructions,802416108,100.00,3.73,insn per cycle
11.334830893,3009095872,,cycles,802443158,100.00,,
11.435163838,1699215,,rD044,802705358,100.00,,
11.435163838,69992168,,rFF44,802796457,100.00,,
11.435163838,10882854342,,instructions,802740090,100.00,3.62,insn per cycle
11.435163838,3010213762,,cycles,802731010,100.00,,
11.535484733,1793942,,rD044,802440340,100.00,,
11.535484733,72510326,,rFF44,802355410,100.00,,
11.535484733,11172954588,,instructions,802338100,100.00,3.71,insn per cycle
11.535484733,3008614249,,cycles,802327950,100.00,,
11.635777417,1714523,,rD044,802280290,100.00,,
11.635777417,69404040,,rFF44,802269910,100.00,,
11.635777417,10814917181,,instructions,802264742,100.00,3.59,insn per cycle
11.635777417,3008441214,,cycles,802264178,100.00,,
11.736075692,1753242,,rD044,802356320,100.00,,
11.736075692,73093615,,rFF44,802350858,100.00,,
11.736075692,11260620875,,instructions,802348006,100.00,3.74,insn per cycle
11.736075692,3008760398,,cycles,802340010,100.00,,
11.836382816,2026601,,rD044,802450738,100.00,,
11.836382816,70069339,,rFF44,802472010,100.00,,
11.836382816,10886440667,,instructions,802484570,100.00,3.62,insn per cycle
11.836382816,3009351564,,cycles,802497860,100.00,,
11.936684441,2180274,,rD044,802457820,100.00,,
11.936684441,72749991,,rFF44,802462090,100.00,,
11.936684441,11208236302,,instructions,802457200,100.00,3.72,insn per cycle
11.936684441,3009170994,,cycles,802449180,100.00,,
12.036987205,2064467,,rD044,802370660,100.00,,
12.036987205,69830990,,rFF44,802347620,100.00,,
12.036987205,10864368066,,instructions,802351350,100.00,3.61,insn per cycle
12.036987205,3008840098,,cycles,802361348,100.00,,
12.137284639,2050281,,rD044,802386580,100.00,,
12.137284639,72884189,,rFF44,802388208,100.00,,
12.137284639,11225579832,,instructions,802399778,100.00,3.73,insn per cycle
12.137284639,3009027968,,cycles,802411500,100.00,,
12.237591724,1655980,,rD044,802444038,100.00,,
12.237591724,69829040,,rFF44,802451640,100.00,,
12.237591724,10855045411,,instructions,802444620,100.00,3.61,insn per cycle
12.237591724,3009079720,,cycles,802424710,100.00,,
12.337890628,1744572,,rD044,802390290,100.00,,
12.337890628,72825154,,rFF44,802396890,100.00,,
12.337890628,11216788431,,instructions,802397320,100.00,3.73,insn per cycle
12.337890628,3008977141,,cycles,802398040,100.00,,
12.438192143,1879620,,rD044,802510300,100.00,,
12.438192143,69780694,,rFF44,802570420,100.00,,
12.438192143,10865899716,,instructions,802589495,100.00,3.61,insn per cycle
12.438192143,3009730823,,cycles,802598368,100.00,,
12.538516718,2145615,,rD044,802501484,100.00,,
12.538516718,72805911,,rFF44,802460038,100.00,,
12.538516718,11212431238,,instructions,802447243,100.00,3.73,insn per cycle
12.538516718,3009079664,,cycles,802431960,100.00,,
12.638822922,1910303,,rD044,802482504,100.00,,
12.638822922,69445088,,rFF44,802458070,100.00,,
12.638822922,10813052548,,instructions,802450960,100.00,3.59,insn per cycle
12.638822922,3009193338,,cycles,802455390,100.00,,
12.739131017,2091014,,rD044,802529860,100.00,,
12.739131017,72956736,,rFF44,802549750,100.00,,
12.739131017,11236872282,,instructions,802634780,100.00,3.73,insn per cycle
12.739131017,3009889931,,cycles,802641117,100.00,,
12.839458671,1798373,,rD044,802489540,100.00,,
12.839458671,69572466,,rFF44,802495287,100.00,,
12.839458671,10827505769,,instructions,802413548,100.00,3.60,insn per cycle
12.839458671,3008992831,,cycles,802402181,100.00,,
12.939762596,1947416,,rD044,802415798,100.00,,
12.939762596,72629794,,rFF44,802396041,100.00,,
12.939762596,11182422546,,instructions,802384160,100.00,3.72,insn per cycle
12.939762596,3008968090,,cycles,802395540,100.00,,
13.040061040,1850248,,rD044,802369920,100.00,,
13.040061040,68592519,,rFF44,802363070,100.00,,
13.040061040,10716733068,,instructions,802363140,100.00,3.56,insn per cycle
13.040061040,3008838712,,cycles,802361110,100.00,,
13.140349885,1809714,,rD044,802379740,100.00,,
13.140349885,72921787,,rFF44,802413580,100.00,,
13.140349885,11230944314,,instructions,802423140,100.00,3.73,insn per cycle
13.140349885,3009070714,,cycles,802422561,100.00,,
13.240659959,1694473,,rD044,802495130,100.00,,
13.240659959,69951857,,rFF44,802470765,100.00,,
13.240659959,10874970532,,instructions,802470398,100.00,3.61,insn per cycle
13.240659959,3009267621,,cycles,802475467,100.00,,
13.341000024,2023939,,rD044,802608698,100.00,,
13.341000024,71381729,,rFF44,802580133,100.00,,
13.341000024,11046375714,,instructions,802576980,100.00,3.67,insn per cycle
13.341000024,3009642079,,cycles,802574820,100.00,,
13.441295719,1761572,,rD044,802368050,100.00,,
13.441295719,71432251,,rFF44,802378540,100.00,,
13.441295719,11064789017,,instructions,802386780,100.00,3.68,insn per cycle
13.441295719,3008913095,,cycles,802385130,100.00,,
13.541592433,1627527,,rD044,802357330,100.00,,
13.541592433,69580027,,rFF44,802363660,100.00,,
13.541592433,10825973175,,instructions,802352220,100.00,3.60,insn per cycle
13.541592433,3008748071,,cycles,802348276,100.00,,
13.641889307,1738526,,rD044,802358760,100.00,,
13.641889307,72961440,,rFF44,802347585,100.00,,
13.641889307,11238336774,,instructions,802346188,100.00,3.74,insn per cycle
13.641889307,3008779632,,cycles,802345622,100.00,,
13.742185432,1891335,,rD044,802492218,100.00,,
13.742185432,70848641,,rFF44,802689373,100.00,,
13.742185432,10989529574,,instructions,802695530,100.00,3.65,insn per cycle
13.742185432,3010137190,,cycles,802706350,100.00,,
13.842523597,1966511,,rD044,802565760,100.00,,
13.842523597,73032634,,rFF44,802367170,100.00,,
13.842523597,11251290541,,instructions,802363020,100.00,3.74,insn per cycle
13.842523597,3008757943,,cycles,802343550,100.00,,
13.942814461,1806898,,rD044,802514820,100.00,,
13.942814461,68737538,,rFF44,802551360,100.00,,
13.942814461,10722952470,,instructions,802565498,100.00,3.56,insn per cycle
13.942814461,3009626299,,cycles,802570688,100.00,,
14.043140206,1763112,,rD044,802594968,100.00,,
14.043140206,73040377,,rFF44,802704538,100.00,,
14.043140206,11255745064,,instructions,802729050,100.00,3.74,insn per cycle
14.043140206,3010275993,,cycles,802744300,100.00,,
14.143482691,1668351,,rD044,802583750,100.00,,
14.143482691,70473843,,rFF44,802426590,100.00,,
14.143482691,10933810927,,instructions,802383600,100.00,3.63,insn per cycle
14.143482691,3008894190,,cycles,802375680,100.00,,
14.243778145,1805116,,rD044,802450120,100.00,,
14.243778145,72831813,,rFF44,802544741,100.00,,
14.243778145,11226579300,,instructions,802612528,100.00,3.73,insn per cycle
14.243778145,3009853346,,cycles,802630568,100.00,,
14.344110670,1531199,,rD044,802538838,100.00,,
14.344110670,68213905,,rFF44,802460067,100.00,,
14.344110670,10665175324,,instructions,802385610,100.00,3.54,insn per cycle
14.344110670,3008816018,,cycles,802355240,100.00,,
14.444413404,1691308,,rD044,802399230,100.00,,
14.444413404,73223772,,rFF44,802393730,100.00,,
14.444413404,11285216612,,instructions,802400670,100.00,3.75,insn per cycle
14.444413404,3008996471,,cycles,802403190,100.00,,
14.544705769,1590308,,rD044,802373060,100.00,,
14.544705769,69706416,,rFF44,802375190,100.00,,
14.544705769,10845014670,,instructions,802370520,100.00,3.60,insn per cycle
14.544705769,3008863458,,cycles,802374160,100.00,,
14.645009173,2024121,,rD044,802376330,100.00,,
14.645009173,73163173,,rFF44,802374350,100.00,,
14.645009173,11279672715,,instructions,802368514,100.00,3.75,insn per cycle
14.645009173,3008816271,,cycles,802355228,100.00,,
14.745300688,1497798,,rD044,802325621,100.00,,
14.745300688,69925477,,rFF44,802328708,100.00,,
14.745300688,10861810666,,instructions,802339734,100.00,3.61,insn per cycle
14.745300688,3008847757,,cycles,802362860,100.00,,
14.845596552,1989251,,rD044,802398907,100.00,,
14.845596552,72609230,,rFF44,802429300,100.00,,
14.845596552,11194395388,,instructions,802422180,100.00,3.72,insn per cycle
14.845596552,3008988610,,cycles,802410440,100.00,,
14.945927287,1826004,,rD044,802608480,100.00,,
14.945927287,69531520,,rFF44,802590450,100.00,,
14.945927287,10824600703,,instructions,802606460,100.00,3.60,insn per cycle
14.945927287,3009762222,,cycles,802607270,100.00,,
15.046237011,2047521,,rD044,802440700,100.00,,
15.046237011,73084457,,rFF44,802424430,100.00,,
15.046237011,11267416666,,instructions,802427188,100.00,3.74,insn per cycle
15.046237011,3009127660,,cycles,802437868,100.00,,
15.146567946,1840781,,rD044,802656038,100.00,,
15.146567946,69905845,,rFF44,802666208,100.00,,
15.146567946,10877775547,,instructions,802657980,100.00,3.61,insn per cycle
15.146567946,3009900385,,cycles,802644080,100.00,,
15.246865181,1872652,,rD044,802493720,100.00,,
15.246865181,72200020,,rFF44,802517450,100.00,,
15.246865181,11132549708,,instructions,802527820,100.00,3.70,insn per cycle
15.246865181,3009522422,,cycles,802542910,100.00,,
15.347182315,1823157,,rD044,802360920,100.00,,
15.347182315,70059103,,rFF44,802414870,100.00,,
15.347182315,10884790405,,instructions,802394226,100.00,3.62,insn per cycle
15.347182315,3008807198,,cycles,802378788,100.00,,
15.447484240,2345744,,rD044,802587397,100.00,,
15.447484240,72982877,,rFF44,802547688,100.00,,
15.447484240,11254054398,,instructions,802556452,100.00,3.74,insn per cycle
15.447484240,3009599848,,cycles,802572610,100.00,,
15.547811314,1758602,,rD044,802371160,100.00,,
15.547811314,69357406,,rFF44,802334969,100.00,,
15.547811314,10799586511,,instructions,802355649,100.00,3.59,insn per cycle
15.547811314,3008783649,,cycles,802376879,100.00,,
15.648115789,2190834,,rD044,802488000,100.00,,
15.648115789,72892675,,rFF44,802544800,100.00,,
15.648115789,11240753800,,instructions,802556502,100.00,3.73,insn per cycle
15.648115789,3009689387,,cycles,802587228,100.00,,
15.748446964,2007790,,rD044,802539293,100.00,,
15.748446964,69564360,,rFF44,802481218,100.00,,
15.748446964,10827867106,,instructions,802453406,100.00,3.60,insn per cycle
15.748446964,3009004612,,cycles,802405400,100.00,,
15.848750568,2038586,,rD044,802427005,100.00,,
15.848750568,72873916,,rFF44,802417880,100.00,,
15.848750568,11237866352,,instructions,802417820,100.00,3.73,insn per cycle
15.848750568,3009026816,,cycles,802411600,100.00,,
15.949047693,1811513,,rD044,802341870,100.00,,
15.949047693,69935581,,rFF44,802341070,100.00,,
15.949047693,10871056024,,instructions,802340410,100.00,3.61,insn per cycle
15.949047693,3008733469,,cycles,802332920,100.00,,
16.049357667,2072379,,rD044,802495530,100.00,,
16.049357667,72956767,,rFF44,802503320,100.00,,
16.049357667,11248480132,,instructions,802497111,100.00,3.74,insn per cycle
16.049357667,3009373025,,cycles,802503278,100.00,,
16.149655002,1854906,,rD044,802377080,100.00,,
16.149655002,69856342,,rFF44,802368038,100.00,,
16.149655002,10861450932,,instructions,802366337,100.00,3.61,insn per cycle
16.149655002,3008848237,,cycles,802363430,100.00,,
16.249949806,1991054,,rD044,802346458,100.00,,
16.249949806,72940089,,rFF44,802349890,100.00,,
16.249949806,11243767253,,instructions,802358700,100.00,3.74,insn per cycle
16.249949806,3008878427,,cycles,802371500,100.00,,
16.350248120,2080183,,rD044,802394200,100.00,,
16.350248120,69820212,,rFF44,802407950,100.00,,
16.350248120,10862627693,,instructions,802413060,100.00,3.61,insn per cycle
16.350248120,3009032405,,cycles,802412280,100.00,,
16.450549675,1857125,,rD044,802452330,100.00,,
16.450549675,72860259,,rFF44,802496190,100.00,,
16.450549675,11230274385,,instructions,802491910,100.00,3.73,insn per cycle
16.450549675,3009305472,,cycles,802485236,100.00,,
16.550861120,1538748,,rD044,802395260,100.00,,
16.550861120,70045060,,rFF44,802334754,100.00,,
16.550861120,10888352407,,instructions,802322038,100.00,3.62,insn per cycle
16.550861120,3008650680,,cycles,802317682,100.00,,
16.651155114,1565988,,rD044,802350368,100.00,,
16.651155114,72672827,,rFF44,802360794,100.00,,
16.651155114,11200821788,,instructions,802490710,100.00,3.72,insn per cycle
16.651155114,3009862093,,cycles,802633370,100.00,,
16.751483709,1679862,,rD044,802691400,100.00,,
16.751483709,66952878,,rFF44,802695290,100.00,,
16.751483709,10508659462,,instructions,802590580,100.00,3.49,insn per cycle
16.751483709,3009183339,,cycles,802452880,100.00,,
16.851789693,2006913,,rD044,802448700,100.00,,
16.851789693,73309640,,rFF44,802478210,100.00,,
16.851789693,11298512868,,instructions,802461956,100.00,3.75,insn per cycle
16.851789693,3009206501,,cycles,802459088,100.00,,
16.952113278,1549543,,rD044,802619688,100.00,,
16.952113278,70821605,,rFF44,802613578,100.00,,
16.952113278,10984360394,,instructions,802614432,100.00,3.65,insn per cycle
16.952113278,3010216987,,cycles,802728260,100.00,,
17.052440403,2095935,,rD044,802650400,100.00,,
17.052440403,73039109,,rFF44,802776750,100.00,,
17.052440403,11253783979,,instructions,802840750,100.00,3.74,insn per cycle
17.052440403,3010294972,,cycles,802749465,100.00,,
17.152785228,1443344,,rD044,802619770,100.00,,
17.152785228,69424729,,rFF44,802477725,100.00,,
17.152785228,10807479350,,instructions,802408718,100.00,3.59,insn per cycle
17.152785228,3008934126,,cycles,802386223,100.00,,
17.253086272,1578043,,rD044,802446068,100.00,,
17.253086272,72764686,,rFF44,802458993,100.00,,
17.253086272,11210500147,,instructions,802531400,100.00,3.73,insn per cycle
17.253086272,3009485027,,cycles,802533280,100.00,,
17.353416837,1793691,,rD044,802596780,100.00,,
17.353416837,70192067,,rFF44,802586680,100.00,,
17.353416837,10902141469,,instructions,802516040,100.00,3.62,insn per cycle
17.353416837,3009408685,,cycles,802512840,100.00,,
17.453715441,1855697,,rD044,802371990,100.00,,
17.453715441,73016470,,rFF44,802349830,100.00,,
17.453715441,11245794573,,instructions,802356610,100.00,3.74,insn per cycle
17.453715441,3008836968,,cycles,802360398,100.00,,
17.554011206,1734738,,rD044,802346930,100.00,,
17.554011206,70088598,,rFF44,802351548,100.00,,
17.554011206,10900580011,,instructions,802351768,100.00,3.62,insn per cycle
17.554011206,3008708813,,cycles,802337730,100.00,,
17.654304850,2283770,,rD044,802371638,100.00,,
17.654304850,72970671,,rFF44,802374020,100.00,,
17.654304850,11237927660,,instructions,802394690,100.00,3.73,insn per cycle
17.654304850,3009063439,,cycles,802420650,100.00,,
17.754610705,2058391,,rD044,802522610,100.00,,
17.754610705,70286589,,rFF44,802575370,100.00,,
17.754610705,10926471715,,instructions,802547530,100.00,3.63,insn per cycle
17.754610705,3009469677,,cycles,802529610,100.00,,
17.854929549,1986711,,rD044,802442600,100.00,,
17.854929549,72954371,,rFF44,802399480,100.00,,
17.854929549,11235189860,,instructions,802409301,100.00,3.73,insn per cycle
17.854929549,3008986190,,cycles,802400098,100.00,,
17.955244554,1614717,,rD044,802535844,100.00,,
17.955244554,69635098,,rFF44,802594958,100.00,,
17.955244554,10841091321,,instructions,802591347,100.00,3.60,insn per cycle
17.955244554,3009735914,,cycles,802599860,100.00,,
18.055557078,1667582,,rD044,802491074,100.00,,
18.055557078,73205754,,rFF44,802439310,100.00,,
18.055557078,11273379285,,instructions,802444810,100.00,3.75,insn per cycle
18.055557078,3009178296,,cycles,802451600,100.00,,
18.155859133,1675484,,rD044,802668200,100.00,,
18.155859133,70104934,,rFF44,802741730,100.00,,
18.155859133,10899969588,,instructions,802753405,100.00,3.62,insn per cycle
18.155859133,3010400988,,cycles,802777378,100.00,,
18.256211508,1825067,,rD044,802593587,100.00,,
18.256211508,72922408,,rFF44,802508448,100.00,,
18.256211508,11228905335,,instructions,802502253,100.00,3.73,insn per cycle
18.256211508,3009256558,,cycles,802472450,100.00,,
18.356519703,1831364,,rD044,802489261,100.00,,
18.356519703,69421539,,rFF44,802574090,100.00,,
18.356519703,10815232154,,instructions,802568070,100.00,3.59,insn per cycle
18.356519703,3009787284,,cycles,802619330,100.00,,
18.456851727,1688110,,rD044,802543370,100.00,,
18.456851727,72431168,,rFF44,802438720,100.00,,
18.456851727,11175019147,,instructions,802435410,100.00,3.71,insn per cycle
18.456851727,3008902820,,cycles,802379285,100.00,,
18.557141752,1728961,,rD044,802301170,100.00,,
18.557141752,70662133,,rFF44,802317253,100.00,,
18.557141752,10958417706,,instructions,802362728,100.00,3.64,insn per cycle
18.557141752,3009135968,,cycles,802449763,100.00,,
18.657453336,2187975,,rD044,802478808,100.00,,
18.657453336,70314114,,rFF44,802473275,100.00,,
18.657453336,10923482260,,instructions,802429770,100.00,3.63,insn per cycle
18.657453336,3008865600,,cycles,802367710,100.00,,
18.757752791,1634840,,rD044,802452290,100.00,,
18.757752791,72762200,,rFF44,802461770,100.00,,
18.757752791,11206681771,,instructions,802463340,100.00,3.72,insn per cycle
18.757752791,3009188906,,cycles,802454500,100.00,,
18.858075565,1656505,,rD044,802589030,100.00,,
18.858075565,67772345,,rFF44,802624630,100.00,,
18.858075565,10614682090,,instructions,802653897,100.00,3.53,insn per cycle
18.858075565,3010022578,,cycles,802676328,100.00,,
18.958411840,2009304,,rD044,802695828,100.00,,
18.958411840,73178548,,rFF44,802696758,100.00,,
18.958411840,11272873787,,instructions,802673911,100.00,3.75,insn per cycle
18.958411840,3009912258,,cycles,802647890,100.00,,
19.058724285,1650898,,rD044,802451430,100.00,,
19.058724285,69944656,,rFF44,802406360,100.00,,
19.058724285,10874640723,,instructions,802376380,100.00,3.61,insn per cycle
19.058724285,3008834271,,cycles,802359360,100.00,,
19.159020959,1960780,,rD044,802357530,100.00,,
19.159020959,72991209,,rFF44,802348770,100.00,,
19.159020959,11245477099,,instructions,802357810,100.00,3.74,insn per cycle
19.159020959,3008833188,,cycles,802359402,100.00,,
19.259316604,1830109,,rD044,802342580,100.00,,
19.259316604,70284662,,rFF44,802363512,100.00,,
19.259316604,10912742296,,instructions,802384728,100.00,3.63,insn per cycle
19.259316604,3008939230,,cycles,802387676,100.00,,
19.359616098,2083218,,rD044,802335656,100.00,,
19.359616098,72767031,,rFF44,802313745,100.00,,
19.359616098,11212831701,,instructions,802288679,100.00,3.73,insn per cycle
19.359616098,3008533229,,cycles,802300109,100.00,,
19.459901751,1796955,,rD044,802341601,100.00,,
19.459901751,69574429,,rFF44,802399140,100.00,,
19.459901751,10815389912,,instructions,802416770,100.00,3.59,insn per cycle
19.459901751,3009064456,,cycles,802421260,100.00,,
19.560214706,1901157,,rD044,802602100,100.00,,
19.560214706,72894724,,rFF44,802555100,100.00,,
19.560214706,11234216395,,instructions,802551030,100.00,3.73,insn per cycle
19.560214706,3009453064,,cycles,802550276,100.00,,
19.660551031,1663993,,rD044,802591675,100.00,,
19.660551031,70484503,,rFF44,802644378,100.00,,
19.660551031,10939029320,,instructions,802647778,100.00,3.63,insn per cycle
19.660551031,3009883732,,cycles,802643492,100.00,,
19.760873816,2280263,,rD044,802494813,100.00,,
19.760873816,72851558,,rFF44,802445240,100.00,,
19.760873816,11230704038,,instructions,802443560,100.00,3.73,insn per cycle
19.760873816,3009156242,,cycles,802445120,100.00,,
19.861182690,1631566,,rD044,802611310,100.00,,
19.861182690,69753059,,rFF44,802688810,100.00,,
19.861182690,10849213445,,instructions,802690341,100.00,3.60,insn per cycle
19.861182690,3010087224,,cycles,802694108,100.00,,
19.961518598,2279686,,rD044,802474631,100.00,,
19.961518598,72817779,,rFF44,802403798,100.00,,
19.961518598,11226579867,,instructions,802400007,100.00,3.73,insn per cycle
19.961518598,3008874416,,cycles,802372980,100.00,,
20.061821969,1813994,,rD044,802479907,100.00,,
20.061821969,70199515,,rFF44,802483940,100.00,,
20.061821969,10910137058,,instructions,802475590,100.00,3.63,insn per cycle
20.061821969,3009350909,,cycles,802497270,100.00,,
20.162131801,2117802,,rD044,802477370,100.00,,
20.162131801,72805940,,rFF44,802497400,100.00,,
20.162131801,11225368631,,instructions,802567750,100.00,3.73,insn per cycle
20.162131801,3009836095,,cycles,802627131,100.00,,
20.262457913,1919212,,rD044,802605990,100.00,,
20.262457913,69970407,,rFF44,802586445,100.00,,
20.262457913,10875365911,,instructions,802514838,100.00,3.61,insn per cycle
20.262457913,3009172881,,cycles,802449457,100.00,,
20.362768494,1964570,,rD044,802458108,100.00,,
20.362768494,73156299,,rFF44,802497373,100.00,,
20.362768494,11281210981,,instructions,802522040,100.00,3.75,insn per cycle
20.362768494,3009444409,,cycles,802522560,100.00,,
20.463081046,1847666,,rD044,802348860,100.00,,
20.463081046,69250691,,rFF44,802290220,100.00,,
20.463081046,10787570636,,instructions,802270780,100.00,3.59,insn per cycle
20.463081046,3008413881,,cycles,802264640,100.00,,
20.563386008,2049248,,rD044,802511069,100.00,,
20.563386008,72984385,,rFF44,802546829,100.00,,
20.563386008,11254621663,,instructions,802564922,100.00,3.74,insn per cycle
20.563386008,3009662498,,cycles,802586937,100.00,,
20.663735490,2171463,,rD044,803052748,100.00,,
20.663735490,70052142,,rFF44,803174178,100.00,,
20.663735490,10883230178,,instructions,803163385,100.00,3.61,insn per cycle
20.663735490,3011827364,,cycles,803158090,100.00,,
20.764099862,1991399,,rD044,802570280,100.00,,
20.764099862,72980818,,rFF44,802427680,100.00,,
20.764099862,11254139996,,instructions,802432580,100.00,3.74,insn per cycle
20.764099862,3009069236,,cycles,802422497,100.00,,
20.864413244,1776555,,rD044,802482371,100.00,,
20.864413244,70517191,,rFF44,802474748,100.00,,
20.864413244,10949890153,,instructions,802458618,100.00,3.64,insn per cycle
20.864413244,3009186361,,cycles,802453761,100.00,,
20.964706715,2273549,,rD044,802417767,100.00,,
20.964706715,72822817,,rFF44,802417560,100.00,,
20.964706715,11228076451,,instructions,802421330,100.00,3.73,insn per cycle
20.964706715,3009102479,,cycles,802430950,100.00,,
21.065012147,1724879,,rD044,802381590,100.00,,
21.065012147,70162456,,rFF44,802400100,100.00,,
21.065012147,10908316984,,instructions,802415390,100.00,3.63,insn per cycle
21.065012147,3009015333,,cycles,802407820,100.00,,
21.165315059,2116889,,rD044,802405850,100.00,,
21.165315059,72980030,,rFF44,802384130,100.00,,
21.165315059,11249639069,,instructions,802372170,100.00,3.74,insn per cycle
21.165315059,3008905693,,cycles,802378876,100.00,,
21.265609780,1854294,,rD044,802512293,100.00,,
21.265609780,69485536,,rFF44,802574228,100.00,,
21.265609780,10819166034,,instructions,802584588,100.00,3.59,insn per cycle
21.265609780,3009719149,,cycles,802595352,100.00,,
21.365940532,1935691,,rD044,802613485,100.00,,
21.365940532,73007573,,rFF44,802587780,100.00,,
21.365940532,11254247874,,instructions,802582330,100.00,3.74,insn per cycle
21.365940532,3009619140,,cycles,802568860,100.00,,
21.466260714,1863680,,rD044,802415430,100.00,,
21.466260714,69977890,,rFF44,802374770,100.00,,
21.466260714,10883660980,,instructions,802368160,100.00,3.62,insn per cycle
21.466260714,3008834774,,cycles,802359880,100.00,,
21.566554735,2056530,,rD044,802337629,100.00,,
21.566554735,73011836,,rFF44,802337469,100.00,,
21.566554735,11253519423,,instructions,802332014,100.00,3.74,insn per cycle
21.566554735,3008712655,,cycles,802334567,100.00,,
21.666848847,1833946,,rD044,802393814,100.00,,
21.666848847,70017606,,rFF44,802414828,100.00,,
21.666848847,10879704922,,instructions,802422683,100.00,3.62,insn per cycle
21.666848847,3009066127,,cycles,802434620,100.00,,
21.767155988,2022044,,rD044,802416704,100.00,,
21.767155988,73071010,,rFF44,802407250,100.00,,
21.767155988,11260456671,,instructions,802532850,100.00,3.74,insn per cycle
21.767155988,3009478337,,cycles,802531800,100.00,,
21.867472830,1938589,,rD044,802563840,100.00,,
21.867472830,69709545,,rFF44,802584750,100.00,,
21.867472830,10848249023,,instructions,802460670,100.00,3.61,insn per cycle
21.867472830,3009221308,,cycles,802462571,100.00,,
21.967781862,2156110,,rD044,802428210,100.00,,
21.967781862,72824475,,rFF44,802424042,100.00,,
21.967781862,11220037401,,instructions,802431258,100.00,3.73,insn per cycle
21.967781862,3009117446,,cycles,802435357,100.00,,
22.068085983,1850155,,rD044,802414248,100.00,,
22.068085983,68903122,,rFF44,802388636,100.00,,
22.068085983,10743602387,,instructions,802381840,100.00,3.57,insn per cycle
22.068085983,3008844554,,cycles,802365660,100.00,,
22.168396475,1923632,,rD044,802531050,100.00,,
22.168396475,72881806,,rFF44,802550310,100.00,,
22.168396475,11228471838,,instructions,802552810,100.00,3.73,insn per cycle
22.168396475,3009579266,,cycles,802558340,100.00,,
22.268704657,1673528,,rD044,802428860,100.00,,
22.268704657,68740572,,rFF44,802431590,100.00,,
22.268704657,10726200462,,instructions,802429030,100.00,3.56,insn per cycle
22.268704657,3009054430,,cycles,802417994,100.00,,
22.369005608,1783975,,rD044,802417580,100.00,,
22.369005608,73069456,,rFF44,802401945,100.00,,
22.369005608,11254402036,,instructions,802402758,100.00,3.74,insn per cycle
22.369005608,3009042101,,cycles,802415264,100.00,,
22.469300170,1883974,,rD044,802330737,100.00,,
22.469300170,70494808,,rFF44,802360733,100.00,,
22.469300170,10953032789,,instructions,802365350,100.00,3.64,insn per cycle
22.469300170,3008890008,,cycles,802374740,100.00,,
22.569619101,2199864,,rD044,802568101,100.00,,
22.569619101,72703815,,rFF44,802543440,100.00,,
22.569619101,11199128584,,instructions,802546320,100.00,3.72,insn per cycle
22.569619101,3009478715,,cycles,802538190,100.00,,
22.669925043,1648052,,rD044,802407830,100.00,,
22.669925043,69209613,,rFF44,802413360,100.00,,
22.669925043,10780462154,,instructions,802408090,100.00,3.58,insn per cycle
22.669925043,3009056934,,cycles,802418977,100.00,,
22.770257565,1863356,,rD044,802627596,100.00,,
22.770257565,73001714,,rFF44,802613678,100.00,,
22.770257565,11241915804,,instructions,802607738,100.00,3.74,insn per cycle
22.770257565,3009668098,,cycles,802582001,100.00,,
22.870550357,1876386,,rD044,802345342,100.00,,
22.870550357,70244845,,rFF44,802337450,100.00,,
22.870550357,10910909382,,instructions,802328850,100.00,3.63,insn per cycle
22.870550357,3008747519,,cycles,802336630,100.00,,
22.970845838,2158854,,rD044,802385320,100.00,,
22.970845838,72972005,,rFF44,802417580,100.00,,
22.970845838,11239314379,,instructions,802443100,100.00,3.74,insn per cycle
22.970845838,3009153864,,cycles,802444650,100.00,,
23.071153510,1771619,,rD044,802516250,100.00,,
23.071153510,69717911,,rFF44,802533871,100.00,,
23.071153510,10853495697,,instructions,802595658,100.00,3.61,insn per cycle
23.071153510,3009690939,,cycles,802588258,100.00,,
23.171474591,1842646,,rD044,802479076,100.00,,
23.171474591,73141314,,rFF44,802448387,100.00,,
23.171474591,11263099671,,instructions,802364300,100.00,3.74,insn per cycle
23.171474591,3008873100,,cycles,802370140,100.00,,
23.271771303,1874484,,rD044,802364582,100.00,,
23.271771303,69942363,,rFF44,802344640,100.00,,
23.271771303,10869231796,,instructions,802343340,100.00,3.61,insn per cycle
23.271771303,3008760082,,cycles,802339900,100.00,,
23.372066724,2119713,,rD044,802309910,100.00,,
23.372066724,72973975,,rFF44,802314400,100.00,,
23.372066724,11238766288,,instructions,802316280,100.00,3.74,insn per cycle
23.372066724,3008643247,,cycles,802327320,100.00,,
23.472363216,1911240,,rD044,802373880,100.00,,
23.472363216,69880628,,rFF44,802450940,100.00,,
23.472363216,10881035610,,instructions,802525605,100.00,3.62,insn per cycle
23.472363216,3009420869,,cycles,802520138,100.00,,
23.572677188,1739181,,rD044,802395201,100.00,,
23.572677188,71050137,,rFF44,802310157,100.00,,
23.572677188,11006169207,,instructions,802239452,100.00,3.66,insn per cycle
23.572677188,3008295973,,cycles,802240649,100.00,,
23.672975519,1557878,,rD044,802439726,100.00,,
23.672975519,71163299,,rFF44,802465640,100.00,,
23.672975519,11009782994,,instructions,802477570,100.00,3.66,insn per cycle
23.672975519,3009291592,,cycles,802483690,100.00,,
23.773280881,1764317,,rD044,802389600,100.00,,
23.773280881,70876923,,rFF44,802374360,100.00,,
23.773280881,10989570122,,instructions,802367620,100.00,3.65,insn per cycle
23.773280881,3008875049,,cycles,802371250,100.00,,
23.873578752,1955115,,rD044,802386200,100.00,,
23.873578752,73083599,,rFF44,802383960,100.00,,
23.873578752,11259082478,,instructions,802381830,100.00,3.74,insn per cycle
23.873578752,3008911952,,cycles,802379877,100.00,,
23.973878314,1914570,,rD044,802399290,100.00,,
23.973878314,69544931,,rFF44,802416968,100.00,,
23.973878314,10825710272,,instructions,802420238,100.00,3.60,insn per cycle
23.973878314,3009011955,,cycles,802407301,100.00,,
24.074177835,2081891,,rD044,802376678,100.00,,
24.074177835,73028621,,rFF44,802451130,100.00,,
24.074177835,11251630346,,instructions,802468650,100.00,3.74,insn per cycle
24.074177835,3009252572,,cycles,802471150,100.00,,
24.174488387,1802099,,rD044,802526190,100.00,,
24.174488387,69090574,,rFF44,802452870,100.00,,
24.174488387,10767669699,,instructions,802428210,100.00,3.58,insn per cycle
24.174488387,3009109630,,cycles,802433300,100.00,,
24.274795689,1961988,,rD044,802433840,100.00,,
24.274795689,73125466,,rFF44,802417350,100.00,,
24.274795689,11267829356,,instructions,802413780,100.00,3.74,insn per cycle
24.274795689,3009030037,,cycles,802411978,100.00,,
24.375112340,1857528,,rD044,802503513,100.00,,
24.375112340,69166890,,rFF44,802504858,100.00,,
24.375112340,10778555078,,instructions,802509708,100.00,3.58,insn per cycle
24.375112340,3009398471,,cycles,802509990,100.00,,
24.475418742,1881281,,rD044,802442185,100.00,,
24.475418742,72876050,,rFF44,802437350,100.00,,
24.475418742,11230657895,,instructions,802439050,100.00,3.73,insn per cycle
24.475418742,3009086923,,cycles,802427080,100.00,,
24.575713424,1883979,,rD044,802336610,100.00,,
24.575713424,70017902,,rFF44,802354500,100.00,,
24.575713424,10880455126,,instructions,802352470,100.00,3.62,insn per cycle
24.575713424,3008840220,,cycles,802367760,100.00,,
24.676014325,1934829,,rD044,802482490,100.00,,
24.676014325,72970972,,rFF44,802495450,100.00,,
24.676014325,11246324748,,instructions,802503815,100.00,3.74,insn per cycle
24.676014325,3009418350,,cycles,802514658,100.00,,
24.776331277,1721853,,rD044,802447094,100.00,,
24.776331277,69322516,,rFF44,802413828,100.00,,
24.776331277,10804864070,,instructions,802398163,100.00,3.59,insn per cycle
24.776331277,3008922739,,cycles,802383930,100.00,,
24.876622638,1909341,,rD044,802393804,100.00,,
24.876622638,73279920,,rFF44,802422550,100.00,,
24.876622638,11297614868,,instructions,802439320,100.00,3.75,insn per cycle
24.876622638,3009119698,,cycles,802435810,100.00,,
24.976929930,1924084,,rD044,802403360,100.00,,
24.976929930,69163612,,rFF44,802410180,100.00,,
24.976929930,10779966253,,instructions,802407720,100.00,3.58,insn per cycle
24.976929930,3009035391,,cycles,802413470,100.00,,
25.077237542,2099729,,rD044,802426860,100.00,,
25.077237542,72900483,,rFF44,802401770,100.00,,
25.077237542,11239572627,,instructions,802401962,100.00,3.74,insn per cycle
25.077237542,3009008047,,cycles,802406778,100.00,,
25.177548523,1785291,,rD044,802541496,100.00,,
25.177548523,69589717,,rFF44,802566578,100.00,,
25.177548523,10832028246,,instructions,802613096,100.00,3.60,insn per cycle
25.177548523,3009898063,,cycles,802643220,100.00,,
25.277869945,1772489,,rD044,802580942,100.00,,
25.277869945,72625149,,rFF44,802568080,100.00,,
25.277869945,11194915715,,instructions,802522380,100.00,3.72,insn per cycle
25.277869945,3009264370,,cycles,802474610,100.00,,
25.378177217,1665845,,rD044,802432320,100.00,,
25.378177217,69539741,,rFF44,802504530,100.00,,
25.378177217,10822815357,,instructions,802495140,100.00,3.60,insn per cycle
25.378177217,3009451070,,cycles,802523788,100.00,,
25.478493669,2059451,,rD044,802531801,100.00,,
25.478493669,72827799,,rFF44,802445358,100.00,,
25.478493669,11229326550,,instructions,802453618,100.00,3.73,insn per cycle
25.478493669,3009144745,,cycles,802443090,100.00,,
25.578797390,1911114,,rD044,802433837,100.00,,
25.578797390,69629431,,rFF44,802508230,100.00,,
25.578797390,10834415215,,instructions,802508190,100.00,3.60,insn per cycle
25.578797390,3009310471,,cycles,802494260,100.00,,
25.679113762,1910915,,rD044,802458350,100.00,,
25.679113762,72991473,,rFF44,802391500,100.00,,
25.679113762,11255179565,,instructions,802387840,100.00,3.74,insn per cycle
25.679113762,3009030523,,cycles,802411970,100.00,,
25.779424624,1661092,,rD044,802466260,100.00,,
25.779424624,69842909,,rFF44,802448860,100.00,,
25.779424624,10861660001,,instructions,802451915,100.00,3.61,insn per cycle
25.779424624,3009085347,,cycles,802431948,100.00,,
25.879720135,2316363,,rD044,802432644,100.00,,
25.879720135,72536575,,rFF44,802460248,100.00,,
25.879720135,11184509171,,instructions,802451503,100.00,3.72,insn per cycle
25.879720135,3009163612,,cycles,802447030,100.00,,
25.980027247,2137071,,rD044,802391494,100.00,,
25.980027247,68932127,,rFF44,802386330,100.00,,
25.980027247,10743852361,,instructions,802381800,100.00,3.57,insn per cycle
25.980027247,3008937060,,cycles,802387460,100.00,,
26.080321868,2037507,,rD044,802391980,100.00,,
26.080321868,72948647,,rFF44,802382860,100.00,,
26.080321868,11248955554,,instructions,802401130,100.00,3.74,insn per cycle
26.080321868,3008993985,,cycles,802402110,100.00,,
26.180623280,1931290,,rD044,802468550,100.00,,
26.180623280,70455301,,rFF44,802481500,100.00,,
26.180623280,10936516977,,instructions,802491495,100.00,3.63,insn per cycle
26.180623280,3009384044,,cycles,802506298,100.00,,
26.280975502,2060492,,rD044,802712838,100.00,,
26.280975502,72744048,,rFF44,802691978,100.00,,
26.280975502,11215604927,,instructions,802676213,100.00,3.73,insn per cycle
26.280975502,3009942087,,cycles,802655250,100.00,,
26.381274313,1743851,,rD044,802367270,100.00,,
26.381274313,69598939,,rFF44,802359830,100.00,,
26.381274313,10822090938,,instructions,802348610,100.00,3.60,insn per cycle
26.381274313,3008770826,,cycles,802342510,100.00,,
26.481566825,1851329,,rD044,802377700,100.00,,
26.481566825,72816467,,rFF44,802416940,100.00,,
26.481566825,11223893053,,instructions,802426600,100.00,3.73,insn per cycle
26.481566825,3009112147,,cycles,802434042,100.00,,
26.581874287,1862792,,rD044,802399810,100.00,,
26.581874287,70621050,,rFF44,802364882,100.00,,
26.581874287,10961692181,,instructions,802352688,100.00,3.64,insn per cycle
26.581874287,3008736814,,cycles,802345846,100.00,,
26.682167998,2286206,,rD044,802398548,100.00,,
26.682167998,72664128,,rFF44,802515366,100.00,,
26.682167998,11202506653,,instructions,802672370,100.00,3.72,insn per cycle
26.682167998,3010153978,,cycles,802711850,100.00,,
26.782508840,1751394,,rD044,802798650,100.00,,
26.782508840,69328141,,rFF44,802846630,100.00,,
26.782508840,10797918633,,instructions,802787412,100.00,3.59,insn per cycle
26.782508840,3011002819,,cycles,802936688,100.00,,
26.882880862,1884697,,rD044,803008718,100.00,,
26.882880862,72776153,,rFF44,802875888,100.00,,
26.882880862,11215328500,,instructions,802782056,100.00,3.73,insn per cycle
26.882880862,3009725760,,cycles,802598950,100.00,,
26.983198924,1938780,,rD044,802466040,100.00,,
26.983198924,69528935,,rFF44,802471750,100.00,,
26.983198924,10819342676,,instructions,802480960,100.00,3.60,insn per cycle
26.983198924,3009327747,,cycles,802491040,100.00,,
27.083515546,1937875,,rD044,802426380,100.00,,
27.083515546,72933366,,rFF44,802391810,100.00,,
27.083515546,11239064954,,instructions,802382270,100.00,3.74,insn per cycle
27.083515546,3008861148,,cycles,802366946,100.00,,
27.183808347,1844938,,rD044,802347770,100.00,,
27.183808347,69775169,,rFF44,802353705,100.00,,
27.183808347,10856544160,,instructions,802358708,100.00,3.61,insn per cycle
27.183808347,3008897764,,cycles,802376182,100.00,,
27.284111529,2065436,,rD044,802416038,100.00,,
27.284111529,73149871,,rFF44,802397873,100.00,,
27.284111529,11271066554,,instructions,802394950,100.00,3.75,insn per cycle
27.284111529,3008906719,,cycles,802379240,100.00,,
27.384413931,1610073,,rD044,802351949,100.00,,
27.384413931,69386912,,rFF44,802359039,100.00,,
27.384413931,10811990656,,instructions,802353019,100.00,3.59,insn per cycle
27.384413931,3008734011,,cycles,802355359,100.00,,
27.484700802,1974573,,rD044,802379780,100.00,,
27.484700802,72623014,,rFF44,802414250,100.00,,
27.484700802,11188087845,,instructions,802413600,100.00,3.72,insn per cycle
27.484700802,3009045672,,cycles,802416261,100.00,,
27.585012224,1998625,,rD044,802360790,100.00,,
27.585012224,69499695,,rFF44,802353992,100.00,,
27.585012224,10822166505,,instructions,802359628,100.00,3.60,insn per cycle
27.585012224,3008775451,,cycles,802364847,100.00,,
27.685316605,2018123,,rD044,802509948,100.00,,
27.685316605,72823840,,rFF44,802561896,100.00,,
27.685316605,11216968438,,instructions,802608680,100.00,3.73,insn per cycle
27.685316605,3010014023,,cycles,802673220,100.00,,
27.785647427,1787198,,rD044,802590960,100.00,,
27.785647427,70473526,,rFF44,802519990,100.00,,
27.785647427,10942666498,,instructions,802473280,100.00,3.64,insn per cycle
27.785647427,3009053548,,cycles,802419220,100.00,,
27.885949279,2063085,,rD044,802422550,100.00,,
27.885949279,72898424,,rFF44,802428230,100.00,,
27.885949279,11226239917,,instructions,802435723,100.00,3.73,insn per cycle
27.885949279,3009051233,,cycles,802421398,100.00,,
27.986255200,1756198,,rD044,802399132,100.00,,
27.986255200,69542625,,rFF44,802390148,100.00,,
27.986255200,10830081640,,instructions,802382955,100.00,3.60,insn per cycle
27.986255200,3008920193,,cycles,802382600,100.00,,
28.086567592,1840140,,rD044,802670516,100.00,,
28.086567592,72769976,,rFF44,802767120,100.00,,
28.086567592,11208203903,,instructions,802803990,100.00,3.72,insn per cycle
28.086567592,3010647348,,cycles,802842810,100.00,,
28.186915964,1482800,,rD044,802614720,100.00,,
28.186915964,68229333,,rFF44,802526630,100.00,,
28.186915964,10660854492,,instructions,802506303,100.00,3.54,insn per cycle
28.186915964,3009264457,,cycles,802474968,100.00,,
28.287233026,1828055,,rD044,802500265,100.00,,
28.287233026,72724976,,rFF44,802487608,100.00,,
28.287233026,11200418435,,instructions,802477955,100.00,3.72,insn per cycle
28.287233026,3009246003,,cycles,802469550,100.00,,
28.387530987,1969031,,rD044,802500273,100.00,,
28.387530987,69515030,,rFF44,802571440,100.00,,
28.387530987,10827732941,,instructions,802572750,100.00,3.60,insn per cycle
28.387530987,3009613403,,cycles,802567000,100.00,,
28.487851029,2206388,,rD044,802451130,100.00,,
28.487851029,72955036,,rFF44,802382740,100.00,,
28.487851029,11236657882,,instructions,802363080,100.00,3.73,insn per cycle
28.487851029,3008829283,,cycles,802358800,100.00,,
28.588148171,1872041,,rD044,802374450,100.00,,
28.588148171,69532566,,rFF44,802408803,100.00,,
28.588148171,10826484549,,instructions,802487878,100.00,3.60,insn per cycle
28.588148171,3009295128,,cycles,802500198,100.00,,
28.688466852,1802248,,rD044,802477928,100.00,,
28.688466852,72972322,,rFF44,802460175,100.00,,
28.688466852,11235359501,,instructions,802412750,100.00,3.73,insn per cycle
28.688466852,3009071563,,cycles,802422940,100.00,,
28.788771164,1843093,,rD044,802394540,100.00,,
28.788771164,69545332,,rFF44,802383710,100.00,,
28.788771164,10828468473,,instructions,802380790,100.00,3.60,insn per cycle
28.788771164,3008892873,,cycles,802374680,100.00,,
28.889069226,1880390,,rD044,802388640,100.00,,
28.889069226,72901344,,rFF44,802389910,100.00,,
28.889069226,11229318200,,instructions,802375720,100.00,3.73,insn per cycle
28.889069226,3008879517,,cycles,802372490,100.00,,
28.989377157,1687207,,rD044,802563690,100.00,,
28.989377157,69727781,,rFF44,802609378,100.00,,
28.989377157,10850787092,,instructions,802656198,100.00,3.60,insn per cycle
28.989377157,3009955619,,cycles,802658138,100.00,,
29.089696299,1888215,,rD044,802420908,100.00,,
29.089696299,71041494,,rFF44,802355170,100.00,,
29.089696299,11013268267,,instructions,802306730,100.00,3.66,insn per cycle
29.089696299,3008665685,,cycles,802315320,100.00,,
29.189989281,1582326,,rD044,802349530,100.00,,
29.189989281,70993215,,rFF44,802359750,100.00,,
29.189989281,10997644588,,instructions,802371500,100.00,3.66,insn per cycle
29.189989281,3008828628,,cycles,802358010,100.00,,
29.290284562,1743022,,rD044,802347550,100.00,,
29.290284562,69348210,,rFF44,802341740,100.00,,
29.290284562,10804691811,,instructions,802353560,100.00,3.59,insn per cycle
29.290284562,3009664692,,cycles,802579086,100.00,,
29.390625804,2035647,,rD044,802896517,100.00,,
29.390625804,73103681,,rFF44,802956758,100.00,,
29.390625804,11263457868,,instructions,802937508,100.00,3.74,insn per cycle
29.390625804,3010170994,,cycles,802717232,100.00,,
29.490949166,1433947,,rD044,802420521,100.00,,
29.490949166,69406636,,rFF44,802361690,100.00,,
29.490949166,10801516643,,instructions,802349090,100.00,3.59,insn per cycle
29.490949166,3008742148,,cycles,802335940,100.00,,
29.591241707,1290196,,rD044,802319000,100.00,,
29.591241707,72904945,,rFF44,802318900,100.00,,
29.591241707,11230520439,,instructions,802335090,100.00,3.73,insn per cycle
29.591241707,3008766915,,cycles,802348430,100.00,,
29.691538039,1641094,,rD044,802452770,100.00,,
29.691538039,67352386,,rFF44,802528992,100.00,,
29.691538039,10562323672,,instructions,802524298,100.00,3.51,insn per cycle
29.691538039,3009507638,,cycles,802538778,100.00,,
29.791859001,2007597,,rD044,802493738,100.00,,
29.791859001,72877091,,rFF44,802443096,100.00,,
29.791859001,11228271995,,instructions,802441870,100.00,3.73,insn per cycle
29.791859001,3009069004,,cycles,802422800,100.00,,
29.892157172,2096226,,rD044,802361020,100.00,,
29.892157172,69506076,,rFF44,802347040,100.00,,
29.892157172,10824619339,,instructions,802464680,100.00,3.60,insn per cycle
29.892157172,3009235503,,cycles,802466700,100.00,,
29.992482944,2189158,,rD044,802604400,100.00,,
29.992482944,73080216,,rFF44,802597330,100.00,,
29.992482944,11259054516,,instructions,802472390,100.00,3.74,insn per cycle
29.992482944,3009248296,,cycles,802478165,100.00,,
30.092780095,1606279,,rD044,802371400,100.00,,
30.092780095,69743685,,rFF44,802380445,100.00,,
30.092780095,10847174513,,instructions,802389708,100.00,3.61,insn per cycle
30.092780095,3008911794,,cycles,802380183,100.00,,
30.193076787,1817169,,rD044,802371057,100.00,,
30.193076787,72955593,,rFF44,802382842,100.00,,
30.193076787,11241652390,,instructions,802381569,100.00,3.74,insn per cycle
30.193076787,3008926572,,cycles,802395309,100.00,,
30.293403129,1663955,,rD044,802564790,100.00,,
30.293403129,69351437,,rFF44,802540810,100.00,,
30.293403129,10792913845,,instructions,802547290,100.00,3.59,insn per cycle
30.293403129,3009502089,,cycles,802537500,100.00,,
30.393698440,1766974,,rD044,802384890,100.00,,
30.393698440,72680214,,rFF44,802412570,100.00,,
30.393698440,11202574010,,instructions,802409910,100.00,3.72,insn per cycle
30.393698440,3008978607,,cycles,802405338,100.00,,
30.493993662,1496741,,rD044,789750371,100.00,,
30.493993662,57881544,,rFF44,789504761,100.00,,
30.493993662,9210132417,,instructions,789309921,100.00,3.11,insn per cycle
30.493993662,2959169370,,cycles,789130853,100.00,,
30.495509939,181,,rD044,34250,100.00,,
30.495509939,1025,,rFF44,34250,100.00,,
30.495509939,25593,,instructions,34250,100.00,0.26,insn per cycle
30.495509939,97981,,cycles,34250,100.00,,
