0.100112693,4479098,,rD044,89668956,100.00,,
0.100112693,19769709,,rFF44,89674406,100.00,,
0.100112693,429696508,,instructions,89679206,100.00,1.29,insn per cycle
0.100112693,332262386,,cycles,89684386,100.00,,
0.200358927,5514846,,rD044,100241026,100.00,,
0.200358927,24025984,,rFF44,100241326,100.00,,
0.200358927,506277267,,instructions,100241426,100.00,1.35,insn per cycle
0.200358927,375901737,,cycles,100240826,100.00,,
0.300542010,5487421,,rD044,100182255,100.00,,
0.300542010,24031972,,rFF44,100181705,100.00,,
0.300542010,506147924,,instructions,100181365,100.00,1.35,insn per cycle
0.300542010,375676920,,cycles,100180855,100.00,,
0.400724074,6775123,,rD044,100181676,100.00,,
0.400724074,28663526,,rFF44,100182476,100.00,,
0.400724074,89269576,,instructions,100182046,100.00,0.24,insn per cycle
0.400724074,375679798,,cycles,100182476,100.00,,
0.500910707,6946168,,rD044,100186215,100.00,,
0.500910707,29700986,,rFF44,100185505,100.00,,
0.500910707,37097786,,instructions,100186585,100.00,0.10,insn per cycle
0.500910707,375697942,,cycles,100186385,100.00,,
0.601090530,3361633,,rD044,858353610,100.00,,
0.601090530,89185828,,rFF44,859278480,100.00,,
0.601090530,11573535116,,instructions,859945780,100.00,3.59,insn per cycle
0.601090530,3226109760,,cycles,860640860,100.00,,
0.701453146,62142,,rD044,1605753886,100.00,,
0.701453146,142783035,,rFF44,1605708076,100.00,,
0.701453146,22202987005,,instructions,1605694656,100.00,3.69,insn per cycle
0.701453146,6021157929,,cycles,1605648566,100.00,,
0.801800431,59979,,rD044,1605548366,100.00,,
0.801800431,140094648,,rFF44,1605663606,100.00,,
0.801800431,21860692636,,instructions,1605667376,100.00,3.63,insn per cycle
0.801800431,6021225472,,cycles,1605666973,100.00,,
0.902154596,57424,,rD044,1605616516,100.00,,
0.902154596,141733307,,rFF44,1605480536,100.00,,
0.902154596,22092860623,,instructions,1605442686,100.00,3.67,insn per cycle
0.902154596,6020307588,,cycles,1605428145,100.00,,
1.002494042,57451,,rD044,1605315706,100.00,,
1.002494042,145967860,,rFF44,1605195646,100.00,,
1.002494042,22608982120,,instructions,1605198599,100.00,3.76,insn per cycle
1.002494042,6019451886,,cycles,1605193016,100.00,,
1.102817637,57366,,rD044,1605225096,100.00,,
1.102817637,145224804,,rFF44,1605338316,100.00,,
1.102817637,22494598565,,instructions,1605368695,100.00,3.74,insn per cycle
1.102817637,6020042073,,cycles,1605364426,100.00,,
1.203157762,55974,,rD044,1605382246,100.00,,
1.203157762,143073621,,rFF44,1605363138,100.00,,
1.203157762,22228616554,,instructions,1605344420,100.00,3.69,insn per cycle
1.203157762,6020021411,,cycles,1605345076,100.00,,
1.303490447,56729,,rD044,1605361996,100.00,,
1.303490447,146144845,,rFF44,1605390324,100.00,,
1.303490447,22631061571,,instructions,1605411916,100.00,3.76,insn per cycle
1.303490447,6020353198,,cycles,1605433196,100.00,,
1.403834432,57922,,rD044,1605528929,100.00,,
1.403834432,146094868,,rFF44,1605528082,100.00,,
1.403834432,22613764286,,instructions,1605511426,100.00,3.76,insn per cycle
1.403834432,6020493586,,cycles,1605470166,100.00,,
1.504175578,57449,,rD044,1605377611,100.00,,
1.504175578,142666499,,rFF44,1605338236,100.00,,
1.504175578,22196160777,,instructions,1605316506,100.00,3.69,insn per cycle
1.504175578,6019955463,,cycles,1605327356,100.00,,
1.604512453,57665,,rD044,1605383390,100.00,,
1.604512453,144666168,,rFF44,1605388016,100.00,,
1.604512453,22435718680,,instructions,1605413546,100.00,3.73,insn per cycle
1.604512453,6020333930,,cycles,1605428256,100.00,,
1.704850338,56506,,rD044,1605550700,100.00,,
1.704850338,143876866,,rFF44,1605804256,100.00,,
1.704850338,22326606830,,instructions,1605821556,100.00,3.71,insn per cycle
1.704850338,6021851287,,cycles,1605838686,100.00,,
1.805218513,56041,,rD044,1605685646,100.00,,
1.805218513,140693160,,rFF44,1605411936,100.00,,
1.805218513,21934794930,,instructions,1605342966,100.00,3.64,insn per cycle
1.805218513,6019878597,,cycles,1605306496,100.00,,
1.905548219,56427,,rD044,1605252256,100.00,,
1.905548219,144377489,,rFF44,1605268376,100.00,,
1.905548219,22408911036,,instructions,1605280256,100.00,3.72,insn per cycle
1.905548219,6019749800,,cycles,1605280536,100.00,,
2.005884394,54967,,rD044,1605338966,100.00,,
2.005884394,141569459,,rFF44,1605316336,100.00,,
2.005884394,22031486958,,instructions,1605354616,100.00,3.66,insn per cycle
2.005884394,6020157381,,cycles,1605389606,100.00,,
2.106220129,57427,,rD044,1605347166,100.00,,
2.106220129,144517114,,rFF44,1605360676,100.00,,
2.106220129,22429054162,,instructions,1605372726,100.00,3.73,insn per cycle
2.106220129,6020137605,,cycles,1605381929,100.00,,
2.206556634,55646,,rD044,1605386046,100.00,,
2.206556634,143697261,,rFF44,1605433376,100.00,,
2.206556634,22314827374,,instructions,1605433696,100.00,3.71,insn per cycle
2.206556634,6020308823,,cycles,1605420345,100.00,,
2.306903299,58183,,rD044,1605459316,100.00,,
2.306903299,144866586,,rFF44,1605414376,100.00,,
2.306903299,22445124664,,instructions,1605407230,100.00,3.73,insn per cycle
2.306903299,6020234995,,cycles,1605403020,100.00,,
2.407236245,57762,,rD044,1605324686,100.00,,
2.407236245,141802279,,rFF44,1605321106,100.00,,
2.407236245,22057742808,,instructions,1605295222,100.00,3.66,insn per cycle
2.407236245,6019884925,,cycles,1605307676,100.00,,
2.507569350,56626,,rD044,1605338356,100.00,,
2.507569350,143697268,,rFF44,1605341796,100.00,,
2.507569350,22322125752,,instructions,1605385662,100.00,3.71,insn per cycle
2.507569350,6020159952,,cycles,1605381766,100.00,,
2.607905155,55920,,rD044,1605338566,100.00,,
2.607905155,144606209,,rFF44,1605317863,100.00,,
2.607905155,22417106792,,instructions,1605273546,100.00,3.72,insn per cycle
2.607905155,6019818737,,cycles,1605291136,100.00,,
2.708240170,55016,,rD044,1605366496,100.00,,
2.708240170,143855954,,rFF44,1605406745,100.00,,
2.708240170,22334804913,,instructions,1605411786,100.00,3.71,insn per cycle
2.708240170,6020079481,,cycles,1605365556,100.00,,
2.808572555,56131,,rD044,1605273938,100.00,,
2.808572555,143494082,,rFF44,1605235076,100.00,,
2.808572555,22302930601,,instructions,1605245156,100.00,3.71,insn per cycle
2.808572555,6019656357,,cycles,1605246776,100.00,,
2.908904190,55924,,rD044,1605362142,100.00,,
2.908904190,140770985,,rFF44,1605429886,100.00,,
2.908904190,21964900874,,instructions,1605456506,100.00,3.65,insn per cycle
2.908904190,6020402563,,cycles,1605446776,100.00,,
3.009243205,56099,,rD044,1605310030,100.00,,
3.009243205,143660097,,rFF44,1605265266,100.00,,
3.009243205,22300977673,,instructions,1605244876,100.00,3.70,insn per cycle
3.009243205,6019740697,,cycles,1605282956,100.00,,
3.109581721,56456,,rD044,1605389270,100.00,,
3.109581721,145136127,,rFF44,1605387106,100.00,,
3.109581721,22510719427,,instructions,1605369286,100.00,3.74,insn per cycle
3.109581721,6020071255,,cycles,1605358266,100.00,,
3.209917086,55436,,rD044,1605337866,100.00,,
3.209917086,143511645,,rFF44,1605365586,100.00,,
3.209917086,22315650454,,instructions,1605365406,100.00,3.71,insn per cycle
3.209917086,6020012887,,cycles,1605342706,100.00,,
3.310249411,54656,,rD044,1605336516,100.00,,
3.310249411,140954201,,rFF44,1605326816,100.00,,
3.310249411,21967309547,,instructions,1605374866,100.00,3.65,insn per cycle
3.310249411,6020232330,,cycles,1605401106,100.00,,
3.410584966,56640,,rD044,1605339196,100.00,,
3.410584966,141821057,,rFF44,1605276376,100.00,,
3.410584966,22043565503,,instructions,1605232626,100.00,3.66,insn per cycle
3.410584966,6019644092,,cycles,1605244426,100.00,,
3.510929991,58294,,rD044,1605259724,100.00,,
3.510929991,146455249,,rFF44,1605261464,100.00,,
3.510929991,22671825966,,instructions,1605295104,100.00,3.77,insn per cycle
3.510929991,6019458296,,cycles,1605299684,100.00,,
3.611261726,57176,,rD044,1605308766,100.00,,
3.611261726,146097549,,rFF44,1605306956,100.00,,
3.611261726,22641125767,,instructions,1605262596,100.00,3.76,insn per cycle
3.611261726,6019522919,,cycles,1605212226,100.00,,
3.711584141,56941,,rD044,1605221876,100.00,,
3.711584141,144647986,,rFF44,1605286086,100.00,,
3.711584141,22458030201,,instructions,1605284786,100.00,3.73,insn per cycle
3.711584141,6019839803,,cycles,1605302016,100.00,,
3.811920066,55705,,rD044,1605283486,100.00,,
3.811920066,143191739,,rFF44,1605215556,100.00,,
3.811920066,22233432073,,instructions,1605258366,100.00,3.69,insn per cycle
3.811920066,6019719025,,cycles,1605262921,100.00,,
3.912249012,54537,,rD044,1605293286,100.00,,
3.912249012,140286911,,rFF44,1605371366,100.00,,
3.912249012,21908477426,,instructions,1605330916,100.00,3.64,insn per cycle
3.912249012,6019879998,,cycles,1605315233,100.00,,
4.012585347,55637,,rD044,1605364256,100.00,,
4.012585347,144113185,,rFF44,1605326406,100.00,,
4.012585347,22395156097,,instructions,1605346809,100.00,3.72,insn per cycle
4.012585347,6020150136,,cycles,1605379060,100.00,,
4.112919512,57774,,rD044,1605285415,100.00,,
4.112919512,144876904,,rFF44,1605274975,100.00,,
4.112919512,22465410620,,instructions,1605260430,100.00,3.73,insn per cycle
4.112919512,6019647358,,cycles,1605249895,100.00,,
4.213251537,55780,,rD044,1605342246,100.00,,
4.213251537,143164707,,rFF44,1605369866,100.00,,
4.213251537,22251224419,,instructions,1605373753,100.00,3.70,insn per cycle
4.213251537,6020081184,,cycles,1605361366,100.00,,
4.313587472,54682,,rD044,1605352626,100.00,,
4.313587472,141688002,,rFF44,1605361633,100.00,,
4.313587472,22041186046,,instructions,1605385987,100.00,3.66,insn per cycle
4.313587472,6020225932,,cycles,1605399656,100.00,,
4.413922897,56054,,rD044,1605354666,100.00,,
4.413922897,141931622,,rFF44,1605336192,100.00,,
4.413922897,22102182103,,instructions,1605323696,100.00,3.67,insn per cycle
4.413922897,6020011348,,cycles,1605341526,100.00,,
4.514260493,56374,,rD044,1605384329,100.00,,
4.514260493,144677175,,rFF44,1605392659,100.00,,
4.514260493,22419388236,,instructions,1605396696,100.00,3.72,insn per cycle
4.514260493,6020114527,,cycles,1605370326,100.00,,
4.614596258,57638,,rD044,1605319931,100.00,,
4.614596258,145880964,,rFF44,1605302456,100.00,,
4.614596258,22602127600,,instructions,1605284226,100.00,3.75,insn per cycle
4.614596258,6019882457,,cycles,1605308816,100.00,,
4.714928663,56885,,rD044,1605282179,100.00,,
4.714928663,144712606,,rFF44,1605249646,100.00,,
4.714928663,22442210511,,instructions,1605247196,100.00,3.73,insn per cycle
4.714928663,6019502493,,cycles,1605211796,100.00,,
4.815255788,54471,,rD044,1605210678,100.00,,
4.815255788,140957517,,rFF44,1605213986,100.00,,
4.815255788,21984115776,,instructions,1605207556,100.00,3.65,insn per cycle
4.815255788,6019577748,,cycles,1605225706,100.00,,
4.915586123,56039,,rD044,1605366079,100.00,,
4.915586123,141632850,,rFF44,1605442376,100.00,,
4.915586123,22082158527,,instructions,1605495086,100.00,3.67,insn per cycle
4.915586123,6020591100,,cycles,1605497746,100.00,,
5.015932398,56544,,rD044,1605416056,100.00,,
5.015932398,141976283,,rFF44,1605354176,100.00,,
5.015932398,22119348157,,instructions,1605324696,100.00,3.67,insn per cycle
5.015932398,6019926185,,cycles,1605326316,100.00,,
5.116261613,55963,,rD044,1605318096,100.00,,
5.116261613,143677397,,rFF44,1605353576,100.00,,
5.116261613,22322887323,,instructions,1605366646,100.00,3.71,insn per cycle
5.116261613,6020020920,,cycles,1605344366,100.00,,
5.216597229,55340,,rD044,1605245476,100.00,,
5.216597229,143501429,,rFF44,1605175086,100.00,,
5.216597229,22286064982,,instructions,1605136906,100.00,3.70,insn per cycle
5.216597229,6019262664,,cycles,1605142936,100.00,,
5.316920234,56962,,rD044,1605268156,100.00,,
5.316920234,143481722,,rFF44,1605327726,100.00,,
5.316920234,22296629354,,instructions,1605359856,100.00,3.70,insn per cycle
5.316920234,6020255009,,cycles,1605406126,100.00,,
5.417258779,56561,,rD044,1605391036,100.00,,
5.417258779,145281800,,rFF44,1605379266,100.00,,
5.417258779,22494289323,,instructions,1605363156,100.00,3.74,insn per cycle
5.417258779,6020031806,,cycles,1605348466,100.00,,
5.517608224,56646,,rD044,1605547576,100.00,,
5.517608224,143991182,,rFF44,1605553646,100.00,,
5.517608224,22377240486,,instructions,1605556486,100.00,3.72,insn per cycle
5.517608224,6020731741,,cycles,1605534733,100.00,,
5.617945559,57645,,rD044,1605319216,100.00,,
5.617945559,145110142,,rFF44,1605238626,100.00,,
5.617945559,22495200443,,instructions,1605238756,100.00,3.74,insn per cycle
5.617945559,6019603141,,cycles,1605235260,100.00,,
5.718268814,56909,,rD044,1605184515,100.00,,
5.718268814,145248990,,rFF44,1605260375,100.00,,
5.718268814,22511772693,,instructions,1605270785,100.00,3.74,insn per cycle
5.718268814,6019627480,,cycles,1605244510,100.00,,
5.818599709,56820,,rD044,1605353646,100.00,,
5.818599709,143441524,,rFF44,1605369816,100.00,,
5.818599709,22303217980,,instructions,1605399335,100.00,3.70,insn per cycle
5.818599709,6020345825,,cycles,1605431726,100.00,,
5.918942795,57076,,rD044,1605397256,100.00,,
5.918942795,147017345,,rFF44,1605346036,100.00,,
5.918942795,22730529912,,instructions,1605330092,100.00,3.78,insn per cycle
5.918942795,6019955123,,cycles,1605328046,100.00,,
6.019272890,56629,,rD044,1605247845,100.00,,
6.019272890,143763308,,rFF44,1605287540,100.00,,
6.019272890,22299696800,,instructions,1605258676,100.00,3.70,insn per cycle
6.019272890,6019643959,,cycles,1605250175,100.00,,
6.119604575,57697,,rD044,1605244836,100.00,,
6.119604575,140545985,,rFF44,1605205220,100.00,,
6.119604575,21895303958,,instructions,1605191346,100.00,3.64,insn per cycle
6.119604575,6019418115,,cycles,1605183286,100.00,,
6.219931400,54658,,rD044,1605243296,100.00,,
6.219931400,140220351,,rFF44,1605213889,100.00,,
6.219931400,21894704610,,instructions,1605204026,100.00,3.64,insn per cycle
6.219931400,6019441323,,cycles,1605190696,100.00,,
6.320253655,59854,,rD044,1605141186,100.00,,
6.320253655,143512815,,rFF44,1605187208,100.00,,
6.320253655,22298239513,,instructions,1605208216,100.00,3.70,insn per cycle
6.320253655,6019542549,,cycles,1605217016,100.00,,
6.420579490,56480,,rD044,1605226517,100.00,,
6.420579490,142566825,,rFF44,1605252198,100.00,,
6.420579490,22151172791,,instructions,1605266506,100.00,3.68,insn per cycle
6.420579490,6019834134,,cycles,1605294506,100.00,,
6.520914925,55635,,rD044,1605353742,100.00,,
6.520914925,141345273,,rFF44,1605304386,100.00,,
6.520914925,21996381234,,instructions,1605329946,100.00,3.65,insn per cycle
6.520914925,6020104417,,cycles,1605366946,100.00,,
6.621249580,55932,,rD044,1605365370,100.00,,
6.621249580,142111264,,rFF44,1605427356,100.00,,
6.621249580,22121636561,,instructions,1605384876,100.00,3.67,insn per cycle
6.621249580,6020097265,,cycles,1605365546,100.00,,
6.721584816,56809,,rD044,1605292650,100.00,,
6.721584816,146739810,,rFF44,1605280776,100.00,,
6.721584816,22700852172,,instructions,1605333016,100.00,3.77,insn per cycle
6.721584816,6020033106,,cycles,1605353676,100.00,,
6.821922621,56392,,rD044,1605405947,100.00,,
6.821922621,142877340,,rFF44,1605394536,100.00,,
6.821922621,22204873895,,instructions,1605403906,100.00,3.69,insn per cycle
6.821922621,6020131809,,cycles,1605374366,100.00,,
6.922256336,55082,,rD044,1605339816,100.00,,
6.922256336,139163439,,rFF44,1605389596,100.00,,
6.922256336,21756663860,,instructions,1605342386,100.00,3.61,insn per cycle
6.922256336,6019913433,,cycles,1605322386,100.00,,
7.022594031,57270,,rD044,1605381216,100.00,,
7.022594031,145680871,,rFF44,1605346076,100.00,,
7.022594031,22568105309,,instructions,1605312276,100.00,3.75,insn per cycle
7.022594031,6019866059,,cycles,1605304146,100.00,,
7.122924986,56638,,rD044,1605264286,100.00,,
7.122924986,141145910,,rFF44,1605256646,100.00,,
7.122924986,22008387345,,instructions,1605306356,100.00,3.66,insn per cycle
7.122924986,6020079335,,cycles,1605360136,100.00,,
7.223261981,56541,,rD044,1605364726,100.00,,
7.223261981,144402703,,rFF44,1605343746,100.00,,
7.223261981,22400668204,,instructions,1605293436,100.00,3.72,insn per cycle
7.223261981,6019649977,,cycles,1605245426,100.00,,
7.323594306,55997,,rD044,1605347306,100.00,,
7.323594306,145225770,,rFF44,1605399796,100.00,,
7.323594306,22508989615,,instructions,1605446256,100.00,3.74,insn per cycle
7.323594306,6020356352,,cycles,1605434706,100.00,,
7.423928081,56194,,rD044,1605302136,100.00,,
7.423928081,141838439,,rFF44,1605291256,100.00,,
7.423928081,22078754698,,instructions,1605288426,100.00,3.67,insn per cycle
7.423928081,6019976058,,cycles,1605331514,100.00,,
7.524274777,56774,,rD044,1605353704,100.00,,
7.524274777,146000142,,rFF44,1605344234,100.00,,
7.524274777,22623110807,,instructions,1605359186,100.00,3.76,insn per cycle
7.524274777,6019764631,,cycles,1605385812,100.00,,
7.624613132,58060,,rD044,1605422576,100.00,,
7.624613132,146685143,,rFF44,1605448106,100.00,,
7.624613132,22712514342,,instructions,1605406195,100.00,3.77,insn per cycle
7.624613132,6020150633,,cycles,1605379786,100.00,,
7.724951567,56413,,rD044,1605389746,100.00,,
7.724951567,144581034,,rFF44,1605357148,100.00,,
7.724951567,22436465288,,instructions,1605390001,100.00,3.73,insn per cycle
7.724951567,6020167346,,cycles,1605389336,100.00,,
7.825291542,56763,,rD044,1605447146,100.00,,
7.825291542,145163197,,rFF44,1605475116,100.00,,
7.825291542,22515789810,,instructions,1605439136,100.00,3.74,insn per cycle
7.825291542,6020125508,,cycles,1605371116,100.00,,
7.925626177,56818,,rD044,1605257546,100.00,,
7.925626177,144393491,,rFF44,1605207900,100.00,,
7.925626177,22418711030,,instructions,1605214046,100.00,3.72,insn per cycle
7.925626177,6019733465,,cycles,1605268996,100.00,,
8.025963973,56840,,rD044,1605440673,100.00,,
8.025963973,142958071,,rFF44,1605483396,100.00,,
8.025963973,22202925740,,instructions,1605486056,100.00,3.69,insn per cycle
8.025963973,6020477619,,cycles,1605474676,100.00,,
8.126300538,57407,,rD044,1605347520,100.00,,
8.126300538,145799168,,rFF44,1605319686,100.00,,
8.126300538,22580772771,,instructions,1605354886,100.00,3.75,insn per cycle
8.126300538,6020101934,,cycles,1605367346,100.00,,
8.226636573,54683,,rD044,1605363390,100.00,,
8.226636573,141733332,,rFF44,1605362226,100.00,,
8.226636573,22047720583,,instructions,1605345966,100.00,3.66,insn per cycle
8.226636573,6020071222,,cycles,1605358106,100.00,,
8.326981968,56822,,rD044,1605520537,100.00,,
8.326981968,146707692,,rFF44,1605526096,100.00,,
8.326981968,22695329312,,instructions,1605521716,100.00,3.77,insn per cycle
8.326981968,6020629401,,cycles,1605506486,100.00,,
8.427315333,57023,,rD044,1605291456,100.00,,
8.427315333,145342570,,rFF44,1605259996,100.00,,
8.427315333,22510500240,,instructions,1605236906,100.00,3.74,insn per cycle
8.427315333,6019565838,,cycles,1605222506,100.00,,
8.527644539,55825,,rD044,1605290436,100.00,,
8.527644539,144161188,,rFF44,1605316746,100.00,,
8.527644539,22390068143,,instructions,1605327816,100.00,3.72,insn per cycle
8.527644539,6019953351,,cycles,1605327196,100.00,,
8.628010754,57201,,rD044,1605781833,100.00,,
8.628010754,142698171,,rFF44,1605808163,100.00,,
8.628010754,22203021519,,instructions,1605821463,100.00,3.69,insn per cycle
8.628010754,6021730031,,cycles,1605822684,100.00,,
8.728351729,55459,,rD044,1605399696,100.00,,
8.728351729,144098356,,rFF44,1605382206,100.00,,
8.728351729,22351673159,,instructions,1605383506,100.00,3.71,insn per cycle
8.728351729,6020220073,,cycles,1605403815,100.00,,
8.828687704,55996,,rD044,1605330896,100.00,,
8.828687704,143375439,,rFF44,1605311496,100.00,,
8.828687704,22276391716,,instructions,1605296506,100.00,3.70,insn per cycle
8.828687704,6019977084,,cycles,1605332791,100.00,,
8.929027730,56979,,rD044,1605455866,100.00,,
8.929027730,145336324,,rFF44,1605468976,100.00,,
8.929027730,22488440308,,instructions,1605497436,100.00,3.74,insn per cycle
8.929027730,6020408763,,cycles,1605454747,100.00,,
9.029366765,55587,,rD044,1605437766,100.00,,
9.029366765,142050224,,rFF44,1605424258,100.00,,
9.029366765,22097175273,,instructions,1605399022,100.00,3.67,insn per cycle
9.029366765,6020288702,,cycles,1605417116,100.00,,
9.129705460,56837,,rD044,1605396206,100.00,,
9.129705460,145092344,,rFF44,1605434286,100.00,,
9.129705460,22494263912,,instructions,1605439256,100.00,3.74,insn per cycle
9.129705460,6020761844,,cycles,1605542386,100.00,,
9.230053535,56580,,rD044,1605465380,100.00,,
9.230053535,144391720,,rFF44,1605434000,100.00,,
9.230053535,22387087851,,instructions,1605408676,100.00,3.72,insn per cycle
9.230053535,6019706429,,cycles,1605268336,100.00,,
9.330384151,56806,,rD044,1605356471,100.00,,
9.330384151,144593616,,rFF44,1605423226,100.00,,
9.330384151,22417465798,,instructions,1605494596,100.00,3.72,insn per cycle
9.330384151,6020821535,,cycles,1605559186,100.00,,
9.430730516,56859,,rD044,1605433571,100.00,,
9.430730516,143266341,,rFF44,1605368466,100.00,,
9.430730516,22268352321,,instructions,1605371086,100.00,3.70,insn per cycle
9.430730516,6020070959,,cycles,1605358256,100.00,,
9.531069561,55476,,rD044,1605450328,100.00,,
9.531069561,140903659,,rFF44,1605470336,100.00,,
9.531069561,21986457589,,instructions,1605429906,100.00,3.65,insn per cycle
9.531069561,6020146588,,cycles,1605376136,100.00,,
9.631403516,55746,,rD044,1605366976,100.00,,
9.631403516,142093582,,rFF44,1605382646,100.00,,
9.631403516,22101187557,,instructions,1605366596,100.00,3.67,insn per cycle
9.631403516,6020088688,,cycles,1605363636,100.00,,
9.731742251,55615,,rD044,1605326886,100.00,,
9.731742251,144246506,,rFF44,1605278226,100.00,,
9.731742251,22394620873,,instructions,1605408696,100.00,3.72,insn per cycle
9.731742251,6021137263,,cycles,1605649176,100.00,,
9.832094037,57737,,rD044,1605691606,100.00,,
9.832094037,141315090,,rFF44,1605716506,100.00,,
9.832094037,22014403446,,instructions,1605578786,100.00,3.66,insn per cycle
9.832094037,6020050030,,cycles,1605352576,100.00,,
9.932432762,55954,,rD044,1605325166,100.00,,
9.932432762,140643831,,rFF44,1605312886,100.00,,
9.932432762,21964256289,,instructions,1605337156,100.00,3.65,insn per cycle
9.932432762,6019999828,,cycles,1605345938,100.00,,
10.032767877,55973,,rD044,1605397126,100.00,,
10.032767877,140453093,,rFF44,1605470426,100.00,,
10.032767877,21918767557,,instructions,1605524336,100.00,3.64,insn per cycle
10.032767877,6020739679,,cycles,1605535778,100.00,,
10.133111662,57303,,rD044,1605499366,100.00,,
10.133111662,141530983,,rFF44,1605465066,100.00,,
10.133111662,22033950996,,instructions,1605398552,100.00,3.66,insn per cycle
10.133111662,6020217979,,cycles,1605396718,100.00,,
10.233451018,56248,,rD044,1605376976,100.00,,
10.233451018,145669732,,rFF44,1605333686,100.00,,
10.233451018,22561164136,,instructions,1605300902,100.00,3.75,insn per cycle
10.233451018,6019790626,,cycles,1605284146,100.00,,
10.333780503,56611,,rD044,1605240826,100.00,,
10.333780503,145039975,,rFF44,1605315609,100.00,,
10.333780503,22504680867,,instructions,1605377610,100.00,3.74,insn per cycle
10.333780503,6020126442,,cycles,1605372326,100.00,,
10.434117468,54535,,rD044,1605408406,100.00,,
10.434117468,140497997,,rFF44,1605370923,100.00,,
10.434117468,21936904002,,instructions,1605340406,100.00,3.64,insn per cycle
10.434117468,6019962324,,cycles,1605328456,100.00,,
10.534455003,55262,,rD044,1605428397,100.00,,
10.534455003,143404072,,rFF44,1605434542,100.00,,
10.534455003,22267611365,,instructions,1605453906,100.00,3.70,insn per cycle
10.534455003,6020556627,,cycles,1605488136,100.00,,
10.634798108,55980,,rD044,1605459733,100.00,,
10.634798108,142232213,,rFF44,1605749626,100.00,,
10.634798108,22127292938,,instructions,1605716296,100.00,3.67,insn per cycle
10.634798108,6021324621,,cycles,1605692666,100.00,,
10.735153993,56545,,rD044,1605628194,100.00,,
10.735153993,145250586,,rFF44,1605309176,100.00,,
10.735153993,22517200192,,instructions,1605327526,100.00,3.74,insn per cycle
10.735153993,6019996218,,cycles,1605338256,100.00,,
10.835490709,56034,,rD044,1605378136,100.00,,
10.835490709,144039422,,rFF44,1605382976,100.00,,
10.835490709,22382505202,,instructions,1605405096,100.00,3.72,insn per cycle
10.835490709,6020252108,,cycles,1605406286,100.00,,
10.935825184,57466,,rD044,1605363086,100.00,,
10.935825184,142612231,,rFF44,1605406386,100.00,,
10.935825184,22175599349,,instructions,1605384416,100.00,3.68,insn per cycle
10.935825184,6020215735,,cycles,1605412466,100.00,,
11.036170279,55954,,rD044,1605431806,100.00,,
11.036170279,143516041,,rFF44,1605401096,100.00,,
11.036170279,22278166552,,instructions,1605397436,100.00,3.70,insn per cycle
11.036170279,6020070610,,cycles,1605358226,100.00,,
11.136504304,55467,,rD044,1605331316,100.00,,
11.136504304,143814486,,rFF44,1605308386,100.00,,
11.136504304,22296365303,,instructions,1605327216,100.00,3.70,insn per cycle
11.136504304,6019945469,,cycles,1605324716,100.00,,
11.236841529,54675,,rD044,1605474516,100.00,,
11.236841529,141126537,,rFF44,1605523316,100.00,,
11.236841529,21999919849,,instructions,1605496266,100.00,3.65,insn per cycle
11.236841529,6020707763,,cycles,1605527180,100.00,,
11.337185705,55353,,rD044,1605416946,100.00,,
11.337185705,143727969,,rFF44,1605381966,100.00,,
11.337185705,22357467258,,instructions,1605415646,100.00,3.71,insn per cycle
11.337185705,6020270112,,cycles,1605410674,100.00,,
11.437521550,55698,,rD044,1605357126,100.00,,
11.437521550,141691702,,rFF44,1605350856,100.00,,
11.437521550,22059850136,,instructions,1605325347,100.00,3.66,insn per cycle
11.437521550,6019779655,,cycles,1605280570,100.00,,
11.537886855,56623,,rD044,1605625285,100.00,,
11.537886855,142188944,,rFF44,1605639090,100.00,,
11.537886855,22130304860,,instructions,1605683290,100.00,3.68,insn per cycle
11.537886855,6021047468,,cycles,1605724485,100.00,,
11.638223731,55820,,rD044,1605460206,100.00,,
11.638223731,142970543,,rFF44,1605470906,100.00,,
11.638223731,22235491884,,instructions,1605428996,100.00,3.69,insn per cycle
11.638223731,6020261215,,cycles,1605409276,100.00,,
11.738563566,55601,,rD044,1605380090,100.00,,
11.738563566,141424661,,rFF44,1605381497,100.00,,
11.738563566,22042793598,,instructions,1605392996,100.00,3.66,insn per cycle
11.738563566,6020265097,,cycles,1605409006,100.00,,
11.838902751,57225,,rD044,1605398391,100.00,,
11.838902751,145119261,,rFF44,1605358256,100.00,,
11.838902751,22493470263,,instructions,1605366506,100.00,3.74,insn per cycle
11.838902751,6020063861,,cycles,1605356126,100.00,,
11.939236806,55989,,rD044,1605313239,100.00,,
11.939236806,145021417,,rFF44,1605332235,100.00,,
11.939236806,22490740655,,instructions,1605311115,100.00,3.74,insn per cycle
11.939236806,6019826596,,cycles,1605308125,100.00,,
12.039572001,56892,,rD044,1605346289,100.00,,
12.039572001,145644123,,rFF44,1605330386,100.00,,
12.039572001,22579964211,,instructions,1605315736,100.00,3.75,insn per cycle
12.039572001,6019860512,,cycles,1605301476,100.00,,
12.139904366,57726,,rD044,1605323236,100.00,,
12.139904366,143236209,,rFF44,1605355476,100.00,,
12.139904366,22248852584,,instructions,1605366956,100.00,3.70,insn per cycle
12.139904366,6020203553,,cycles,1605393726,100.00,,
12.240240012,54592,,rD044,1605395526,100.00,,
12.240240012,139855750,,rFF44,1605428066,100.00,,
12.240240012,21842763808,,instructions,1605448746,100.00,3.63,insn per cycle
12.240240012,6020528238,,cycles,1605479856,100.00,,
12.340585507,56839,,rD044,1605433156,100.00,,
12.340585507,144347197,,rFF44,1605336876,100.00,,
12.340585507,22398485836,,instructions,1605312326,100.00,3.72,insn per cycle
12.340585507,6019646679,,cycles,1605244166,100.00,,
12.440915952,60195,,rD044,1605316076,100.00,,
12.440915952,146649649,,rFF44,1605392236,100.00,,
12.440915952,22687068814,,instructions,1605404736,100.00,3.77,insn per cycle
12.440915952,6020364606,,cycles,1605438196,100.00,,
12.541255337,56885,,rD044,1605373236,100.00,,
12.541255337,140716161,,rFF44,1605321346,100.00,,
12.541255337,21931245717,,instructions,1605296046,100.00,3.64,insn per cycle
12.541255337,6019782189,,cycles,1605280616,100.00,,
12.641588742,57263,,rD044,1605408506,100.00,,
12.641588742,144405337,,rFF44,1605492576,100.00,,
12.641588742,22391743789,,instructions,1605534306,100.00,3.72,insn per cycle
12.641588742,6020722372,,cycles,1605532026,100.00,,
12.741933958,56492,,rD044,1605469876,100.00,,
12.741933958,142664760,,rFF44,1605434346,100.00,,
12.741933958,22187296933,,instructions,1605438669,100.00,3.69,insn per cycle
12.741933958,6020455460,,cycles,1605460532,100.00,,
12.842276833,56602,,rD044,1605452856,100.00,,
12.842276833,142620666,,rFF44,1605429876,100.00,,
12.842276833,22179008556,,instructions,1605416775,100.00,3.68,insn per cycle
12.842276833,6020350729,,cycles,1605432326,100.00,,
12.942618078,58918,,rD044,1605454816,100.00,,
12.942618078,145890706,,rFF44,1605483862,100.00,,
12.942618078,22594707379,,instructions,1605475030,100.00,3.75,insn per cycle
12.942618078,6020326653,,cycles,1605435056,100.00,,
13.042977264,58864,,rD044,1605676338,100.00,,
13.042977264,145518151,,rFF44,1605632126,100.00,,
13.042977264,22554326640,,instructions,1605621456,100.00,3.75,insn per cycle
13.042977264,6021068607,,cycles,1605624236,100.00,,
13.143313109,58246,,rD044,1605434253,100.00,,
13.143313109,142711385,,rFF44,1605443316,100.00,,
13.143313109,22186490729,,instructions,1605468126,100.00,3.69,insn per cycle
13.143313109,6020559199,,cycles,1605488926,100.00,,
13.243653264,57030,,rD044,1605396280,100.00,,
13.243653264,142333277,,rFF44,1605383066,100.00,,
13.243653264,22124036885,,instructions,1605357976,100.00,3.68,insn per cycle
13.243653264,6020003903,,cycles,1605340276,100.00,,
13.343994789,56807,,rD044,1605393039,100.00,,
13.343994789,141189207,,rFF44,1605415756,100.00,,
13.343994789,22000026837,,instructions,1605433406,100.00,3.65,insn per cycle
13.343994789,6020294288,,cycles,1605426186,100.00,,
13.444331334,56523,,rD044,1605388856,100.00,,
13.444331334,142043983,,rFF44,1605380826,100.00,,
13.444331334,22097253859,,instructions,1605360226,100.00,3.67,insn per cycle
13.444331334,6020106559,,cycles,1605367616,100.00,,
13.544669500,56989,,rD044,1605378026,100.00,,
13.544669500,141232155,,rFF44,1605381106,100.00,,
13.544669500,21988222787,,instructions,1605394016,100.00,3.65,insn per cycle
13.544669500,6020292811,,cycles,1605417856,100.00,,
13.645014775,57503,,rD044,1605528536,100.00,,
13.645014775,142146266,,rFF44,1605574806,100.00,,
13.645014775,22130507643,,instructions,1605618066,100.00,3.68,insn per cycle
13.645014775,6021082880,,cycles,1605627776,100.00,,
13.745362910,57226,,rD044,1605527046,100.00,,
13.745362910,142948743,,rFF44,1605492546,100.00,,
13.745362910,22207697567,,instructions,1605470046,100.00,3.69,insn per cycle
13.745362910,6020394306,,cycles,1605443971,100.00,,
13.845703145,58317,,rD044,1605384336,100.00,,
13.845703145,145551993,,rFF44,1605332616,100.00,,
13.845703145,22555328809,,instructions,1605298186,100.00,3.75,insn per cycle
13.845703145,6020053423,,cycles,1605354003,100.00,,
13.946038281,57404,,rD044,1605357686,100.00,,
13.946038281,143359398,,rFF44,1605431816,100.00,,
13.946038281,22230653501,,instructions,1605467332,100.00,3.69,insn per cycle
13.946038281,6020293291,,cycles,1605425350,100.00,,
14.046379666,57102,,rD044,1605425416,100.00,,
14.046379666,140323640,,rFF44,1605392316,100.00,,
14.046379666,21863776144,,instructions,1605382423,100.00,3.63,insn per cycle
14.046379666,6020262427,,cycles,1605409866,100.00,,
14.146722941,57017,,rD044,1605536376,100.00,,
14.146722941,142905000,,rFF44,1605538025,100.00,,
14.146722941,22208163863,,instructions,1605558729,100.00,3.69,insn per cycle
14.146722941,6020722531,,cycles,1605531196,100.00,,
14.247063076,60533,,rD044,1605376526,100.00,,
14.247063076,143323015,,rFF44,1605369782,100.00,,
14.247063076,22245515338,,instructions,1605349486,100.00,3.70,insn per cycle
14.247063076,6019996654,,cycles,1605338036,100.00,,
14.347398281,56848,,rD044,1605338610,100.00,,
14.347398281,140549046,,rFF44,1605317467,100.00,,
14.347398281,21898404875,,instructions,1605312386,100.00,3.64,insn per cycle
14.347398281,6019873338,,cycles,1605305476,100.00,,
14.447729106,56041,,rD044,1605283600,100.00,,
14.447729106,140135561,,rFF44,1605287596,100.00,,
14.447729106,21869861780,,instructions,1605312066,100.00,3.63,insn per cycle
14.447729106,6020014713,,cycles,1605343666,100.00,,
14.548064721,57065,,rD044,1605361410,100.00,,
14.548064721,140113653,,rFF44,1605361206,100.00,,
14.548064721,21872194738,,instructions,1605360606,100.00,3.63,insn per cycle
14.548064721,6019998473,,cycles,1605337626,100.00,,
14.648400527,62335,,rD044,1605309150,100.00,,
14.648400527,143633315,,rFF44,1605275836,100.00,,
14.648400527,22313810723,,instructions,1605257656,100.00,3.71,insn per cycle
14.648400527,6019677568,,cycles,1605253236,100.00,,
14.748729912,56600,,rD044,1605349426,100.00,,
14.748729912,141334193,,rFF44,1605401676,100.00,,
14.748729912,22004599973,,instructions,1605479566,100.00,3.65,insn per cycle
14.748729912,6021451236,,cycles,1605725456,100.00,,
14.849088867,56167,,rD044,1605732326,100.00,,
14.849088867,142264222,,rFF44,1605748776,100.00,,
14.849088867,22151259511,,instructions,1605659316,100.00,3.68,insn per cycle
14.849088867,6020252256,,cycles,1605407216,100.00,,
14.949427102,57633,,rD044,1605311086,100.00,,
14.949427102,143096621,,rFF44,1605239426,100.00,,
14.949427102,22238214904,,instructions,1605190936,100.00,3.69,insn per cycle
14.949427102,6019322088,,cycles,1605166586,100.00,,
15.049752517,57765,,rD044,1605244606,100.00,,
15.049752517,145444858,,rFF44,1605354396,100.00,,
15.049752517,22517901794,,instructions,1605438576,100.00,3.74,insn per cycle
15.049752517,6020394994,,cycles,1605445176,100.00,,
15.150092773,56333,,rD044,1605443676,100.00,,
15.150092773,141236473,,rFF44,1605400346,100.00,,
15.150092773,22002324643,,instructions,1605374516,100.00,3.65,insn per cycle
15.150092773,6020268237,,cycles,1605410361,100.00,,
15.250431968,57730,,rD044,1605383606,100.00,,
15.250431968,147019803,,rFF44,1605351136,100.00,,
15.250431968,22748208823,,instructions,1605360356,100.00,3.78,insn per cycle
15.250431968,6020137674,,cycles,1605375893,100.00,,
15.350770483,57705,,rD044,1605459606,100.00,,
15.350770483,143697936,,rFF44,1605558926,100.00,,
15.350770483,22342208194,,instructions,1605571804,100.00,3.71,insn per cycle
15.350770483,6020878859,,cycles,1605572390,100.00,,
15.449601411,225927,,rD044,1535812247,100.00,,
15.449601411,112792803,,rFF44,1534910977,100.00,,
15.449601411,18159547286,,instructions,1534235439,100.00,3.16,insn per cycle
15.449601411,5750728804,,cycles,1533570441,100.00,,
