0.100125184,4562407,,rD044,91877404,100.00,,
0.100125184,20168314,,rFF44,91883054,100.00,,
0.100125184,437734752,,instructions,91887684,100.00,1.28,insn per cycle
0.100125184,340829432,,cycles,91892824,100.00,,
0.200419040,5455840,,rD044,100274675,100.00,,
0.200419040,23859152,,rFF44,100275155,100.00,,
0.200419040,502400479,,instructions,100275005,100.00,1.34,insn per cycle
0.200419040,376008917,,cycles,100275345,100.00,,
0.300634175,5459738,,rD044,100199715,100.00,,
0.300634175,23853887,,rFF44,100198915,100.00,,
0.300634175,502914698,,instructions,100198675,100.00,1.34,insn per cycle
0.300634175,375710682,,cycles,100197655,100.00,,
0.400850830,6754540,,rD044,100216625,100.00,,
0.400850830,28589828,,rFF44,100216875,100.00,,
0.400850830,88018610,,instructions,100217315,100.00,0.23,insn per cycle
0.400850830,375812687,,cycles,100217205,100.00,,
0.501062655,6919561,,rD044,100211655,100.00,,
0.501062655,29933288,,rFF44,100212195,100.00,,
0.501062655,37356254,,instructions,100211655,100.00,0.10,insn per cycle
0.501062655,375793107,,cycles,100211985,100.00,,
0.601306861,22789924,,rD044,5941500854,100.00,,
0.601306861,356761341,,rFF44,6078999086,100.00,,
0.601306861,54439817916,,instructions,6200389035,100.00,2.30,insn per cycle
0.601306861,23700129630,,cycles,6322273527,100.00,,
0.705740304,41335873,,rD044,13356156732,100.00,,
0.705740304,777396178,,rFF44,13301430543,100.00,,
0.705740304,120784260037,,instructions,13285412794,100.00,2.43,insn per cycle
0.705740304,49737966961,,cycles,13264107238,100.00,,
0.809263146,40386736,,rD044,13256519197,100.00,,
0.809263146,785172786,,rFF44,13294801960,100.00,,
0.809263146,121759737110,,instructions,13297913683,100.00,2.44,insn per cycle
0.809263146,49860642011,,cycles,13296259749,100.00,,
0.913107202,41646868,,rD044,13294062595,100.00,,
0.913107202,783301292,,rFF44,13293605972,100.00,,
0.913107202,121612518860,,instructions,13296416217,100.00,2.44,insn per cycle
0.913107202,49907703623,,cycles,13308808055,100.00,,
1.017156491,41345061,,rD044,13316931595,100.00,,
1.017156491,785692668,,rFF44,13321219377,100.00,,
1.017156491,121824777320,,instructions,13321558187,100.00,2.44,insn per cycle
1.017156491,49958425188,,cycles,13322352840,100.00,,
1.121111528,40962169,,rD044,13303094516,100.00,,
1.121111528,784149978,,rFF44,13291832448,100.00,,
1.121111528,121639440760,,instructions,13287566632,100.00,2.44,insn per cycle
1.121111528,49800960728,,cycles,13280336776,100.00,,
1.224990795,41721521,,rD044,13299492798,100.00,,
1.224990795,784391829,,rFF44,13300762660,100.00,,
1.224990795,121714833056,,instructions,13298010024,100.00,2.44,insn per cycle
1.224990795,49867963114,,cycles,13298246328,100.00,,
1.328893292,40477805,,rD044,13294255651,100.00,,
1.328893292,785486764,,rFF44,13287179718,100.00,,
1.328893292,121726480215,,instructions,13280026470,100.00,2.45,insn per cycle
1.328893292,49785321150,,cycles,13276145628,100.00,,
1.432702887,42491311,,rD044,13292921575,100.00,,
1.432702887,787341886,,rFF44,13313372105,100.00,,
1.432702887,122307138094,,instructions,13335595290,100.00,2.44,insn per cycle
1.432702887,50024657073,,cycles,13340014506,100.00,,
1.536816387,42336588,,rD044,13325688345,100.00,,
1.536816387,785969413,,rFF44,13295662179,100.00,,
1.536816387,121595160951,,instructions,13273051347,100.00,2.44,insn per cycle
1.536816387,49810518490,,cycles,13283019413,100.00,,
1.640627162,41321026,,rD044,13287245930,100.00,,
1.640627162,786664221,,rFF44,13313243951,100.00,,
1.640627162,122206803546,,instructions,13323340396,100.00,2.45,insn per cycle
1.640627162,49901974202,,cycles,13307300730,100.00,,
1.744543489,40845459,,rD044,13302543794,100.00,,
1.744543489,785841939,,rFF44,13305726150,100.00,,
1.744543489,122040435544,,instructions,13316645984,100.00,2.44,insn per cycle
1.744543489,49980596179,,cycles,13328225286,100.00,,
1.848774410,41259829,,rD044,13341779664,100.00,,
1.848774410,787410361,,rFF44,13335027954,100.00,,
1.848774410,122116332345,,instructions,13336358912,100.00,2.44,insn per cycle
1.848774410,49972628014,,cycles,13326152145,100.00,,
1.952466784,42721118,,rD044,13265737989,100.00,,
1.952466784,782387065,,rFF44,13259158506,100.00,,
1.952466784,121358662030,,instructions,13252429170,100.00,2.44,insn per cycle
1.952466784,49752389772,,cycles,13267530003,100.00,,
2.056619724,42088244,,rD044,13337145564,100.00,,
2.056619724,787348638,,rFF44,13340798538,100.00,,
2.056619724,122143420386,,instructions,13338011059,100.00,2.44,insn per cycle
2.056619724,49978090477,,cycles,13327618617,100.00,,
2.160599852,41670356,,rD044,13305737540,100.00,,
2.160599852,788327224,,rFF44,13303625142,100.00,,
2.160599852,122179036999,,instructions,13303483591,100.00,2.45,insn per cycle
2.160599852,49896140214,,cycles,13305825880,100.00,,
2.264580829,42008466,,rD044,13315158150,100.00,,
2.264580829,788233253,,rFF44,13326282631,100.00,,
2.264580829,122270790982,,instructions,13330101531,100.00,2.44,insn per cycle
2.264580829,50034030717,,cycles,13342568551,100.00,,
2.368733689,42549858,,rD044,13323370236,100.00,,
2.368733689,787910858,,rFF44,13328143442,100.00,,
2.368733689,122181440741,,instructions,13324116593,100.00,2.45,insn per cycle
2.368733689,49917570259,,cycles,13311603352,100.00,,
2.472783168,42455925,,rD044,13326213876,100.00,,
2.472783168,789311845,,rFF44,13315828144,100.00,,
2.472783168,122274667015,,instructions,13310825607,100.00,2.45,insn per cycle
2.472783168,49909623107,,cycles,13309338119,100.00,,
2.576814676,43548033,,rD044,13312590568,100.00,,
2.576814676,785507804,,rFF44,13309840760,100.00,,
2.576814676,121891912481,,instructions,13313071524,100.00,2.44,insn per cycle
2.576814676,49907785592,,cycles,13308860577,100.00,,
2.680724473,42310491,,rD044,13306013435,100.00,,
2.680724473,787216269,,rFF44,13307580927,100.00,,
2.680724473,121727169781,,instructions,13284633592,100.00,2.44,insn per cycle
2.680724473,49838495405,,cycles,13290331055,100.00,,
2.784629310,41814675,,rD044,13295860799,100.00,,
2.784629310,784024272,,rFF44,13295501599,100.00,,
2.784629310,122037471882,,instructions,13320473447,100.00,2.44,insn per cycle
2.784629310,49938195320,,cycles,13316975264,100.00,,
2.888602287,42901303,,rD044,13303032746,100.00,,
2.888602287,786116128,,rFF44,13306437956,100.00,,
2.888602287,122021921405,,instructions,13313296524,100.00,2.44,insn per cycle
2.888602287,49934247951,,cycles,13315886082,100.00,,
2.992728687,42406526,,rD044,13337018278,100.00,,
2.992728687,788939439,,rFF44,13339155983,100.00,,
2.992728687,122286644029,,instructions,13338990376,100.00,2.44,insn per cycle
2.992728687,50032073058,,cycles,13342037817,100.00,,
3.096549993,42304469,,rD044,13277128580,100.00,,
3.096549993,784040908,,rFF44,13267884659,100.00,,
3.096549993,121547719117,,instructions,13259993480,100.00,2.44,insn per cycle
3.096549993,49729120107,,cycles,13261184733,100.00,,
3.200512500,42744808,,rD044,13310761006,100.00,,
3.200512500,785096529,,rFF44,13309789437,100.00,,
3.200512500,121759700650,,instructions,13305536117,100.00,2.44,insn per cycle
3.200512500,49876314437,,cycles,13300462864,100.00,,
3.304421117,42226624,,rD044,13298156499,100.00,,
3.304421117,787010916,,rFF44,13315131718,100.00,,
3.304421117,122113697659,,instructions,13325159864,100.00,2.44,insn per cycle
3.304421117,49977764889,,cycles,13327579268,100.00,,
3.387554588,24821904,,rD044,9813807917,100.00,,
3.387554588,455298262,,rFF44,9681896764,100.00,,
3.387554588,75202375497,,instructions,9567508723,100.00,2.12,insn per cycle
3.387554588,35468200279,,cycles,9458867086,100.00,,
