0.100125635,3637027,,rD044,92101595,100.00,,
0.100125635,17017666,,rFF44,92107715,100.00,,
0.100125635,371839847,,instructions,92113075,100.00,1.09,insn per cycle
0.100125635,341557374,,cycles,92118365,100.00,,
0.200424471,5493366,,rD044,100292946,100.00,,
0.200424471,23989617,,rFF44,100293446,100.00,,
0.200424471,505210698,,instructions,100292996,100.00,1.34,insn per cycle
0.200424471,376095721,,cycles,100292646,100.00,,
0.300641756,5494765,,rD044,100216754,100.00,,
0.300641756,23962290,,rFF44,100216034,100.00,,
0.300641756,505149297,,instructions,100215984,100.00,1.34,insn per cycle
0.300641756,375806499,,cycles,100215574,100.00,,
0.400853471,6574448,,rD044,100209965,100.00,,
0.400853471,27965419,,rFF44,100210685,100.00,,
0.400853471,144402222,,instructions,100211655,100.00,0.38,insn per cycle
0.400853471,375791370,,cycles,100211515,100.00,,
0.501067667,6919811,,rD044,100214135,100.00,,
0.501067667,29809861,,rFF44,100214105,100.00,,
0.501067667,37155052,,instructions,100213205,100.00,0.10,insn per cycle
0.501067667,375796410,,cycles,100212875,100.00,,
0.601298612,10835119,,rD044,2330517678,100.00,,
0.601298612,189938592,,rFF44,2353070731,100.00,,
0.601298612,26967818121,,instructions,2372912933,100.00,3.01,insn per cycle
0.601298612,8964373570,,cycles,2391546528,100.00,,
0.702780654,19053902,,rD044,6495043053,100.00,,
0.702780654,493674443,,rFF44,6493730477,100.00,,
0.702780654,76562113120,,instructions,6491441145,100.00,3.15,insn per cycle
0.702780654,24336055180,,cycles,6489660039,100.00,,
0.804178454,18639328,,rD044,6487969789,100.00,,
0.804178454,497667037,,rFF44,6487946818,100.00,,
0.804178454,77134465443,,instructions,6489624962,100.00,3.17,insn per cycle
0.804178454,24340393616,,cycles,6490834064,100.00,,
0.905585375,18557193,,rD044,6490241684,100.00,,
0.905585375,502613653,,rFF44,6489675326,100.00,,
0.905585375,77737042545,,instructions,6488115751,100.00,3.20,insn per cycle
0.905585375,24326065855,,cycles,6486981770,100.00,,
1.006946555,19248949,,rD044,6486053461,100.00,,
1.006946555,501494326,,rFF44,6483788353,100.00,,
1.006946555,77624332920,,instructions,6483931094,100.00,3.19,insn per cycle
1.006946555,24319840572,,cycles,6485360692,100.00,,
1.108296404,19273362,,rD044,6486408553,100.00,,
1.108296404,502244694,,rFF44,6487073827,100.00,,
1.108296404,77717432496,,instructions,6486707470,100.00,3.20,insn per cycle
1.108296404,24321331659,,cycles,6485732163,100.00,,
1.209614514,20258602,,rD044,6484307376,100.00,,
1.209614514,503124345,,rFF44,6484892449,100.00,,
1.209614514,77822030867,,instructions,6484969642,100.00,3.20,insn per cycle
1.209614514,24316119925,,cycles,6484343768,100.00,,
1.310948413,19414937,,rD044,6486125836,100.00,,
1.310948413,502802898,,rFF44,6485905510,100.00,,
1.310948413,77796325319,,instructions,6486350524,100.00,3.20,insn per cycle
1.310948413,24329452965,,cycles,6487924640,100.00,,
1.412331534,19756416,,rD044,6487250142,100.00,,
1.412331534,503448037,,rFF44,6487023658,100.00,,
1.412331534,77872753243,,instructions,6487763692,100.00,3.20,insn per cycle
1.412331534,24329864918,,cycles,6488015137,100.00,,
1.513704914,19604978,,rD044,6487062422,100.00,,
1.513704914,502206170,,rFF44,6486464957,100.00,,
1.513704914,77695766777,,instructions,6484254346,100.00,3.20,insn per cycle
1.513704914,24310091880,,cycles,6482814258,100.00,,
1.615003503,19947995,,rD044,6483812506,100.00,,
1.615003503,501566243,,rFF44,6484520266,100.00,,
1.615003503,77665219344,,instructions,6486497776,100.00,3.19,insn per cycle
1.615003503,24329519889,,cycles,6487917167,100.00,,
1.716374863,19703059,,rD044,6488328645,100.00,,
1.716374863,503580958,,rFF44,6489572597,100.00,,
1.716374863,77874596976,,instructions,6488474571,100.00,3.20,insn per cycle
1.716374863,24324850223,,cycles,6486668303,100.00,,
1.817734483,19599958,,rD044,6486856629,100.00,,
1.817734483,501963622,,rFF44,6487842172,100.00,,
1.817734483,77705463928,,instructions,6488774371,100.00,3.19,insn per cycle
1.817734483,24336990105,,cycles,6489944063,100.00,,
1.919147383,19458177,,rD044,6488775254,100.00,,
1.919147383,502679769,,rFF44,6485828857,100.00,,
1.919147383,77748891084,,instructions,6484417128,100.00,3.20,insn per cycle
1.919147383,24317003352,,cycles,6484632557,100.00,,
2.020513233,20170028,,rD044,6487494107,100.00,,
2.020513233,502925284,,rFF44,6489391114,100.00,,
2.020513233,77853950137,,instructions,6493216988,100.00,3.20,insn per cycle
2.020513233,24343680738,,cycles,6491704411,100.00,,
2.121903323,20451347,,rD044,6489166543,100.00,,
2.121903323,496751592,,rFF44,6488160160,100.00,,
2.121903323,77058915605,,instructions,6485082370,100.00,3.17,insn per cycle
2.121903323,24322567102,,cycles,6486057546,100.00,,
2.223259423,20196827,,rD044,6485762881,100.00,,
2.223259423,503106573,,rFF44,6485486922,100.00,,
2.223259423,77818735467,,instructions,6485384491,100.00,3.20,insn per cycle
2.223259423,24323444234,,cycles,6486319076,100.00,,
2.324609243,20265537,,rD044,6487336696,100.00,,
2.324609243,502486830,,rFF44,6487779476,100.00,,
2.324609243,77760655704,,instructions,6487673745,100.00,3.20,insn per cycle
2.324609243,24321460221,,cycles,6485769084,100.00,,
2.425939233,20187674,,rD044,6485018864,100.00,,
2.425939233,503307412,,rFF44,6484713879,100.00,,
2.425939233,77844784928,,instructions,6484645148,100.00,3.20,insn per cycle
2.425939233,24319921507,,cycles,6485349976,100.00,,
2.527283612,20135224,,rD044,6485380230,100.00,,
2.527283612,502341138,,rFF44,6485090340,100.00,,
2.527283612,77751093132,,instructions,6486311472,100.00,3.20,insn per cycle
2.527283612,24327870114,,cycles,6487478799,100.00,,
2.628643362,20324864,,rD044,6486620100,100.00,,
2.628643362,502138007,,rFF44,6486307614,100.00,,
2.628643362,77690595547,,instructions,6484824197,100.00,3.20,insn per cycle
2.628643362,24313730118,,cycles,6483700465,100.00,,
2.729960312,20389964,,rD044,6485200938,100.00,,
2.729960312,503154278,,rFF44,6485832047,100.00,,
2.729960312,77831689492,,instructions,6485873024,100.00,3.20,insn per cycle
2.729960312,24322326884,,cycles,6486020033,100.00,,
2.831311541,20034619,,rD044,6485497979,100.00,,
2.831311541,502045756,,rFF44,6485818615,100.00,,
2.831311541,77712198059,,instructions,6486945416,100.00,3.19,insn per cycle
2.831311541,24326081931,,cycles,6487042932,100.00,,
2.932666551,20077929,,rD044,6487681724,100.00,,
2.932666551,502870187,,rFF44,6489044760,100.00,,
2.932666551,77792666566,,instructions,6487733208,100.00,3.20,insn per cycle
2.932666551,24325037023,,cycles,6486806600,100.00,,
3.034026241,20120807,,rD044,6486137024,100.00,,
3.034026241,502454183,,rFF44,6486277757,100.00,,
3.034026241,77762268176,,instructions,6487205518,100.00,3.20,insn per cycle
3.034026241,24330766284,,cycles,6488234719,100.00,,
3.135413711,20841492,,rD044,6487651449,100.00,,
3.135413711,501506252,,rFF44,6485364482,100.00,,
3.135413711,77633356012,,instructions,6485228821,100.00,3.19,insn per cycle
3.135413711,24317958982,,cycles,6484840217,100.00,,
3.236737291,19951750,,rD044,6484614644,100.00,,
3.236737291,503474590,,rFF44,6485658911,100.00,,
3.236737291,77864670891,,instructions,6485270383,100.00,3.20,insn per cycle
3.236737291,24325536001,,cycles,6486902317,100.00,,
3.338143271,20413900,,rD044,6489824189,100.00,,
3.338143271,502857842,,rFF44,6488832849,100.00,,
3.338143271,77806081189,,instructions,6488667987,100.00,3.20,insn per cycle
3.338143271,24324830261,,cycles,6486666017,100.00,,
3.439450090,20435321,,rD044,6483864860,100.00,,
3.439450090,503352140,,rFF44,6484208927,100.00,,
3.439450090,77849878428,,instructions,6484534070,100.00,3.20,insn per cycle
3.439450090,24314376996,,cycles,6483874133,100.00,,
3.540764770,20112952,,rD044,6483783040,100.00,,
3.540764770,502023136,,rFF44,6483528004,100.00,,
3.540764770,77706417945,,instructions,6483857387,100.00,3.19,insn per cycle
3.540764770,24321895810,,cycles,6485888250,100.00,,
3.642131220,20311644,,rD044,6486902231,100.00,,
3.642131220,502586998,,rFF44,6486601327,100.00,,
3.642131220,77760312735,,instructions,6486045085,100.00,3.20,insn per cycle
3.642131220,24319268001,,cycles,6485180242,100.00,,
3.743439369,19854112,,rD044,6485500571,100.00,,
3.743439369,502922284,,rFF44,6488780546,100.00,,
3.743439369,77833820700,,instructions,6490707880,100.00,3.20,insn per cycle
3.743439369,24338960964,,cycles,6490463841,100.00,,
3.844908360,20765785,,rD044,6492502940,100.00,,
3.844908360,502756773,,rFF44,6489637805,100.00,,
3.844908360,77781676340,,instructions,6488758319,100.00,3.20,insn per cycle
3.844908360,24340343632,,cycles,6490998665,100.00,,
3.946324621,20343313,,rD044,6489948260,100.00,,
3.946324621,502848487,,rFF44,6490528966,100.00,,
3.946324621,77785147947,,instructions,6490394477,100.00,3.20,insn per cycle
3.946324621,24338630094,,cycles,6490429961,100.00,,
4.047733762,20792357,,rD044,6489609818,100.00,,
4.047733762,500769163,,rFF44,6489397572,100.00,,
4.047733762,77564879519,,instructions,6489803693,100.00,3.19,insn per cycle
4.047733762,24331554244,,cycles,6488641522,100.00,,
4.149106141,20361110,,rD044,6487749715,100.00,,
4.149106141,502708315,,rFF44,6487425368,100.00,,
4.149106141,77765897368,,instructions,6486293408,100.00,3.20,insn per cycle
4.149106141,24319091580,,cycles,6485145548,100.00,,
4.250440051,20027812,,rD044,6485982746,100.00,,
4.250440051,503131935,,rFF44,6487175256,100.00,,
4.250440051,77834644141,,instructions,6487829093,100.00,3.20,insn per cycle
4.250440051,24328078407,,cycles,6487532560,100.00,,
4.351811191,20513105,,rD044,6487033170,100.00,,
4.351811191,502346956,,rFF44,6486137560,100.00,,
4.351811191,77722756115,,instructions,6484607578,100.00,3.20,insn per cycle
4.351811191,24315774931,,cycles,6484265646,100.00,,
4.453131481,20036333,,rD044,6483799637,100.00,,
4.453131481,502857659,,rFF44,6482914203,100.00,,
4.453131481,77790641372,,instructions,6482976542,100.00,3.20,insn per cycle
4.453131481,24316868047,,cycles,6484541365,100.00,,
4.554463860,19888814,,rD044,6485936343,100.00,,
4.554463860,501976656,,rFF44,6486588415,100.00,,
4.554463860,77712311822,,instructions,6487776027,100.00,3.19,insn per cycle
4.554463860,24328433481,,cycles,6487626298,100.00,,
4.655835210,20176214,,rD044,6487709309,100.00,,
4.655835210,502948604,,rFF44,6487901275,100.00,,
4.655835210,77817435464,,instructions,6487366707,100.00,3.20,insn per cycle
4.655835210,24324630843,,cycles,6486605215,100.00,,
4.757176300,20672572,,rD044,6484979735,100.00,,
4.757176300,502736454,,rFF44,6484544350,100.00,,
4.757176300,77779459531,,instructions,6484463838,100.00,3.20,insn per cycle
4.757176300,24318424548,,cycles,6484957163,100.00,,
4.858505159,18254584,,rD044,6476560856,100.00,,
4.858505159,454715643,,rFF44,6469515760,100.00,,
4.858505159,71925260549,,instructions,6463055489,100.00,2.97,insn per cycle
4.858505159,24212630843,,cycles,6456804342,100.00,,
4.868913972,113934,,rD044,392392039,100.00,,
4.868913972,1204854,,rFF44,380408818,100.00,,
4.868913972,1092984153,,instructions,369616380,100.00,0.81,insn per cycle
4.868913972,1342661418,,cycles,358157994,100.00,,
