0.100130242,4787749,,rD044,95828440,100.00,,
0.100130242,21129951,,rFF44,95834830,100.00,,
0.100130242,457845445,,instructions,95839540,100.00,1.29,insn per cycle
0.100130242,355392805,,cycles,95844210,100.00,,
0.200400785,5492795,,rD044,100265685,100.00,,
0.200400785,23969258,,rFF44,100265375,100.00,,
0.200400785,505197019,,instructions,100265135,100.00,1.34,insn per cycle
0.200400785,375992604,,cycles,100265176,100.00,,
0.300613229,5480884,,rD044,100211555,100.00,,
0.300613229,23933668,,rFF44,100211805,100.00,,
0.300613229,503814412,,instructions,100212155,100.00,1.34,insn per cycle
0.300613229,375793718,,cycles,100212154,100.00,,
0.400829062,6806601,,rD044,100214185,100.00,,
0.400829062,29205163,,rFF44,100214035,100.00,,
0.400829062,66845311,,instructions,100214495,100.00,0.18,insn per cycle
0.400829062,375804069,,cycles,100214895,100.00,,
0.501058455,6935554,,rD044,100229065,100.00,,
0.501058455,30161679,,rFF44,100228975,100.00,,
0.501058455,37637311,,instructions,100228545,100.00,0.10,insn per cycle
0.501058455,375852799,,cycles,100227905,100.00,,
0.601277658,2847228,,rD044,508996143,100.00,,
0.601277658,56067715,,rFF44,509257613,100.00,,
0.601277658,6783379072,,instructions,509421293,100.00,3.55,insn per cycle
0.601277658,1910300579,,cycles,509590473,100.00,,
0.701575562,32054,,rD044,802343870,100.00,,
0.701575562,75920868,,rFF44,802312120,100.00,,
0.701575562,11690126817,,instructions,802309250,100.00,3.89,insn per cycle
0.701575562,3008613734,,cycles,802301070,100.00,,
0.801857036,33764,,rD044,802246340,100.00,,
0.801857036,72556300,,rFF44,802269700,100.00,,
0.801857036,11277744420,,instructions,802350846,100.00,3.75,insn per cycle
0.801857036,3008824155,,cycles,802357108,100.00,,
0.902151030,29568,,rD044,802341790,100.00,,
0.902151030,75748175,,rFF44,802313068,100.00,,
0.902151030,11668613385,,instructions,802236092,100.00,3.88,insn per cycle
0.902151030,3008400714,,cycles,802243800,100.00,,
1.002440094,34257,,rD044,802299588,100.00,,
1.002440094,73176816,,rFF44,802315260,100.00,,
1.002440094,11357890747,,instructions,802314640,100.00,3.78,insn per cycle
1.002440094,3008579194,,cycles,802299000,100.00,,
1.102724208,30110,,rD044,802259600,100.00,,
1.102724208,75751739,,rFF44,802239990,100.00,,
1.102724208,11678187214,,instructions,802231550,100.00,3.88,insn per cycle
1.102724208,3008326516,,cycles,802224090,100.00,,
1.203000901,34130,,rD044,802218060,100.00,,
1.203000901,71502908,,rFF44,802223840,100.00,,
1.203000901,11156566572,,instructions,802234280,100.00,3.71,insn per cycle
1.203000901,3008391697,,cycles,802241670,100.00,,
1.303280305,33478,,rD044,802215090,100.00,,
1.303280305,71471562,,rFF44,802212550,100.00,,
1.303280305,11149693563,,instructions,802215020,100.00,3.71,insn per cycle
1.303280305,3008275689,,cycles,802210840,100.00,,
1.403557259,29672,,rD044,802218430,100.00,,
1.403557259,75295129,,rFF44,802220110,100.00,,
1.403557259,11611441295,,instructions,802220690,100.00,3.86,insn per cycle
1.403557259,3008325731,,cycles,802224250,100.00,,
1.503834213,32641,,rD044,802215560,100.00,,
1.503834213,70923023,,rFF44,802211050,100.00,,
1.503834213,11069554926,,instructions,802199412,100.00,3.68,insn per cycle
1.503834213,3009240004,,cycles,802467598,100.00,,
1.604146787,30885,,rD044,802495776,100.00,,
1.604146787,75653747,,rFF44,802505288,100.00,,
1.604146787,11671591218,,instructions,802512086,100.00,3.88,insn per cycle
1.604146787,3008389732,,cycles,802241670,100.00,,
1.704425731,33695,,rD044,802225932,100.00,,
1.704425731,73473440,,rFF44,802231680,100.00,,
1.704425731,11390130125,,instructions,802231330,100.00,3.79,insn per cycle
1.704425731,3008351188,,cycles,802230280,100.00,,
1.804708075,29742,,rD044,802246280,100.00,,
1.804708075,75583355,,rFF44,802231670,100.00,,
1.804708075,11659008111,,instructions,802227850,100.00,3.88,insn per cycle
1.804708075,3008375019,,cycles,802237660,100.00,,
1.904989229,34410,,rD044,802240040,100.00,,
1.904989229,74755142,,rFF44,802243620,100.00,,
1.904989229,11560820528,,instructions,802249770,100.00,3.84,insn per cycle
1.904989229,3008426391,,cycles,802250850,100.00,,
2.005269422,30673,,rD044,802242800,100.00,,
2.005269422,75228523,,rFF44,802230280,100.00,,
2.005269422,11596091220,,instructions,802226090,100.00,3.85,insn per cycle
2.005269422,3008332166,,cycles,802225730,100.00,,
2.105586487,32715,,rD044,802530740,100.00,,
2.105586487,70858285,,rFF44,802531296,100.00,,
2.105586487,11067831783,,instructions,802521908,100.00,3.68,insn per cycle
2.105586487,3009396021,,cycles,802509788,100.00,,
2.205866180,28525,,rD044,802227015,100.00,,
2.205866180,75071120,,rFF44,802268542,100.00,,
2.205866180,11566378762,,instructions,802304020,100.00,3.84,insn per cycle
2.205866180,3008680012,,cycles,802318070,100.00,,
2.306149684,33537,,rD044,802273743,100.00,,
2.306149684,72871751,,rFF44,802238690,100.00,,
2.306149684,11321504516,,instructions,802200720,100.00,3.76,insn per cycle
2.306149684,3008188970,,cycles,802187800,100.00,,
2.406427128,28259,,rD044,802193570,100.00,,
2.406427128,75240829,,rFF44,802207720,100.00,,
2.406427128,11588344856,,instructions,802219650,100.00,3.85,insn per cycle
2.406427128,3008282872,,cycles,802218550,100.00,,
2.506708702,33382,,rD044,802259850,100.00,,
2.506708702,71483855,,rFF44,802257420,100.00,,
2.506708702,11132294611,,instructions,802264170,100.00,3.70,insn per cycle
2.506708702,3008511760,,cycles,802273510,100.00,,
2.606991666,30235,,rD044,802242240,100.00,,
2.606991666,75408514,,rFF44,802225300,100.00,,
2.606991666,11613817223,,instructions,802214490,100.00,3.86,insn per cycle
2.606991666,3008274670,,cycles,802214730,100.00,,
2.707270090,33362,,rD044,802229200,100.00,,
2.707270090,70891899,,rFF44,802240350,100.00,,
2.707270090,11080933457,,instructions,802233020,100.00,3.68,insn per cycle
2.707270090,3008329170,,cycles,802225238,100.00,,
2.807544193,29781,,rD044,802176660,100.00,,
2.807544193,75556765,,rFF44,802174250,100.00,,
2.807544193,11643352569,,instructions,802190858,100.00,3.87,insn per cycle
2.807544193,3008232148,,cycles,802198520,100.00,,
2.907822877,33775,,rD044,802233251,100.00,,
2.907822877,73555690,,rFF44,802233908,100.00,,
2.907822877,11401775174,,instructions,802219380,100.00,3.79,insn per cycle
2.907822877,3008494272,,cycles,802268700,100.00,,
3.008113741,31661,,rD044,802315667,100.00,,
3.008113741,74758174,,rFF44,802316070,100.00,,
3.008113741,11541922724,,instructions,802330250,100.00,3.84,insn per cycle
3.008113741,3008509551,,cycles,802273590,100.00,,
3.108390875,31212,,rD044,802209030,100.00,,
3.108390875,73528157,,rFF44,802208540,100.00,,
3.108390875,11396054503,,instructions,802200950,100.00,3.79,insn per cycle
3.108390875,3008240571,,cycles,802201580,100.00,,
3.208666699,32080,,rD044,802195850,100.00,,
3.208666699,68821298,,rFF44,802189000,100.00,,
3.208666699,10808892096,,instructions,802185230,100.00,3.59,insn per cycle
3.208666699,3008192917,,cycles,802188910,100.00,,
3.308930072,32507,,rD044,802049320,100.00,,
3.308930072,75567872,,rFF44,802039500,100.00,,
3.308930072,11653409226,,instructions,802049890,100.00,3.87,insn per cycle
3.308930072,3007589289,,cycles,802052970,100.00,,
3.409205626,34725,,rD044,802195570,100.00,,
3.409205626,72566852,,rFF44,802223710,100.00,,
3.409205626,11293262584,,instructions,802219970,100.00,3.75,insn per cycle
3.409205626,3008254170,,cycles,802210210,100.00,,
3.509495650,30646,,rD044,802247260,100.00,,
3.509495650,75420010,,rFF44,802243510,100.00,,
3.509495650,11634666959,,instructions,802235630,100.00,3.87,insn per cycle
3.509495650,3008280776,,cycles,802239778,100.00,,
3.609772744,34254,,rD044,802216590,100.00,,
3.609772744,74260353,,rFF44,802210782,100.00,,
3.609772744,11493228643,,instructions,802209488,100.00,3.82,insn per cycle
3.609772744,3008261675,,cycles,802207450,100.00,,
3.710061738,30842,,rD044,802296584,100.00,,
3.710061738,75498025,,rFF44,802307476,100.00,,
3.710061738,11641636642,,instructions,802321780,100.00,3.87,insn per cycle
3.710061738,3008733454,,cycles,802332880,100.00,,
3.810342352,33082,,rD044,802251174,100.00,,
3.810342352,73621401,,rFF44,802259170,100.00,,
3.810342352,11412000730,,instructions,802256900,100.00,3.79,insn per cycle
3.810342352,3008406127,,cycles,802245500,100.00,,
3.910640896,29642,,rD044,802367650,100.00,,
3.910640896,75859143,,rFF44,802355210,100.00,,
3.910640896,11691577365,,instructions,802356970,100.00,3.89,insn per cycle
3.910640896,3008873219,,cycles,802369400,100.00,,
4.010935030,33355,,rD044,802354070,100.00,,
4.010935030,74140091,,rFF44,802350680,100.00,,
4.010935030,11471468354,,instructions,802358020,100.00,3.81,insn per cycle
4.010935030,3008843033,,cycles,802362410,100.00,,
4.111218694,30176,,rD044,802257420,100.00,,
4.111218694,75395146,,rFF44,802256780,100.00,,
4.111218694,11610860596,,instructions,802241991,100.00,3.86,insn per cycle
4.111218694,3008362631,,cycles,802233658,100.00,,
4.211500227,33672,,rD044,802263010,100.00,,
4.211500227,72933231,,rFF44,802278336,100.00,,
4.211500227,11328685665,,instructions,802273607,100.00,3.77,insn per cycle
4.211500227,3008511694,,cycles,802274180,100.00,,
4.311780851,29231,,rD044,802224794,100.00,,
4.311780851,75414823,,rFF44,802220472,100.00,,
4.311780851,11614050754,,instructions,802234070,100.00,3.86,insn per cycle
4.311780851,3008358418,,cycles,802236920,100.00,,
4.412074935,32920,,rD044,802333394,100.00,,
4.412074935,71430130,,rFF44,802317330,100.00,,
4.412074935,11140651929,,instructions,802301840,100.00,3.70,insn per cycle
4.412074935,3008526915,,cycles,802288170,100.00,,
4.512352769,29240,,rD044,802218140,100.00,,
4.512352769,75138976,,rFF44,802216230,100.00,,
4.512352769,11577685955,,instructions,802223870,100.00,3.85,insn per cycle
4.512352769,3008340269,,cycles,802230840,100.00,,
4.612634233,32128,,rD044,802247920,100.00,,
4.612634233,70407742,,rFF44,802261780,100.00,,
4.612634233,11024576777,,instructions,802258440,100.00,3.66,insn per cycle
4.612634233,3008456068,,cycles,802258970,100.00,,
4.712923867,30361,,rD044,802300730,100.00,,
4.712923867,75613208,,rFF44,802290730,100.00,,
4.712923867,11653610588,,instructions,802293330,100.00,3.87,insn per cycle
4.712923867,3008579330,,cycles,802296704,100.00,,
4.813206521,33817,,rD044,802262590,100.00,,
4.813206521,74016540,,rFF44,802267790,100.00,,
4.813206521,11452312192,,instructions,802272378,100.00,3.81,insn per cycle
4.813206521,3008503821,,cycles,802272004,100.00,,
4.913487314,33816,,rD044,802231511,100.00,,
4.913487314,70928188,,rFF44,802218188,100.00,,
4.913487314,11069085157,,instructions,802211410,100.00,3.68,insn per cycle
4.913487314,3008292245,,cycles,802214000,100.00,,
5.013775668,29298,,rD044,802313537,100.00,,
5.013775668,75585257,,rFF44,802323390,100.00,,
5.013775668,11657179113,,instructions,802323360,100.00,3.87,insn per cycle
5.013775668,3008684237,,cycles,802320880,100.00,,
5.114062672,32715,,rD044,802283740,100.00,,
5.114062672,69287271,,rFF44,802287150,100.00,,
5.114062672,10865703709,,instructions,802294120,100.00,3.61,insn per cycle
5.114062672,3008587853,,cycles,802293780,100.00,,
5.214343706,28859,,rD044,802236960,100.00,,
5.214343706,75687487,,rFF44,802234110,100.00,,
5.214343706,11677261026,,instructions,802238320,100.00,3.88,insn per cycle
5.214343706,3008416501,,cycles,802248270,100.00,,
5.314624480,33107,,rD044,802254420,100.00,,
5.314624480,71766708,,rFF44,802252370,100.00,,
5.314624480,11166092399,,instructions,802234150,100.00,3.71,insn per cycle
5.314624480,3008316974,,cycles,802221660,100.00,,
5.414907614,30124,,rD044,802322790,100.00,,
5.414907614,75540185,,rFF44,802592908,100.00,,
5.414907614,11652591177,,instructions,802626628,100.00,3.87,insn per cycle
5.414907614,3009827958,,cycles,802630208,100.00,,
5.515233418,32941,,rD044,802515557,100.00,,
5.515233418,73812216,,rFF44,802237240,100.00,,
5.515233418,11438783622,,instructions,802208710,100.00,3.80,insn per cycle
5.515233418,3008242061,,cycles,802202060,100.00,,
5.615510572,30778,,rD044,802217341,100.00,,
5.615510572,75738794,,rFF44,802236520,100.00,,
5.615510572,11676558409,,instructions,802236370,100.00,3.88,insn per cycle
5.615510572,3008373641,,cycles,802236820,100.00,,
5.715788966,33395,,rD044,802232120,100.00,,
5.715788966,73231958,,rFF44,802228300,100.00,,
5.715788966,11366400340,,instructions,802215310,100.00,3.78,insn per cycle
5.715788966,3008245403,,cycles,802202720,100.00,,
5.816088220,29493,,rD044,802372170,100.00,,
5.816088220,75513981,,rFF44,802359720,100.00,,
5.816088220,11634644631,,instructions,802370400,100.00,3.87,insn per cycle
5.816088220,3008901402,,cycles,802377470,100.00,,
5.916362684,33064,,rD044,802200960,100.00,,
5.916362684,71682451,,rFF44,802203580,100.00,,
5.916362684,11165688585,,instructions,802205970,100.00,3.71,insn per cycle
5.916362684,3008288771,,cycles,802214353,100.00,,
6.016642997,28955,,rD044,802241120,100.00,,
6.016642997,75669106,,rFF44,802250980,100.00,,
6.016642997,11653795562,,instructions,802253106,100.00,3.87,insn per cycle
6.016642997,3008430288,,cycles,802251765,100.00,,
6.116937771,34071,,rD044,802348563,100.00,,
6.116937771,73399529,,rFF44,802350578,100.00,,
6.116937771,11387264186,,instructions,802358432,100.00,3.78,insn per cycle
6.116937771,3008846617,,cycles,802363080,100.00,,
6.217220405,29329,,rD044,802241655,100.00,,
6.217220405,75275025,,rFF44,802229750,100.00,,
6.217220405,11594497047,,instructions,802222000,100.00,3.85,insn per cycle
6.217220405,3008285368,,cycles,802213560,100.00,,
6.317497449,32690,,rD044,802222490,100.00,,
6.317497449,70477284,,rFF44,802232920,100.00,,
6.317497449,11028400221,,instructions,802241040,100.00,3.67,insn per cycle
6.317497449,3008411491,,cycles,802246900,100.00,,
6.417778673,30481,,rD044,802223960,100.00,,
6.417778673,75350622,,rFF44,802217370,100.00,,
6.417778673,11610302567,,instructions,802211020,100.00,3.86,insn per cycle
6.417778673,3008271822,,cycles,802214880,100.00,,
6.518067267,32734,,rD044,802316370,100.00,,
6.518067267,71300366,,rFF44,802325120,100.00,,
6.518067267,11121063352,,instructions,802334340,100.00,3.70,insn per cycle
6.518067267,3008734957,,cycles,802333420,100.00,,
6.618351701,31760,,rD044,802266820,100.00,,
6.618351701,75569769,,rFF44,802260950,100.00,,
6.618351701,11650947134,,instructions,802249300,100.00,3.87,insn per cycle
6.618351701,3008430941,,cycles,802251398,100.00,,
6.718635085,31513,,rD044,802258910,100.00,,
6.718635085,73276275,,rFF44,802262235,100.00,,
6.718635085,11378242001,,instructions,802268598,100.00,3.78,insn per cycle
6.718635085,3008497798,,cycles,802270220,100.00,,
6.818929199,32902,,rD044,802338547,100.00,,
6.818929199,72606403,,rFF44,802337193,100.00,,
6.818929199,11282315196,,instructions,802339780,100.00,3.75,insn per cycle
6.818929199,3008714760,,cycles,802328160,100.00,,
6.919208412,29062,,rD044,802231751,100.00,,
6.919208412,74846400,,rFF44,802225750,100.00,,
6.919208412,11543884697,,instructions,802213270,100.00,3.84,insn per cycle
6.919208412,3008290587,,cycles,802214690,100.00,,
7.019485666,33094,,rD044,802217440,100.00,,
7.019485666,72136986,,rFF44,802229850,100.00,,
7.019485666,11217936247,,instructions,802236890,100.00,3.73,insn per cycle
7.019485666,3008367425,,cycles,802234960,100.00,,
7.119766810,30424,,rD044,802256820,100.00,,
7.119766810,75395070,,rFF44,802252980,100.00,,
7.119766810,11631394923,,instructions,802256020,100.00,3.87,insn per cycle
7.119766810,3008459010,,cycles,802264650,100.00,,
7.220058064,34038,,rD044,802292839,100.00,,
7.220058064,71871331,,rFF44,802270719,100.00,,
7.220058064,11205461756,,instructions,802259919,100.00,3.72,insn per cycle
7.220058064,3008410858,,cycles,802255121,100.00,,
7.320322898,31559,,rD044,802065830,100.00,,
7.320322898,75515145,,rFF44,802067110,100.00,,
7.320322898,11644666511,,instructions,802069610,100.00,3.87,insn per cycle
7.320322898,3007680193,,cycles,802071415,100.00,,
7.420600421,35443,,rD044,802196509,100.00,,
7.420600421,73788996,,rFF44,802208040,100.00,,
7.420600421,11436403292,,instructions,802211727,100.00,3.80,insn per cycle
7.420600421,3008246638,,cycles,802212590,100.00,,
7.520882705,30375,,rD044,802222983,100.00,,
7.520882705,75452063,,rFF44,802276877,100.00,,
7.520882705,11627444029,,instructions,802275020,100.00,3.86,insn per cycle
7.520882705,3008419691,,cycles,802271850,100.00,,
7.621174789,33915,,rD044,802325595,100.00,,
7.621174789,73033919,,rFF44,802271620,100.00,,
7.621174789,11334368915,,instructions,802273660,100.00,3.77,insn per cycle
7.621174789,3008543790,,cycles,802282160,100.00,,
7.721470873,31444,,rD044,802347230,100.00,,
7.721470873,75450885,,rFF44,802351550,100.00,,
7.721470873,11621956749,,instructions,802355710,100.00,3.86,insn per cycle
7.721470873,3008767393,,cycles,802344280,100.00,,
7.821749897,31429,,rD044,802248860,100.00,,
7.821749897,69261975,,rFF44,802251360,100.00,,
7.821749897,10876101045,,instructions,802236310,100.00,3.62,insn per cycle
7.821749897,3008349200,,cycles,802230940,100.00,,
7.922039651,29043,,rD044,802288980,100.00,,
7.922039651,75414250,,rFF44,802287140,100.00,,
7.922039651,11614185896,,instructions,802303870,100.00,3.86,insn per cycle
7.922039651,3008668407,,cycles,802318347,100.00,,
8.022322025,32886,,rD044,802265270,100.00,,
8.022322025,71793075,,rFF44,802269093,100.00,,
8.022322025,11188841761,,instructions,802253338,100.00,3.72,insn per cycle
8.022322025,3008368474,,cycles,802235541,100.00,,
8.122601439,29970,,rD044,802235543,100.00,,
8.122601439,75749452,,rFF44,802243185,100.00,,
8.122601439,11668623423,,instructions,802260400,100.00,3.88,insn per cycle
8.122601439,3008492771,,cycles,802268720,100.00,,
8.222884772,33882,,rD044,802264395,100.00,,
8.222884772,74710838,,rFF44,802313610,100.00,,
8.222884772,11553777764,,instructions,802316320,100.00,3.84,insn per cycle
8.222884772,3008747327,,cycles,802336340,100.00,,
8.323178087,28928,,rD044,802294420,100.00,,
8.323178087,75865687,,rFF44,802219310,100.00,,
8.323178087,11693112029,,instructions,802205040,100.00,3.89,insn per cycle
8.323178087,3008129306,,cycles,802177590,100.00,,
8.423452090,34126,,rD044,802186570,100.00,,
8.423452090,74168532,,rFF44,802188690,100.00,,
8.423452090,11483259762,,instructions,802196550,100.00,3.82,insn per cycle
8.423452090,3008247173,,cycles,802207700,100.00,,
8.523727574,32695,,rD044,802200150,100.00,,
8.523727574,72954344,,rFF44,802216380,100.00,,
8.523727574,11331726237,,instructions,802216800,100.00,3.77,insn per cycle
8.523727574,3008301966,,cycles,802217460,100.00,,
8.624007598,30666,,rD044,802249770,100.00,,
8.624007598,75494143,,rFF44,802260300,100.00,,
8.624007598,11645178585,,instructions,802267370,100.00,3.87,insn per cycle
8.624007598,3008471046,,cycles,802262747,100.00,,
8.724290142,33914,,rD044,802252500,100.00,,
8.724290142,74004590,,rFF44,802236380,100.00,,
8.724290142,11459101573,,instructions,802216458,100.00,3.81,insn per cycle
8.724290142,3008264418,,cycles,802208031,100.00,,
8.824564445,29403,,rD044,802168290,100.00,,
8.824564445,75135445,,rFF44,802166618,100.00,,
8.824564445,11589726137,,instructions,802175550,100.00,3.85,insn per cycle
8.824564445,3008203520,,cycles,802191380,100.00,,
8.924839059,32084,,rD044,802206536,100.00,,
8.924839059,71003387,,rFF44,802209170,100.00,,
8.924839059,11086894912,,instructions,802232650,100.00,3.69,insn per cycle
8.924839059,3008527669,,cycles,802278280,100.00,,
9.025127663,29875,,rD044,802294692,100.00,,
9.025127663,74973942,,rFF44,802288830,100.00,,
9.025127663,11559227788,,instructions,802272910,100.00,3.84,insn per cycle
9.025127663,3008355605,,cycles,802231710,100.00,,
9.125409477,32840,,rD044,802257240,100.00,,
9.125409477,70318574,,rFF44,802270590,100.00,,
9.125409477,11001392765,,instructions,802268520,100.00,3.66,insn per cycle
9.125409477,3008452555,,cycles,802257760,100.00,,
9.225689741,28851,,rD044,802234170,100.00,,
9.225689741,75696789,,rFF44,802216900,100.00,,
9.225689741,11669856372,,instructions,802208960,100.00,3.88,insn per cycle
9.225689741,3008264344,,cycles,802207810,100.00,,
9.325963905,34768,,rD044,802187260,100.00,,
9.325963905,71591782,,rFF44,802183830,100.00,,
9.325963905,11159929279,,instructions,802176570,100.00,3.71,insn per cycle
9.325963905,3008153209,,cycles,802178420,100.00,,
9.426240478,28600,,rD044,802199800,100.00,,
9.426240478,74745186,,rFF44,802211250,100.00,,
9.426240478,11516993624,,instructions,802219250,100.00,3.83,insn per cycle
9.426240478,3008263171,,cycles,802213168,100.00,,
9.526518752,31897,,rD044,802221680,100.00,,
9.526518752,70628880,,rFF44,802224612,100.00,,
9.526518752,11034827272,,instructions,802223218,100.00,3.67,insn per cycle
9.526518752,3008355481,,cycles,802231860,100.00,,
9.626834596,29880,,rD044,802524388,100.00,,
9.626834596,75934429,,rFF44,802539046,100.00,,
9.626834596,11695602928,,instructions,802599000,100.00,3.88,insn per cycle
9.626834596,3010722192,,cycles,802863480,100.00,,
9.727157501,33857,,rD044,802569950,100.00,,
9.727157501,74007525,,rFF44,802551010,100.00,,
9.727157501,11450896598,,instructions,802500920,100.00,3.81,insn per cycle
9.727157501,3008385183,,cycles,802239960,100.00,,
9.827439755,30359,,rD044,802242260,100.00,,
9.827439755,75452194,,rFF44,802258830,100.00,,
9.827439755,11621036165,,instructions,802260570,100.00,3.86,insn per cycle
9.827439755,3008469183,,cycles,802266893,100.00,,
9.927727099,33735,,rD044,802297720,100.00,,
9.927727099,73489802,,rFF44,802271860,100.00,,
9.927727099,11404388121,,instructions,802255417,100.00,3.79,insn per cycle
9.927727099,3008400964,,cycles,802244225,100.00,,
10.028005652,29635,,rD044,802225230,100.00,,
10.028005652,75891577,,rFF44,802231608,100.00,,
10.028005652,11696201463,,instructions,802242301,100.00,3.89,insn per cycle
10.028005652,3008390931,,cycles,802241950,100.00,,
10.128285696,33860,,rD044,802234077,100.00,,
10.128285696,74469680,,rFF44,802248180,100.00,,
10.128285696,11511880968,,instructions,802256730,100.00,3.83,insn per cycle
10.128285696,3008455521,,cycles,802258450,100.00,,
10.228564130,33330,,rD044,802222011,100.00,,
10.228564130,74277671,,rFF44,802211260,100.00,,
10.228564130,11497907659,,instructions,802198980,100.00,3.82,insn per cycle
10.228564130,3008215541,,cycles,802194350,100.00,,
10.328843524,29517,,rD044,802214610,100.00,,
10.328843524,75443754,,rFF44,802213530,100.00,,
10.328843524,11637016987,,instructions,802245540,100.00,3.87,insn per cycle
10.328843524,3008572002,,cycles,802289930,100.00,,
10.429124648,32425,,rD044,802235360,100.00,,
10.429124648,72479100,,rFF44,802224020,100.00,,
10.429124648,11273492391,,instructions,802189260,100.00,3.75,insn per cycle
10.429124648,3008027961,,cycles,802149450,100.00,,
10.529404241,29197,,rD044,802242180,100.00,,
10.529404241,75171090,,rFF44,802255310,100.00,,
10.529404241,11597393732,,instructions,802267460,100.00,3.85,insn per cycle
10.529404241,3008484369,,cycles,802267110,100.00,,
10.629683045,33759,,rD044,802229590,100.00,,
10.629683045,73099119,,rFF44,802234900,100.00,,
10.629683045,11350606670,,instructions,802225891,100.00,3.77,insn per cycle
10.629683045,3008342457,,cycles,802228248,100.00,,
10.729965299,30730,,rD044,802247740,100.00,,
10.729965299,75326987,,rFF44,802243085,100.00,,
10.729965299,11615766090,,instructions,802256777,100.00,3.86,insn per cycle
10.729965299,3008417825,,cycles,802248880,100.00,,
10.830249613,32514,,rD044,802264945,100.00,,
10.830249613,72140752,,rFF44,802264003,100.00,,
10.830249613,11234745008,,instructions,802245530,100.00,3.73,insn per cycle
10.830249613,3008388613,,cycles,802240840,100.00,,
10.930524607,30240,,rD044,802187413,100.00,,
10.930524607,75535440,,rFF44,802178700,100.00,,
10.930524607,11642054101,,instructions,802184370,100.00,3.87,insn per cycle
10.930524607,3008184121,,cycles,802190370,100.00,,
11.030800310,32672,,rD044,802206360,100.00,,
11.030800310,73609979,,rFF44,802218750,100.00,,
11.030800310,11421538078,,instructions,802225050,100.00,3.80,insn per cycle
11.030800310,3008378307,,cycles,802237520,100.00,,
11.131094105,29099,,rD044,802348390,100.00,,
11.131094105,75497401,,rFF44,802337740,100.00,,
11.131094105,11627712478,,instructions,802324070,100.00,3.86,insn per cycle
11.131094105,3008680488,,cycles,802319490,100.00,,
11.231375918,33329,,rD044,802221830,100.00,,
11.231375918,72448575,,rFF44,802218830,100.00,,
11.231375918,11269960930,,instructions,802223570,100.00,3.75,insn per cycle
11.231375918,3008280921,,cycles,802222720,100.00,,
11.331650792,30034,,rD044,802151800,100.00,,
11.331650792,75458093,,rFF44,802152860,100.00,,
11.331650792,11618416799,,instructions,802153930,100.00,3.86,insn per cycle
11.331650792,3008026261,,cycles,802158506,100.00,,
11.431931216,34065,,rD044,802216950,100.00,,
11.431931216,72193582,,rFF44,802229231,100.00,,
11.431931216,11230595382,,instructions,802229328,100.00,3.73,insn per cycle
11.431931216,3008263888,,cycles,802218472,100.00,,
11.532235270,30278,,rD044,802383498,100.00,,
11.532235270,75637341,,rFF44,802386587,100.00,,
11.532235270,11653796067,,instructions,802390600,100.00,3.87,insn per cycle
11.532235270,3008854120,,cycles,802388050,100.00,,
11.632514284,33190,,rD044,802234260,100.00,,
11.632514284,72191055,,rFF44,802239330,100.00,,
11.632514284,11241316421,,instructions,802240910,100.00,3.74,insn per cycle
11.632514284,3008417659,,cycles,802248120,100.00,,
11.732798198,29061,,rD044,802258340,100.00,,
11.732798198,75396189,,rFF44,802249380,100.00,,
11.732798198,11620280375,,instructions,802250360,100.00,3.86,insn per cycle
11.732798198,3008398346,,cycles,802243650,100.00,,
11.833093902,34441,,rD044,802356760,100.00,,
11.833093902,74155336,,rFF44,802360770,100.00,,
11.833093902,11476718024,,instructions,802363770,100.00,3.81,insn per cycle
11.833093902,3008909088,,cycles,802379310,100.00,,
11.933375166,32327,,rD044,802237950,100.00,,
11.933375166,73090177,,rFF44,802221760,100.00,,
11.933375166,11344788890,,instructions,802219610,100.00,3.77,insn per cycle
11.933375166,3008269072,,cycles,802209327,100.00,,
12.033650179,29934,,rD044,802205300,100.00,,
12.033650179,75364625,,rFF44,802214060,100.00,,
12.033650179,11625188016,,instructions,802212598,100.00,3.86,insn per cycle
12.033650179,3008274514,,cycles,802210131,100.00,,
12.133931383,32878,,rD044,802240082,100.00,,
12.133931383,72565100,,rFF44,802235648,100.00,,
12.133931383,11277786664,,instructions,802229200,100.00,3.75,insn per cycle
12.133931383,3008326120,,cycles,802224480,100.00,,
12.234209827,29597,,rD044,802230496,100.00,,
12.234209827,75265824,,rFF44,802244610,100.00,,
12.234209827,11612085620,,instructions,802247140,100.00,3.86,insn per cycle
12.234209827,3008453785,,cycles,802258080,100.00,,
12.334491321,32381,,rD044,802249410,100.00,,
12.334491321,70804456,,rFF44,802240610,100.00,,
12.334491321,11061258041,,instructions,802231010,100.00,3.68,insn per cycle
12.334491321,3008285220,,cycles,802213670,100.00,,
12.434767585,29508,,rD044,802180900,100.00,,
12.434767585,75770750,,rFF44,802175130,100.00,,
12.434767585,11686382323,,instructions,802185220,100.00,3.88,insn per cycle
12.434767585,3008235191,,cycles,802205300,100.00,,
12.535067199,35683,,rD044,802399260,100.00,,
12.535067199,74398659,,rFF44,802407730,100.00,,
12.535067199,11514160450,,instructions,802406560,100.00,3.83,insn per cycle
12.535067199,3008978969,,cycles,802398190,100.00,,
12.635348192,29396,,rD044,802244050,100.00,,
12.635348192,75228359,,rFF44,802251250,100.00,,
12.635348192,11593259857,,instructions,802247740,100.00,3.85,insn per cycle
12.635348192,3008370744,,cycles,802244758,100.00,,
12.735627936,32656,,rD044,802239840,100.00,,
12.735627936,69559532,,rFF44,802247394,100.00,,
12.735627936,10907027789,,instructions,802255418,100.00,3.63,insn per cycle
12.735627936,3008445485,,cycles,802259360,100.00,,
12.835909660,28887,,rD044,802299015,100.00,,
12.835909660,75254758,,rFF44,802270994,100.00,,
12.835909660,11595341833,,instructions,802269910,100.00,3.85,insn per cycle
12.835909660,3008490125,,cycles,802268070,100.00,,
12.936194054,33307,,rD044,802206333,100.00,,
12.936194054,70867204,,rFF44,802215760,100.00,,
12.936194054,11075969545,,instructions,802209880,100.00,3.68,insn per cycle
12.936194054,3008252514,,cycles,802204320,100.00,,
13.036472158,29322,,rD044,802222360,100.00,,
13.036472158,75311018,,rFF44,802221480,100.00,,
13.036472158,11599540400,,instructions,802222550,100.00,3.86,insn per cycle
13.036472158,3008335683,,cycles,802226800,100.00,,
13.136748982,30763,,rD044,802209340,100.00,,
13.136748982,67727288,,rFF44,802208500,100.00,,
13.136748982,10690062348,,instructions,802211090,100.00,3.55,insn per cycle
13.136748982,3008280139,,cycles,802212210,100.00,,
13.237043626,30316,,rD044,802361080,100.00,,
13.237043626,75437477,,rFF44,802367200,100.00,,
13.237043626,11615953463,,instructions,802371040,100.00,3.86,insn per cycle
13.237043626,3008900673,,cycles,802376560,100.00,,
13.337326229,32561,,rD044,802244240,100.00,,
13.337326229,72422969,,rFF44,802243690,100.00,,
13.337326229,11258553001,,instructions,802245702,100.00,3.74,insn per cycle
13.337326229,3008416767,,cycles,802248518,100.00,,
13.437639794,29235,,rD044,802477415,100.00,,
13.437639794,74967481,,rFF44,802465538,100.00,,
13.437639794,11550034069,,instructions,802450326,100.00,3.84,insn per cycle
13.437639794,3009125030,,cycles,802443550,100.00,,
13.537952458,31892,,rD044,802515733,100.00,,
13.537952458,68490993,,rFF44,802527770,100.00,,
13.537952458,10787769907,,instructions,802539320,100.00,3.58,insn per cycle
13.537952458,3009528598,,cycles,802545460,100.00,,
13.638232452,29995,,rD044,802226650,100.00,,
13.638232452,75803446,,rFF44,802232410,100.00,,
13.638232452,11679575032,,instructions,802231150,100.00,3.88,insn per cycle
13.638232452,3008367340,,cycles,802234770,100.00,,
13.738515486,32936,,rD044,802272060,100.00,,
13.738515486,72935553,,rFF44,802273210,100.00,,
13.738515486,11328893927,,instructions,802280940,100.00,3.77,insn per cycle
13.738515486,3008509171,,cycles,802273261,100.00,,
13.838797939,31496,,rD044,802244550,100.00,,
13.838797939,74831737,,rFF44,802217370,100.00,,
13.838797939,11549805475,,instructions,802207243,100.00,3.84,insn per cycle
13.838797939,3008263835,,cycles,802207547,100.00,,
13.939084533,30431,,rD044,802274800,100.00,,
13.939084533,69602899,,rFF44,802292788,100.00,,
13.939084533,10886066577,,instructions,802301095,100.00,3.62,insn per cycle
13.939084533,3008638753,,cycles,802306770,100.00,,
14.039361767,30195,,rD044,802217986,100.00,,
14.039361767,71094021,,rFF44,802221770,100.00,,
14.039361767,11088200286,,instructions,802220470,100.00,3.69,insn per cycle
14.039361767,3008289588,,cycles,802215040,100.00,,
14.139643191,31424,,rD044,802259492,100.00,,
14.139643191,74299003,,rFF44,802259820,100.00,,
14.139643191,11503856927,,instructions,802251220,100.00,3.82,insn per cycle
14.139643191,3008444368,,cycles,802255960,100.00,,
14.239934555,34701,,rD044,802310960,100.00,,
14.239934555,74637204,,rFF44,802303090,100.00,,
14.239934555,11540940810,,instructions,802310140,100.00,3.84,insn per cycle
14.239934555,3008647345,,cycles,802309470,100.00,,
14.340213139,29965,,rD044,802231400,100.00,,
14.340213139,74733042,,rFF44,802232620,100.00,,
14.340213139,11528676066,,instructions,802225680,100.00,3.83,insn per cycle
14.340213139,3008312271,,cycles,802220920,100.00,,
14.440489073,31569,,rD044,802172989,100.00,,
14.440489073,66384903,,rFF44,802177249,100.00,,
14.440489073,10499644180,,instructions,802171229,100.00,3.49,insn per cycle
14.440489073,3008066492,,cycles,802165189,100.00,,
14.540768826,29518,,rD044,802242780,100.00,,
14.540768826,75273036,,rFF44,802241030,100.00,,
14.540768826,11613015167,,instructions,802253173,100.00,3.86,insn per cycle
14.540768826,3008495681,,cycles,802269858,100.00,,
14.641056950,33351,,rD044,802293770,100.00,,
14.641056950,71562894,,rFF44,802283648,100.00,,
14.641056950,11149044641,,instructions,802279645,100.00,3.71,insn per cycle
14.641056950,3008509806,,cycles,802273020,100.00,,
14.741336404,29734,,rD044,802237016,100.00,,
14.741336404,75134032,,rFF44,802251150,100.00,,
14.741336404,11588216086,,instructions,802254050,100.00,3.85,insn per cycle
14.741336404,3008434769,,cycles,802253490,100.00,,
14.841620228,32935,,rD044,802258052,100.00,,
14.841620228,72316944,,rFF44,802246200,100.00,,
14.841620228,11253900691,,instructions,802238370,100.00,3.74,insn per cycle
14.841620228,3008374779,,cycles,802237180,100.00,,
14.941898632,31422,,rD044,802261620,100.00,,
14.941898632,75379365,,rFF44,802302960,100.00,,
14.941898632,11619742360,,instructions,802310240,100.00,3.86,insn per cycle
14.941898632,3008621116,,cycles,802308260,100.00,,
15.042187126,31970,,rD044,802266250,100.00,,
15.042187126,69377679,,rFF44,802232800,100.00,,
15.042187126,10881261878,,instructions,802223770,100.00,3.62,insn per cycle
15.042187126,3008291736,,cycles,802214690,100.00,,
15.142469829,30176,,rD044,802234010,100.00,,
15.142469829,75137889,,rFF44,802236300,100.00,,
15.142469829,11577667384,,instructions,802249640,100.00,3.85,insn per cycle
15.142469829,3008437757,,cycles,802253933,100.00,,
15.242778164,32671,,rD044,802435820,100.00,,
15.242778164,70334203,,rFF44,802432118,100.00,,
15.242778164,11010871016,,instructions,802431258,100.00,3.66,insn per cycle
15.242778164,3009059237,,cycles,802437655,100.00,,
15.343098098,29796,,rD044,802535718,100.00,,
15.343098098,75763321,,rFF44,802541720,100.00,,
15.343098098,11669577977,,instructions,802541930,100.00,3.88,insn per cycle
15.343098098,3009482912,,cycles,802540230,100.00,,
15.443381892,34065,,rD044,802247990,100.00,,
15.443381892,73901713,,rFF44,802238400,100.00,,
15.443381892,11448622353,,instructions,802225440,100.00,3.81,insn per cycle
15.443381892,3008250793,,cycles,802217730,100.00,,
15.543663026,30105,,rD044,802183059,100.00,,
15.543663026,75743937,,rFF44,802180289,100.00,,
15.543663026,11662778142,,instructions,802194779,100.00,3.88,insn per cycle
15.543663026,3008128162,,cycles,802196999,100.00,,
15.643939949,34437,,rD044,802217770,100.00,,
15.643939949,74793385,,rFF44,802229220,100.00,,
15.643939949,11562247884,,instructions,802221100,100.00,3.84,insn per cycle
15.643939949,3008306483,,cycles,802218674,100.00,,
15.744218963,30519,,rD044,802222600,100.00,,
15.744218963,75736281,,rFF44,802224280,100.00,,
15.744218963,11669784859,,instructions,802232157,100.00,3.88,insn per cycle
15.744218963,3008420146,,cycles,802248684,100.00,,
15.844503587,34693,,rD044,802279272,100.00,,
15.844503587,73910799,,rFF44,802280048,100.00,,
15.844503587,11441621720,,instructions,802273731,100.00,3.80,insn per cycle
15.844503587,3008519331,,cycles,802276130,100.00,,
15.944786051,30870,,rD044,802241586,100.00,,
15.944786051,73678698,,rFF44,802230190,100.00,,
15.944786051,11421894745,,instructions,802223170,100.00,3.80,insn per cycle
15.944786051,3008239177,,cycles,802204500,100.00,,
16.045074045,32172,,rD044,802295740,100.00,,
16.045074045,75483424,,rFF44,802293210,100.00,,
16.045074045,11644995829,,instructions,802298220,100.00,3.87,insn per cycle
16.045074045,3008632093,,cycles,802306140,100.00,,
16.145349549,32303,,rD044,802200990,100.00,,
16.145349549,70811180,,rFF44,802194910,100.00,,
16.145349549,11062205762,,instructions,802202140,100.00,3.68,insn per cycle
16.145349549,3008227071,,cycles,802199860,100.00,,
16.245627423,29157,,rD044,802227200,100.00,,
16.245627423,75207090,,rFF44,802244760,100.00,,
16.245627423,11601839656,,instructions,802253140,100.00,3.86,insn per cycle
16.245627423,3008430345,,cycles,802252870,100.00,,
16.345911176,33876,,rD044,802563240,100.00,,
16.345911176,69807666,,rFF44,802559631,100.00,,
16.345911176,10944173332,,instructions,802544908,100.00,3.64,insn per cycle
16.345911176,3009564268,,cycles,802553808,100.00,,
16.446228691,30339,,rD044,802217652,100.00,,
16.446228691,75449096,,rFF44,802217047,100.00,,
16.446228691,11640326961,,instructions,802224690,100.00,3.87,insn per cycle
16.446228691,3008285034,,cycles,802218670,100.00,,
16.546506634,32418,,rD044,802213386,100.00,,
16.546506634,71056882,,rFF44,802201770,100.00,,
16.546506634,11096051196,,instructions,802191370,100.00,3.69,insn per cycle
16.546506634,3008201162,,cycles,802190860,100.00,,
16.646783178,29280,,rD044,802203000,100.00,,
16.646783178,75342383,,rFF44,802207680,100.00,,
16.646783178,11619356507,,instructions,802212140,100.00,3.86,insn per cycle
16.646783178,3008264768,,cycles,802207870,100.00,,
16.747074232,34178,,rD044,802334790,100.00,,
16.747074232,72250232,,rFF44,802328170,100.00,,
16.747074232,11246562626,,instructions,802323960,100.00,3.74,insn per cycle
16.747074232,3008693404,,cycles,802322410,100.00,,
16.847350846,29939,,rD044,802212510,100.00,,
16.847350846,75496997,,rFF44,802226160,100.00,,
16.847350846,11638516803,,instructions,802229540,100.00,3.87,insn per cycle
16.847350846,3008347986,,cycles,802229940,100.00,,
16.947631930,33198,,rD044,802236240,100.00,,
16.947631930,72564859,,rFF44,802222090,100.00,,
16.947631930,11294284640,,instructions,802215280,100.00,3.75,insn per cycle
16.947631930,3008302428,,cycles,802217792,100.00,,
17.047911674,30449,,rD044,802328400,100.00,,
17.047911674,75301108,,rFF44,802340742,100.00,,
17.047911674,11601912228,,instructions,802354528,100.00,3.86,insn per cycle
17.047911674,3008819824,,cycles,802355996,100.00,,
17.148215028,32642,,rD044,802335935,100.00,,
17.148215028,71108329,,rFF44,802334236,100.00,,
17.148215028,11102220846,,instructions,802322230,100.00,3.69,insn per cycle
17.148215028,3008681927,,cycles,802319030,100.00,,
17.248494912,29459,,rD044,802223833,100.00,,
17.248494912,74816708,,rFF44,802230740,100.00,,
17.248494912,11521188815,,instructions,802241720,100.00,3.83,insn per cycle
17.248494912,3008390816,,cycles,802241470,100.00,,
17.348776525,34009,,rD044,802256780,100.00,,
17.348776525,70870752,,rFF44,802250030,100.00,,
17.348776525,11079194613,,instructions,802244110,100.00,3.68,insn per cycle
17.348776525,3008420274,,cycles,802249080,100.00,,
17.449108470,29856,,rD044,802589909,100.00,,
17.449108470,75288810,,rFF44,802587979,100.00,,
17.449108470,11593463119,,instructions,802591209,100.00,3.85,insn per cycle
17.449108470,3009725615,,cycles,802611726,100.00,,
17.549392794,34053,,rD044,802228100,100.00,,
17.549392794,71832217,,rFF44,802238124,100.00,,
17.549392794,11193996183,,instructions,802230578,100.00,3.72,insn per cycle
17.549392794,3008226181,,cycles,802210781,100.00,,
17.649685828,30313,,rD044,802244415,100.00,,
17.649685828,75382452,,rFF44,802240334,100.00,,
17.649685828,11614867721,,instructions,802246790,100.00,3.86,insn per cycle
17.649685828,3008321275,,cycles,802241650,100.00,,
17.749961701,33974,,rD044,802167213,100.00,,
17.749961701,73267164,,rFF44,802172160,100.00,,
17.749961701,11360959998,,instructions,802164500,100.00,3.78,insn per cycle
17.749961701,3008082976,,cycles,802172130,100.00,,
17.850242175,31631,,rD044,802187549,100.00,,
17.850242175,75107435,,rFF44,802184419,100.00,,
17.850242175,11583540424,,instructions,802192839,100.00,3.85,insn per cycle
17.850242175,3008100209,,cycles,802177689,100.00,,
17.950522809,31582,,rD044,802177289,100.00,,
17.950522809,73291847,,rFF44,802167869,100.00,,
17.950522809,11365197199,,instructions,802161819,100.00,3.78,insn per cycle
17.950522809,3008081816,,cycles,802172039,100.00,,
18.050797213,33465,,rD044,800961075,100.00,,
18.050797213,71205736,,rFF44,800967915,100.00,,
18.050797213,11107902488,,instructions,800968845,100.00,3.70,insn per cycle
18.050797213,3003557438,,cycles,800970415,100.00,,
18.151086517,29677,,rD044,802292670,100.00,,
18.151086517,75568221,,rFF44,802293410,100.00,,
18.151086517,11655626164,,instructions,802298220,100.00,3.87,insn per cycle
18.151086517,3008617353,,cycles,802301498,100.00,,
18.251363111,33144,,rD044,802213060,100.00,,
18.251363111,72712731,,rFF44,802197060,100.00,,
18.251363111,11297031787,,instructions,802191478,100.00,3.76,insn per cycle
18.251363111,3008184536,,cycles,802186640,100.00,,
18.351642914,29185,,rD044,802245103,100.00,,
18.351642914,74756430,,rFF44,802262568,100.00,,
18.351642914,11532824834,,instructions,802268440,100.00,3.83,insn per cycle
18.351642914,3008482425,,cycles,802265920,100.00,,
18.451953379,32262,,rD044,802463865,100.00,,
18.451953379,68983565,,rFF44,802449880,100.00,,
18.451953379,10835645460,,instructions,802432860,100.00,3.60,insn per cycle
18.451953379,3009093401,,cycles,802434060,100.00,,
18.552232022,29601,,rD044,802220690,100.00,,
18.552232022,75323112,,rFF44,802233150,100.00,,
18.552232022,11618768732,,instructions,802244190,100.00,3.86,insn per cycle
18.552232022,3008416796,,cycles,802248220,100.00,,
18.652511976,33594,,rD044,802240740,100.00,,
18.652511976,73160548,,rFF44,802237530,100.00,,
18.652511976,11355246804,,instructions,802237530,100.00,3.77,insn per cycle
18.652511976,3008363507,,cycles,802234440,100.00,,
18.752791580,29024,,rD044,802227390,100.00,,
18.752791580,75123158,,rFF44,802229250,100.00,,
18.752791580,11580843252,,instructions,802234640,100.00,3.85,insn per cycle
18.752791580,3008381272,,cycles,802238573,100.00,,
18.853083764,32345,,rD044,802338440,100.00,,
18.853083764,68698695,,rFF44,802340782,100.00,,
18.853083764,10812017957,,instructions,802347688,100.00,3.59,insn per cycle
18.853083764,3008795932,,cycles,802349875,100.00,,
18.953361838,29840,,rD044,802218582,100.00,,
18.953361838,75650291,,rFF44,802204396,100.00,,
18.953361838,11658282466,,instructions,802192810,100.00,3.88,insn per cycle
18.953361838,3008200149,,cycles,802190260,100.00,,
19.053672582,32730,,rD044,802470866,100.00,,
19.053672582,73135644,,rFF44,802481820,100.00,,
19.053672582,11356369972,,instructions,802488720,100.00,3.77,insn per cycle
19.053672582,3009264287,,cycles,802474000,100.00,,
19.153948876,29460,,rD044,802212800,100.00,,
19.153948876,75220050,,rFF44,802223810,100.00,,
19.153948876,11588089465,,instructions,802221750,100.00,3.85,insn per cycle
19.153948876,3008325790,,cycles,802228890,100.00,,
19.254226379,32163,,rD044,802169690,100.00,,
19.254226379,70000030,,rFF44,802157730,100.00,,
19.254226379,10971450906,,instructions,802148070,100.00,3.65,insn per cycle
19.254226379,3007969273,,cycles,802146270,100.00,,
19.354500053,29388,,rD044,802173350,100.00,,
19.354500053,75734727,,rFF44,802184520,100.00,,
19.354500053,11662743641,,instructions,802201810,100.00,3.88,insn per cycle
19.354500053,3008260864,,cycles,802214150,100.00,,
19.454786457,34344,,rD044,802256900,100.00,,
19.454786457,73893645,,rFF44,802238130,100.00,,
19.454786457,11446284048,,instructions,802217142,100.00,3.80,insn per cycle
19.454786457,3008249652,,cycles,802213188,100.00,,
19.555077051,30270,,rD044,802275661,100.00,,
19.555077051,75731149,,rFF44,802295288,100.00,,
19.555077051,11665450679,,instructions,802304006,100.00,3.88,insn per cycle
19.555077051,3008560397,,cycles,802308990,100.00,,
19.655359565,33434,,rD044,802252287,100.00,,
19.655359565,74537009,,rFF44,802246660,100.00,,
19.655359565,11529671440,,instructions,802244260,100.00,3.83,insn per cycle
19.655359565,3008409137,,cycles,802246420,100.00,,
19.755639569,31878,,rD044,802248260,100.00,,
19.755639569,75757128,,rFF44,802242260,100.00,,
19.755639569,11683148313,,instructions,802250920,100.00,3.88,insn per cycle
19.755639569,3008411276,,cycles,802246700,100.00,,
19.855935713,32013,,rD044,802357690,100.00,,
19.855935713,73302047,,rFF44,802370910,100.00,,
19.855935713,11369808216,,instructions,802374470,100.00,3.78,insn per cycle
19.855935713,3008891402,,cycles,802374970,100.00,,
19.956216077,33725,,rD044,802238320,100.00,,
19.956216077,71593340,,rFF44,802223250,100.00,,
19.956216077,11174371379,,instructions,802215350,100.00,3.71,insn per cycle
19.956216077,3008255189,,cycles,802205450,100.00,,
20.056493100,29455,,rD044,802207700,100.00,,
20.056493100,75698499,,rFF44,802214850,100.00,,
20.056493100,11677451606,,instructions,802220690,100.00,3.88,insn per cycle
20.056493100,3008345934,,cycles,802229086,100.00,,
20.156771634,33795,,rD044,802201780,100.00,,
20.156771634,73785234,,rFF44,802189100,100.00,,
20.156771634,11434732671,,instructions,802175067,100.00,3.80,insn per cycle
20.156771634,3008123259,,cycles,802174972,100.00,,
20.257053778,29095,,rD044,802258802,100.00,,
20.257053778,75449016,,rFF44,802273448,100.00,,
20.257053778,11638933691,,instructions,802287191,100.00,3.87,insn per cycle
20.257053778,3008566717,,cycles,802288720,100.00,,
20.357335752,34139,,rD044,802261966,100.00,,
20.357335752,74683057,,rFF44,802267490,100.00,,
20.357335752,11560797647,,instructions,802259200,100.00,3.84,insn per cycle
20.357335752,3008430002,,cycles,802252010,100.00,,
20.457620576,29713,,rD044,802257360,100.00,,
20.457620576,75860082,,rFF44,802254880,100.00,,
20.457620576,11695869000,,instructions,802270580,100.00,3.89,insn per cycle
20.457620576,3008464305,,cycles,802266550,100.00,,
20.557903090,33573,,rD044,802357750,100.00,,
20.557903090,74689631,,rFF44,802526530,100.00,,
20.557903090,11550287953,,instructions,802506360,100.00,3.84,insn per cycle
20.557903090,3009414397,,cycles,802514460,100.00,,
20.658219634,29863,,rD044,802418000,100.00,,
20.658219634,75871374,,rFF44,802243050,100.00,,
20.658219634,11688031812,,instructions,802251320,100.00,3.89,insn per cycle
20.658219634,3008419421,,cycles,802248938,100.00,,
20.758500058,34476,,rD044,802237400,100.00,,
20.758500058,74370378,,rFF44,802235173,100.00,,
20.758500058,11503576810,,instructions,802230648,100.00,3.82,insn per cycle
20.758500058,3008330596,,cycles,802225040,100.00,,
20.858810292,29906,,rD044,802472318,100.00,,
20.858810292,75830069,,rFF44,802468715,100.00,,
20.858810292,11675901003,,instructions,802472650,100.00,3.88,insn per cycle
20.858810292,3009310750,,cycles,802491370,100.00,,
20.959100356,34241,,rD044,802324920,100.00,,
20.959100356,73546865,,rFF44,802336320,100.00,,
20.959100356,11411903381,,instructions,802346850,100.00,3.79,insn per cycle
20.959100356,3008744545,,cycles,802339300,100.00,,
21.059387860,29678,,rD044,802296230,100.00,,
21.059387860,75438855,,rFF44,802287950,100.00,,
21.059387860,11624104153,,instructions,802277720,100.00,3.86,insn per cycle
21.059387860,3008505448,,cycles,802271820,100.00,,
21.159670294,34480,,rD044,802248160,100.00,,
21.159670294,74279765,,rFF44,802238510,100.00,,
21.159670294,11496478377,,instructions,802233120,100.00,3.82,insn per cycle
21.159670294,3008367553,,cycles,802235210,100.00,,
21.259946867,31125,,rD044,802199490,100.00,,
21.259946867,74637062,,rFF44,802201670,100.00,,
21.259946867,11533037460,,instructions,802206142,100.00,3.83,insn per cycle
21.259946867,3008245686,,cycles,802202588,100.00,,
21.360224901,32008,,rD044,802228710,100.00,,
21.360224901,74583207,,rFF44,802242555,100.00,,
21.360224901,11533866006,,instructions,802246146,100.00,3.83,insn per cycle
21.360224901,3008442503,,cycles,802255650,100.00,,
21.460505465,32756,,rD044,802229044,100.00,,
21.460505465,72030547,,rFF44,802217413,100.00,,
21.460505465,11201615794,,instructions,802219550,100.00,3.72,insn per cycle
21.460505465,3008264673,,cycles,802212740,100.00,,
21.560785429,29652,,rD044,802220364,100.00,,
21.560785429,74962759,,rFF44,802228850,100.00,,
21.560785429,11563722480,,instructions,802235460,100.00,3.84,insn per cycle
21.560785429,3008405013,,cycles,802245110,100.00,,
21.661076663,32838,,rD044,802329280,100.00,,
21.661076663,68929664,,rFF44,802326180,100.00,,
21.661076663,10836870200,,instructions,802320640,100.00,3.60,insn per cycle
21.661076663,3008670515,,cycles,802318780,100.00,,
21.761359317,29591,,rD044,802259630,100.00,,
21.761359317,74964458,,rFF44,802267660,100.00,,
21.761359317,11564946126,,instructions,802261230,100.00,3.84,insn per cycle
21.761359317,3008432630,,cycles,802252430,100.00,,
21.861640640,32798,,rD044,802238000,100.00,,
21.861640640,68057134,,rFF44,802223670,100.00,,
21.861640640,10712718996,,instructions,802210870,100.00,3.56,insn per cycle
21.861640640,3008230006,,cycles,802198230,100.00,,
21.961930595,29381,,rD044,802327880,100.00,,
21.961930595,75510563,,rFF44,802340020,100.00,,
21.961930595,11647998950,,instructions,802348817,100.00,3.87,insn per cycle
21.961930595,3008862415,,cycles,802367908,100.00,,
22.062210748,33569,,rD044,802232310,100.00,,
22.062210748,73641610,,rFF44,802222028,100.00,,
22.062210748,11427580807,,instructions,802222751,100.00,3.80,insn per cycle
22.062210748,3008273991,,cycles,802210140,100.00,,
22.162486672,29862,,rD044,802188196,100.00,,
22.162486672,75498144,,rFF44,802179630,100.00,,
22.162486672,11639412850,,instructions,802179830,100.00,3.87,insn per cycle
22.162486672,3008181625,,cycles,802185420,100.00,,
22.262759476,32996,,rD044,802186672,100.00,,
22.262759476,71666915,,rFF44,802196550,100.00,,
22.262759476,11170497632,,instructions,802188440,100.00,3.71,insn per cycle
22.262759476,3008184419,,cycles,802186970,100.00,,
22.363071010,29866,,rD044,802485070,100.00,,
22.363071010,75736158,,rFF44,802488360,100.00,,
22.363071010,11668883711,,instructions,802495980,100.00,3.88,insn per cycle
22.363071010,3009353158,,cycles,802497790,100.00,,
22.463353594,31965,,rD044,802258990,100.00,,
22.463353594,70596126,,rFF44,802262520,100.00,,
22.463353594,11053847392,,instructions,802262720,100.00,3.67,insn per cycle
22.463353594,3008463987,,cycles,802265770,100.00,,
22.563634298,29456,,rD044,802223020,100.00,,
22.563634298,75832371,,rFF44,802215100,100.00,,
22.563634298,11680394751,,instructions,802222950,100.00,3.88,insn per cycle
22.563634298,3008282324,,cycles,802212778,100.00,,
22.663911521,33830,,rD044,802284080,100.00,,
22.663911521,72559866,,rFF44,802292716,100.00,,
22.663911521,11281801232,,instructions,802289058,100.00,3.75,insn per cycle
22.663911521,3008611711,,cycles,802301030,100.00,,
22.764216176,29594,,rD044,802357118,100.00,,
22.764216176,75834129,,rFF44,802353122,100.00,,
22.764216176,11676334802,,instructions,802354110,100.00,3.88,insn per cycle
22.764216176,3008777145,,cycles,802345330,100.00,,
22.864495449,32965,,rD044,802234340,100.00,,
22.864495449,71417181,,rFF44,802236360,100.00,,
22.864495449,11142891847,,instructions,802230980,100.00,3.70,insn per cycle
22.864495449,3008353173,,cycles,802231540,100.00,,
22.964775873,29689,,rD044,802246980,100.00,,
22.964775873,74870506,,rFF44,802246710,100.00,,
22.964775873,11536577775,,instructions,802261040,100.00,3.83,insn per cycle
22.964775873,3008492472,,cycles,802268250,100.00,,
23.065073817,33270,,rD044,802380800,100.00,,
23.065073817,71941408,,rFF44,802379330,100.00,,
23.065073817,11192997433,,instructions,802356850,100.00,3.72,insn per cycle
23.065073817,3008797438,,cycles,802350330,100.00,,
23.165353691,30106,,rD044,802214340,100.00,,
23.165353691,75249552,,rFF44,802219780,100.00,,
23.165353691,11598580248,,instructions,802238210,100.00,3.86,insn per cycle
23.165353691,3008383073,,cycles,802239378,100.00,,
23.265635395,33743,,rD044,802229600,100.00,,
23.265635395,72289523,,rFF44,802230735,100.00,,
23.265635395,11245982695,,instructions,802221448,100.00,3.74,insn per cycle
23.265635395,3008268806,,cycles,802226870,100.00,,
23.365910889,34937,,rD044,802242414,100.00,,
23.365910889,72552178,,rFF44,802243843,100.00,,
23.365910889,11276732926,,instructions,802251220,100.00,3.75,insn per cycle
23.365910889,3008400417,,cycles,802252100,100.00,,
23.466203473,29624,,rD044,802217873,100.00,,
23.466203473,75154167,,rFF44,802218029,100.00,,
23.466203473,11588454221,,instructions,802214599,100.00,3.85,insn per cycle
23.466203473,3008248457,,cycles,802219689,100.00,,
23.566485517,33825,,rD044,802232359,100.00,,
23.566485517,72341895,,rFF44,802237479,100.00,,
23.566485517,11249296046,,instructions,802230819,100.00,3.74,insn per cycle
23.566485517,3008264401,,cycles,802223569,100.00,,
23.666767280,30030,,rD044,802229980,100.00,,
23.666767280,75653390,,rFF44,802216830,100.00,,
23.666767280,11672442150,,instructions,802222330,100.00,3.88,insn per cycle
23.666767280,3008307512,,cycles,802223490,100.00,,
23.767052524,34190,,rD044,802273700,100.00,,
23.767052524,73444079,,rFF44,802270790,100.00,,
23.767052524,11396013903,,instructions,802279280,100.00,3.79,insn per cycle
23.767052524,3008521307,,cycles,802278380,100.00,,
23.867331118,29251,,rD044,802238260,100.00,,
23.867331118,75192985,,rFF44,802244320,100.00,,
23.867331118,11596718178,,instructions,802233871,100.00,3.85,insn per cycle
23.867331118,3008334077,,cycles,802226798,100.00,,
23.967609982,33525,,rD044,802233160,100.00,,
23.967609982,72471079,,rFF44,802237795,100.00,,
23.967609982,11265953834,,instructions,802249717,100.00,3.74,insn per cycle
23.967609982,3008454866,,cycles,802258520,100.00,,
24.067893596,30450,,rD044,802297195,100.00,,
24.067893596,75364661,,rFF44,802324023,100.00,,
24.067893596,11617135004,,instructions,802314000,100.00,3.86,insn per cycle
24.067893596,3008661371,,cycles,802313620,100.00,,
24.168183660,33121,,rD044,802273093,100.00,,
24.168183660,73768292,,rFF44,802227440,100.00,,
24.168183660,11420675149,,instructions,802219040,100.00,3.80,insn per cycle
24.168183660,3008255829,,cycles,802208910,100.00,,
24.268459393,29398,,rD044,802192450,100.00,,
24.268459393,75325880,,rFF44,802202510,100.00,,
24.268459393,11604643742,,instructions,802216460,100.00,3.86,insn per cycle
24.268459393,3008321431,,cycles,802222660,100.00,,
24.368737507,32548,,rD044,802222150,100.00,,
24.368737507,71755029,,rFF44,802211600,100.00,,
24.368737507,11185398429,,instructions,802198870,100.00,3.72,insn per cycle
24.368737507,3008205088,,cycles,802191780,100.00,,
24.469016421,29971,,rD044,802221180,100.00,,
24.469016421,75612395,,rFF44,802238760,100.00,,
24.469016421,11643385492,,instructions,802250320,100.00,3.87,insn per cycle
24.469016421,3008433856,,cycles,802261000,100.00,,
24.569328685,33246,,rD044,802497590,100.00,,
24.569328685,72319599,,rFF44,802484123,100.00,,
24.569328685,11251716006,,instructions,802475028,100.00,3.74,insn per cycle
24.569328685,3009283007,,cycles,802478938,100.00,,
24.669608989,30262,,rD044,802240744,100.00,,
24.669608989,76139151,,rFF44,802248415,100.00,,
24.669608989,11727683566,,instructions,802250590,100.00,3.90,insn per cycle
24.669608989,3008375484,,cycles,802238190,100.00,,
24.769888743,33842,,rD044,802270334,100.00,,
24.769888743,74446042,,rFF44,802425780,100.00,,
24.769888743,11509448505,,instructions,802427570,100.00,3.82,insn per cycle
24.769888743,3009134403,,cycles,802439450,100.00,,
24.870192837,29772,,rD044,802380390,100.00,,
24.870192837,75740023,,rFF44,802224210,100.00,,
24.870192837,11674535321,,instructions,802220680,100.00,3.88,insn per cycle
24.870192837,3008345726,,cycles,802229310,100.00,,
24.970473401,33042,,rD044,802246520,100.00,,
24.970473401,72764300,,rFF44,802244800,100.00,,
24.970473401,11322452957,,instructions,802247860,100.00,3.76,insn per cycle
24.970473401,3008350194,,cycles,802230380,100.00,,
25.070753815,34835,,rD044,802246710,100.00,,
25.070753815,74822244,,rFF44,802258180,100.00,,
25.070753815,11569177638,,instructions,802253950,100.00,3.85,insn per cycle
25.070753815,3008453399,,cycles,802257964,100.00,,
25.171047999,29839,,rD044,802319720,100.00,,
25.171047999,75579965,,rFF44,802309652,100.00,,
25.171047999,11657872528,,instructions,802316238,100.00,3.87,insn per cycle
25.171047999,3008670325,,cycles,802316124,100.00,,
25.271323702,33544,,rD044,802208642,100.00,,
25.271323702,70788579,,rFF44,802213106,100.00,,
25.271323702,11062488676,,instructions,802215470,100.00,3.68,insn per cycle
25.271323702,3008263970,,cycles,802211970,100.00,,
25.371602846,30055,,rD044,802214776,100.00,,
25.371602846,75560341,,rFF44,802215120,100.00,,
25.371602846,11658042685,,instructions,802214970,100.00,3.88,insn per cycle
25.371602846,3008290195,,cycles,802215230,100.00,,
25.471882620,33930,,rD044,802234320,100.00,,
25.471882620,72626725,,rFF44,802291520,100.00,,
25.471882620,11294076141,,instructions,802296170,100.00,3.75,insn per cycle
25.471882620,3008605610,,cycles,802303250,100.00,,
25.572171844,31472,,rD044,802298690,100.00,,
25.572171844,75352269,,rFF44,802233900,100.00,,
25.572171844,11618708030,,instructions,802228780,100.00,3.86,insn per cycle
25.572171844,3008337574,,cycles,802227380,100.00,,
25.672452798,33160,,rD044,802242280,100.00,,
25.672452798,71798742,,rFF44,802245050,100.00,,
25.672452798,11181281097,,instructions,802231460,100.00,3.72,insn per cycle
25.672452798,3008296478,,cycles,802216660,100.00,,
25.772732062,29427,,rD044,802217230,100.00,,
25.772732062,75132237,,rFF44,802215420,100.00,,
25.772732062,11581326721,,instructions,802228550,100.00,3.85,insn per cycle
25.772732062,3008381391,,cycles,802237954,100.00,,
25.873011435,32233,,rD044,802232380,100.00,,
25.873011435,69550501,,rFF44,802218740,100.00,,
25.873011435,10900853550,,instructions,802204026,100.00,3.62,insn per cycle
25.873011435,3008218505,,cycles,802195634,100.00,,
25.973286399,29286,,rD044,802198650,100.00,,
25.973286399,74918039,,rFF44,802214358,100.00,,
25.973286399,11543517980,,instructions,802220122,100.00,3.84,insn per cycle
25.973286399,3008368679,,cycles,802235900,100.00,,
26.073567443,32814,,rD044,802267607,100.00,,
26.073567443,68832913,,rFF44,802280680,100.00,,
26.073567443,10828656358,,instructions,802283650,100.00,3.60,insn per cycle
26.073567443,3008508877,,cycles,802273310,100.00,,
26.173850577,29542,,rD044,802229641,100.00,,
26.173850577,75524871,,rFF44,802211690,100.00,,
26.173850577,11634446176,,instructions,802319910,100.00,3.87,insn per cycle
26.173850577,3008789799,,cycles,802347060,100.00,,
26.274143511,34300,,rD044,802350080,100.00,,
26.274143511,73583068,,rFF44,802362110,100.00,,
26.274143511,11408618264,,instructions,802256160,100.00,3.79,insn per cycle
26.274143511,3008378807,,cycles,802238890,100.00,,
26.374422875,29793,,rD044,802224880,100.00,,
26.374422875,75554533,,rFF44,802215500,100.00,,
26.374422875,11634337888,,instructions,802211500,100.00,3.87,insn per cycle
26.374422875,3008267376,,cycles,802208470,100.00,,
26.474732139,32725,,rD044,802454090,100.00,,
26.474732139,72236731,,rFF44,802466620,100.00,,
26.474732139,11240867236,,instructions,802469887,100.00,3.74,insn per cycle
26.474732139,3009233761,,cycles,802471168,100.00,,
26.575014070,30128,,rD044,802261611,100.00,,
26.575014070,75890063,,rFF44,802250738,100.00,,
26.575014070,11691240585,,instructions,802247921,100.00,3.89,insn per cycle
26.575014070,3008399659,,cycles,802244990,100.00,,
26.675299984,34339,,rD044,802268937,100.00,,
26.675299984,73684710,,rFF44,802275510,100.00,,
26.675299984,11412579432,,instructions,802286170,100.00,3.79,insn per cycle
26.675299984,3008534354,,cycles,802285370,100.00,,
26.775581068,31065,,rD044,802234280,100.00,,
26.775581068,75311471,,rFF44,802218000,100.00,,
26.775581068,11618054156,,instructions,802201010,100.00,3.86,insn per cycle
26.775581068,3008225296,,cycles,802197450,100.00,,
26.875858571,31010,,rD044,802226840,100.00,,
26.875858571,71698761,,rFF44,802281180,100.00,,
26.875858571,11176889279,,instructions,802368500,100.00,3.71,insn per cycle
26.875858571,3008894246,,cycles,802375730,100.00,,
26.976154275,32924,,rD044,802347360,100.00,,
26.976154275,69837167,,rFF44,802298830,100.00,,
26.976154275,10930412284,,instructions,802223220,100.00,3.63,insn per cycle
26.976154275,3008335958,,cycles,802226340,100.00,,
27.076435489,30032,,rD044,802249330,100.00,,
27.076435489,75762084,,rFF44,802247710,100.00,,
27.076435489,11684193214,,instructions,802250440,100.00,3.88,insn per cycle
27.076435489,3008438537,,cycles,802254648,100.00,,
27.176711753,33997,,rD044,802198570,100.00,,
27.176711753,74745202,,rFF44,802195200,100.00,,
27.176711753,11562068540,,instructions,802186428,100.00,3.84,insn per cycle
27.176711753,3008140218,,cycles,802174560,100.00,,
27.276989166,29866,,rD044,802173152,100.00,,
27.276989166,75415351,,rFF44,802174258,100.00,,
27.276989166,11634317199,,instructions,802178530,100.00,3.87,insn per cycle
27.276989166,3008142255,,cycles,802192060,100.00,,
27.377264300,34877,,rD044,802190845,100.00,,
27.377264300,74198443,,rFF44,802216950,100.00,,
27.377264300,11492168071,,instructions,802222740,100.00,3.82,insn per cycle
27.377264300,3008232790,,cycles,802206930,100.00,,
27.477554984,30671,,rD044,802268711,100.00,,
27.477554984,75680671,,rFF44,802248090,100.00,,
27.477554984,11668907998,,instructions,802240110,100.00,3.88,insn per cycle
27.477554984,3008293556,,cycles,802238320,100.00,,
27.577832808,34776,,rD044,802191620,100.00,,
27.577832808,72874135,,rFF44,802195550,100.00,,
27.577832808,11322752807,,instructions,802197100,100.00,3.76,insn per cycle
27.577832808,3008475777,,cycles,802279100,100.00,,
27.678121372,29931,,rD044,802299230,100.00,,
27.678121372,75848078,,rFF44,802310220,100.00,,
27.678121372,11687649060,,instructions,802318820,100.00,3.88,insn per cycle
27.678121372,3008409632,,cycles,802246410,100.00,,
27.778402835,34299,,rD044,802253130,100.00,,
27.778402835,74165976,,rFF44,802252090,100.00,,
27.778402835,11476791612,,instructions,802246730,100.00,3.81,insn per cycle
27.778402835,3008360617,,cycles,802235207,100.00,,
27.878707309,29792,,rD044,802415891,100.00,,
27.878707309,75372372,,rFF44,802413528,100.00,,
27.878707309,11607077334,,instructions,802412568,100.00,3.86,insn per cycle
27.878707309,3009063883,,cycles,802421471,100.00,,
27.978988083,34022,,rD044,802241937,100.00,,
27.978988083,71233249,,rFF44,802223550,100.00,,
27.978988083,11120970710,,instructions,802212820,100.00,3.70,insn per cycle
27.978988083,3008266062,,cycles,802208290,100.00,,
28.079263817,29600,,rD044,802220310,100.00,,
28.079263817,75318130,,rFF44,802242220,100.00,,
28.079263817,11598785773,,instructions,802260260,100.00,3.86,insn per cycle
28.079263817,3008492422,,cycles,802268900,100.00,,
28.179550941,33643,,rD044,802283550,100.00,,
28.179550941,73228853,,rFF44,802264010,100.00,,
28.179550941,11359709739,,instructions,802257220,100.00,3.78,insn per cycle
28.179550941,3008432388,,cycles,802252310,100.00,,
28.279831374,29826,,rD044,802225380,100.00,,
28.279831374,75604265,,rFF44,802241560,100.00,,
28.279831374,11649330695,,instructions,802239330,100.00,3.87,insn per cycle
28.279831374,3009145595,,cycles,802442520,100.00,,
28.380149239,33925,,rD044,802558780,100.00,,
28.380149239,73238181,,rFF44,802558911,100.00,,
28.380149239,11351321350,,instructions,802566158,100.00,3.77,insn per cycle
28.380149239,3008851540,,cycles,802364068,100.00,,
28.480430482,31460,,rD044,802213142,100.00,,
28.480430482,74280361,,rFF44,802194847,100.00,,
28.480430482,11482006543,,instructions,802193100,100.00,3.82,insn per cycle
28.480430482,3008201458,,cycles,802197450,100.00,,
28.580711236,30677,,rD044,802255846,100.00,,
28.580711236,71403750,,rFF44,802276510,100.00,,
28.580711236,11139699116,,instructions,802265750,100.00,3.70,insn per cycle
28.580711236,3008457926,,cycles,802258920,100.00,,
28.680987010,33638,,rD044,802194070,100.00,,
28.680987010,72499219,,rFF44,802181530,100.00,,
28.680987010,11274482996,,instructions,802190530,100.00,3.75,insn per cycle
28.680987010,3008243051,,cycles,802202620,100.00,,
28.781269013,29141,,rD044,802240900,100.00,,
28.781269013,75346800,,rFF44,802240780,100.00,,
28.781269013,11622345973,,instructions,802243190,100.00,3.86,insn per cycle
28.781269013,3008361555,,cycles,802233510,100.00,,
28.881546067,32251,,rD044,802214180,100.00,,
28.881546067,72016987,,rFF44,802212810,100.00,,
28.881546067,11200933910,,instructions,802203700,100.00,3.72,insn per cycle
28.881546067,3008222521,,cycles,802196670,100.00,,
28.981818551,30611,,rD044,802174420,100.00,,
28.981818551,75216372,,rFF44,802176670,100.00,,
28.981818551,11604267231,,instructions,802182470,100.00,3.86,insn per cycle
28.981818551,3008380292,,cycles,802238310,100.00,,
29.082108865,34124,,rD044,802325460,100.00,,
29.082108865,72826318,,rFF44,802324580,100.00,,
29.082108865,11316534283,,instructions,802326694,100.00,3.76,insn per cycle
29.082108865,3008500046,,cycles,802274868,100.00,,
29.182387908,29549,,rD044,802234870,100.00,,
29.182387908,75438823,,rFF44,802244707,100.00,,
29.182387908,11633019681,,instructions,802240924,100.00,3.87,insn per cycle
29.182387908,3008372651,,cycles,802240740,100.00,,
29.282668612,34516,,rD044,802229465,100.00,,
29.282668612,72822012,,rFF44,802218761,100.00,,
29.282668612,11319091799,,instructions,802211280,100.00,3.76,insn per cycle
29.282668612,3008283936,,cycles,802212770,100.00,,
29.382949056,29645,,rD044,802233603,100.00,,
29.382949056,74657132,,rFF44,802238110,100.00,,
29.382949056,11506276439,,instructions,802249660,100.00,3.82,insn per cycle
29.382949056,3008445198,,cycles,802255700,100.00,,
29.457425318,208481,,rD044,570517699,100.00,,
29.457425318,38930912,,rFF44,570283179,100.00,,
29.457425318,6284551206,,instructions,570113279,100.00,2.94,insn per cycle
29.457425318,2137211679,,cycles,569942179,100.00,,
