0.100132201,4550758,,rD044,92045836,100.00,,
0.100132201,20195981,,rFF44,92051346,100.00,,
0.100132201,438028634,,instructions,92056276,100.00,1.28,insn per cycle
0.100132201,341276783,,cycles,92060496,100.00,,
0.200429784,5502640,,rD044,100292875,100.00,,
0.200429784,24022140,,rFF44,100293025,100.00,,
0.200429784,506580975,,instructions,100292575,100.00,1.35,insn per cycle
0.200429784,376095796,,cycles,100292685,100.00,,
0.300645536,5483282,,rD044,100199895,100.00,,
0.300645536,23968361,,rFF44,100200005,100.00,,
0.300645536,505209931,,instructions,100201105,100.00,1.34,insn per cycle
0.300645536,375731781,,cycles,100200845,100.00,,
0.400854518,6794239,,rD044,100208754,100.00,,
0.400854518,28901044,,rFF44,100210255,100.00,,
0.400854518,82246450,,instructions,100209595,100.00,0.22,insn per cycle
0.400854518,375786699,,cycles,100210265,100.00,,
0.501069860,6947602,,rD044,100213815,100.00,,
0.501069860,29663204,,rFF44,100212824,100.00,,
0.501069860,37037297,,instructions,100212904,100.00,0.10,insn per cycle
0.501069860,375798811,,cycles,100213714,100.00,,
0.601276782,3525573,,rD044,3262959744,100.00,,
0.601276782,301247331,,rFF44,3279294178,100.00,,
0.601276782,44886103933,,instructions,3292648462,100.00,3.62,insn per cycle
0.601276782,12391714277,,cycles,3305639244,100.00,,
0.702385876,428819,,rD044,6469252218,100.00,,
0.702385876,588167257,,rFF44,6468062140,100.00,,
0.702385876,91284715381,,instructions,6467421280,100.00,3.76,insn per cycle
0.702385876,24250213262,,cycles,6466761298,100.00,,
0.803420338,378534,,rD044,6465671413,100.00,,
0.803420338,585622447,,rFF44,6464559457,100.00,,
0.803420338,90944898968,,instructions,6463902281,100.00,3.75,insn per cycle
0.803420338,24237923464,,cycles,6463492958,100.00,,
0.904409360,384318,,rD044,6461952007,100.00,,
0.904409360,584030055,,rFF44,6460846414,100.00,,
0.904409360,90729786836,,instructions,6460367308,100.00,3.75,insn per cycle
0.904409360,24226869655,,cycles,6460719348,100.00,,
1.005379712,374425,,rD044,6462021540,100.00,,
1.005379712,586212663,,rFF44,6462553178,100.00,,
1.005379712,91075928414,,instructions,6463268666,100.00,3.76,insn per cycle
1.005379712,24237902663,,cycles,6463473649,100.00,,
1.106370514,375382,,rD044,6463369350,100.00,,
1.106370514,587347029,,rFF44,6462355780,100.00,,
1.106370514,91030310418,,instructions,6460403790,100.00,3.76,insn per cycle
1.106370514,24215608077,,cycles,6457536543,100.00,,
1.207228815,388828,,rD044,6455494534,100.00,,
1.207228815,583497728,,rFF44,6456994371,100.00,,
1.207228815,90792104289,,instructions,6459097990,100.00,3.75,insn per cycle
1.207228815,24230915294,,cycles,6461615107,100.00,,
1.308218697,375236,,rD044,6463624022,100.00,,
1.308218697,590672333,,rFF44,6463498011,100.00,,
1.308218697,91554527076,,instructions,6462675189,100.00,3.78,insn per cycle
1.308218697,24233171340,,cycles,6462218645,100.00,,
1.409196379,372556,,rD044,6462234621,100.00,,
1.409196379,589634699,,rFF44,6462205520,100.00,,
1.409196379,91450703140,,instructions,6462241239,100.00,3.77,insn per cycle
1.409196379,24233400112,,cycles,6462286563,100.00,,
1.510175090,378178,,rD044,6462597748,100.00,,
1.510175090,591344287,,rFF44,6462507739,100.00,,
1.510175090,91659032502,,instructions,6462335827,100.00,3.78,insn per cycle
1.510175090,24234534048,,cycles,6462575365,100.00,,
1.611153172,370961,,rD044,6461612364,100.00,,
1.611153172,583595196,,rFF44,6460523947,100.00,,
1.611153172,90554333708,,instructions,6458737482,100.00,3.74,insn per cycle
1.611153172,24226935919,,cycles,6460556106,100.00,,
1.712101514,393212,,rD044,6461378567,100.00,,
1.712101514,586411715,,rFF44,6462744193,100.00,,
1.712101514,91152990125,,instructions,6464857120,100.00,3.76,insn per cycle
1.712101514,24236785520,,cycles,6463177486,100.00,,
1.813076546,365922,,rD044,6462273696,100.00,,
1.813076546,580399034,,rFF44,6462057605,100.00,,
1.813076546,90313533920,,instructions,6462320403,100.00,3.73,insn per cycle
1.813076546,24233374870,,cycles,6462273116,100.00,,
1.914055368,368231,,rD044,6462890934,100.00,,
1.914055368,590379751,,rFF44,6463237676,100.00,,
1.914055368,91547315499,,instructions,6462915787,100.00,3.78,insn per cycle
1.914055368,24234644399,,cycles,6462612923,100.00,,
2.015083230,369720,,rD044,6465547782,100.00,,
2.015083230,590616684,,rFF44,6466173941,100.00,,
2.015083230,91607510464,,instructions,6467597449,100.00,3.78,insn per cycle
2.015083230,24253548787,,cycles,6467652488,100.00,,
2.116100643,377070,,rD044,6464886656,100.00,,
2.116100643,589042264,,rFF44,6464472788,100.00,,
2.116100643,91322922006,,instructions,6462893538,100.00,3.77,insn per cycle
2.116100643,24234094033,,cycles,6462508979,100.00,,
2.217054914,395562,,rD044,6460828626,100.00,,
2.217054914,582621019,,rFF44,6460326561,100.00,,
2.217054914,90598747612,,instructions,6460335842,100.00,3.74,insn per cycle
2.217054914,24228288110,,cycles,6460913323,100.00,,
2.318027496,369358,,rD044,6462302649,100.00,,
2.318027496,587968058,,rFF44,6462587504,100.00,,
2.318027496,91232682072,,instructions,6462666688,100.00,3.76,insn per cycle
2.318027496,24234889800,,cycles,6462690137,100.00,,
2.419003428,362293,,rD044,6462216019,100.00,,
2.419003428,580400726,,rFF44,6461757882,100.00,,
2.419003428,90263722869,,instructions,6461540547,100.00,3.73,insn per cycle
2.419003428,24228594134,,cycles,6461080276,100.00,,
2.519972460,371941,,rD044,6462083216,100.00,,
2.519972460,587812426,,rFF44,6462869254,100.00,,
2.519972460,91205032611,,instructions,6463191312,100.00,3.76,insn per cycle
2.519972460,24236870453,,cycles,6463220609,100.00,,
2.620965302,367511,,rD044,6462984511,100.00,,
2.620965302,583706919,,rFF44,6462149523,100.00,,
2.620965302,90701971175,,instructions,6462211419,100.00,3.74,insn per cycle
2.620965302,24232450578,,cycles,6462044720,100.00,,
2.721924064,405389,,rD044,6461506796,100.00,,
2.721924064,585726898,,rFF44,6461661552,100.00,,
2.721924064,90977366540,,instructions,6461941235,100.00,3.75,insn per cycle
2.721924064,24231902069,,cycles,6461882935,100.00,,
2.822886515,369285,,rD044,6461388164,100.00,,
2.822886515,584959013,,rFF44,6461443138,100.00,,
2.822886515,90844782744,,instructions,6461101183,100.00,3.75,insn per cycle
2.822886515,24229531703,,cycles,6461240211,100.00,,
2.923847247,356823,,rD044,6461752737,100.00,,
2.923847247,579913912,,rFF44,6461475932,100.00,,
2.923847247,90252135588,,instructions,6461863883,100.00,3.72,insn per cycle
2.923847247,24235767166,,cycles,6462921893,100.00,,
3.024841169,372701,,rD044,6463930146,100.00,,
3.024841169,591239881,,rFF44,6464179710,100.00,,
3.024841169,91656808492,,instructions,6464010773,100.00,3.78,insn per cycle
3.024841169,24241999651,,cycles,6464575933,100.00,,
3.125845131,371724,,rD044,6463775077,100.00,,
3.125845131,587656269,,rFF44,6464023701,100.00,,
3.125845131,91208883227,,instructions,6464103063,100.00,3.76,insn per cycle
3.125845131,24235715606,,cycles,6462933399,100.00,,
3.226829273,364140,,rD044,6462885588,100.00,,
3.226829273,585416822,,rFF44,6462849480,100.00,,
3.226829273,90865671410,,instructions,6462102014,100.00,3.75,insn per cycle
3.226829273,24227411916,,cycles,6460840872,100.00,,
3.327762665,399239,,rD044,6458830755,100.00,,
3.327762665,582210523,,rFF44,6458517747,100.00,,
3.327762665,90559382859,,instructions,6459028607,100.00,3.74,insn per cycle
3.327762665,24227769531,,cycles,6460921873,100.00,,
3.428740337,368662,,rD044,6462103348,100.00,,
3.428740337,580630639,,rFF44,6461994378,100.00,,
3.428740337,90322074632,,instructions,6462191492,100.00,3.73,insn per cycle
3.428740337,24232816614,,cycles,6462272770,100.00,,
3.529728829,358058,,rD044,6463177662,100.00,,
3.529728829,569730216,,rFF44,6463547613,100.00,,
3.529728829,88973342034,,instructions,6463582431,100.00,3.67,insn per cycle
3.529728829,24237396463,,cycles,6463394093,100.00,,
3.630724181,359677,,rD044,6463832015,100.00,,
3.630724181,578828480,,rFF44,6463625148,100.00,,
3.630724181,90103609733,,instructions,6462933795,100.00,3.72,insn per cycle
3.630724181,24234614369,,cycles,6462619341,100.00,,
3.731693513,368624,,rD044,6461478626,100.00,,
3.731693513,590606999,,rFF44,6461767951,100.00,,
3.731693513,91582429142,,instructions,6462235106,100.00,3.78,insn per cycle
3.731693513,24233316365,,cycles,6462286216,100.00,,
3.832724545,369768,,rD044,6465528490,100.00,,
3.832724545,585148585,,rFF44,6465200548,100.00,,
3.832724545,90906685991,,instructions,6465037716,100.00,3.75,insn per cycle
3.832724545,24242945296,,cycles,6464838875,100.00,,
3.933699667,407897,,rD044,6462368329,100.00,,
3.933699667,587474820,,rFF44,6462769534,100.00,,
3.933699667,91151175125,,instructions,6462525100,100.00,3.76,insn per cycle
3.933699667,24233445012,,cycles,6462303963,100.00,,
4.034670259,363095,,rD044,6461951727,100.00,,
4.034670259,584871006,,rFF44,6461918354,100.00,,
4.034670259,90850729630,,instructions,6462664519,100.00,3.75,insn per cycle
4.034670259,24238460476,,cycles,6463663093,100.00,,
4.135696001,361782,,rD044,6465465682,100.00,,
4.135696001,578637206,,rFF44,6465706370,100.00,,
4.135696001,90073764836,,instructions,6465227107,100.00,3.72,insn per cycle
4.135696001,24242123783,,cycles,6464625952,100.00,,
4.236684153,489260,,rD044,6457326271,100.00,,
4.236684153,503607894,,rFF44,6454453848,100.00,,
4.236684153,80488364466,,instructions,6453480033,100.00,3.33,insn per cycle
4.236684153,24192170920,,cycles,6451438175,100.00,,
4.241573967,35755,,rD044,36633954,100.00,,
4.241573967,214642,,rFF44,25198638,100.00,,
4.241573967,10969192,,instructions,14448628,100.00,0.69,insn per cycle
4.241573967,15991271,,cycles,4292277,100.00,,
